freq_roi_Hz	n_opt	k_opt	alpha_cm	eps_r	eps_i	loss_tan	DR	alpha_max	H_meas_real	H_meas_imag	H_meas_mag	H_meas_phase	H_model_real	H_model_imag	H_model_mag	H_model_phase
3.030303030303031616e+11	1.669551062804571329e+00	7.712505134217073795e-03	9.796494237773120117e-01	2.787341268576428277e+00	2.575284228743565662e-02	9.239213933996801367e-03	1.279853650365473368e+04	6.456009903893856006e+01	8.339899548961593467e-01	1.178060638498965307e-01	8.422692642780595929e-01	1.403275591351046125e-01	8.339899541235481495e-01	1.178060637266521576e-01	8.422692634958051094e-01	1.403275591185187687e-01
3.128054740957968140e+11	1.670437571680291056e+00	7.907499658199187986e-03	1.036818380119422844e+00	2.790299152330303123e+00	2.641796905420996586e-02	9.467790947127350740e-03	1.556644782113134170e+04	6.589666584490122148e+01	7.615336508975104612e-01	-2.826423375917332392e-01	8.122931690274212135e-01	-3.553900507844836021e-01	7.615336508975100172e-01	-2.826423375917346270e-01	8.122931690274213246e-01	-3.553900507844853784e-01
3.225806451612904663e+11	1.670757547718960012e+00	7.244420899322995093e-03	9.795602244366987676e-01	2.791378301625706548e+00	2.420734179279374065e-02	8.672182404905604339e-03	1.408947927574106143e+04	6.521612210943541754e+01	5.893871637867598157e-01	-5.046650954372737807e-01	7.759278880084884422e-01	-7.081136263681724330e-01	5.893871637868227653e-01	-5.046650954373288478e-01	7.759278880085721530e-01	-7.081136263681736542e-01
3.323558162267841187e+11	1.670149413739330457e+00	7.324426585531207921e-03	1.020389720292920410e+00	2.789345416989022386e+00	2.446577353560342588e-02	8.771152323620488855e-03	1.528311087841508925e+04	6.577126418075489767e+01	3.983067804693261604e-01	-7.276107371813784752e-01	8.294972430511562411e-01	-1.069938077598101556e+00	3.983067794099207637e-01	-7.276107363888458801e-01	8.294972418472661424e-01	-1.069938078259613290e+00
3.421309872922777710e+11	1.669134296901485293e+00	7.832587089893337795e-03	1.123276838997964600e+00	2.785947951672294920e+00	2.614727949041753541e-02	9.385415644510642155e-03	1.697695422426422374e+04	6.648880137535360291e+01	3.397973727626049656e-02	-8.126066476625229962e-01	8.133167810703819667e-01	-1.529004947189502195e+00	3.397973727625875490e-02	-8.126066476625215529e-01	8.133167810703803013e-01	-1.529004947189504415e+00
3.519061583577714233e+11	1.669652110886006069e+00	8.475880863037112134e-03	1.250261539949691025e+00	2.787666330829691841e+00	2.830354474917643262e-02	1.015313218664604805e-02	1.551383450296923183e+04	6.587355328805932686e+01	-2.456173551377727471e-01	-7.063162168049861300e-01	7.478037732363904677e-01	-1.905460097072110504e+00	-2.456173551377786868e-01	-7.063162168049986755e-01	7.478037732364042345e-01	-1.905460097072112502e+00
3.616813294232650757e+11	1.670204456654310610e+00	8.414437850433194657e-03	1.275675922209252189e+00	2.789512124263581860e+00	2.810766319606847891e-02	1.007619323521985813e-02	1.657058486472296863e+04	6.632340790115968332e+01	-5.111045856995307668e-01	-6.013845044071375323e-01	7.892345783505100298e-01	-2.275220646478088415e+00	-5.111045857188467600e-01	-6.013845039925165281e-01	7.892345780470841898e-01	-2.275220646836948468e+00
3.714565004887587280e+11	1.669271715915424892e+00	8.312257084643984509e-03	1.294243792800157555e+00	2.786398967937385507e+00	2.775083129362762233e-02	9.959389022516758339e-03	1.809716804992860853e+04	6.692501446347854710e+01	-7.323172832466788851e-01	-3.214465625805143500e-01	7.997602740425564516e-01	-2.727970515497338155e+00	-7.323172832466460225e-01	-3.214465625805008053e-01	7.997602740425210355e-01	-2.727970515497337267e+00
3.812316715542523804e+11	1.669233101018998022e+00	8.663980929132187800e-03	1.384508486263214877e+00	2.786264080971960322e+00	2.892440750700956201e-02	1.038107181029286098e-02	1.694992026120763694e+04	6.647792202917703719e+01	-7.360040448980021965e-01	-2.134894254418833598e-02	7.363136094450348779e-01	-3.112594228667405094e+00	-7.360040448980046390e-01	-2.134894254418774270e-02	7.363136094450373204e-01	-3.112594228667405982e+00
3.910068426197460327e+11	1.669471201621911316e+00	9.074969225231615047e-03	1.487368842624938736e+00	2.787051737978469834e+00	3.030079955425857979e-02	1.087199033349722961e-02	1.891221067573757318e+04	6.722574365931880891e+01	-7.162188078666347213e-01	2.397281996805918358e-01	7.552741161088476485e-01	-3.464584963448205546e+00	-7.162188078410377523e-01	2.397281997150892963e-01	7.552741160955239730e-01	-3.464584963502276960e+00
4.007820136852396851e+11	1.669412675475312469e+00	9.135099277749881078e-03	1.534654635774323594e+00	2.786855230998826816e+00	3.050050105200204781e-02	1.094441530824350438e-02	1.848886689685875535e+04	6.707119527978656492e+01	-5.491032402764282061e-01	5.476887744596198315e-01	7.755497161053913624e-01	-3.925701178647756695e+00	-5.491032402761893971e-01	5.476887744592997542e-01	7.755497161049963450e-01	-3.925701178647682976e+00
4.105571847507333374e+11	1.669537285295414897e+00	9.112873734697057165e-03	1.568260379680627370e+00	2.787271702523879124e+00	3.042856495253202717e-02	1.091697121776069070e-02	1.931576505809455193e+04	6.736988008224128066e+01	-2.670288090968784278e-01	6.701118742192705424e-01	7.213558822504746448e-01	-4.333190248291854729e+00	-2.670288090968783168e-01	6.701118742192704314e-01	7.213558822504745338e-01	-4.333190248291855617e+00
4.203323558162269897e+11	1.669166925653801981e+00	9.077495433891415513e-03	1.599366599271064615e+00	2.786035824773212877e+00	3.030371029204992003e-02	1.087699950682317028e-02	1.982128061659120067e+04	6.754624308384693165e+01	-3.495943618375418893e-02	7.338893977299609794e-01	7.347215869148876477e-01	-4.664789125103215639e+00	-3.495943618177572293e-02	7.338893977319823625e-01	7.347215869168125524e-01	-4.664789125106036494e+00
4.301075268817206421e+11	1.668720624016160725e+00	9.682805059216051391e-03	1.745691078011744723e+00	2.784534764303070009e+00	3.231579300128369775e-02	1.160545503527656182e-02	1.960626097196259070e+04	6.747178367446763048e+01	2.850535053912729988e-01	6.975164899483484726e-01	7.535149332864725658e-01	-5.100346392829337994e+00	2.850535053898361482e-01	6.975164899451390399e-01	7.535149332829580437e-01	-5.100346392829184339e+00
4.398826979472142944e+11	1.669002716154921684e+00	1.025281596052639646e-02	1.890467445031320359e+00	2.785464946297385502e+00	3.422395537271017557e-02	1.228662217350923874e-02	2.050386443676075578e+04	6.777737417804668496e+01	5.069732635298795920e-01	4.754810076831377241e-01	6.950568887519271710e-01	-5.529830850335178738e+00	5.069732635298800361e-01	4.754810076831355592e-01	6.950568887519259498e-01	-5.529830850335182291e+00
4.496578690127079468e+11	1.669311700567965628e+00	1.016865909622231140e-02	1.916615724633619733e+00	2.786498152025298047e+00	3.394932321682155724e-02	1.218350824749204336e-02	2.018435537627851227e+04	6.767015801615846726e+01	6.402240390224223088e-01	2.728293637359210932e-01	6.959329578764980040e-01	-5.880343792616627319e+00	6.402240390238504997e-01	2.728293637367728564e-01	6.959329578781459080e-01	-5.880343792616306686e+00
4.594330400782015991e+11	1.668923414499124513e+00	1.008300883574718768e-02	1.941786748994510425e+00	2.785203696396234552e+00	3.365553906916007865e-02	1.208369036444510887e-02	2.138914650504156089e+04	6.806593780723470388e+01	7.309848052918935801e-01	-1.240190470062069519e-02	7.310900032197341636e-01	-6.300149702158005738e+00	7.309848052786008799e-01	-1.240190470100759577e-02	7.310900032064499010e-01	-6.300149702158844178e+00
4.692082111436951904e+11	1.668463532613600142e+00	1.022745073125542851e-02	2.011509837171404858e+00	2.783665958912993954e+00	3.412825715340395832e-02	1.226018410870349275e-02	2.132114746241722241e+04	6.804420041485735737e+01	6.239258811885418643e-01	-2.937161482129704293e-01	6.896032779344671848e-01	-6.723164306026462533e+00	6.239258811885397549e-01	-2.937161482129724277e-01	6.896032779344661856e-01	-6.723164306026466974e+00
4.789833822091888428e+11	1.668468605493773849e+00	1.083903325287294619e-02	2.176206765208843485e+00	2.783670002876481586e+00	3.616917339264313913e-02	1.299334093310918099e-02	2.253705032762526025e+04	6.842281404326237748e+01	4.701957605328412337e-01	-4.709103556396118107e-01	6.654627084004652859e-01	-7.069342784491964515e+00	4.701957605334105561e-01	-4.709103556400788260e-01	6.654627084011980331e-01	-7.069342784491856158e+00
4.887585532746824951e+11	1.668597705373664031e+00	1.107252200683732195e-02	2.268454558013729638e+00	2.784095701634664799e+00	3.695116962661630644e-02	1.327223399860883064e-02	2.247679393445467213e+04	6.840453749709902809e+01	2.496602258368794125e-01	-6.466801511582808137e-01	6.931994274860724392e-01	-7.485546071199519425e+00	2.496602258284851550e-01	-6.466801511303552630e-01	6.931994274569975856e-01	-7.485546071196308660e+00
4.985337243401761475e+11	1.668642895873216236e+00	1.077996973730858780e-02	2.252689035087248381e+00	2.784252906200615829e+00	3.597583983977647309e-02	1.292118246861022682e-02	2.409128154689965959e+04	6.887807825024965780e+01	-5.241802740227027163e-02	-6.696597406287239096e-01	6.717081343974292684e-01	-7.932097966405685874e+00	-5.241802740227454599e-02	-6.696597406287226883e-01	6.717081343974283802e-01	-7.932097966405692979e+00
5.083088954056697998e+11	1.668286777781845975e+00	1.091704710866626092e-02	2.326066118337692945e+00	2.783061591004161617e+00	3.642553068761891083e-02	1.308829484958547000e-02	2.398322250128005544e+04	6.884738916902981032e+01	-2.652926426183372932e-01	-5.916564712501483081e-01	6.484115716114252637e-01	-8.275495591415142016e+00	-2.652926426184437081e-01	-5.916564712504254198e-01	6.484115716117215822e-01	-8.275495591415117147e+00
5.180840664711634521e+11	1.667877712459119088e+00	1.139235345718405193e-02	2.474017958792417371e+00	2.781686278000570667e+00	3.800210484738774513e-02	1.366153514432368737e-02	2.521052120597845351e+04	6.918808543223521212e+01	-4.814563625512929268e-01	-4.632422059673025339e-01	6.681269119191164396e-01	-8.658657798585423393e+00	-4.814563625220421583e-01	-4.632422059222306432e-01	6.681269118667878537e-01	-8.658657798603682565e+00
5.278592375366571045e+11	1.668204787747130435e+00	1.179321596609973939e-02	2.609393275990160355e+00	2.782768133919625519e+00	3.934699867516697203e-02	1.413951748101461778e-02	2.521343408741411622e+04	6.918887415202777902e+01	-6.133819618918792127e-01	-1.942105668944137942e-01	6.433934841664006310e-01	-9.118141728927220413e+00	-6.133819618918784355e-01	-1.942105668944146546e-01	6.433934841664000759e-01	-9.118141728927218637e+00
5.376344086021507568e+11	1.668402759724167517e+00	1.181727676274547598e-02	2.663137707121010500e+00	2.783428120625131008e+00	3.943195432677765871e-02	1.416668676822939628e-02	2.657689042292060913e+04	6.954839974104901046e+01	-6.158563040176209258e-01	4.073224144238271616e-02	6.172018330264136265e-01	-9.490820970522332090e+00	-6.158563040177283954e-01	4.073224144237179434e-02	6.172018330265200969e-01	-9.490820970522301891e+00
5.474095796676444092e+11	1.668042612642872458e+00	1.157908590952439788e-02	2.656903803489236715e+00	2.782232082361959513e+00	3.862881742507869726e-02	1.388411041263135429e-02	2.492081978354668536e+04	6.910918434632439755e+01	-5.850380467663676143e-01	2.738242285175394586e-01	6.459483139442598887e-01	-9.862536500140279827e+00	-5.850380467114710825e-01	2.738242285314883562e-01	6.459483139004530416e-01	-9.862536500195863809e+00
5.571847507331380615e+11	1.667428800242175768e+00	1.140721407355974569e-02	2.664207060279999872e+00	2.780188679344141711e+00	3.804143455356277792e-02	1.368304059224387421e-02	1.827662228737384066e+04	6.699237499766535109e+01	-4.171138006874730575e-01	4.906285497231993031e-01	6.439722793159957659e-01	-1.029098612044852246e+01	-4.171138006874708370e-01	4.906285497231867021e-01	6.439722793159847747e-01	-1.029098612044851180e+01
5.669599217986317139e+11	1.667402350874001238e+00	1.218360491539111079e-02	2.895458391511659180e+00	2.780082159471411796e+00	4.062994295608635120e-02	1.461465547615739720e-02	2.484837157827257033e+04	6.908930948102667458e+01	-1.917795401944480393e-01	5.658576411016981167e-01	5.974732312249412258e-01	-1.066880566476353209e+01	-1.917795401944624445e-01	5.658576411017165464e-01	5.974732312249633193e-01	-1.066880566476351966e+01
5.767350928641253662e+11	1.667701293063152956e+00	1.277331900724227969e-02	3.087943159829213524e+00	2.781064445206051783e+00	4.260416125017219696e-02	1.531937216471645352e-02	2.571315086977635656e+04	6.932285112469618582e+01	3.428505007874981664e-02	6.001521764215239640e-01	6.011306842296394448e-01	-1.105263952466830979e+01	3.428505008969768425e-02	6.001521764142709880e-01	6.011306842230226266e-01	-1.105263952468718003e+01
5.865102639296190186e+11	1.667934063469610484e+00	1.258287348619654446e-02	3.093460734063676387e+00	2.781845711377076924e+00	4.197480660791165497e-02	1.508883344473233544e-02	2.569359717596566043e+04	6.931765779923912874e+01	2.953678735138577371e-01	5.298321492829826118e-01	6.066005993385787942e-01	-1.150413790437678863e+01	2.953678735137995059e-01	5.298321492829527468e-01	6.066005993385243933e-01	-1.150413790437672823e+01
5.962854349951126709e+11	1.667705128201812492e+00	1.231328959612796280e-02	3.077637436828051243e+00	2.781088777529945766e+00	4.106987240899325625e-02	1.476755173758599257e-02	2.560722083395115260e+04	6.929466945094273456e+01	4.540642302597521773e-01	3.662490419173627942e-01	5.833632538194083450e-01	-1.188761710591239051e+01	4.540642302597505675e-01	3.662490419173680123e-01	5.833632538194103434e-01	-1.188761710591238163e+01
6.060606060606063232e+11	1.667237110665020117e+00	1.258407624716486976e-02	3.196881643452230914e+00	2.779521224203650220e+00	4.196127784542293127e-02	1.509658479310410466e-02	2.602323056587280735e+04	6.940468240016257084e+01	5.555365874322765185e-01	1.897131854614906576e-01	5.870366195680174481e-01	-1.223729228033714911e+01	5.555365874323663355e-01	1.897131854610059343e-01	5.870366195679458388e-01	-1.223729228033798044e+01
6.158357771260999756e+11	1.666972110352822112e+00	1.317100183144744203e-02	3.399952792220926501e+00	2.778622541404897284e+00	4.391138543685765838e-02	1.580329274038626969e-02	2.618575090691312653e+04	6.944718355660809550e+01	5.792168370369419339e-01	-5.564062613864229762e-02	5.818831700472006929e-01	-1.266213858200002917e+01	5.792168370368705466e-01	-5.564062613860545903e-02	5.818831700471261970e-01	-1.266213858199997766e+01
6.256109481915936279e+11	1.667211599100361985e+00	1.351529030355193110e-02	3.544205375928825230e+00	2.779411853102796481e+00	4.506569751858086059e-02	1.621411287725198561e-02	2.658214982774219970e+04	6.954975055740457890e+01	4.787839169534462980e-01	-2.672720303476769366e-01	5.483323602884058179e-01	-1.307551124878272475e+01	4.787839169534454098e-01	-2.672720303476758819e-01	5.483323602884044856e-01	-1.307551124878272297e+01
6.353861192570872803e+11	1.667403796788303749e+00	1.338105662453485667e-02	3.563832569841686393e+00	2.780056368867661831e+00	4.462324924157740763e-02	1.605120304080481439e-02	2.656069399662512296e+04	6.954423819940613782e+01	3.515545759851173013e-01	-4.270170843546924888e-01	5.531131983842531019e-01	-1.344839125839042104e+01	3.515545759851312901e-01	-4.270170843546801653e-01	5.531131983842525468e-01	-1.344839125839038729e+01
6.451612903225809326e+11	1.667066841809728972e+00	1.330588157722851356e-02	3.598331053717804373e+00	2.778934808576916549e+00	4.436358795688918888e-02	1.596424206137013815e-02	2.598541017384030420e+04	6.939475381330265691e+01	1.544675405706829596e-01	-5.440491180664837056e-01	5.655525297961934150e-01	-1.386052503865243501e+01	1.544675405706837090e-01	-5.440491180664136506e-01	5.655525297961263576e-01	-1.386052503865239949e+01
6.549364613880745850e+11	1.666670557286805687e+00	1.351782379931717494e-02	3.711035521147732386e+00	2.777608014966442163e+00	4.505951784982559910e-02	1.622241785271129680e-02	2.638343842092431441e+04	6.949852721943045708e+01	-6.541250249845621811e-02	-5.342448236090758806e-01	5.382344535945308150e-01	-1.425899973140383636e+01	-6.541250249846000675e-02	-5.342448236090747704e-01	5.382344535945301489e-01	-1.425899973140384347e+01
6.647116324535682373e+11	1.666652197184537387e+00	1.391676322314272692e-02	3.877579211647053103e+00	2.777535870081436986e+00	4.638880800709557772e-02	1.670142535575443871e-02	2.566930211155080178e+04	6.931119968984759794e+01	-2.458284033931728840e-01	-4.643205261675837914e-01	5.253809617176647961e-01	-1.462408577756126249e+01	-2.458284033931664170e-01	-4.643205261675860673e-01	5.253809617176637969e-01	-1.462408577756125005e+01
6.744868035190618896e+11	1.666774076994541165e+00	1.412203797574335985e-02	3.992638526682168898e+00	2.777936391784415981e+00	4.707649362460299136e-02	1.694657003804297263e-02	2.514800391855467024e+04	6.917113564749068644e+01	-4.191411364807882678e-01	-3.285902741794330395e-01	5.325888288123604708e-01	-1.504307904954736408e+01	-4.191411364807773321e-01	-3.285902741794399784e-01	5.325888288123560299e-01	-1.504307904954734099e+01
6.842619745845555420e+11	1.666634948493745938e+00	1.403803427008440581e-02	4.026408791800677456e+00	2.777474985134583019e+00	4.679255704535113108e-02	1.684715696659417131e-02	2.487563180745775389e+04	6.909679462742957412e+01	-5.009791568208483703e-01	-1.275813939986170653e-01	5.169691747711449015e-01	-1.545859972659161130e+01	-5.009791568208488144e-01	-1.275813939986152890e-01	5.169691747711449015e-01	-1.545859972659161485e+01
6.940371456500491943e+11	1.666398814804430417e+00	1.404906697945825303e-02	4.087138540624432714e+00	2.776687633698617041e+00	4.682269712735458167e-02	1.686278879881982981e-02	2.387875387386153670e+04	6.881758803500936494e+01	-5.046656739514282508e-01	5.599746122307808910e-02	5.077628955804858180e-01	-1.581847074474342918e+01	-5.046656739514276957e-01	5.599746122307820706e-02	5.077628955804853739e-01	-1.581847074474342918e+01
7.038123167155428467e+11	1.666219120447141488e+00	1.444885001291729837e-02	4.262646386744759042e+00	2.776077388076950037e+00	4.814990031999145936e-02	1.734458143234470645e-02	2.324333912735600825e+04	6.863347019028343254e+01	-4.462745326959287051e-01	2.474417647813847709e-01	5.102826525476794606e-01	-1.621422487710972504e+01	-4.462745326959363656e-01	2.474417647813759724e-01	5.102826525476817920e-01	-1.621422487710970017e+01
7.135874877810364990e+11	1.666270234978485254e+00	1.465958303661145379e-02	4.384882955181563347e+00	2.776241592600449337e+00	4.885365374220236589e-02	1.759704698337947321e-02	2.303199372477524594e+04	6.857111349172397752e+01	-2.934713514274385204e-01	3.966800311142820723e-01	4.934374136539252387e-01	-1.664180634901245170e+01	-2.934713514274367996e-01	3.966800311142827384e-01	4.934374136539247391e-01	-1.664180634901245526e+01
7.233626588465301514e+11	1.666358437582412755e+00	1.462025302500408706e-02	4.433024544745912898e+00	2.776536690703584664e+00	4.872516397561070522e-02	1.754889972776249238e-02	2.291366238936382797e+04	6.853594990975226153e+01	-1.225641610401878301e-01	4.663446476899523185e-01	4.821818163312993621e-01	-1.702175299805985631e+01	-1.225641610401872333e-01	4.663446476899522630e-01	4.821818163312990846e-01	-1.702175299805985986e+01
7.331378299120238037e+11	1.666134515459363863e+00	1.461891996861356541e-02	4.492520622071670466e+00	2.775790510783960219e+00	4.871417427689036378e-02	1.754965804790943260e-02	2.304293987666098838e+04	6.857435713884153472e+01	6.264485374830169873e-02	4.874572491763481397e-01	4.914661203742516915e-01	-1.740657255975024142e+01	6.264485374829821540e-02	4.874572491763506932e-01	4.914661203742538564e-01	-1.740657255975023077e+01
7.429130009775174561e+11	1.665736123430202831e+00	1.485749083881055151e-02	4.626713322002444784e+00	2.774456087866254528e+00	4.949731838748008123e-02	1.784036828117430487e-02	2.267028798737955367e+04	6.846305387499265294e+01	2.445981174427207805e-01	4.115941594430926331e-01	4.787880440698044637e-01	-1.781495530814125772e+01	2.445981174427243332e-01	4.115941594430907458e-01	4.787880440698046303e-01	-1.781495530814126482e+01
7.526881720430111084e+11	1.665648597282727517e+00	1.507249367815528124e-02	4.755425288307950638e+00	2.774158069564239604e+00	5.021095590514424584e-02	1.809952953150622060e-02	1.807683024678073343e+04	6.691733829652936549e+01	3.648564016055749204e-01	2.803016601071847691e-01	4.600969620106312719e-01	-1.819447550095656041e+01	3.648564016055769188e-01	2.803016601071820491e-01	4.600969620106312163e-01	-1.819447550095656752e+01
7.624633431085047607e+11	1.665895536237813612e+00	1.536743543307069436e-02	4.911447738221073500e+00	2.774971779585282849e+00	5.120108418275056555e-02	1.845102878502156291e-02	2.303466206337415861e+04	6.857190433621470049e+01	4.449104368991972369e-01	1.165394957033331069e-01	4.599203745439222613e-01	-1.859337228696617572e+01	4.449104368991967373e-01	1.165394957033368539e-01	4.599203745439228164e-01	-1.859337228696616862e+01
7.722385141739984131e+11	1.665915305948630909e+00	1.534610919350350676e-02	4.967511746242367465e+00	2.775038303526541572e+00	5.113063638443298559e-02	1.842520022857188980e-02	2.359784393257172997e+04	6.873680327713348959e+01	4.502604125237710808e-01	-7.697574338299782715e-02	4.567928459985353129e-01	-1.901887728961767365e+01	4.502604125237713029e-01	-7.697574338299721652e-02	4.567928459985354239e-01	-1.901887728961767010e+01
7.820136852394920654e+11	1.665705468148428237e+00	1.521785016310479161e-02	4.988348857736036202e+00	2.774343123655987675e+00	5.069691246029420229e-02	1.827348319968676721e-02	2.326885056316939517e+04	6.864095886557643666e+01	3.795315706328575289e-01	-2.328138168681266329e-01	4.452487916117789379e-01	-1.939978766390713361e+01	3.795315706328567518e-01	-2.328138168681277431e-01	4.452487916117788824e-01	-1.939978766390713361e+01
7.917888563049857178e+11	1.665474633593901910e+00	1.544937336286370845e-02	5.127544228037726803e+00	2.773567072007436352e+00	5.146107888154164561e-02	1.855411372629811595e-02	2.333270825822702682e+04	6.865966783678484830e+01	2.680915252468158982e-01	-3.533323307525371715e-01	4.435276788027827655e-01	-1.977127350664175154e+01	2.680915252468170640e-01	-3.533323307525360613e-01	4.435276788027825989e-01	-1.977127350664174799e+01
8.015640273704793701e+11	1.665342092906485716e+00	1.582234044027345729e-02	5.316160748161285809e+00	2.773113939949146456e+00	5.269921908696785506e-02	1.900362560938778297e-02	2.268959198222176565e+04	6.846886435702654694e+01	1.013234311279455624e-01	-4.231263668155677005e-01	4.350889104425461062e-01	-2.018531436323429418e+01	1.013234311279447297e-01	-4.231263668155678115e-01	4.350889104425459952e-01	-2.018531436323429773e+01
8.113391984359730225e+11	1.665378610638488688e+00	1.592950375995316747e-02	5.417436962011832335e+00	2.773232167682144755e+00	5.305730967982277835e-02	1.913193936595933980e-02	2.292351331053508693e+04	6.853888415115245891e+01	-6.891959438774523938e-02	-4.137436028148074874e-01	4.194444890098670831e-01	-2.058541233197533060e+01	-6.891959438774523938e-02	-4.137436028148073208e-01	4.194444890098669165e-01	-2.058541233197533060e+01
8.211143695014666748e+11	1.665384805097981369e+00	1.597637096738622337e-02	5.498838309113165401e+00	2.773251304621954016e+00	5.321361089938710792e-02	1.918816762501843187e-02	2.170736830956444101e+04	6.816675451636329797e+01	-2.172478296119244590e-01	-3.576081475441283408e-01	4.184258675811461381e-01	-2.096627000951663078e+01	-2.172478296119265684e-01	-3.576081475441270641e-01	4.184258675811461381e-01	-2.096627000951663788e+01
8.308895405669603271e+11	1.665229299530406104e+00	1.607533544141458506e-02	5.598768327845235149e+00	2.772730203604973021e+00	5.353823915364624292e-02	1.930885272719226262e-02	2.209982521007459945e+04	6.828907381935466958e+01	-3.406265355470289302e-01	-2.418550257724678965e-01	4.177562569371911505e-01	-2.137372280309741868e+01	-3.406265355470294298e-01	-2.418550257724675079e-01	4.177562569371913170e-01	-2.137372280309741868e+01
8.406647116324539795e+11	1.665043812769019693e+00	1.630459244791590198e-02	5.745421909784432124e+00	2.772105058705502056e+00	5.429572155024571523e-02	1.958645881033107064e-02	2.063664277296930959e+04	6.782143939664220511e+01	-3.912113895995416590e-01	-8.860771730307774596e-02	4.011205291655695615e-01	-2.176841091275104390e+01	-3.912113895995416035e-01	-8.860771730307689942e-02	4.011205291655693395e-01	-2.176841091275104745e+01
8.504398826979476318e+11	1.665082901796064663e+00	1.636587093814118390e-02	5.834073577317306025e+00	2.772233228122038984e+00	5.450106374420000954e-02	1.965962430264931934e-02	2.112748942251762855e+04	6.798191137501133596e+01	-3.920495879510431103e-01	6.308876039826333271e-02	3.970932775824493333e-01	-2.215070109406386933e+01	-3.920495879510433879e-01	6.308876039826147308e-02	3.970932775824493333e-01	-2.215070109406386223e+01
8.602150537634412842e+11	1.664976992829734659e+00	1.647656232969434489e-02	5.941044496785637286e+00	2.771876909546141743e+00	5.486619439973235146e-02	1.979387836839983233e-02	2.020277151496699662e+04	6.767638377778587255e+01	-3.357529117259764329e-01	2.120383784060231036e-01	3.971023692318230713e-01	-2.255443057406793628e+01	-3.357529117259778206e-01	2.120383784060207444e-01	3.971023692318230158e-01	-2.255443057406792917e+01
8.699902248289349365e+11	1.664745026709579134e+00	1.653932638711639452e-02	6.031444719185941494e+00	2.771102454636937829e+00	5.506752269615705631e-02	1.987206304985639910e-02	2.089225668756014784e+04	6.790547752933804304e+01	-2.214248511545912346e-01	3.161854099115819494e-01	3.860080027017419035e-01	-2.295101718098871402e+01	-2.214248511545907905e-01	3.161854099115820604e-01	3.860080027017417370e-01	-2.295101718098871402e+01
8.797653958944285889e+11	1.664599290238200746e+00	1.682320950262084988e-02	6.203901446800847097e+00	2.770607776683552625e+00	5.600780519518244044e-02	2.021498880733828968e-02	2.045619513234821352e+04	6.776148449364015391e+01	-8.807884654374828481e-02	3.648362987080587261e-01	3.753177428039780605e-01	-2.332505751756315604e+01	-8.807884654374976974e-02	3.648362987080586151e-01	3.753177428039782826e-01	-2.332505751756315249e+01
8.895405669599222412e+11	1.664710566613063492e+00	1.709613878883733604e-02	6.374600236835507694e+00	2.770968992631699823e+00	5.692024578012194747e-02	2.054163938011537363e-02	2.044448859997155887e+04	6.775757667361018832e+01	6.375601975938631483e-02	3.664978333561066948e-01	3.720020052503478225e-01	-2.373418144414733177e+01	6.375601975938824384e-02	3.664978333561061952e-01	3.720020052503476560e-01	-2.373418144414733533e+01
8.993157380254158936e+11	1.664723798827202783e+00	1.709585748341504660e-02	6.444544746510652011e+00	2.771013058038580112e+00	5.691976162799831929e-02	2.054113800109196031e-02	2.018303097475684990e+04	6.766971006993426840e+01	2.010693338683607889e-01	3.039887626825114597e-01	3.644695390008753644e-01	-2.414631803676238420e+01	2.010693338683620102e-01	3.039887626825107936e-01	3.644695390008754754e-01	-2.414631803676238775e+01
9.090909090909095459e+11	1.664639742943584411e+00	1.693456484111586710e-02	6.453131531121941933e+00	2.770738694300924454e+00	5.637989932795316184e-02	2.034832784625984978e-02	1.979383643055041102e+04	6.753678449558017860e+01	2.970601627341984408e-01	2.059208901798812996e-01	3.614528368904347255e-01	-2.452659637872152132e+01	2.970601627341991624e-01	2.059208901798805225e-01	3.614528368904347810e-01	-2.452659637872152487e+01
9.188660801564031982e+11	1.664270030126705491e+00	1.712528590480817334e-02	6.595978201428354559e+00	2.769501457760623619e+00	5.700220017744708767e-02	2.058211596809852995e-02	1.897729906422757267e+04	6.724919792285457731e+01	3.500404532627757193e-01	8.158975079496659510e-02	3.594234360127261385e-01	-2.490374327023886281e+01	3.500404532627756082e-01	8.158975079496710858e-02	3.594234360127260830e-01	-2.490374327023886281e+01
9.286412512218968506e+11	1.664098395463055269e+00	1.748851524063721810e-02	6.807537972237510004e+00	2.768917621617393188e+00	5.820522030195116742e-02	2.102092884509581747e-02	1.926511822699767072e+04	6.735195681415612512e+01	3.414961275584775802e-01	-5.990064397260391055e-02	3.467098099070296535e-01	-2.530638129865818087e+01	3.414961275584776357e-01	-5.990064397260475015e-02	3.467098099070298201e-01	-2.530638129865818442e+01
9.384164222873903809e+11	1.664212801477428672e+00	1.776899336147841346e-02	6.989523759624074906e+00	2.769288511476271086e+00	5.914277244307964559e-02	2.135666695542365670e-02	1.805997308506847548e+04	6.691096929148771721e+01	2.815693351151827284e-01	-1.801131328852988434e-01	3.342484571616800015e-01	-2.570182450048951850e+01	2.815693351151825619e-01	-1.801131328852994540e-01	3.342484571616801681e-01	-2.570182450048952205e+01
9.481915933528840332e+11	1.664395161954708380e+00	1.778260109932627842e-02	7.067739728569742752e+00	2.769895034236382170e+00	5.919455047337827264e-02	2.137068363303424104e-02	1.804214834579506714e+04	6.690422824473903063e+01	1.881698657947324382e-01	-2.766654929118397277e-01	3.345918309841991456e-01	-2.610626863672617759e+01	1.881698657947311892e-01	-2.766654929118407824e-01	3.345918309841993121e-01	-2.610626863672618470e+01
9.579667644183776855e+11	1.664196666485700415e+00	1.766481048924690295e-02	7.093304208222058094e+00	2.769238499212496318e+00	5.879543746061265813e-02	2.123162648407951950e-02	1.701065994338795645e+04	6.650234141389638864e+01	6.522020907382451715e-02	-3.266577350735414553e-01	3.331050158058406763e-01	-2.650646974766370789e+01	6.522020907382254651e-02	-3.266577350735418439e-01	3.331050158058406763e-01	-2.650646974766371500e+01
9.677419354838713379e+11	1.663899099610033794e+00	1.776678942385947341e-02	7.207052355495422447e+00	2.768244554876649666e+00	5.912428985064169945e-02	2.135804430518466884e-02	1.645588961259806820e+04	6.627599224000158529e+01	-5.741166250777603869e-02	-3.187907033038826499e-01	3.239191434677656245e-01	-2.688171962684158700e+01	-5.741166250777551133e-02	-3.187907033038828719e-01	3.239191434677657910e-01	-2.688171962684158345e+01
9.775171065493649902e+11	1.663782783987240110e+00	1.807641991937697021e-02	7.406720371991096563e+00	2.767846395335229470e+00	6.015047251596683520e-02	2.173186800298636950e-02	1.563070410857685420e+04	6.592478732248527251e+01	-1.691462825373135082e-01	-2.687366765356329901e-01	3.175371887064727949e-01	-2.726530377140649364e+01	-1.691462825373150347e-01	-2.687366765356320464e-01	3.175371887064727949e-01	-2.726530377140650074e+01
9.872922776148586426e+11	1.663801304330984943e+00	1.825370399417356251e-02	7.554155228710046188e+00	2.767901582583979891e+00	6.074107302875536574e-02	2.194480953042066487e-02	1.395668109600307798e+04	6.515147355846329447e+01	-2.576227598742301117e-01	-1.755910460161966558e-01	3.117718746876910751e-01	-2.767607620969802795e+01	-2.576227598742311109e-01	-1.755910460161956288e-01	3.117718746876912972e-01	-2.767607620969803506e+01
9.970674486803522949e+11	1.663832003288280958e+00	1.836409785092580835e-02	7.675086827911315801e+00	2.767999695076416078e+00	6.110954743177580278e-02	2.207715107067190555e-02	1.512878970255235436e+04	6.570198184360756954e+01	-2.968943150479808613e-01	-6.007220356718077914e-02	3.029107194359858535e-01	-2.807469384288176428e+01	-2.968943150479804727e-01	-6.007220356718256937e-02	3.029107194359857980e-01	-2.807469384288175718e+01
1.006842619745845947e+12	1.663708571915019974e+00	1.840952017960518355e-02	7.769502690458046423e+00	2.767587301830272128e+00	6.125615305530336674e-02	2.213341310490664349e-02	1.587351514042674717e+04	6.603001867034143402e+01	-2.955149943238076782e-01	5.439605335856223522e-02	3.004796873187730588e-01	-2.845636826626858351e+01	-2.955149943238073451e-01	5.439605335856355361e-02	3.004796873187729478e-01	-2.845636826626859062e+01
1.016617790811339600e+12	1.663615296911986841e+00	1.862259821188491649e-02	7.935734691791342499e+00	2.767269054955396879e+00	6.196167850707512414e-02	2.239091222305228043e-02	1.560278991068486539e+04	6.591258502697274935e+01	-2.461995127207130818e-01	1.624478848032619716e-01	2.949635830758950417e-01	-2.885758297385492810e+01	-2.461995127207136924e-01	1.624478848032613054e-01	2.949635830758951527e-01	-2.885758297385492455e+01
1.026392961876833252e+12	1.663571415981708990e+00	1.882611626003579536e-02	8.099599833547141969e+00	2.767115433417951742e+00	6.263717776828804651e-02	2.263627205855968383e-02	1.571681512607740478e+04	6.596229269436950915e+01	-1.587401575388000530e-01	2.368834741655353460e-01	2.851529728903012817e-01	-2.925474121680336026e+01	-1.587401575387998864e-01	2.368834741655352349e-01	2.851529728903011152e-01	-2.925474121680336026e+01
1.036168132942326904e+12	1.663591225913975791e+00	1.879596483533164941e-02	8.163643224415100264e+00	2.767182478643873900e+00	6.253760436529071098e-02	2.259973993328362116e-02	1.562882173406689981e+04	6.592396515463963169e+01	-5.630110123770367542e-02	2.774982593649873985e-01	2.831520756610764189e-01	-2.964495915567170670e+01	-5.630110123770423747e-02	2.774982593649871765e-01	2.831520756610763634e-01	-2.964495915567170670e+01
1.045943304007820557e+12	1.663393570035467617e+00	1.879225238302190473e-02	8.239031087153710686e+00	2.766525020085710995e+00	6.251782356080466674e-02	2.259796065710903065e-02	1.561448049081281169e+04	6.591769805292706508e+01	5.361342442113042894e-02	2.769935252828500949e-01	2.821343869980779129e-01	-3.003632084319434981e+01	5.361342442113118528e-02	2.769935252828499284e-01	2.821343869980778574e-01	-3.003632084319435336e+01
1.055718475073314209e+12	1.663206522115284525e+00	1.906991470823721224e-02	8.438903748802797367e+00	2.765892273559841019e+00	6.343441303784465302e-02	2.293452049605728196e-02	1.547300944243540289e+04	6.585556513460004169e+01	1.493025406167092506e-01	2.271592855441342262e-01	2.718319143211952449e-01	-3.042659167459361313e+01	1.493025406167082236e-01	2.271592855441350867e-01	2.718319143211953559e-01	-3.042659167459360603e+01
1.065493646138807861e+12	1.663278528228407938e+00	1.944538745506994154e-02	8.684736102134259284e+00	2.766117339372381245e+00	6.468619085419975712e-02	2.338519408901024513e-02	1.519736580424162275e+04	6.573285585188418167e+01	2.170065207831058385e-01	1.469059139052591723e-01	2.620556765321598314e-01	-3.082082786454137846e+01	2.170065207831075038e-01	1.469059139052568408e-01	2.620556765321598869e-01	-3.082082786454138912e+01
1.075268817204301514e+12	1.663479352328958161e+00	1.963698233615989580e-02	8.850768102235234025e+00	2.766777944549499768e+00	6.533142931650090524e-02	2.361281990309434947e-02	1.464846312558465615e+04	6.548172647601286656e+01	2.534856106339053450e-01	4.636100469032242849e-02	2.576903132722298539e-01	-3.123503181330492495e+01	2.534856106339053450e-01	4.636100469032278237e-02	2.576903132722299095e-01	-3.123503181330492495e+01
1.085043988269795166e+12	1.663459751717439650e+00	1.947158186542318620e-02	8.856002716248434936e+00	2.766719203083503942e+00	6.478038547080530729e-02	2.341415254522673586e-02	1.380762866433658201e+04	6.507817537748034908e+01	2.498100178656919301e-01	-5.626926143100274835e-02	2.560688868411152286e-01	-3.163747722340868407e+01	2.498100178656917636e-01	-5.626926143100432348e-02	2.560688868411153951e-01	-3.163747722340869117e+01
1.094819159335288818e+12	1.662756703892893650e+00	1.945683484427800786e-02	8.929018906251034338e+00	2.764381287918602492e+00	6.470396514772019936e-02	2.340630991480847217e-02	9.266860278826203285e+03	6.235587196088926731e+01	2.132933682688188948e-01	-1.354062031563197932e-01	2.526438220116782318e-01	-3.198156733051860812e+01	2.132933682688202548e-01	-1.354062031563179058e-01	2.526438220116783984e-01	-3.198156733051859746e+01
1.104594330400782471e+12	1.663192368264140741e+00	1.930835110414269237e-02	8.939992579549441487e+00	2.765836041429720282e+00	6.422700440034924407e-02	2.322155161704701765e-02	7.728770759101102158e+03	6.111687276395252866e+01	1.388276983526855746e-01	-2.129231932672104033e-01	2.541838233661026791e-01	-3.240893709731771821e+01	1.388276983526871289e-01	-2.129231932672095151e-01	2.541838233661028457e-01	-3.240893709731771111e+01
1.114369501466276123e+12	1.663193773166220746e+00	2.003928909871109665e-02	9.360535386729633700e+00	2.765811953991308414e+00	6.665844169530804608e-02	2.410085819432303961e-02	8.965335788702082937e+03	6.213005318533583221e+01	4.110009382972316938e-02	-2.346057752562976384e-01	2.381786881658820298e-01	-3.281329488246529991e+01	4.110009382972280162e-02	-2.346057752562976384e-01	2.381786881658819743e-01	-3.281329488246530701e+01
1.124144672531769775e+12	1.663458860917939264e+00	2.049478745023975215e-02	9.657279177238361711e+00	2.766675345653777818e+00	6.818447157346219090e-02	2.464491241466927260e-02	1.289860261685509795e+04	6.461326593308164945e+01	-5.347277592598536494e-02	-2.207702206065508266e-01	2.271537542544603550e-01	-3.322435651880022078e+01	-5.347277592598791846e-02	-2.207702206065502437e-01	2.271537542544603827e-01	-3.322435651880022789e+01
1.133919843597263428e+12	1.663715673149377183e+00	2.072797642006700761e-02	9.852091180127073855e+00	2.767520192076414531e+00	6.897091848547240445e-02	2.492155926556218273e-02	1.348604849537163864e+04	6.491730201226729946e+01	-1.348475069837554996e-01	-1.764447537221972007e-01	2.220734141130378814e-01	-3.363928034977332970e+01	-1.348475069837568874e-01	-1.764447537221962292e-01	2.220734141130379646e-01	-3.363928034977333681e+01
1.143695014662757080e+12	1.663606294045637313e+00	2.101962848437346695e-02	1.007684143793354181e+01	2.767144076806638431e+00	6.993677249020932574e-02	2.527399027625562566e-02	1.326249205550419902e+04	6.480318929516730009e+01	-1.859881629801602709e-01	-1.070203842925140231e-01	2.145808924924398620e-01	-3.403537305991022066e+01	-1.859881629801594938e-01	-1.070203842925153970e-01	2.145808924924398897e-01	-3.403537305991021356e+01
1.153470185728250732e+12	1.663281189686268480e+00	2.171663624762277048e-02	1.049997080904720725e+01	2.766032703674256688e+00	7.224174514785988710e-02	2.611745878922459504e-02	1.049463707669240466e+04	6.320524047557994862e+01	-1.986382058999449918e-01	-3.004613404056197604e-02	2.008977526353452336e-01	-3.440739661063732768e+01	-1.986382058999446865e-01	-3.004613404056424159e-02	2.008977526353452614e-01	-3.440739661063732058e+01
1.163245356793744385e+12	1.662758148032997152e+00	2.215099410432368188e-02	1.080074493891400778e+01	2.764273992310312789e+00	7.366349186799016346e-02	2.664840463460136852e-02	4.720678879291269368e+03	5.775135951527682465e+01	-1.888250574886183586e-01	3.989857304110790148e-02	1.929942964605344258e-01	-3.476575532978985450e+01	-1.888250574886181921e-01	3.989857304110853292e-02	1.929942964605343980e-01	-3.476575532978986161e+01
1.173020527859238037e+12	1.663584736287362809e+00	2.243758059905212252e-02	1.103242031745760521e+01	2.767010729785155387e+00	7.465363320760114163e-02	2.697988569541890508e-02	1.020599529754687137e+04	6.301485203857067319e+01	-1.462858560715324385e-01	1.158776259778063200e-01	1.866204058746885053e-01	-3.522744378031811152e+01	-1.462858560715308565e-01	1.158776259778082213e-01	1.866204058746884775e-01	-3.522744378031812573e+01
1.182795698924731689e+12	1.663481807942493340e+00	2.401840830674207769e-02	1.190811777061874466e+01	2.766594841418037021e+00	7.990837054800062345e-02	2.888329340881841747e-02	1.235170775773987043e+04	6.431750426647960239e+01	-8.013513879458827871e-02	1.426457134786778547e-01	1.636136914914793350e-01	-3.561647514012602045e+01	-8.013513879458758482e-02	1.426457134786781877e-01	1.636136914914793072e-01	-3.561647514012602755e+01
1.192570869990225342e+12	1.661925717338972763e+00	2.511828797537608848e-02	1.255634943343729226e+01	2.761366161561845001e+00	8.348945752360760475e-02	3.023483762703366856e-02	1.242291196480159124e+04	6.435674496173702153e+01	-3.394746690404017858e-02	1.451809273888267637e-01	1.490970562643028630e-01	-3.589861384927724686e+01	-3.394746690404031736e-02	1.451809273888266805e-01	1.490970562643028074e-01	-3.589861384927724686e+01
1.202346041055718994e+12	1.660309876302964449e+00	2.550606266311126330e-02	1.285470341903135427e+01	2.755978326116590438e+00	8.469593549033184454e-02	3.073171319517438785e-02	1.190633761283486820e+04	6.406680622480354259e+01	7.151611579658998311e-03	1.427836433031222096e-01	1.429626326810595205e-01	-3.617836074523216183e+01	7.151611579658332177e-03	1.427836433031222652e-01	1.429626326810595482e-01	-3.617836074523215473e+01
1.212121212121212646e+12	1.659015565173997286e+00	2.474751961638498379e-02	1.257380988937020128e+01	2.751720205762434368e+00	8.211304048606303529e-02	2.984062126451243746e-02	7.600873071822502425e+03	6.100295864796974143e+01	5.117742746344487031e-02	1.396143354325990737e-01	1.486986608549735744e-01	-3.647966878620422193e+01	5.117742746344446786e-02	1.396143354325992125e-01	1.486986608549735467e-01	-3.647966878620422193e+01
1.221896383186706299e+12	1.658164869882795989e+00	2.351689458350387368e-02	1.204490871080134085e+01	2.748957691382578172e+00	7.798977689420626136e-02	2.837067196002627037e-02	1.117527424574879842e+04	6.363422166219918807e+01	1.010516002804004859e-01	1.247818967866624051e-01	1.605675798064699622e-01	-3.680901915365684118e+01	1.010516002804020541e-01	1.247818967866611006e-01	1.605675798064699622e-01	-3.680901915365685539e+01
1.231671554252199951e+12	1.657713949064761660e+00	2.229551253716726550e-02	1.151069464188328695e+01	2.747518447044592360e+00	7.391916426882090552e-02	2.690397378344560816e-02	7.376307259197203166e+03	6.079822794814819531e+01	1.504008541548536304e-01	8.790474650326414452e-02	1.742058018216175452e-01	-3.717018993313283914e+01	1.504008541548540467e-01	8.790474650326363104e-02	1.742058018216176285e-01	-3.717018993313283914e+01
1.241446725317693604e+12	1.657841835211127490e+00	2.216687081201753479e-02	1.153510729645914346e+01	2.747948180414602426e+00	7.349833157576625420e-02	2.674662211595163486e-02	1.079578640832966266e+04	6.339837655465159116e+01	1.720322796789355291e-01	2.095685206573613332e-02	1.733040533283530804e-01	-3.757788982989025328e+01	1.720322796789353903e-01	2.095685206573709783e-02	1.733040533283530527e-01	-3.757788982989024618e+01
1.251221896383187256e+12	1.658261655701633419e+00	2.213795841139129528e-02	1.161077112685052271e+01	2.749341629567698231e+00	7.342105513825526730e-02	2.670495887038958766e-02	1.050658307660408173e+04	6.321300678817001995e+01	1.632293392952850752e-01	-5.103739868381213657e-02	1.710223180499717277e-01	-3.800215426467257629e+01	1.632293392952856859e-01	-5.103739868381006878e-02	1.710223180499717277e-01	-3.800215426467256208e+01
1.260997067448680908e+12	1.658847029987862376e+00	2.186686759476244579e-02	1.155818956333639669e+01	2.751295309001145384e+00	7.254757672941902769e-02	2.636851685534161854e-02	1.063097906474600495e+04	6.329335816651449420e+01	1.273627877782335105e-01	-1.169859405418352538e-01	1.729363755694595384e-01	-3.844206814105961456e+01	1.273627877782336493e-01	-1.169859405418350734e-01	1.729363755694595384e-01	-3.844206814105961456e+01
1.270772238514174561e+12	1.658900409737731119e+00	2.151972990976767572e-02	1.146287867970101892e+01	2.751487470652622669e+00	7.139817752951781171e-02	2.594893790760491661e-02	1.042243294949424489e+04	6.315811022622332160e+01	7.219524353309555997e-02	-1.596066054685851554e-01	1.751754026626100302e-01	-3.884511628781723402e+01	7.219524353309494935e-02	-1.596066054685854330e-01	1.751754026626100580e-01	-3.884511628781724113e+01
1.280547409579668213e+12	1.658490547701783280e+00	2.152145318964960793e-02	1.155197966721959091e+01	2.750127723868767138e+00	7.138625337568053897e-02	2.595743199710640395e-02	1.043930296231200919e+04	6.316915106082949194e+01	1.100049907358524939e-02	-1.721146585121790529e-01	1.724658419938045473e-01	-3.920608120205071145e+01	1.100049907358504643e-02	-1.721146585121790806e-01	1.724658419938045750e-01	-3.920608120205071145e+01
1.290322580645161865e+12	1.658380788520649407e+00	2.188568346484016935e-02	1.183716148175368410e+01	2.749747856593647732e+00	7.258959400346995383e-02	2.639863645294118419e-02	1.048109993955685786e+04	6.319642904346599011e+01	-5.237883077128625137e-02	-1.574240555261368357e-01	1.659092377514382322e-01	-3.959111062051068330e+01	-5.237883077128571013e-02	-1.574240555261371410e-01	1.659092377514383432e-01	-3.959111062051067620e+01
1.300097751710655518e+12	1.658702760109396657e+00	2.222014012652741635e-02	1.210910267737326507e+01	2.750801111767287921e+00	7.371321551577716957e-02	2.679699931792566339e-02	1.032954065723146959e+04	6.309699350960757158e+01	-1.081095506175334398e-01	-1.171774080795187634e-01	1.594309251649726200e-01	-4.001507779374403384e+01	-1.081095506175321908e-01	-1.171774080795199846e-01	1.594309251649726478e-01	-4.001507779374401963e+01
1.309872922776149170e+12	1.658984453515508051e+00	2.199050894561848518e-02	1.207406769563447035e+01	2.751745834522461465e+00	7.296382493134954961e-02	2.651546665973665562e-02	1.015425399471576384e+04	6.298015502916053521e+01	-1.466337828952970490e-01	-6.352642332029333205e-02	1.598032313379620650e-01	-4.043188212039572704e+01	-1.466337828952964384e-01	-6.352642332029478922e-02	1.598032313379620650e-01	-4.043188212039571994e+01
1.319648093841642822e+12	1.658714628380333789e+00	2.182569398967533492e-02	1.207300436627907025e+01	2.750857857484778179e+00	7.240519579045441578e-02	2.632095133285347263e-02	9.910295774466570947e+03	6.281414119493366144e+01	-1.600791196565060359e-01	-5.939079699845216387e-03	1.601892543764502630e-01	-4.080362060365940380e+01	-1.600791196565060359e-01	-5.939079699844847758e-03	1.601892543764502630e-01	-4.080362060365940380e+01
1.329423264907136475e+12	1.658340519822328663e+00	2.191665688816318847e-02	1.221312337872074849e+01	2.749612939835437864e+00	7.269056035336832200e-02	2.643665197390247801e-02	9.292082833491151177e+03	6.237442747275116517e+01	-1.485949988788652087e-01	5.097272049037667591e-02	1.570945318144461034e-01	-4.117115759016017051e+01	-1.485949988788649867e-01	5.097272049037746694e-02	1.570945318144461589e-01	-4.117115759016017762e+01
1.339198435972630127e+12	1.658246893655023868e+00	2.246031286491154133e-02	1.260810729733743862e+01	2.749278294662546251e+00	7.448948807751906709e-02	2.709419712880034581e-02	9.472367474150878479e+03	6.250560912179700068e+01	-1.113960282952999870e-01	9.723689084056033605e-02	1.478651008869446559e-01	-4.155834029928602291e+01	-1.113960282952989461e-01	9.723689084056154341e-02	1.478651008869446559e-01	-4.155834029928603002e+01
1.348973607038123779e+12	1.658430381852938895e+00	2.255480607531730117e-02	1.275356826724814852e+01	2.749882612175789554e+00	7.481115130421490955e-02	2.720521631467827731e-02	9.253321785845189879e+03	6.234589123817768552e+01	-6.239656371696759157e-02	1.307880410729839182e-01	1.449097748648935369e-01	-4.196635548498443313e+01	-6.239656371696693932e-02	1.307880410729842791e-01	1.449097748648935646e-01	-4.196635548498444024e+01
1.358748778103617432e+12	1.658486129398651698e+00	2.225943069821555501e-02	1.267775574941615346e+01	2.750080759152712329e+00	7.383391412260208175e-02	2.684790760302980389e-02	9.235020780363311133e+03	6.233237630341334778e+01	-6.354906954998250194e-03	1.466195497818263416e-01	1.467572050041568987e-01	-4.236818509920629339e+01	-6.354906954998440147e-03	1.466195497818263416e-01	1.467572050041568987e-01	-4.236818509920629339e+01
1.368523949169111084e+12	1.658200038865131898e+00	2.219315943112730796e-02	1.273094658869041851e+01	2.749134832566789477e+00	7.360139566247074494e-02	2.677256669646544893e-02	9.167250756935691243e+03	6.228209517626396519e+01	4.687593463484390766e-02	1.375100875505328724e-01	1.452803408106044247e-01	-4.274003767832953571e+01	4.687593463484386602e-02	1.375100875505329001e-01	1.452803408106044525e-01	-4.274003767832952860e+01
1.378299120234604736e+12	1.657781563795019730e+00	2.252136619816590482e-02	1.301150018766518812e+01	2.747732501323229215e+00	7.467101134959154562e-02	2.717550246016747426e-02	9.053425326172025962e+03	6.219680140741257190e+01	8.833321219366603583e-02	1.079399565642233660e-01	1.394768461055011788e-01	-4.309733411334400444e+01	8.833321219366667421e-02	1.079399565642229081e-01	1.394768461055012343e-01	-4.309733411334400444e+01
1.388074291300098389e+12	1.657848598848282284e+00	2.290465558760070020e-02	1.332679255479234115e+01	2.747937353455626397e+00	7.594490234601260215e-02	2.763705739161384511e-02	9.099127871973167203e+03	6.223117622737792942e+01	1.181435462358480237e-01	6.202403831150125196e-02	1.334349236356379698e-01	-4.349885893042957008e+01	1.181435462358480099e-01	6.202403831150136992e-02	1.334349236356379975e-01	-4.349885893042957008e+01
1.397849462365592041e+12	1.658026476122242299e+00	2.274370853715025273e-02	1.332633866963403335e+01	2.748534519244317575e+00	7.541934183960517790e-02	2.743983796148246473e-02	8.994320462923215018e+03	6.215208790962345375e+01	1.328729159651725056e-01	9.586654128014317905e-03	1.332183010492851705e-01	-4.391027290494037771e+01	1.328729159651724501e-01	9.586654128015164450e-03	1.332183010492851705e-01	-4.391027290494037061e+01
1.407624633431085693e+12	1.657674562663018936e+00	2.233164155529041364e-02	1.317639688980591117e+01	2.747386253485477159e+00	7.403718829742667040e-02	2.694822695698475060e-02	7.268822444801643542e+03	6.069802084055039160e+01	1.304041197640605498e-01	-3.899595386591941243e-02	1.361099513972154895e-01	-4.427287231581946969e+01	1.304041197640609939e-01	-3.899595386591814261e-02	1.361099513972155450e-01	-4.427287231581945548e+01
1.417399804496579346e+12	1.657754825362603324e+00	2.217735561147810008e-02	1.317623372817877936e+01	2.747659225911077474e+00	7.352923655742045483e-02	2.676068264361982502e-02	4.615290284896814228e+03	5.759722869414260771e+01	1.049718069338078374e-01	-8.710463700721386704e-02	1.364049047472528364e-01	-4.467494109038546668e+01	1.049718069338077125e-01	-8.710463700721401969e-02	1.364049047472528364e-01	-4.467494109038546668e+01
1.427174975562072998e+12	1.657305699769416885e+00	2.262727164818120057e-02	1.353625645757887952e+01	2.746150189065956315e+00	7.500061254552325973e-02	2.731118379619036640e-02	8.710362555134230206e+03	6.193309003747257435e+01	6.435245334292705177e-02	-1.121093387301267119e-01	1.292661675836330182e-01	-4.503199969033779126e+01	6.435245334292598318e-02	-1.121093387301273642e-01	1.292661675836330459e-01	-4.503199969033779837e+01
1.436950146627566650e+12	1.657468092648595404e+00	2.301834003438198509e-02	1.386452079388785741e+01	2.746670634170234493e+00	7.630432830544782441e-02	2.778066192435892784e-02	9.230852663386429413e+03	6.232929448609296941e+01	1.397846232532046554e-02	-1.222652101326374835e-01	1.230616878551501064e-01	-4.543925871732067634e+01	1.397846232532079513e-02	-1.222652101326374141e-01	1.230616878551500926e-01	-4.543925871732066923e+01
1.446725317693060303e+12	1.657614932691810594e+00	2.296572255971743998e-02	1.392692884602438674e+01	2.747159840670185815e+00	7.613664931008963521e-02	2.771467760373042336e-02	8.982761028470016754e+03	6.214330872262480909e+01	-3.533913467809785686e-02	-1.169273775322448028e-01	1.221509969519890826e-01	-4.584659624392092070e+01	-3.533913467809837727e-02	-1.169273775322446779e-01	1.221509969519891103e-01	-4.584659624392092780e+01
1.456500488758553955e+12	1.657393707915107539e+00	2.273117018067217360e-02	1.387783083104290860e+01	2.746437196938805947e+00	7.534899686198716362e-02	2.743517927370470177e-02	8.819177701644979606e+03	6.201784424035591314e+01	-7.639124615163574161e-02	-9.639219759868697390e-02	1.229921877458244051e-01	-4.622324722542632003e+01	-7.639124615163411791e-02	-9.639219759868823678e-02	1.229921877458243912e-01	-4.622324722542630582e+01
1.466275659824047607e+12	1.657014502981569715e+00	2.294876756915069718e-02	1.410470975651927006e+01	2.745170417158315779e+00	7.605288137527162207e-02	2.770424775814040244e-02	8.474794948773680517e+03	6.174592440946845784e+01	-1.018366925862988631e-01	-6.120805076418282809e-02	1.188155605771698681e-01	-4.658270504645893340e+01	-1.018366925862993905e-01	-6.120805076418203011e-02	1.188155605771698958e-01	-4.658270504645894050e+01
1.476050830889541260e+12	1.656886474933557007e+00	2.334206170152775678e-02	1.444207803852323124e+01	2.744727938973270831e+00	7.735029266065182596e-02	2.818140609214132147e-02	8.299870370489792549e+03	6.160354422397820429e+01	-1.118011134687745683e-01	-1.796859147710833451e-02	1.132358567439175484e-01	-4.696453332041853201e+01	-1.118011134687744018e-01	-1.796859147710927126e-02	1.132358567439175484e-01	-4.696453332041852491e+01
1.485826001955034912e+12	1.657084047367580526e+00	2.321077337942683769e-02	1.445595296993919021e+01	2.745388800039251009e+00	7.692440458822463745e-02	2.801949384623585865e-02	7.890003410070955397e+03	6.125782056894200167e+01	-1.093956327077579421e-01	2.845130849751249455e-02	1.130348681193166366e-01	-4.737833016121463459e+01	-1.093956327077581919e-01	2.845130849751130106e-02	1.130348681193165672e-01	-4.737833016121462748e+01
1.495601173020528564e+12	1.657116469225305533e+00	2.300838321212299656e-02	1.442417757379775267e+01	2.745505606879707017e+00	7.625514150211211428e-02	2.777453497491735174e-02	7.867703719338543124e+03	6.123849897522902097e+01	-9.017197553393556386e-02	6.875954931068847809e-02	1.133969170352601419e-01	-4.777536700001389391e+01	-9.017197553393530018e-02	6.875954931068879727e-02	1.133969170352601280e-01	-4.777536700001390102e+01
1.505376344086022217e+12	1.656593484031446017e+00	2.302291301530228970e-02	1.452762165323162868e+01	2.743771916811734268e+00	7.627921536914508693e-02	2.780085870176177490e-02	7.592895990145308133e+03	6.099579036075723337e+01	-6.074180667120317872e-02	9.385329367025399550e-02	1.117944891774042826e-01	-4.812028213254645692e+01	-6.074180667120306076e-02	9.385329367025413427e-02	1.117944891774043242e-01	-4.812028213254645692e+01
1.515151515151515869e+12	1.656447183635954001e+00	2.332173728680473485e-02	1.481174151388322535e+01	2.743273368745409169e+00	7.726245209245063972e-02	2.816432841608685483e-02	7.619422084862985685e+03	6.101959793783017716e+01	-2.056256984044960850e-02	1.053309577474701997e-01	1.073192896847659783e-01	-4.850189219888738990e+01	-2.056256984045059730e-02	1.053309577474699915e-01	1.073192896847659783e-01	-4.850189219888737568e+01
1.524926686217009521e+12	1.656661190725568611e+00	2.366749529594869283e-02	1.512831034780120021e+01	2.743966150522675118e+00	7.841804187695630701e-02	2.857835613679822820e-02	7.447161135590183221e+03	6.086348897926738744e+01	2.246767534069671682e-02	9.982450091295777539e-02	1.023216859601915329e-01	-4.891606886679064559e+01	2.246767534069772990e-02	9.982450091295753947e-02	1.023216859601915329e-01	-4.891606886679065269e+01
1.534701857282503174e+12	1.656844702863171648e+00	2.336699111284365818e-02	1.503197252060466660e+01	2.744588353132083824e+00	7.743095089433164879e-02	2.821222745697677531e-02	7.391119913674901909e+03	6.081192304287929318e+01	6.129697310855113102e-02	8.377872262048645380e-02	1.038084451101684291e-01	-4.932634153803494570e+01	6.129697310855045100e-02	8.377872262048700891e-02	1.038084451101684569e-01	-4.932634153803493859e+01
1.544477028347996826e+12	1.656506898312442244e+00	2.301883382862613889e-02	1.490232162259185955e+01	2.743485237445877800e+00	7.626171405645401635e-02	2.779738451497990731e-02	7.052749112543638148e+03	6.049201464203949286e+01	8.881371831441907394e-02	5.769333813009502182e-02	1.059074965497081994e-01	-4.968938890525930674e+01	8.881371831441940701e-02	5.769333813009445977e-02	1.059074965497081716e-01	-4.968938890525931384e+01
1.554252199413490479e+12	1.655927326671408517e+00	2.326140974658620630e-02	1.515467695314331920e+01	2.741554218033719348e+00	7.703840811254548948e-02	2.810026794501934225e-02	7.109049799825612354e+03	6.054629396241995209e+01	9.912079659272604593e-02	2.391948555032196583e-02	1.019660438879955444e-01	-5.002869303205167739e+01	9.912079659272589327e-02	2.391948555032260768e-02	1.019660438879955444e-01	-5.002869303205167739e+01
1.564027370478984131e+12	1.655908083075105175e+00	2.389191463280704655e-02	1.566334321738047919e+01	2.741460756008648136e+00	7.912562912121114123e-02	2.886257953822102262e-02	6.891173545395468864e+03	6.033379987982276305e+01	9.351206115240115468e-02	-1.450170712773939108e-02	9.462983192730049786e-02	-5.041933538310396301e+01	9.351206115240140448e-02	-1.450170712773788360e-02	9.462983192730052562e-02	-5.041933538310394880e+01
1.573802541544477783e+12	1.656498659382440009e+00	2.406396792138981028e-02	1.587474081643874868e+01	2.743408733983699666e+00	7.972386120240852747e-02	2.906014704073702978e-02	6.730880843709198416e+03	6.017313238379778539e+01	7.553448673460488871e-02	-5.222005007859020775e-02	9.182805843787981981e-02	-5.087037300531054029e+01	7.553448673460434748e-02	-5.222005007859092940e-02	9.182805843787977818e-02	-5.087037300531055450e+01
1.583577712609971436e+12	1.656422051417596908e+00	2.354218581657455817e-02	1.562698967316470444e+01	2.743179777909458217e+00	7.799159145028936035e-02	2.843109010876631107e-02	6.388762861710562902e+03	5.981701828352071715e+01	5.202833351829314751e-02	-7.967614002212489166e-02	9.515899735451187336e-02	-5.125779912658153847e+01	5.202833351829337649e-02	-7.967614002212471125e-02	9.515899735451185948e-02	-5.125779912658153847e+01
1.593352883675465088e+12	1.655673502982458078e+00	2.323788903711171763e-02	1.552021757894951293e+01	2.740714748991302407e+00	7.694871428798483182e-02	2.807614849969526302e-02	5.985098681789050715e+03	5.937145855235314684e+01	2.470586705818466483e-02	-9.341109626243593311e-02	9.662304472560760693e-02	-5.157771398948563046e+01	2.470586705818560852e-02	-9.341109626243573882e-02	9.662304472560764856e-02	-5.157771398948562336e+01
1.603128054740958740e+12	1.654890003999792469e+00	2.385371837064019854e-02	1.602925961280852363e+01	2.738091925458327580e+00	7.895056017959736772e-02	2.883415251530748943e-02	4.047940752659426380e+03	5.670180274198352066e+01	-5.169315251865510934e-03	-8.962660204006826781e-02	8.977555131226952478e-02	-5.189389108434559716e+01	-5.169315251865948084e-03	-8.962660204006824005e-02	8.977555131226953866e-02	-5.189389108434560427e+01
1.612903225806452393e+12	1.655350403714874963e+00	2.435632773108960258e-02	1.646680265426705603e+01	2.739591728378455215e+00	8.063651388534195941e-02	2.943377038631597026e-02	5.288916857123973386e+03	5.852728095696478050e+01	-4.014338282973205912e-02	-7.399276758529924058e-02	8.418088167717499570e-02	-5.233336969078582257e+01	-4.014338282973203831e-02	-7.399276758529928222e-02	8.418088167717502346e-02	-5.233336969078582257e+01
1.622678396871946045e+12	1.656161751137290361e+00	2.417051233447774228e-02	1.644021419433691023e+01	2.742287532263624872e+00	8.006055606750826781e-02	2.919480730068527152e-02	5.515085771163927348e+03	5.881313775409267919e+01	-6.969182493375239429e-02	-4.768405841745611967e-02	8.444358998619232171e-02	-5.280702315599526031e+01	-6.969182493375317144e-02	-4.768405841745496088e-02	8.444358998619230783e-02	-5.280702315599527452e+01
1.632453567937439697e+12	1.655928629269569630e+00	2.347409522534228687e-02	1.606271155232945702e+01	2.741548592087947434e+00	7.774285265968880476e-02	2.835727693612765873e-02	5.685200090793899108e+03	5.902052498095421385e+01	-8.696930525113767685e-02	-2.034797393930588491e-02	8.931797187184803422e-02	-5.317724202484393459e+01	-8.696930525113773236e-02	-2.034797393930571144e-02	8.931797187184803422e-02	-5.317724202484393459e+01
1.642228739002933350e+12	1.654955402314278512e+00	2.383145008546181526e-02	1.640488831401928849e+01	2.738309445636039730e+00	7.887997412783620543e-02	2.880608481029958701e-02	5.595666175817274961e+03	5.891215946980745599e+01	-8.477952663880895801e-02	5.645949363385745906e-03	8.496731654768456543e-02	-5.347357259176628475e+01	-8.477952663880887474e-02	5.645949363386525664e-03	8.496731654768453768e-02	-5.347357259176629185e+01
1.652003910068427002e+12	1.654942750269128737e+00	2.484256021111312662e-02	1.720269870873585560e+01	2.738218353870504718e+00	8.222602983901197704e-02	3.002902588932854569e-02	5.154910757816549449e+03	5.835208440816087005e+01	-6.775797735973966562e-02	3.339808479133705293e-02	7.554187953454913340e-02	-5.386502871504493584e+01	-6.775797735973963787e-02	3.339808479133715702e-02	7.554187953454914728e-02	-5.386502871504493584e+01
1.661779081133920654e+12	1.656663802712640798e+00	2.359939485217961430e-02	1.643854275218411942e+01	2.743978023780918818e+00	7.819252643505800182e-02	2.849604689155518789e-02	2.026019082789684489e+03	5.197684475347497823e+01	-4.378063040384413962e-02	7.229192602367606746e-02	8.451547885902709056e-02	-5.443333798411736524e+01	-4.378063040384390370e-02	7.229192602367624787e-02	8.451547885902711832e-02	-5.443333798411737234e+01
1.671554252199414307e+12	1.657453367976957193e+00	2.131082415701844590e-02	1.493172157900857577e+01	2.746697515791907129e+00	7.064339454682984354e-02	2.571939361384774705e-02	6.742373604899307793e+02	4.446586487227433793e+01	-7.152992411800485582e-03	1.051572569212291808e-01	1.054002560890659329e-01	-5.490995419737943450e+01	-7.152992411799273878e-03	1.051572569212292779e-01	1.054002560890659329e-01	-5.490995419737944161e+01
1.681329423264907959e+12	1.656821722826078203e+00	2.471796773772249461e-02	1.742026411997906976e+01	2.744447243299291017e+00	8.190653178394560752e-02	2.984445482926465984e-02	2.592637526884477666e+03	5.366031325169997501e+01	1.883726209529279494e-02	7.068585394768105157e-02	7.315280166582584231e-02	-5.523831137943470537e+01	1.883726209529250697e-02	7.068585394768112096e-02	7.315280166582582844e-02	-5.523831137943469827e+01
1.691104594330401611e+12	1.655038525368207836e+00	2.357865623719892709e-02	1.671393393691984741e+01	2.738596567423019934e+00	7.804716889795521029e-02	2.849896542863064944e-02	4.923136282650201792e+03	5.803803162249311498e+01	3.669777845485713147e-02	7.239902026983426053e-02	8.116862127419467721e-02	-5.544700967812804038e+01	3.669777845485731882e-02	7.239902026983413563e-02	8.116862127419464945e-02	-5.544700967812804038e+01
1.700879765395895264e+12	1.654424012764905694e+00	2.486278254537033910e-02	1.772607192795151576e+01	2.736500656057234249e+00	8.226716893442570511e-02	3.006290853697682341e-02	5.034752942573376458e+03	5.819107578209050757e+01	5.015206777716871983e-02	4.886533090781405853e-02	7.002178566029212958e-02	-5.577626392810179112e+01	5.015206777716944841e-02	4.886533090781329525e-02	7.002178566029212958e-02	-5.577626392810180533e+01
1.710654936461388916e+12	1.655935750864391931e+00	2.507800796214815220e-02	1.798227404865738421e+01	2.741494304507468005e+00	8.305513988996600372e-02	3.029557265663827131e-02	3.944905930873096167e+03	5.652579027097041120e+01	6.575587699740717551e-02	1.474905962467401056e-02	6.738968852510250629e-02	-5.632801945447766201e+01	6.575587699740721714e-02	1.474905962467395679e-02	6.738968852510253404e-02	-5.632801945447766201e+01
1.720430107526882568e+12	1.647824604839263740e+00	1.479883706945792424e-02	1.067219578587438278e+01	2.715106922735067485e+00	4.877177569212030189e-02	1.796311419035754794e-02	2.004035937721125435e+02	3.618345429255206369e+01	1.526235483618130495e-01	1.237058070244087815e-01	1.964613809533846955e-01	-5.586753961297480942e+01	1.526235483618141042e-01	1.237058070244071162e-01	1.964613809533844735e-01	-5.586753961297481652e+01
1.730205278592376221e+12	1.655851013800516247e+00	2.438403005956108968e-02	1.768447937191570318e+01	2.741247998982252021e+00	8.075264178933298787e-02	2.945834956170115260e-02	3.556344212599250113e+03	5.581792258349337743e+01	5.976444170163541098e-02	-3.727339925707367357e-02	7.043503946251039594e-02	-5.710631142765943480e+01	5.976444170163537628e-02	-3.727339925707369439e-02	7.043503946251038206e-02	-5.710631142765943480e+01
1.739980449657869873e+12	1.654267514034168052e+00	2.365179872535543709e-02	1.725034178325631373e+01	2.736041600405841656e+00	7.825280455966049376e-02	2.860073638794568066e-02	4.745971852846055299e+03	5.778783838800708850e+01	5.321536738535174310e-02	-5.291906864062206201e-02	7.504867188530937872e-02	-5.733127420474211533e+01	5.321536738535177780e-02	-5.291906864062203425e-02	7.504867188530939259e-02	-5.733127420474211533e+01
1.749755620723363525e+12	1.653530011212305917e+00	2.485019296982482126e-02	1.822620807083468719e+01	2.733543965889130956e+00	8.218107972004480566e-02	3.006393193069204287e-02	5.094328855323076823e+03	5.827138076145288181e+01	2.976987960672897518e-02	-5.783167707417338071e-02	6.504420500713808950e-02	-5.764407223686157522e+01	2.976987960672936723e-02	-5.783167707417315867e-02	6.504420500713807562e-02	-5.764407223686156811e+01
1.759530791788857178e+12	1.654609674169504441e+00	2.557461622235982640e-02	1.886232214590883061e+01	2.737079112860392627e+00	8.463201482937783571e-02	3.092055850038360684e-02	4.923558021039407322e+03	5.803861639846616782e+01	-1.978050267609340364e-03	-5.924298294239981749e-02	5.927599607576970048e-02	-5.815284046124732242e+01	-1.978050267609985681e-03	-5.924298294239979668e-02	5.927599607576970742e-02	-5.815284046124733663e+01
1.769305962854350830e+12	1.655321099890505243e+00	2.509921494799553440e-02	1.861453707010940306e+01	2.739457973151706138e+00	8.309452018820835673e-02	3.033246759124737929e-02	4.151907080171725283e+03	5.687492265461002461e+01	-2.967668851827345161e-02	-5.380623683570239651e-02	6.144767663492510523e-02	-5.862349452750163437e+01	-2.967668851827358345e-02	-5.380623683570234100e-02	6.144767663492511217e-02	-5.862349452750163437e+01
1.779081133919844482e+12	1.654201020814603851e+00	2.416458406683364563e-02	1.802039223219772524e+01	2.735797090140954513e+00	7.994615926183305799e-02	2.922225465840891379e-02	4.838348902822798664e+03	5.791943752418483626e+01	-4.689122789781766804e-02	-4.789270442929945137e-02	6.702610231333247515e-02	-5.889429675871900827e+01	-4.689122789781829254e-02	-4.789270442929885463e-02	6.702610231333248902e-02	-5.889429675871902248e+01
1.788856304985338135e+12	1.653092036053442682e+00	2.464967509167707849e-02	1.848314269120636766e+01	2.732105673181191019e+00	8.149636317071258518e-02	2.982914020152829457e-02	4.605052347160115460e+03	5.758206858098971281e+01	-5.421665928502823056e-02	-3.143096550879117407e-02	6.266858652342223446e-02	-5.916487948955650467e+01	-5.421665928502816811e-02	-3.143096550879136836e-02	6.266858652342226221e-02	-5.916487948955649756e+01
1.798631476050831787e+12	1.652986270673957314e+00	2.627691224240030418e-02	1.981096729550586133e+01	2.731673134919602397e+00	8.687075034478426716e-02	3.180129761291554391e-02	2.637094623798539033e+03	5.377638030401551106e+01	-5.105354568754984224e-02	-7.451471430271250362e-03	5.159446630935227845e-02	-5.954532972552325276e+01	-5.105354568754980754e-02	-7.451471430271169698e-03	5.159446630935224376e-02	-5.954532972552325276e+01
1.808406647116325439e+12	1.653949736420722738e+00	2.574494176382198518e-02	1.951538707074550061e+01	2.734886928579755239e+00	8.516167928888045136e-02	3.113901287798595541e-02	4.246141796645908471e+03	5.702813282624970981e+01	-5.051315798372237043e-02	1.866672248250061603e-02	5.385188629683447525e-02	-6.004423723679690994e+01	-5.051315798372219695e-02	1.866672248250106705e-02	5.385188629683446832e-02	-6.004423723679691705e+01
1.818181818181819092e+12	1.654462090964239351e+00	2.461372981791496231e-02	1.875875022201482523e+01	2.736638974742213737e+00	8.144496580195287327e-02	2.976094638483501101e-02	4.352109600140225666e+03	5.719640899801632372e+01	-4.177019735280767393e-02	4.331723600777404037e-02	6.017584500649490048e-02	-6.049383833102512398e+01	-4.177019735280736168e-02	4.331723600777433181e-02	6.017584500649488660e-02	-6.049383833102513108e+01
1.827956989247312744e+12	1.653385573269509301e+00	2.437029120860137107e-02	1.867307547789292244e+01	2.733089942802152006e+00	8.058697580135652794e-02	2.948566548773481205e-02	4.350359479919724436e+03	5.719366324012914049e+01	-2.894619261946013156e-02	5.364278126028340643e-02	6.095432756172035338e-02	-6.076622531690195927e+01	-2.894619261946056524e-02	5.364278126028319826e-02	6.095432756172036726e-02	-6.076622531690195217e+01
1.837732160312806396e+12	1.652610967102470463e+00	2.538931650955719016e-02	1.955790743314660318e+01	2.730478391194540055e+00	8.391732582186005318e-02	3.073356159582994740e-02	4.170963175809043605e+03	5.690618333299595122e+01	-1.012012743236581289e-02	5.256620301305957310e-02	5.353151107952695831e-02	-6.107086222434932665e+01	-1.012012743236434704e-02	5.256620301305988535e-02	5.353151107952697912e-02	-6.107086222434935507e+01
1.847507331378300049e+12	1.653531455170217601e+00	2.625300101256133889e-02	2.033079151588597000e+01	2.733477053175171534e+00	8.682032593377149443e-02	3.176186382575340444e-02	4.039670658830753382e+03	5.668784140042226483e+01	1.437688175961945349e-02	4.558641269415398406e-02	4.779974635342537637e-02	-6.156656001630182118e+01	1.437688175961937542e-02	4.558641269415403957e-02	4.779974635342540412e-02	-6.156656001630182118e+01
1.857282502443793701e+12	1.654100344127537925e+00	2.530112572072583388e-02	1.969731240351088175e+01	2.735407801480103540e+00	8.370120152293340776e-02	3.059916750900669100e-02	3.737844568295370664e+03	5.615772540284367409e+01	3.625056198292969656e-02	3.791221153320494669e-02	5.245416120210774635e-02	-6.202405321677060357e+01	3.625056198292952309e-02	3.791221153320505771e-02	5.245416120210771166e-02	-6.202405321677059646e+01
1.867057673509287354e+12	1.652392670362893723e+00	2.398378437447992034e-02	1.877001439289132279e+01	2.729826315156093308e+00	7.926125901590944101e-02	2.903527545904590820e-02	2.550345532161935353e+03	5.354803653467178748e+01	4.922794483003659766e-02	3.445028765113495456e-02	6.008504698704219410e-02	-6.222125355043948502e+01	4.922794483003630622e-02	3.445028765113536395e-02	6.008504698704218716e-02	-6.222125355043947792e+01
1.876832844574780762e+12	1.652690539963398653e+00	2.379370234955237307e-02	1.871874726028739744e+01	2.730819880613011286e+00	7.864725356762020114e-02	2.879986853983410727e-02	2.267262575544364609e+03	5.274484396982037282e+01	5.949647048972079438e-02	1.113960741441572845e-02	6.053033003446721405e-02	-6.264676461297389665e+01	5.949647048972091234e-02	1.113960741441521150e-02	6.053033003446722793e-02	-6.264676461297390375e+01
1.886608015640274414e+12	1.651733920837893832e+00	2.579705428463629005e-02	2.040050667853402189e+01	2.727559457236757634e+00	8.521973923926057237e-02	3.124395290931446245e-02	3.346519376742926852e+03	5.540277907414214553e+01	4.711805120213258258e-02	-4.521219050401277702e-03	4.733447127399331711e-02	-6.292751532620921751e+01	4.711805120213254094e-02	-4.521219050401825007e-03	4.733447127399333099e-02	-6.292751532620923172e+01
1.896383186705768066e+12	1.653126161744728151e+00	2.649912351741974190e-02	2.106428716589048378e+01	2.732123903097665618e+00	8.761278869990311857e-02	3.206764839638797521e-02	3.490073379821796607e+03	5.568951114934866098e+01	3.420290195325841748e-02	-2.595009791411347078e-02	4.293304186493527436e-02	-6.348090557814140311e+01	3.420290195325911831e-02	-2.595009791411254790e-02	4.293304186493527436e-02	-6.348090557814137469e+01
1.906158357771261719e+12	1.653736437490864519e+00	2.517311445841724504e-02	2.011338141117355605e+01	2.734210518993439365e+00	8.325939325002541802e-02	3.045098125095216726e-02	3.512380226476588632e+03	5.573300483897233448e+01	2.183131294454428856e-02	-4.424789172215219668e-02	4.934047169148195189e-02	-6.394430656386838052e+01	2.183131294454452795e-02	-4.424789172215207872e-02	4.934047169148195189e-02	-6.394430656386837342e+01
1.915933528836755371e+12	1.652228741831510916e+00	2.436014970312394556e-02	1.956363500273872091e+01	2.729266398440578723e+00	8.049707898963946728e-02	2.949403511347704898e-02	3.091384089139295156e+03	5.486141376175719842e+01	1.288564779266308628e-02	-5.192946978036058064e-02	5.350429656304198089e-02	-6.415942446179138869e+01	1.288564779266255199e-02	-5.192946978036072636e-02	5.350429656304199477e-02	-6.415942446179138869e+01
1.925708699902249023e+12	1.650873983696591996e+00	2.369679442408760203e-02	1.912799081152975234e+01	2.724823371980278353e+00	7.824084282346537023e-02	2.871409707800746947e-02	1.472684536781747738e+03	4.979924381176537906e+01	6.574566170681759095e-04	-5.703734227381086069e-02	5.704113132523914304e-02	-6.439112313395105502e+01	6.574566170682276259e-04	-5.703734227381087457e-02	5.704113132523915691e-02	-6.439112313395105502e+01
1.935483870967742676e+12	1.651240911005772416e+00	2.617651236460857844e-02	2.123686959925996121e+01	2.725911336379598815e+00	8.644745624778027437e-02	3.171323112900469032e-02	3.430463746251813518e+03	5.557190657070520245e+01	-1.715737269705732912e-02	-3.819222343974425227e-02	4.186909802153705729e-02	-6.482486891135904727e+01	-1.715737269705711748e-02	-3.819222343974432166e-02	4.186909802153703647e-02	-6.482486891135903306e+01
1.945259042033236328e+12	1.652890854711205337e+00	2.651489118823650848e-02	2.162003800232012907e+01	2.731345138133214778e+00	8.765244231739770242e-02	3.209130955061405277e-02	3.662218781104553273e+03	5.601818935086301821e+01	-3.351911393897977903e-02	-2.105114902259002524e-02	3.958133239831122113e-02	-6.541266750715969636e+01	-3.351911393897989699e-02	-2.105114902258984483e-02	3.958133239831122807e-02	-6.541266750715969636e+01
1.955034213098729980e+12	1.652888570297717630e+00	2.515481563642048279e-02	2.061411344269959400e+01	2.731407861071130760e+00	8.315621450677145032e-02	3.044445162948365355e-02	3.699799259657315361e+03	5.608788505999818597e+01	-4.521397933028391269e-02	-7.703738137491948287e-03	4.586558086594334782e-02	-6.580468238892677846e+01	-4.521397933028393351e-02	-7.703738137491852878e-03	4.586558086594334782e-02	-6.580468238892677846e+01
1.964809384164223633e+12	1.651626861632993881e+00	2.467358255508836709e-02	2.032084660709865176e+01	2.727262504391549935e+00	8.150310344140637708e-02	2.988458328091510643e-02	3.633365698947818146e+03	5.596419215262135793e+01	-4.775718896238796696e-02	3.391898782789901003e-03	4.787749027405177604e-02	-6.604435049821994141e+01	-4.775718896238797390e-02	3.391898782789630386e-03	4.787749027405176216e-02	-6.604435049821994141e+01
1.974584555229717285e+12	1.650729159772703181e+00	2.578342111452931393e-02	2.134054167729730977e+01	2.724241974119525622e+00	8.512289014490549699e-02	3.124644982111664249e-02	3.618966614584311628e+03	5.593708433274611735e+01	-3.870412534429092805e-02	1.425284284249024071e-02	4.124503421939796494e-02	-6.632628660275487675e+01	-3.870412534429110152e-02	1.425284284248978448e-02	4.124503421939796494e-02	-6.632628660275486254e+01
1.984359726295210938e+12	1.651580095493618616e+00	2.686143114691713976e-02	2.234285736189271887e+01	2.726995275347449788e+00	8.872761003744134012e-02	3.253676705623791132e-02	3.540295985674082658e+03	5.578704723626917428e+01	-2.358130314391717469e-02	2.668607544004351906e-02	3.561213950827740032e-02	-6.682053067709284733e+01	-2.358130314391716081e-02	2.668607544004353641e-02	3.561213950827740032e-02	-6.682053067709284733e+01
1.994134897360704590e+12	1.652623518013453863e+00	2.591950630025314714e-02	2.166558499153370576e+01	2.730492671484316070e+00	8.567037137419247772e-02	3.137542622578123885e-02	3.502392351401932046e+03	5.571356482199510651e+01	-7.991700176284321361e-03	3.849258595962423701e-02	3.931343848567157850e-02	-6.733953367151525526e+01	-7.991700176283842577e-03	3.849258595962432028e-02	3.931343848567157157e-02	-6.733953367151525526e+01
2.003910068426198242e+12	1.651792870101372657e+00	2.471890826208002906e-02	2.076331411530391691e+01	2.727808661292061121e+00	8.166103284798741091e-02	2.993649591584903596e-02	3.509462333558105001e+03	5.572733128582432727e+01	3.800829041749538215e-03	4.471507011972611356e-02	4.487631666276355874e-02	-6.762903929427830008e+01	3.800829041749519566e-03	4.471507011972612744e-02	4.487631666276357262e-02	-6.762903929427830008e+01
