freq_roi_Hz	n_opt	k_opt	alpha_cm	eps_r	eps_i	loss_tan	DR	alpha_max	H_meas_real	H_meas_imag	H_meas_mag	H_meas_phase	H_model_real	H_model_imag	H_model_mag	H_model_phase
3.030303030303031616e+11	1.671072315958561205e+00	7.961259839915794945e-03	1.011246472966749632e+00	2.792419303504870776e+00	2.660768183727194383e-02	9.528541005240738146e-03	2.182357965216076991e+04	6.751188498598696697e+01	8.452415406928718289e-01	-3.987172502388428713e-02	8.461814324181546887e-01	-4.713704708762603279e-02	8.452415406928719399e-01	-3.987172502388533490e-02	8.461814324181547997e-01	-4.713704708762726098e-02
3.128054740957968140e+11	1.671058936188687838e+00	7.868291874540671998e-03	1.031677519860422443e+00	2.792376058199045996e+00	2.629675889898406421e-02	9.417341486570494913e-03	2.654331718541846567e+04	6.883490413368058114e+01	6.929555220949407124e-01	-3.732897065536497361e-01	7.871039071309338109e-01	-4.941201358168652580e-01	6.929555220949399352e-01	-3.732897065536510683e-01	7.871039071309339219e-01	-4.941201358168672564e-01
3.225806451612904663e+11	1.671355827506841640e+00	7.824632539762630193e-03	1.058014010133074834e+00	2.793369077266697253e+00	2.615549038686386038e-02	9.363420895478990341e-03	2.402484636769204371e+04	6.816125850007102827e+01	5.256117720424038353e-01	-5.749588674837255997e-01	7.790028460844826697e-01	-8.302058876805717968e-01	5.256117720424037243e-01	-5.749588674837252666e-01	7.790028460844823366e-01	-8.302058876805715748e-01
3.323558162267841187e+11	1.670940998304201841e+00	8.127622414929303735e-03	1.132285546966773859e+00	2.791977761567722816e+00	2.716155502368315655e-02	9.728428140642380456e-03	2.606018176317686084e+04	6.871077356117342561e+01	2.571388012321906280e-01	-7.880482362679920305e-01	8.289393136920345517e-01	-1.255390606646444862e+00	2.571388012321892957e-01	-7.880482362679930297e-01	8.289393136920348848e-01	-1.255390606646446860e+00
3.421309872922777710e+11	1.670218929162148980e+00	8.431595732270365934e-03	1.209181090890667498e+00	2.789560179524963157e+00	2.816522159016151064e-02	1.009665315589563378e-02	2.894845927567723265e+04	6.942103768220452764e+01	-9.888769524721732762e-02	-7.687490349162604542e-01	7.750831277714593792e-01	-1.698728351436288087e+00	-9.888769524721592596e-02	-7.687490349162605652e-01	7.750831277714592682e-01	-1.698728351436286310e+00
3.519061583577714233e+11	1.670512901538506290e+00	8.727663998410659790e-03	1.287401605466456100e+00	2.790537182087729828e+00	2.915935061927630439e-02	1.044936824581597055e-02	2.645360294822053402e+04	6.881202584946944967e+01	-3.403887084393760198e-01	-6.675393896647530134e-01	7.493152271154093214e-01	-2.042344866043252161e+00	-3.403887084393771856e-01	-6.675393896647526804e-01	7.493152271154095434e-01	-2.042344866043253937e+00
3.616813294232650757e+11	1.670696695214379135e+00	8.725201384503144739e-03	1.322789415108041711e+00	2.791151318261047898e+00	2.915433023633865958e-02	1.044527039634042011e-02	2.825553363659235401e+04	6.925732066313304358e+01	-6.233880944269712954e-01	-5.038083889570931229e-01	8.015208101208801672e-01	-2.461885130467917904e+00	-6.233880944269727387e-01	-5.038083889570909024e-01	8.015208101208799452e-01	-2.461885130467921456e+00
3.714565004887587280e+11	1.669804650550996694e+00	8.882871842033958701e-03	1.383090251747688182e+00	2.788168665589574324e+00	2.966532142415360604e-02	1.063971552018023320e-02	3.085860545878632547e+04	6.985282924360591039e+01	-7.421257501149092217e-01	-1.768961305465398814e-01	7.629173415160748206e-01	-2.907595057763996849e+00	-7.421257501149091107e-01	-1.768961305465384104e-01	7.629173415160743765e-01	-2.907595057763998625e+00
3.812316715542523804e+11	1.670162737454602642e+00	9.246657592834273132e-03	1.477620508582021985e+00	2.789358068905212651e+00	3.088684591510695160e-02	1.107310182203665415e-02	2.890236198588863044e+04	6.941026861084814925e+01	-7.212458886480822562e-01	8.761482614834453786e-02	7.265479954227156423e-01	-3.262477411085109580e+00	-7.212458886480824782e-01	8.761482614834513460e-02	7.265479954227159753e-01	-3.262477411085111356e+00
3.910068426197460327e+11	1.670353750514580238e+00	9.561604182737659663e-03	1.567127314038171182e+00	2.789990227583577287e+00	3.194252281514349534e-02	1.144897301049296358e-02	3.224838527143669489e+04	7.015051019946400856e+01	-6.638291968018317224e-01	3.849393899470280322e-01	7.673640182203979032e-01	-3.667084524308135585e+00	-6.638291968018312783e-01	3.849393899470285318e-01	7.673640182203976812e-01	-3.667084524308137361e+00
4.007820136852396851e+11	1.670020941473902232e+00	9.424905752911967929e-03	1.583340789811881200e+00	2.788881116112927661e+00	3.147957995756168331e-02	1.128753024848801363e-02	3.152651549546891692e+04	6.999752834741290997e+01	-4.115247656199281234e-01	6.227825807985772899e-01	7.464655220870374253e-01	-4.128470056251086540e+00	-4.115247656199284010e-01	6.227825807985767348e-01	7.464655220870369812e-01	-4.128470056251086540e+00
4.105571847507333374e+11	1.670025506823632711e+00	9.533852600525576093e-03	1.640707830965729475e+00	2.788894299096122964e+00	3.184355404234906484e-02	1.141798527562321725e-02	3.293651091805504984e+04	7.029318563218893701e+01	-1.588327898947237415e-01	6.904604065615972397e-01	7.084937742668933058e-01	-4.486283595577279293e+00	-1.588327898947243244e-01	6.904604065615970176e-01	7.084937742668933058e-01	-4.486283595577279293e+00
4.203323558162269897e+11	1.669797067119180856e+00	9.762368444727269334e-03	1.720034577156623667e+00	2.788126941522167446e+00	3.260234839428486492e-02	1.169327978176120525e-02	3.379849690005446610e+04	7.046776098976033609e+01	1.143239737973018311e-01	7.355753221089640359e-01	7.444064920999226009e-01	-4.866576538552731535e+00	1.143239737973045789e-01	7.355753221089634808e-01	7.444064920999226009e-01	-4.866576538552735975e+00
4.301075268817206421e+11	1.669428332592233222e+00	1.021166781075800827e-02	1.841038550279691322e+00	2.786886679502206920e+00	3.409529513259904748e-02	1.223418784243108896e-02	3.343185354673107213e+04	7.039405631305037048e+01	4.170838782166840231e-01	5.921886295686529245e-01	7.243247437846292991e-01	-5.326001149713902372e+00	4.170838782166864656e-01	5.921886295686514812e-01	7.243247437846295211e-01	-5.326001149713906813e+00
4.398826979472142944e+11	1.669725837730650086e+00	1.041362426059147701e-02	1.920118114401986986e+00	2.787875929615080128e+00	3.477579498465665359e-02	1.247393925075357228e-02	3.496241297471601865e+04	7.069654930164230677e+01	5.703762327899385420e-01	3.721686081280776714e-01	6.810569137800693840e-01	-5.705056940951182654e+00	5.703762327899392082e-01	3.721686081280762837e-01	6.810569137800691619e-01	-5.705056940951186206e+00
4.496578690127079468e+11	1.669833756212451004e+00	1.048518431766511452e-02	1.976275234399837766e+00	2.788234834296407616e+00	3.501702942749324726e-02	1.255885228775199640e-02	3.441759822741814423e+04	7.059041990018813806e+01	6.970163819917056802e-01	1.406043232549733790e-01	7.110565466141188784e-01	-6.084133446037912840e+00	6.970163819917061243e-01	1.406043232549708255e-01	7.110565466141186564e-01	-6.084133446037917281e+00
4.594330400782015991e+11	1.669376379718210845e+00	1.055433325980746108e-02	2.032554448996221730e+00	2.786706103210520702e+00	3.523830929519376765e-02	1.264514734962408210e-02	3.647196242407992395e+04	7.098218800300801945e+01	6.854612434816551580e-01	-1.775953475239474277e-01	7.080940783381602932e-01	-6.536699695874238714e+00	6.854612434816551580e-01	-1.775953475239480939e-01	7.080940783381604042e-01	-6.536699695874240490e+00
4.692082111436951904e+11	1.669122005125033725e+00	1.070693988297579877e-02	2.105814583373208926e+00	2.785853629430955269e+00	3.574237793245151756e-02	1.282995544161174596e-02	3.635601303232257487e+04	7.096067094437101730e+01	5.366086389039079751e-01	-3.916279669683334630e-01	6.643201757120242856e-01	-6.913645933967709212e+00	5.366086389039093074e-01	-3.916279669683319087e-01	6.643201757120245077e-01	-6.913645933967707435e+00
4.789833822091888428e+11	1.669181656637465538e+00	1.120608512357593699e-02	2.249901599939116537e+00	2.786041826511197250e+00	3.740998346198187718e-02	1.342764602670315499e-02	3.842932454107052035e+04	7.133544688353316587e+01	3.658905613904526732e-01	-5.695086594410369019e-01	6.769165503169113363e-01	-7.282920209333639150e+00	3.658905613904516185e-01	-5.695086594410371239e-01	6.769165503169110032e-01	-7.282920209333641814e+00
4.887585532746824951e+11	1.669150023942139738e+00	1.135062095151368432e-02	2.325429366304049061e+00	2.785932965830060670e+00	3.789177846595443572e-02	1.360110919060275765e-02	3.832657762187904154e+04	7.131735559141071690e+01	7.726727520145332262e-02	-6.761239002148927701e-01	6.805246213465427907e-01	-7.740195507047003431e+00	7.726727520145210137e-02	-6.761239002148928812e-01	6.805246213465427907e-01	-7.740195507047005208e+00
4.985337243401761475e+11	1.669134418152619315e+00	1.104660355568766981e-02	2.308407473420820644e+00	2.785887678411566259e+00	3.687653239697078617e-02	1.323690566663360095e-02	4.107954074368275178e+04	7.178609645856126065e+01	-1.806667892736950054e-01	-6.213832149937061899e-01	6.471148187318693790e-01	-8.136930170581385013e+00	-1.806667892736979752e-01	-6.213832149937053018e-01	6.471148187318694900e-01	-8.136930170581390342e+00
5.083088954056697998e+11	1.668863939800266927e+00	1.140018944335597154e-02	2.429007967344113617e+00	2.784976885246324585e+00	3.805073013781691549e-02	1.366285312434520165e-02	4.089528255224481109e+04	7.175571844685404699e+01	-3.892581667562990955e-01	-5.260098550370069237e-01	6.543762587246940710e-01	-8.491065321008701261e+00	-3.892581667563002057e-01	-5.260098550370059245e-01	6.543762587246939599e-01	-8.491065321008703037e+00
5.180840664711634521e+11	1.668446457466493671e+00	1.183003745941701469e-02	2.569067509868069088e+00	2.783573631646201196e+00	3.947556818172047455e-02	1.418161450192164871e-02	4.298802581483040558e+04	7.209296135738988198e+01	-5.782608397370466724e-01	-3.143114486333289936e-01	6.581620511054828704e-01	-8.926903226533600133e+00	-5.782608397370465614e-01	-3.143114486333286051e-01	6.581620511054825373e-01	-8.926903226533601909e+00
5.278592375366571045e+11	1.668794295306861519e+00	1.206193335468716023e-02	2.668850284912685389e+00	2.784728909812471898e+00	4.025777114534697526e-02	1.445662125440353753e-02	4.299299274991788843e+04	7.209374208259049510e+01	-6.153887531944922662e-01	-4.783561494348726600e-02	6.172451406169945365e-01	-9.347201605205023967e+00	-6.153887531944921552e-01	-4.783561494348646109e-02	6.172451406169943144e-01	-9.347201605205025743e+00
5.376344086021507568e+11	1.668810760016594452e+00	1.214246679591694973e-02	2.736422428864100365e+00	2.784781913247273533e+00	4.052695848434085396e-02	1.455300980358754590e-02	4.531790684706268803e+04	7.244962346183686464e+01	-5.966217370319568669e-01	1.744426351825008326e-01	6.216009411740337498e-01	-9.709233014015838492e+00	-5.966217370319569779e-01	1.744426351825018873e-01	6.216009411740341939e-01	-9.709233014015840268e+00
5.474095796676444092e+11	1.668418846993575011e+00	1.192754142347450010e-02	2.736859405131271128e+00	2.783479182758961556e+00	3.980026981844286132e-02	1.429874886974838617e-02	4.249403792285708187e+04	7.201486002570325695e+01	-4.869750288635191771e-01	4.191820853553136494e-01	6.425405041080716195e-01	-1.013550156217947062e+01	-4.869750288635174562e-01	4.191820853553163140e-01	6.425405041080720636e-01	-1.013550156217947595e+01
5.571847507331380615e+11	1.667949411254644909e+00	1.174168489165472451e-02	2.742324250794702767e+00	2.781917371340621781e+00	3.916907280434611671e-02	1.407988361116215177e-02	3.116460402695741141e+04	6.991950700047556211e+01	-2.703938849904640729e-01	5.513419969842529023e-01	6.140772351087608882e-01	-1.053961307371553424e+01	-2.703938849904637953e-01	5.513419969842526802e-01	6.140772351087604441e-01	-1.053961307371553424e+01
5.669599217986317139e+11	1.668098865360719607e+00	1.250814256196299684e-02	2.972585420716368887e+00	2.782397370987369722e+00	4.172963683076119645e-02	1.499772723547136352e-02	4.237050198747851391e+04	7.199518661526883534e+01	-5.402489623210871700e-02	5.943265903361930613e-01	5.967769980432683363e-01	-1.090492240018813774e+01	-5.402489623210662839e-02	5.943265903361932834e-01	5.967769980432684473e-01	-1.090492240018814130e+01
5.767350928641253662e+11	1.668262450752663328e+00	1.298325345089829108e-02	3.138694701298786249e+00	2.782931039721112221e+00	4.331894844147711476e-02	1.556594389985972021e-02	4.384509087850389187e+04	7.222636104289952641e+01	2.035570849162923190e-01	5.686702064043775984e-01	6.040043795136059712e-01	-1.133931635192164045e+01	2.035570849162911533e-01	5.686702064043782645e-01	6.040043795136061933e-01	-1.133931635192163689e+01
5.865102639296190186e+11	1.668395567328782469e+00	1.275180225294614104e-02	3.134991351642161028e+00	2.783381160621631434e+00	4.255010070853704890e-02	1.528719864548987867e-02	4.381174866048937110e+04	7.222122035783294791e+01	4.077723216386612282e-01	4.160952318414015139e-01	5.825920598976040976e-01	-1.177087055163030982e+01	4.077723216386598959e-01	4.160952318414029572e-01	5.825920598976042086e-01	-1.177087055163030627e+01
5.962854349951126709e+11	1.668208313343545246e+00	1.269054349287138117e-02	3.171929925179167054e+00	2.782757926814371174e+00	4.234094031131174080e-02	1.521545942006624630e-02	4.366446299392291257e+04	7.219846502316933368e+01	5.228682583691177665e-01	2.449304001927940788e-01	5.773925151476738682e-01	-1.212829138744683632e+01	5.228682583691173225e-01	2.449304001927958552e-01	5.773925151476742013e-01	-1.212829138744683277e+01
6.060606060606063232e+11	1.667718344398230634e+00	1.293780629240857787e-02	3.286743868232687937e+00	2.781117089410715781e+00	4.315323378024128742e-02	1.551651095329644077e-02	4.437382703082461376e+04	7.230736286326437323e+01	5.894577541279012456e-01	2.241320241487120349e-02	5.898837135775145679e-01	-1.252836549848391812e+01	5.894577541279013566e-01	2.241320241486716158e-02	5.898837135775145679e-01	-1.252836549848392522e+01
6.158357771260999756e+11	1.667462712263885871e+00	1.335398226647131759e-02	3.447187228062840170e+00	2.780253567948061111e+00	4.453453497914819370e-02	1.601815585907744033e-02	4.465095056028261024e+04	7.234943322108389907e+01	5.192793679337024404e-01	-2.103628256523404627e-01	5.602709883423043769e-01	-1.295127035208263067e+01	5.192793679337024404e-01	-2.103628256523400186e-01	5.602709883423041548e-01	-1.295127035208262889e+01
6.256109481915936279e+11	1.667703879937181943e+00	1.363459812568335039e-02	3.575492267670796309e+00	2.781050328891481627e+00	4.547694439117270365e-02	1.635243487639422705e-02	4.532687498494424653e+04	7.245096058609843226e+01	3.920948825582788455e-01	-3.754500320716001038e-01	5.428638167265856795e-01	-1.333008634369369716e+01	3.920948825582762920e-01	-3.754500320716026018e-01	5.428638167265855685e-01	-1.333008634369370426e+01
6.353861192570872803e+11	1.667795957975035215e+00	1.362786418584894382e-02	3.629565856096644172e+00	2.781357638755597605e+00	4.545699360998322475e-02	1.634345507265331718e-02	4.529028931444566115e+04	7.244550410225613746e+01	2.148869791838551035e-01	-5.155702178622012521e-01	5.585598118100157938e-01	-1.374226665872213182e+01	2.148869791838550758e-01	-5.155702178622011411e-01	5.585598118100155718e-01	-1.374226665872213182e+01
6.451612903225809326e+11	1.667523003328702957e+00	1.352027290136614997e-02	3.656309245904061811e+00	2.780450168851049675e+00	4.509073214861952089e-02	1.621706177429970558e-02	4.430933713092382823e+04	7.229753491417376665e+01	-1.627508114537259271e-02	-5.455302106784016836e-01	5.457729280837496644e-01	-1.416699160516301248e+01	-1.627508114537188494e-02	-5.455302106784020166e-01	5.457729280837499974e-01	-1.416699160516301248e+01
6.549364613880745850e+11	1.667298077555168012e+00	1.365117592478052450e-02	3.747644555394800570e+00	2.779696524815029601e+00	4.552115875150792440e-02	1.637630523516845141e-02	4.498803982099837594e+04	7.240025645619917327e+01	-2.038242575093299203e-01	-4.874607252925713397e-01	5.283581045578740198e-01	-1.453320830059321622e+01	-2.038242575093284215e-01	-4.874607252925718393e-01	5.283581045578739088e-01	-1.453320830059321267e+01
6.647116324535682373e+11	1.667197033912406923e+00	1.407919414931704631e-02	3.922836774239965241e+00	2.779347726178433398e+00	4.694558145123658294e-02	1.689086292048319615e-02	4.377032163691830647e+04	7.221482770888731295e+01	-3.788152806744397028e-01	-3.741649420466076625e-01	5.324475755688965473e-01	-1.492874093675089675e+01	-3.788152806744371492e-01	-3.741649420466103826e-01	5.324475755688966583e-01	-1.492874093675088965e+01
6.744868035190618896e+11	1.667196693821849651e+00	1.424999799759264774e-02	4.028815891024914997e+00	2.779341753447575059e+00	4.751509909710888158e-02	1.709581019972437541e-02	4.288142370439845399e+04	7.207618337841699940e+01	-4.886251934245057771e-01	-1.746315034340305827e-01	5.188937672016936675e-01	-1.536471699140098224e+01	-4.886251934245054995e-01	-1.746315034340311934e-01	5.188937672016936675e-01	-1.536471699140098046e+01
6.842619745845555420e+11	1.667133818818326230e+00	1.422578548428857052e-02	4.080259859905980946e+00	2.779132796875130929e+00	4.743257616022463624e-02	1.706740182173303519e-02	4.241698509769890370e+04	7.200259589101183622e+01	-5.029208936011850817e-01	1.853761212123666846e-02	5.032624248677541878e-01	-1.574480648485728373e+01	-5.029208936011849707e-01	1.853761212123896870e-02	5.032624248677541878e-01	-1.574480648485728729e+01
6.940371456500491943e+11	1.666996702461394975e+00	1.435458787654338153e-02	4.176020331512650507e+00	2.778671951824059239e+00	4.785810131078026969e-02	1.722337222260577477e-02	4.071714660592244036e+04	7.172621938196920155e+01	-4.654881488311307103e-01	2.100510716695587476e-01	5.106864687964259852e-01	-1.613185539574324423e+01	-4.654881488311312654e-01	2.100510716695571933e-01	5.106864687964258742e-01	-1.613185539574324423e+01
7.038123167155428467e+11	1.666762662907482317e+00	1.461328797581249415e-02	4.311158267465524219e+00	2.777884226276977397e+00	4.871376556079824727e-02	1.753628358590243741e-02	3.963366144896241167e+04	7.154396778562716008e+01	-3.303494179865720248e-01	3.747650384665500156e-01	4.995793951124301580e-01	-1.655626897082381888e+01	-3.303494179865729685e-01	3.747650384665487944e-01	4.995793951124298249e-01	-1.655626897082381532e+01
7.135874877810364990e+11	1.666801511180942885e+00	1.471876482590866834e-02	4.402585042512314750e+00	2.778010635637074177e+00	4.906651890908295122e-02	1.766246618340633345e-02	3.927328327400294802e+04	7.148224314469406693e+01	-1.560593740812008801e-01	4.544743253258484161e-01	4.805220500861550614e-01	-1.694799055757811956e+01	-1.560593740811989372e-01	4.544743253258490823e-01	4.805220500861550059e-01	-1.694799055757812312e+01
7.233626588465301514e+11	1.666869330568489849e+00	1.487024972663754559e-02	4.508826346024680021e+00	2.778232240862912761e+00	4.957352641445318675e-02	1.784355018465114476e-02	3.907150916311454785e+04	7.144743598650150318e+01	2.914153939226842710e-02	4.831787013620077453e-01	4.840566978857201441e-01	-1.733899876006956475e+01	2.914153939226376763e-02	4.831787013620081339e-01	4.840566978857203106e-01	-1.733899876006955409e+01
7.331378299120238037e+11	1.666579556423429365e+00	1.489838535891432197e-02	4.578402755073081920e+00	2.777265456002211863e+00	4.965868892576948829e-02	1.788042580461560865e-02	3.929194823757084669e+04	7.148545391367751733e+01	2.217175196541247562e-01	4.273058543053369074e-01	4.814031072242793141e-01	-1.775739144593814700e+01	2.217175196541252280e-01	4.273058543053364078e-01	4.814031072242791476e-01	-1.775739144593814700e+01
7.429130009775174561e+11	1.666324552089489153e+00	1.502922426812700572e-02	4.680192159975277377e+00	2.776411635314135040e+00	5.008713079367842907e-02	1.804023947911865058e-02	3.865651635159394209e+04	7.137527883779210924e+01	3.514767656602992285e-01	3.001245589018165516e-01	4.621803410520993749e-01	-1.814280444722135499e+01	3.514767656602983403e-01	3.001245589018176063e-01	4.621803410520993749e-01	-1.814280444722135144e+01
7.526881720430111084e+11	1.666258825133091204e+00	1.522584334849235409e-02	4.803807653950040724e+00	2.776186646028236726e+00	5.074039169903872548e-02	1.827701021890249314e-02	3.082392620723120126e+04	6.984523088353189735e+01	4.370637738481557566e-01	1.476171089781289358e-01	4.613193614768977269e-01	-1.852383807260168780e+01	4.370637738481555901e-01	1.476171089781298518e-01	4.613193614768978934e-01	-1.852383807260168425e+01
7.624633431085047607e+11	1.666306206311793936e+00	1.555923548538868523e-02	4.972747226821537581e+00	2.776334283384313206e+00	5.185290130953972704e-02	1.867674999363972549e-02	3.927783322390820831e+04	7.148302597305657002e+01	4.521949625772874737e-01	-4.690296775288293335e-02	4.546209108304438140e-01	-1.895290922754421103e+01	4.521949625772873071e-01	-4.690296775288336356e-02	4.546209108304437585e-01	-1.895290922754421103e+01
7.722385141739984131e+11	1.666357135657338562e+00	1.555134911192471332e-02	5.033947589536560407e+00	2.776504259096928884e+00	5.182820312350832487e-02	1.866671119041095686e-02	4.023814961458117614e+04	7.164625347152254164e+01	3.840199303475671511e-01	-2.143441453096288640e-01	4.397894036157142250e-01	-1.935864158200951124e+01	3.840199303475673731e-01	-2.143441453096282534e-01	4.397894036157141140e-01	-1.935864158200951124e+01
7.820136852394920654e+11	1.666273577328770017e+00	1.554696306833411486e-02	5.096230718003474713e+00	2.776225926443368408e+00	5.181098753694271530e-02	1.866238156032132972e-02	3.967716258296749584e+04	7.155138055449084789e+01	2.778076359264763373e-01	-3.417105137094257894e-01	4.403897793530377469e-01	-1.973773989703641263e+01	2.778076359264782802e-01	-3.417105137094241241e-01	4.403897793530377469e-01	-1.973773989703640908e+01
7.917888563049857178e+11	1.665951913391738648e+00	1.571307146824271056e-02	5.215063874720015313e+00	2.775148877118629009e+00	5.235444295556015981e-02	1.886545380942536432e-02	3.978605030572358373e+04	7.156989988852785700e+01	1.197985757668307699e-01	-4.222533257831556641e-01	4.389186369826381107e-01	-2.014390421015394139e+01	1.197985757668358214e-01	-4.222533257831541653e-01	4.389186369826380552e-01	-2.014390421015393073e+01
8.015640273704793701e+11	1.665828720008612818e+00	1.592808654765962353e-02	5.351690466882688568e+00	2.774731620464463422e+00	5.306692805174847288e-02	1.912506696516673432e-02	3.868943279238571267e+04	7.138103042383619368e+01	-5.297670022895990122e-02	-4.176299058757187987e-01	4.209765659141976868e-01	-2.054652918161314901e+01	-5.297670022896174696e-02	-4.176299058757182991e-01	4.209765659141974647e-01	-2.054652918161315256e+01
8.113391984359730225e+11	1.665816546058641601e+00	1.614059800047544166e-02	5.489227631596165224e+00	2.774684246218929840e+00	5.377455042494603404e-02	1.938042157345462591e-02	3.908830658075419342e+04	7.145034048595420018e+01	-2.017482618395334826e-01	-3.618592720093313786e-01	4.143000046999713026e-01	-2.092896007864790420e+01	-2.017482618395329830e-01	-3.618592720093318227e-01	4.143000046999714692e-01	-2.092896007864790064e+01
8.211143695014666748e+11	1.665775172011487282e+00	1.629387011795570966e-02	5.608116974200897609e+00	2.774541433486479303e+00	5.428384859694101311e-02	1.956498033937381642e-02	3.701458219127566554e+04	7.108198281759531767e+01	-3.298597139471204365e-01	-2.498178775496601445e-01	4.137830383530637923e-01	-2.134296269054106432e+01	-3.298597139471203810e-01	-2.498178775496603388e-01	4.137830383530639033e-01	-2.134296269054106432e+01
8.308895405669603271e+11	1.665677129472869833e+00	1.626349229188797998e-02	5.664300186818676863e+00	2.774215798467451144e+00	5.417945431191223404e-02	1.952964666333540864e-02	3.768378483220870112e+04	7.120306227226093654e+01	-3.915530034555879668e-01	-9.600095534983683898e-02	4.031500191531348642e-01	-2.175071152627878490e+01	-3.915530034555881334e-01	-9.600095534983603407e-02	4.031500191531348642e-01	-2.175071152627878845e+01
8.406647116324539795e+11	1.665588846108616572e+00	1.643445350574802843e-02	5.791182425987450699e+00	2.773916113019400331e+00	5.474608490212913570e-02	1.973602757674534219e-02	3.518882156412788754e+04	7.074016786802378931e+01	-3.915746386954040981e-01	5.492444657351418236e-02	3.954078811820055939e-01	-2.213050498872396332e+01	-3.915746386954045422e-01	5.492444657351194803e-02	3.954078811820058159e-01	-2.213050498872395622e+01
8.504398826979476318e+11	1.665474049206795426e+00	1.654255719804997513e-02	5.897058348754465662e+00	2.773530152382628344e+00	5.510239944174262494e-02	1.986724369821844804e-02	3.602579467823004234e+04	7.089901327635166695e+01	-3.388423920910599296e-01	2.050176308993926222e-01	3.960383764960047071e-01	-2.253527528940404778e+01	-3.388423920910605402e-01	2.050176308993912899e-01	3.960383764960045405e-01	-2.253527528940404423e+01
8.602150537634412842e+11	1.665315911478741251e+00	1.662424071088270533e-02	5.994293701097638483e+00	2.773000719645057455e+00	5.536922514417125935e-02	1.996725956539185248e-02	3.444900072952755727e+04	7.059658255648430725e+01	-2.236265024143968272e-01	3.135654746933951298e-01	3.851390911109782711e-01	-2.294243244859252684e+01	-2.236265024143967717e-01	3.135654746933952963e-01	3.851390911109783821e-01	-2.294243244859252684e+01
8.699902248289349365e+11	1.665244001667498752e+00	1.675475538903337808e-02	6.110005845894452392e+00	2.772756863261438554e+00	5.580151182198806598e-02	2.012492063813769647e-02	3.562468472892652062e+04	7.082335417655471588e+01	-8.834237962049083792e-02	3.661944352508684775e-01	3.766998014941252970e-01	-2.332522356874467917e+01	-8.834237962049339143e-02	3.661944352508680334e-01	3.766998014941255191e-01	-2.332522356874467206e+01
8.797653958944285889e+11	1.665152027362866605e+00	1.704788631752455694e-02	6.286755602354611838e+00	2.772440643802769333e+00	5.677464492775537858e-02	2.047821837219982247e-02	3.488112908249028260e+04	7.068082067765816134e+01	6.093665353630760284e-02	3.681290576210662358e-01	3.731384177609942676e-01	-2.372598809261227615e+01	6.093665353630688813e-02	3.681290576210664023e-01	3.731384177609943786e-01	-2.372598809261227615e+01
8.895405669599222412e+11	1.665141562694591570e+00	1.721249391889603797e-02	6.417985322134037496e+00	2.772400153866078298e+00	5.732247804396340546e-02	2.067611991870217658e-02	3.486116754691162350e+04	7.067695246792683861e+01	1.988037335730110933e-01	3.033249229308562778e-01	3.626691789407788802e-01	-2.414211745423778410e+01	1.988037335730114263e-01	3.033249229308558337e-01	3.626691789407786581e-01	-2.414211745423778765e+01
8.993157380254158936e+11	1.665135354939680346e+00	1.721883808696335685e-02	6.490904164474262217e+00	2.772379261885030477e+00	5.734339213916923167e-02	2.068381946421702852e-02	3.441533990811021795e+04	7.058997649441961642e+01	2.935632556165408968e-01	2.012840731840287445e-01	3.559419379136658512e-01	-2.453170557770262050e+01	2.935632556165409524e-01	2.012840731840285224e-01	3.559419379136657957e-01	-2.453170557770262050e+01
9.090909090909095459e+11	1.665000712578806885e+00	1.723321886290885702e-02	6.566937448369340125e+00	2.771930389055557775e+00	5.738664337353956840e-02	2.070277219086015530e-02	3.375170011357196927e+04	7.045839827528078558e+01	3.497110805258277777e-01	7.339054483957636876e-02	3.573289967444453485e-01	-2.492588263894927891e+01	3.497110805258277222e-01	7.339054483957559161e-02	3.573289967444451820e-01	-2.492588263894927891e+01
9.188660801564031982e+11	1.664685368885799210e+00	1.732153693830856822e-02	6.671566284814043790e+00	2.770877341740544342e+00	5.766981821563438998e-02	2.081283691157859855e-02	3.235937152601639536e+04	7.017372672677446133e+01	3.437135920781049792e-01	-6.694215344861206840e-02	3.501717939634365062e-01	-2.532509467288800309e+01	3.437135920781049236e-01	-6.694215344861147166e-02	3.501717939634363952e-01	-2.532509467288799954e+01
9.286412512218968506e+11	1.664602405144081310e+00	1.754858119444327458e-02	6.830919102982289104e+00	2.770593214509522006e+00	5.842282092627294060e-02	2.108675521917624182e-02	3.285014986011246947e+04	7.027544403726069788e+01	2.830201161865412707e-01	-1.857306311787525754e-01	3.385206840420554864e-01	-2.571349432209926178e+01	2.830201161865407156e-01	-1.857306311787533248e-01	3.385206840420554308e-01	-2.571349432209926533e+01
9.384164222873903809e+11	1.664651507261202035e+00	1.783598863973514734e-02	7.015876692490448541e+00	2.770746518136235181e+00	5.938141074525758040e-02	2.143155657024914743e-02	3.079518201360939565e+04	6.983892643576001547e+01	1.853453782389982152e-01	-2.773551152120019569e-01	3.335847256227721380e-01	-2.611443256408042046e+01	1.853453782389960502e-01	-2.773551152120032892e-01	3.335847256227720825e-01	-2.611443256408042757e+01
9.481915933528840332e+11	1.664697108562245953e+00	1.791739614259020216e-02	7.121314359028432683e+00	2.770895430170971618e+00	5.965407510306849903e-02	2.152880778304494883e-02	3.076478794338104490e+04	6.983225371735622389e+01	5.562231512222585994e-02	-3.233055495897665388e-01	3.280553616923478355e-01	-2.653316288051644278e+01	5.562231512222112068e-02	-3.233055495897674270e-01	3.280553616923479465e-01	-2.653316288051645699e+01
9.579667644183776855e+11	1.664643881740581977e+00	1.784906498973302599e-02	7.167291598263840768e+00	2.770720663895345215e+00	5.942467365989820977e-02	2.144737087150217977e-02	2.900593299119307267e+04	6.943444047671708574e+01	-7.131215131809057195e-02	-3.143017549465524363e-01	3.222902668218464162e-01	-2.692665088156185504e+01	-7.131215131809107155e-02	-3.143017549465523253e-01	3.222902668218463607e-01	-2.692665088156185504e+01
9.677419354838713379e+11	1.664464217491103293e+00	1.794665137935669980e-02	7.280012894347168029e+00	2.770119049012538692e+00	5.974311808945315799e-02	2.156698576212806584e-02	2.805995963719346400e+04	6.921038561481904594e+01	-1.829809155574321222e-01	-2.627529974572277993e-01	3.201892458078410830e-01	-2.731184262723611411e+01	-1.829809155574321500e-01	-2.627529974572279103e-01	3.201892458078411385e-01	-2.731184262723611411e+01
9.775171065493649902e+11	1.664261292608266496e+00	1.812568657461742158e-02	7.426907131352564306e+00	2.769437109560336729e+00	6.033175713617018598e-02	2.178484462705426034e-02	2.665288457281614683e+04	6.886274056739954119e+01	-2.659785468234148742e-01	-1.668275572147140950e-01	3.139681850387459061e-01	-2.771413842462894195e+01	-2.659785468234151518e-01	-1.668275572147134289e-01	3.139681850387457951e-01	-2.771413842462894550e+01
9.872922776148586426e+11	1.664192717409955335e+00	1.824145596761744120e-02	7.549086476971777593e+00	2.769204649964512654e+00	6.071459635252662856e-02	2.192492214445208518e-02	2.379840394184544493e+04	6.809726523731364978e+01	-3.008331796542954573e-01	-4.995036062764274948e-02	3.049518658866430809e-01	-2.810979493350647118e+01	-3.008331796542950687e-01	-4.995036062764427603e-02	3.049518658866429699e-01	-2.810979493350646763e+01
9.970674486803522949e+11	1.664274538459639352e+00	1.851567592038009386e-02	7.738437331361728511e+00	2.769466909110256836e+00	6.163033599331767948e-02	2.225350149177900139e-02	2.579703913960472346e+04	6.864219348105022789e+01	-2.904412938743442529e-01	6.949844901911751693e-02	2.986405525099798952e-01	-2.850920335880720202e+01	-2.904412938743452521e-01	6.949844901911357564e-02	2.986405525099799507e-01	-2.850920335880718781e+01
1.006842619745845947e+12	1.664202817361500886e+00	1.864990449521744878e-02	7.870953818389262224e+00	2.769223198376276063e+00	6.207444720892759532e-02	2.241583388631321686e-02	2.706691674692342349e+04	6.896690527321911190e+01	-2.354180976538647607e-01	1.762714219515591485e-01	2.940974241638121267e-01	-2.891704028486984868e+01	-2.354180976538639281e-01	1.762714219515604530e-01	2.940974241638122377e-01	-2.891704028486985223e+01
1.016617790811339600e+12	1.664211726071822106e+00	1.871028985700877445e-02	7.973103141804162242e+00	2.769250594248419794e+00	6.227576755647335621e-02	2.248831062303161682e-02	2.660528633992850155e+04	6.885066195633656605e+01	-1.437451939586196492e-01	2.481468016386425279e-01	2.867743293073649058e-01	-2.932008922295144515e+01	-1.437451939586196215e-01	2.481468016386424724e-01	2.867743293073648503e-01	-2.932008922295144515e+01
1.026392961876833252e+12	1.664118147185481122e+00	1.885176987811959526e-02	8.110636843936932294e+00	2.768933818564501159e+00	6.274314472148688482e-02	2.265967655161033045e-02	2.679971781807158914e+04	6.889986577874164198e+01	-3.852087108601366661e-02	2.795848730429388862e-01	2.822260773629211017e-01	-2.970821342041077529e+01	-3.852087108601452009e-02	2.795848730429386642e-01	2.822260773629210462e-01	-2.970821342041077173e+01
1.036168132942326904e+12	1.664040807960710300e+00	1.891797386642821849e-02	8.216635353776645445e+00	2.768673920823322643e+00	6.296056103534163062e-02	2.274033087169001141e-02	2.664967481910395873e+04	6.886192673318073787e+01	7.404303679562487805e-02	2.694776229545853274e-01	2.794647751885233622e-01	-3.011327799041243125e+01	7.404303679562634910e-02	2.694776229545848278e-01	2.794647751885233067e-01	-3.011327799041243836e+01
1.045943304007820557e+12	1.663856949145364528e+00	1.904051103305197390e-02	8.347874385634550976e+00	2.768057406158920486e+00	6.336137319524502709e-02	2.289019478218411868e-02	2.662522067433692064e+04	6.885572315582921021e+01	1.667876961763215260e-01	2.144890139973384957e-01	2.717051208964516573e-01	-3.050606561760740121e+01	1.667876961763204713e-01	2.144890139973394672e-01	2.717051208964518239e-01	-3.050606561760739766e+01
1.055718475073314209e+12	1.663836227264601009e+00	1.931362444115456226e-02	8.546751267273741348e+00	2.767977975069047414e+00	6.426941604995198287e-02	2.321890442367005244e-02	2.638398960140467898e+04	6.879422002685578263e+01	2.297245580357779593e-01	1.306648160076963883e-01	2.642851995611155691e-01	-3.089877246763731122e+01	2.297245580357786532e-01	1.306648160076952225e-01	2.642851995611155691e-01	-3.089877246763731833e+01
1.065493646138807861e+12	1.663881876764552237e+00	1.962079237302699966e-02	8.763075781762314165e+00	2.768117924332182955e+00	6.529336167447954975e-02	2.358763732590322265e-02	2.591397251062124633e+04	6.867275454536351731e+01	2.561555901393965939e-01	2.743841939918530495e-02	2.576209487188262925e-01	-3.130921719486608978e+01	2.561555901393967605e-01	2.743841939918366044e-02	2.576209487188262370e-01	-3.130921719486609689e+01
1.075268817204301514e+12	1.663897897775273860e+00	1.981321461473291995e-02	8.930199401967380268e+00	2.768163650747606397e+00	6.593433229124887052e-02	2.381879852856307392e-02	2.497800445477876929e+04	6.842417065764173856e+01	2.384333242753901294e-01	-7.384638477565449999e-02	2.496071687060436861e-01	-3.171627220186395490e+01	2.384333242753899906e-01	-7.384638477565487469e-02	2.496071687060436584e-01	-3.171627220186395490e+01
1.085043988269795166e+12	1.663809240465842665e+00	1.978374543287508835e-02	8.997979953659072549e+00	2.767869792076171453e+00	6.583275692448296856e-02	2.378462928890235153e-02	2.354424538130274959e+04	6.802471001860035926e+01	1.906048349785791074e-01	-1.571800859013476881e-01	2.470542096811272903e-01	-3.210551144606842655e+01	1.906048349785802454e-01	-1.571800859013462448e-01	2.470542096811272625e-01	-3.210551144606841945e+01
1.094819159335288818e+12	1.663286824042401468e+00	1.984409929911656184e-02	9.106740085808116447e+00	2.766129270756065406e+00	6.601285779841925550e-02	2.386470455170592100e-02	1.580149912942453375e+04	6.533000031167505028e+01	1.198191281272807523e-01	-2.133940937777630276e-01	2.447318179649193848e-01	-3.247509926932291080e+01	1.198191281272806552e-01	-2.133940937777631386e-01	2.447318179649194680e-01	-3.247509926932291080e+01
1.104594330400782471e+12	1.663630259617199014e+00	1.971544943594947738e-02	9.128483872558854628e+00	2.767276941767527365e+00	6.559843652719678231e-02	2.370504937077149224e-02	1.317880714145472302e+04	6.410355981187250052e+01	1.960666643185742658e-02	-2.418842233162978583e-01	2.426775615047645496e-01	-3.290584163206630564e+01	1.960666643185898089e-02	-2.418842233162977751e-01	2.426775615047645773e-01	-3.290584163206629853e+01
1.114369501466276123e+12	1.663643364957244186e+00	2.012921601201108496e-02	9.402541071163719621e+00	2.767304060429004231e+00	6.697567332034672083e-02	2.420249884284986913e-02	1.528735099026645003e+04	6.510647047191463344e+01	-7.225095750430995944e-02	-2.210972632571812924e-01	2.326030968841664714e-01	-3.330256711151714910e+01	-7.225095750431123620e-02	-2.210972632571808760e-01	2.326030968841664714e-01	-3.330256711151715621e+01
1.124144672531769775e+12	1.663694056765503859e+00	2.057065927797945004e-02	9.693030483464328384e+00	2.767454762493728904e+00	6.844656716904516658e-02	2.473267787306794932e-02	2.199420859800052858e+04	6.756451297185412841e+01	-1.483013665658766966e-01	-1.681318869675988148e-01	2.241910496442530709e-01	-3.370953398614592800e+01	-1.483013665658755309e-01	-1.681318869675997585e-01	2.241910496442530432e-01	-3.370953398614592089e+01
1.133919843597263428e+12	1.663933006119598490e+00	2.087036538089357199e-02	9.919769230153644202e+00	2.768237476703071742e+00	6.945377961408928658e-02	2.508953086525209097e-02	2.299589905827138864e+04	6.786546729195080729e+01	-1.968927969000854317e-01	-8.889509128250201730e-02	2.160303467692968604e-01	-3.413342702785173799e+01	-1.968927969000849043e-01	-8.889509128250314141e-02	2.160303467692968604e-01	-3.413342702785173088e+01
1.143695014662757080e+12	1.663960685254632699e+00	2.111677221070233298e-02	1.012341228611165178e+01	2.768319244004468160e+00	7.027495751617247877e-02	2.538542390599335397e-02	2.261469908507074797e+04	6.775251123988883251e+01	-2.090434651437599045e-01	-5.107199813906467163e-03	2.091058435559597917e-01	-3.453309276681598305e+01	-2.090434651437598768e-01	-5.107199813906182669e-03	2.091058435559597639e-01	-3.453309276681598305e+01
1.153470185728250732e+12	1.663767315675379388e+00	2.146598161439264643e-02	1.037877955723182311e+01	2.767660892342987733e+00	7.142879721783020053e-02	2.580836308936732687e-02	1.789505761837024693e+04	6.617075948912183492e+01	-1.891008441042957289e-01	7.207529221679893905e-02	2.023708896780713473e-01	-3.492166842554404838e+01	-1.891008441042958121e-01	7.207529221679880027e-02	2.023708896780713473e-01	-3.492166842554404838e+01
1.163245356793744385e+12	1.663090121436666902e+00	2.157791314653908707e-02	1.052131272809635654e+01	2.765403145684468100e+00	7.177202839045508653e-02	2.595354984768078258e-02	8.049522811070405623e+03	6.077215995220929301e+01	-1.484729367459743377e-01	1.307725846402634229e-01	1.978526771096842107e-01	-3.527961569868917735e+01	-1.484729367459725891e-01	1.307725846402653103e-01	1.978526771096841552e-01	-3.527961569868919156e+01
1.173020527859238037e+12	1.664325016539714097e+00	2.213785998976819033e-02	1.088504953811589182e+01	2.769487675834992668e+00	7.368918838724963782e-02	2.660751626743836432e-02	1.740287658999054474e+04	6.598230086023848173e+01	-6.589469736858803717e-02	1.748707001011113871e-01	1.868739492148401293e-01	-3.576795058491640589e+01	-6.589469736858817595e-02	1.748707001011113593e-01	1.868739492148401293e-01	-3.576795058491640589e+01
1.182795698924731689e+12	1.664395208435389906e+00	2.412536474060493485e-02	1.196114583952732247e+01	2.769629376638817586e+00	8.030828295203791545e-02	2.899603955295234833e-02	2.106166419998672427e+04	6.727174919355090310e+01	7.501292275955974767e-03	1.597677961941761926e-01	1.599437966491765450e-01	-3.617523227762161042e+01	7.501292275956043289e-03	1.597677961941762481e-01	1.599437966491766006e-01	-3.617523227762161042e+01
1.192570869990225342e+12	1.663283333633789995e+00	2.553333184187020835e-02	1.276382519066302201e+01	2.765859496908986248e+00	8.493833060944736002e-02	3.070956088129965858e-02	2.118307891673474296e+04	6.731059213874659974e+01	5.131192813104508421e-02	1.323611759857039050e-01	1.419591310090478620e-01	-3.649814412838343003e+01	5.131192813104491074e-02	1.323611759857039605e-01	1.419591310090478620e-01	-3.649814412838343003e+01
1.202346041055718994e+12	1.661561183604290726e+00	2.618979598476813345e-02	1.319929557281445476e+01	2.760099661446767882e+00	8.703189682961248730e-02	3.153215735115622032e-02	2.030223589900456136e+04	6.702359226795088887e+01	7.963318315686022941e-02	1.063865992292687412e-01	1.328892484562355092e-01	-3.677087288408747412e+01	7.963318315686021553e-02	1.063865992292687135e-01	1.328892484562354814e-01	-3.677087288408747412e+01
1.212121212121212646e+12	1.659703189867558049e+00	2.566468372783769700e-02	1.303980597114011886e+01	2.753956002465697495e+00	8.519151490006847405e-02	3.093423236384096678e-02	1.296072084972483390e+04	6.399080034787453286e+01	1.069299494132001649e-01	8.442804912689433339e-02	1.362428330624507744e-01	-3.703076672769975630e+01	1.069299494132006784e-01	8.442804912689370889e-02	1.362428330624507744e-01	-3.703076672769975630e+01
1.221896383186706299e+12	1.658013475744174015e+00	2.453335921471782449e-02	1.256552267397819911e+01	2.748406800034918440e+00	8.135328036654931871e-02	2.960015976001650548e-02	1.905565433729055076e+04	6.659539245274596908e+01	1.351590077172622750e-01	5.632342587858445160e-02	1.464250172266179373e-01	-3.730427550624290944e+01	1.351590077172625248e-01	5.632342587858378546e-02	1.464250172266179095e-01	-3.730427550624291655e+01
1.231671554252199951e+12	1.657506011773965504e+00	2.311238828445219204e-02	1.193243005934374068e+01	2.746791996574625916e+00	7.661784505586735627e-02	2.789357372215052477e-02	1.257779973233137571e+04	6.378814483168466865e+01	1.603734786023792436e-01	5.273304174136356735e-03	1.604601519877778271e-01	-3.766624228772968763e+01	1.603734786023792436e-01	5.273304174136590056e-03	1.604601519877778271e-01	-3.766624228772968763e+01
1.241446725317693604e+12	1.657986649785811561e+00	2.259964440574595626e-02	1.176031228281315322e+01	2.748408986940713117e+00	7.493981742926679457e-02	2.726661780883026312e-02	1.840856605148710514e+04	6.636193790952125937e+01	1.515545781329795949e-01	-6.403192250821426734e-02	1.645262205642716857e-01	-3.809886369787136573e+01	1.515545781329794839e-01	-6.403192250821454490e-02	1.645262205642716857e-01	-3.809886369787136573e+01
1.251221896383187256e+12	1.658486664157004853e+00	2.238033626266027615e-02	1.173789187145603385e+01	2.750077135735399914e+00	7.423497846194297700e-02	2.699378046430386813e-02	1.791542748491887323e+04	6.617844708110585827e+01	1.106428328393930655e-01	-1.231569354400540300e-01	1.655580478433818503e-01	-3.853798385117860192e+01	1.106428328393920107e-01	-1.231569354400549737e-01	1.655580478433818226e-01	-3.853798385117860903e+01
1.260997067448680908e+12	1.658826740672753708e+00	2.195163357149363184e-02	1.160299439070065475e+01	2.751224281354534007e+00	7.282791353968676162e-02	2.647109289971472795e-02	1.812754281192124472e+04	6.625798400482644013e+01	5.040905191619940440e-02	-1.607252457794981493e-01	1.684448786575898638e-01	-3.896598967425701687e+01	5.040905191619904357e-02	-1.607252457794982881e-01	1.684448786575898915e-01	-3.896598967425702398e+01
1.270772238514174561e+12	1.658864772162595314e+00	2.177628561414687858e-02	1.159953777933726649e+01	2.751358125706909963e+00	7.224782614771872724e-02	2.625896842460521269e-02	1.777193787568140033e+04	6.612410695962894636e+01	-1.602614932742653722e-02	-1.676620168000643729e-01	1.684262133390466154e-01	-3.936520468844821607e+01	-1.602614932742642273e-02	-1.676620168000643452e-01	1.684262133390465876e-01	-3.936520468844821607e+01
1.280547409579668213e+12	1.658598292790431916e+00	2.189016348914391702e-02	1.174989073973495302e+01	2.750469117589753765e+00	7.261397558399508567e-02	2.640057840301329381e-02	1.780070398252153245e+04	6.613503588254197041e+01	-7.548830911992039649e-02	-1.469930906725061270e-01	1.652436186944605256e-01	-3.974433696493213830e+01	-7.548830911991899484e-02	-1.469930906725069319e-01	1.652436186944605812e-01	-3.974433696493213120e+01
1.290322580645161865e+12	1.658617466499780368e+00	2.202318883212712672e-02	1.191153307904916936e+01	2.750526879331814278e+00	7.305609132997790967e-02	2.656076255023744059e-02	1.787197460489792866e+04	6.616203737111518990e+01	-1.238733227627485528e-01	-1.028752792305062808e-01	1.610214990895275367e-01	-4.014764792289597750e+01	-1.238733227627489414e-01	-1.028752792305057812e-01	1.610214990895275367e-01	-4.014764792289598461e+01
1.300097751710655518e+12	1.658862129415014097e+00	2.210461155500031971e-02	1.204614414845194048e+01	2.751334950555317516e+00	7.333700598803911952e-02	2.665506283531094561e-02	1.761354145756831713e+04	6.606360973198114550e+01	-1.516403504842306627e-01	-4.306752587153534623e-02	1.576375833349258071e-01	-4.056398029147303674e+01	-1.516403504842304406e-01	-4.306752587153590134e-02	1.576375833349257793e-01	-4.056398029147302964e+01
1.309872922776149170e+12	1.658985026402344243e+00	2.198100667241703263e-02	1.206885039529001524e+01	2.751748153172854039e+00	7.293232186957974983e-02	2.650399593636010645e-02	1.731464928030409646e+04	6.594795554535221527e+01	-1.561807692086723820e-01	2.087212453123368089e-02	1.575692808039051707e-01	-4.097355812285606191e+01	-1.561807692086723820e-01	2.087212453123421865e-02	1.575692808039052262e-01	-4.097355812285606902e+01
1.319648093841642822e+12	1.658755236959882362e+00	2.200088652879335360e-02	1.216991309645332819e+01	2.750984897133782692e+00	7.298817149479221167e-02	2.653165110824043035e-02	1.689866096399251546e+04	6.578362445431781680e+01	-1.348395901256192464e-01	7.651907187428928780e-02	1.550383288923988800e-01	-4.135687062277851567e+01	-1.348395901256184692e-01	7.651907187429059232e-02	1.550383288923988523e-01	-4.135687062277852988e+01
1.329423264907136475e+12	1.658693691491819111e+00	2.207078836547311795e-02	1.229901361090973388e+01	2.750777642495684461e+00	7.321735485612260175e-02	2.661696595356033770e-02	1.584450767423778416e+04	6.534836774185437491e+01	-9.338399393387647462e-02	1.197268192259569458e-01	1.518389988277295544e-01	-4.174908971952389436e+01	-9.338399393387744607e-02	1.197268192259562380e-01	1.518389988277295544e-01	-4.174908971952388015e+01
1.339198435972630127e+12	1.658626709901110940e+00	2.237657061940893227e-02	1.256109854803963444e+01	2.750541851884698907e+00	7.422875541068020555e-02	2.698695726437244299e-02	1.615192221451551450e+04	6.547821971239515904e+01	-3.895305073526449807e-02	1.411590889688084660e-01	1.464350660193386444e-01	-4.214225030234239000e+01	-3.895305073526408868e-02	1.411590889688085493e-01	1.464350660193386444e-01	-4.214225030234239000e+01
1.348973607038123779e+12	1.658611408821802913e+00	2.229255277815639369e-02	1.260527768485592048e+01	2.750494847564478818e+00	7.394936473922474052e-02	2.688584012607977622e-02	1.577841380401588503e+04	6.532012075519023142e+01	1.904109674941683455e-02	1.441680047043192303e-01	1.454200018767888292e-01	-4.254281653189951840e+01	1.904109674941519351e-02	1.441680047043194801e-01	1.454200018767888569e-01	-4.254281653189951129e+01
1.358748778103617432e+12	1.658583298046116372e+00	2.220803464623091056e-02	1.264848336584176813e+01	2.750405359754684032e+00	7.366775069333615644e-02	2.678432487490017833e-02	1.574720762268926410e+04	6.530674281000013082e+01	7.251369551170271099e-02	1.246423263929185288e-01	1.442010595155346631e-01	-4.293841122598906423e+01	7.251369551170404326e-02	1.246423263929177239e-01	1.442010595155346353e-01	-4.293841122598907134e+01
1.368523949169111084e+12	1.658486437790565038e+00	2.234236220879233167e-02	1.281653569100964418e+01	2.750078083186169309e+00	7.410900942297306282e-02	2.694796554180464709e-02	1.563164874579118259e+04	6.525697134052364845e+01	1.118688314762680130e-01	8.574816268883261872e-02	1.409517039995478727e-01	-4.332831544231075327e+01	1.118688314762679159e-01	8.574816268883270198e-02	1.409517039995478449e-01	-4.332831544231075327e+01
1.378299120234604736e+12	1.658330796325128142e+00	2.254465880985258644e-02	1.302495726742960969e+01	2.749552768399480929e+00	7.477300399404231135e-02	2.719460592042675928e-02	1.543755793282963532e+04	6.517254212316920814e+01	1.319038755828000342e-01	3.590976024974792263e-02	1.367045839573683419e-01	-4.371649693702350703e+01	1.319038755828003950e-01	3.590976024974670833e-02	1.367045839573683697e-01	-4.371649693702351414e+01
1.388074291300098389e+12	1.658341754700374482e+00	2.264772706467917812e-02	1.317730184914567282e+01	2.749584455841521002e+00	7.511534288083046573e-02	2.731879819921411573e-02	1.551548818276976817e+04	6.520656851437524892e+01	1.321956999306041769e-01	-1.777145310296034467e-02	1.333848852963972764e-01	-4.411592890012238399e+01	1.321956999306041214e-01	-1.777145310296108019e-02	1.333848852963973319e-01	-4.411592890012239110e+01
1.397849462365592041e+12	1.658315200429637981e+00	2.258397149427691583e-02	1.323274311867369413e+01	2.749499268207536318e+00	7.490268643005811022e-02	2.724230091499131243e-02	1.533677455884213668e+04	6.512828184865733760e+01	1.143735886494195303e-01	-6.686207550461070737e-02	1.324834137593491057e-01	-4.451131143485091002e+01	1.143735886494197523e-01	-6.686207550461036042e-02	1.324834137593491334e-01	-4.451131143485091002e+01
1.407624633431085693e+12	1.657970628088784926e+00	2.257241604961044215e-02	1.331846169459189788e+01	2.748357089638803430e+00	7.484880563050798352e-02	2.723401770195182925e-02	1.239452069822545491e+04	6.368895343960799238e+01	8.138944147743029656e-02	-1.025514736154253953e-01	1.309238172553158497e-01	-4.488223970151485531e+01	8.138944147743210067e-02	-1.025514736154239520e-01	1.309238172553158497e-01	-4.488223970151483400e+01
1.417399804496579346e+12	1.658071175054945501e+00	2.252246260828066199e-02	1.338127217057751750e+01	2.748692760226146614e+00	7.468769208408597426e-02	2.717207727426804165e-02	7.869818171907960277e+03	6.061959142611645746e+01	3.366162190854068287e-02	-1.249977445282298705e-01	1.294509209185402687e-01	-4.529003621391865408e+01	3.366162190853840691e-02	-1.249977445282305227e-01	1.294509209185403242e-01	-4.529003621391867540e+01
1.427174975562072998e+12	1.658066788894839938e+00	2.273200048466870668e-02	1.359890812903272206e+01	2.748668732590010322e+00	7.538235009754117033e-02	2.742504005803203179e-02	1.485258029047995115e+04	6.491150377451454290e+01	-1.674218557932848073e-02	-1.243351028470197489e-01	1.254572380452863567e-01	-4.568694211888689694e+01	-1.674218557932772786e-02	-1.243351028470198183e-01	1.254572380452863567e-01	-4.568694211888688983e+01
1.436950146627566650e+12	1.658001240430590828e+00	2.289275440925666802e-02	1.378887743696626522e+01	2.748444035064935509e+00	7.591243041484087295e-02	2.762014778046857633e-02	1.574010030750377337e+04	6.530369223048074900e+01	-6.156708959452598939e-02	-1.054602830152181064e-01	1.221162471368584662e-01	-4.608151163099132219e+01	-6.156708959452461549e-02	-1.054602830152189114e-01	1.221162471368584662e-01	-4.608151163099130798e+01
1.446725317693060303e+12	1.657929194562177466e+00	2.289920513545787295e-02	1.388659118922848279e+01	2.748204840585755093e+00	7.593052145268749942e-02	2.762913460137257984e-02	1.531706384907064967e+04	6.511959164892428475e+01	-9.570157386396037358e-02	-7.266787927534631986e-02	1.201641041177246433e-01	-4.647445211942397947e+01	-9.570157386395994337e-02	-7.266787927534686109e-02	1.201641041177246433e-01	-4.647445211942397236e+01
1.456500488758553955e+12	1.657843260534708874e+00	2.298100667511983677e-02	1.403036097259776582e+01	2.747916149832552613e+00	7.619781407330115941e-02	2.772930828982695176e-02	1.503812775651724041e+04	6.499539889502923984e+01	-1.137194682342651669e-01	-3.023951725293954479e-02	1.176713468061569845e-01	-4.686399090949431212e+01	-1.137194682342650975e-01	-3.023951725293979112e-02	1.176713468061569984e-01	-4.686399090949431212e+01
1.466275659824047607e+12	1.657724928791737051e+00	2.324734287449567449e-02	1.428821930707204757e+01	2.747511500586845568e+00	7.707539962244087939e-02	2.805280327524678832e-02	1.445089933114446285e+04	6.472623528772072632e+01	-1.124684816566406120e-01	1.459952535847826131e-02	1.134121047633054047e-01	-4.725297788889692185e+01	-1.124684816566403900e-01	1.459952535848017818e-02	1.134121047633054047e-01	-4.725297788889693607e+01
1.476050830889541260e+12	1.657606477268567691e+00	2.329229227569471622e-02	1.441128496030228590e+01	2.747116702603254357e+00	7.721890909324838348e-02	2.810907487842555577e-02	1.415262456619700606e+04	6.458529829092012164e+01	-9.664557997403737388e-02	5.505665159293254146e-02	1.112277079380116357e-01	-4.764171362783962138e+01	-9.664557997403742939e-02	5.505665159293233329e-02	1.112277079380115663e-01	-4.764171362783961428e+01
1.485826001955034912e+12	1.657506192506934539e+00	2.316739085189590056e-02	1.442893380226853495e+01	2.746790050199950706e+00	7.680018760249192333e-02	2.795997735498616243e-02	1.345373495058077606e+04	6.424307894701377109e+01	-6.843137287036900329e-02	8.729073954246510669e-02	1.109167525795538012e-01	-4.802981011638701858e+01	-6.843137287036961391e-02	8.729073954246462097e-02	1.109167525795538151e-01	-4.802981011638701148e+01
1.495601173020528564e+12	1.657362028586242708e+00	2.326379858630752903e-02	1.458429993782264233e+01	2.746307689474841052e+00	7.711307283524881928e-02	2.807881765425732784e-02	1.341571036263055430e+04	6.422395320011345632e+01	-2.991111703105686984e-02	1.043411377140743834e-01	1.085437604909329501e-01	-4.841550627088587788e+01	-2.991111703105673106e-02	1.043411377140744251e-01	1.085437604909329501e-01	-4.841550627088587788e+01
1.505376344086022217e+12	1.657055206438659223e+00	2.349063957690168680e-02	1.482276043604189653e+01	2.745280147037735929e+00	7.785057322695793092e-02	2.835797042825000114e-02	1.294711863221157910e+04	6.398370471958568828e+01	9.591408062470746509e-03	1.042568882544882281e-01	1.046971530516932342e-01	-4.878642573195463683e+01	9.591408062470533138e-03	1.042568882544882281e-01	1.046971530516932064e-01	-4.878642573195463683e+01
1.515151515151515869e+12	1.657205668131632725e+00	2.358794872702951739e-02	1.498081361139283274e+01	2.745774235162461885e+00	7.818016466006329213e-02	2.847290343790320061e-02	1.299234992414614499e+04	6.400727097918991149e+01	4.928713922502708789e-02	8.954932430772048757e-02	1.022169436881992938e-01	-4.919782945883167713e+01	4.928713922502834383e-02	8.954932430771993246e-02	1.022169436881994048e-01	-4.919782945883169134e+01
1.524926686217009521e+12	1.657313937565423778e+00	2.362548449721935812e-02	1.510145696119695025e+01	2.746131324130880902e+00	7.830968947795498292e-02	2.851636729453901897e-02	1.269861707849318191e+04	6.385274436639083717e+01	7.948363282389683815e-02	6.154947232116915468e-02	1.005285304274285002e-01	-4.960656821662261962e+01	7.948363282389681039e-02	6.154947232116914774e-02	1.005285304274284724e-01	-4.960656821662261962e+01
1.534701857282503174e+12	1.657112353604146993e+00	2.344095402117905153e-02	1.507955281882417253e+01	2.745471874142052293e+00	7.768858897752523029e-02	2.829698956643020291e-02	1.260305770966039927e+04	6.380170111071080186e+01	9.692751326511470089e-02	2.770768573293215520e-02	1.008100127786616257e-01	-4.998704821261905096e+01	9.692751326511495069e-02	2.770768573293126702e-02	1.008100127786616257e-01	-4.998704821261905806e+01
1.544477028347996826e+12	1.656715127653272335e+00	2.347585484364241720e-02	1.519819561016051779e+01	2.744153898434558592e+00	7.778560770810948044e-02	2.834593488086924878e-02	1.202608063666889939e+04	6.348503535339069259e+01	9.865818520275913828e-02	-8.021107854848280247e-03	9.898371420956597611e-02	-5.034660602955565878e+01	9.865818520275923542e-02	-8.021107854847253291e-03	9.898371420956597611e-02	-5.034660602955564457e+01
1.554252199413490479e+12	1.656556824607504641e+00	2.379730976429169503e-02	1.550381278523545348e+01	2.743614201201681091e+00	7.884319179467243199e-02	2.873698195618747814e-02	1.212208243601671529e+04	6.353876448976214419e+01	8.470759753130424619e-02	-4.235310860839773539e-02	9.470566449964941402e-02	-5.072912354839638738e+01	8.470759753130434333e-02	-4.235310860839745783e-02	9.470566449964938627e-02	-5.072912354839638738e+01
1.564027370478984131e+12	1.656710321240121520e+00	2.411412016043328402e-02	1.580901933825652073e+01	2.744107597712434732e+00	7.990022351482863050e-02	2.911701552134315224e-02	1.175056809986485132e+04	6.332842428170559401e+01	5.783779289573601906e-02	-6.962435416739432004e-02	9.051387175608395508e-02	-5.114308946578659487e+01	5.783779289573542925e-02	-6.962435416739486127e-02	9.051387175608398283e-02	-5.114308946578660198e+01
1.573802541544477783e+12	1.656837738056377018e+00	2.402466993309371537e-02	1.584881635623144192e+01	2.744534105482377750e+00	7.960995957899608122e-02	2.900672992912357515e-02	1.147724305665296197e+04	6.316938533752058760e+01	2.510628132392139084e-02	-8.632916174104142415e-02	8.990578139823253434e-02	-5.155326477194861212e+01	2.510628132392127634e-02	-8.632916174104146578e-02	8.990578139823254822e-02	-5.155326477194861923e+01
1.583577712609971436e+12	1.656557971524516226e+00	2.381803297234967934e-02	1.581009334451686854e+01	2.743617014326748205e+00	7.891190477275926429e-02	2.876199715947720670e-02	1.089387643278532960e+04	6.281688086761426604e+01	-7.886843862307552772e-03	-9.015017714914588809e-02	9.049451224317861531e-02	-5.192354222335560365e+01	-7.886843862306947353e-03	-9.015017714914594360e-02	9.049451224317861531e-02	-5.192354222335559655e+01
1.593352883675465088e+12	1.656064858731531197e+00	2.396699325740212633e-02	1.600717472546853060e+01	2.741976399559685973e+00	7.938179060607843118e-02	2.895057397971250931e-02	1.020556356351893373e+04	6.237583740226249773e+01	-3.724843299949969627e-02	-7.963868154360688456e-02	8.791908415652570363e-02	-5.227376879518382680e+01	-3.724843299949973791e-02	-7.963868154360687068e-02	8.791908415652570363e-02	-5.227376879518382680e+01
1.603128054740958740e+12	1.655823154559907806e+00	2.431032528121801484e-02	1.633609105086485869e+01	2.741159327261445622e+00	8.050719899104778754e-02	2.936976270966287772e-02	6.902395240085786099e+03	5.973324165686943132e+01	-6.066823511321146195e-02	-5.762675837082183866e-02	8.367483511833763432e-02	-5.264738223511500337e+01	-6.066823511321109419e-02	-5.762675837082224112e-02	8.367483511833763432e-02	-5.264738223511499626e+01
1.612903225806452393e+12	1.656039244823026113e+00	2.442665725348826603e-02	1.651435097020753062e+01	2.741869318809439182e+00	8.090300606323520827e-02	2.950651422671176152e-02	9.018460686668413473e+03	6.154021652811670862e+01	-7.683079456715541378e-02	-2.727425911711989920e-02	8.152825402403902910e-02	-5.306596069021226469e+01	-7.683079456715537214e-02	-2.727425911712005879e-02	8.152825402403902910e-02	-5.306596069021226469e+01
1.622678396871946045e+12	1.656273827639303864e+00	2.418818970183399947e-02	1.645223792398347840e+01	2.742657923601898418e+00	8.012453108224437681e-02	2.921419050940841575e-02	9.404115351870499580e+03	6.182317583431179742e+01	-8.204302495698036213e-02	6.660409903911429161e-03	8.231293339554740518e-02	-5.348807938502859827e+01	-8.204302495698043152e-02	6.660409903911264362e-03	8.231293339554747457e-02	-5.348807938502859827e+01
1.632453567937439697e+12	1.655868458087742301e+00	2.405739918883362596e-02	1.646185125177042963e+01	2.741321592034146271e+00	7.967177700083047376e-02	2.906327270479474451e-02	9.694187845968375768e+03	6.202846095055203079e+01	-7.438395746889188420e-02	3.483839416217945906e-02	8.213821788018836612e-02	-5.384509103950929187e+01	-7.438395746889163440e-02	3.483839416218004192e-02	8.213821788018839387e-02	-5.384509103950929898e+01
1.642228739002933350e+12	1.655455226914400058e+00	2.446799829377932847e-02	1.684306988612212308e+01	2.739933325377703621e+00	8.101135133513921727e-02	2.956690609395456332e-02	9.541518005592157351e+03	6.192119384983011798e+01	-5.449755944404385127e-02	5.531603601919150848e-02	7.765209479617136978e-02	-5.419992646285817273e+01	-5.449755944404315045e-02	5.531603601919218849e-02	7.765209479617136978e-02	-5.419992646285817983e+01
1.652003910068427002e+12	1.655667800911832632e+00	2.479892174559987159e-02	1.717248043139420588e+01	2.740620880456479558e+00	8.211755246304393296e-02	2.996312005379101612e-02	8.789958562126610559e+03	6.136679579999195511e+01	-2.595193268426592564e-02	6.929445885380623726e-02	7.399476223281289955e-02	-5.461952454200672946e+01	-2.595193268426591524e-02	6.929445885380623726e-02	7.399476223281289955e-02	-5.461952454200672946e+01
1.661779081133920654e+12	1.655991554385827680e+00	2.374754721641899463e-02	1.654174069385342705e+01	2.741744082198394050e+00	7.865147525553704833e-02	2.868665816266573881e-02	3.454690996695786907e+03	5.505617661009660679e+01	5.928548196619359313e-03	8.096174729463684328e-02	8.117852061179899048e-02	-5.505096750870341538e+01	5.928548196618673230e-03	8.096174729463687103e-02	8.117852061179899048e-02	-5.505096750870340827e+01
1.671554252199414307e+12	1.654820197067015775e+00	2.247355040859604081e-02	1.574640169335990691e+01	2.737924824152949466e+00	7.437937023189682140e-02	2.716633034470114505e-02	1.149684007770173594e+03	4.762132924112222554e+01	3.121173764346184959e-02	8.582064881747820950e-02	9.132007627119688442e-02	-5.532668596272241501e+01	3.121173764346116264e-02	8.582064881747847318e-02	9.132007627119689830e-02	-5.532668596272240791e+01
1.681329423264907959e+12	1.656447728319504931e+00	2.426424878917514752e-02	1.710050061823002920e+01	2.743230322885545469e+00	8.038491957241694630e-02	2.930301509931610912e-02	4.420867304709989185e+03	5.672258119814600974e+01	5.930135156833525600e-02	4.555516598855152699e-02	7.477916451843910628e-02	-5.589362144754663575e+01	5.930135156833496457e-02	4.555516598855190169e-02	7.477916451843909240e-02	-5.589362144754662864e+01
1.691104594330401611e+12	1.655086487116889993e+00	2.433570625645023119e-02	1.725057537574568300e+01	2.738719053237927081e+00	8.055539715899347197e-02	2.941353077591314299e-02	8.394745506424018458e+03	6.105592630437726598e+01	6.736326682919582809e-02	2.843610005597071999e-02	7.311922800669200251e-02	-5.614922998499645956e+01	6.736326682919525910e-02	2.843610005597213206e-02	7.311922800669203026e-02	-5.614922998499643825e+01
1.700879765395895264e+12	1.655073886246075432e+00	2.510749860681347687e-02	1.790054373130459098e+01	2.738639182447395903e+00	8.310953058619341416e-02	3.034701727736263677e-02	8.585070007014064686e+03	6.120741918351112076e+01	6.640025274290227431e-02	2.786818740114798592e-04	6.640083755426737233e-02	-5.654447078905959501e+01	6.640025274290227431e-02	2.786818740108710254e-04	6.640083755426737233e-02	-5.654447078905960922e+01
1.710654936461388916e+12	1.655548568450059266e+00	2.468642855740981260e-02	1.770149065555681744e+01	2.740231642742120499e+00	8.173916291672896073e-02	2.982928948113797163e-02	6.726704164816510456e+03	5.955901327685553071e+01	6.180000133485030051e-02	-2.935687977566633564e-02	6.841832031810211878e-02	-5.699214090998101767e+01	6.180000133485027275e-02	-2.935687977566631135e-02	6.841832031810209103e-02	-5.699214090998101767e+01
1.720430107526882568e+12	1.648018071069040413e+00	1.931453566208567174e-02	1.392869623008705737e+01	2.715590511282278463e+00	6.366140761084923549e-02	2.344293344168037543e-02	3.417206170421180218e+02	3.942287052050446761e+01	1.197033906747201060e-01	-4.576714038311615988e-03	1.197908512801088288e-01	-5.658688293840493344e+01	1.197033906747201198e-01	-4.576714038312549269e-03	1.197908512801088704e-01	-5.658688293840494055e+01
1.730205278592376221e+12	1.655338316831975742e+00	2.438788038333434757e-02	1.768727181316421948e+01	2.739550174462526577e+00	8.074038572969648164e-02	2.947213249910159844e-02	6.064143441087805513e+03	5.885832065125109125e+01	2.380694116235733751e-02	-6.425535132471421607e-02	6.852386899008547361e-02	-5.776463988774516878e+01	2.380694116235698710e-02	-6.425535132471435484e-02	6.852386899008547361e-02	-5.776463988774517588e+01
1.739980449657869873e+12	1.654374038078722187e+00	2.440983652299754877e-02	1.780321352234882681e+01	2.736357617749817894e+00	8.076599963478585387e-02	2.951587874000254422e-02	8.092651431507221787e+03	6.080826906915959995e+01	4.153845685232662038e-03	-6.727213159797587605e-02	6.740025314278953739e-02	-5.805779548457775974e+01	4.153845685232956941e-03	-6.727213159797584829e-02	6.740025314278952351e-02	-5.805779548457775263e+01
1.749755620723363525e+12	1.654250275398895020e+00	2.500107980402632712e-02	1.833687501167678136e+01	2.735918919665952576e+00	8.271608630216061020e-02	3.023338363852536709e-02	8.686656596767665178e+03	6.128691017855723544e+01	-1.971458686317361514e-02	-5.907844161371626074e-02	6.228103402072655143e-02	-5.844154629852522476e+01	-1.971458686317298717e-02	-5.907844161371644115e-02	6.228103402072653061e-02	-5.844154629852521055e+01
1.759530791788857178e+12	1.654879127760632729e+00	2.527045020839169959e-02	1.863798730970167838e+01	2.737986331844057819e+00	8.363908119796351071e-02	3.054766206288249061e-02	8.395464638750327140e+03	6.105650515296606784e+01	-4.217382655852908169e-02	-4.202575151045327695e-02	5.953818469358347631e-02	-5.890662087283045878e+01	-4.217382655852915802e-02	-4.202575151045321450e-02	5.953818469358349019e-02	-5.890662087283045878e+01
1.769305962854350830e+12	1.654834713068115359e+00	2.511528552858915617e-02	1.862645562687772482e+01	2.737847150008049013e+00	8.312329264265325146e-02	3.036082297085462844e-02	7.079674683634614667e+03	5.990460679793841337e+01	-5.514444124199448932e-02	-2.277158130719835263e-02	5.966116253579147044e-02	-5.929864522705887708e+01	-5.514444124199466973e-02	-2.277158130719795365e-02	5.966116253579148432e-02	-5.929864522705888419e+01
1.779081133919844482e+12	1.654132862374823709e+00	2.482833559210189181e-02	1.851537541903726591e+01	2.735539080140053425e+00	8.213873164193243037e-02	3.002652465770187795e-02	8.250169277990951741e+03	6.093853429511492692e+01	-6.050611423737613931e-02	-4.337786847408356752e-03	6.066140663420162282e-02	-5.961869115462024382e+01	-6.050611423737614625e-02	-4.337786847408325527e-03	6.066140663420162976e-02	-5.961869115462024382e+01
1.788856304985338135e+12	1.653751612468869370e+00	2.510799480285538093e-02	1.882680598852752851e+01	2.734263984340365106e+00	8.304477378216415517e-02	3.037189322529825625e-02	7.852360828280670830e+03	6.060458497833322866e+01	-5.561155120662592682e-02	1.615203748796577646e-02	5.790969644731208676e-02	-5.997292728332165268e+01	-5.561155120662606560e-02	1.615203748796531155e-02	5.790969644731207983e-02	-5.997292728332164558e+01
1.798631476050831787e+12	1.653952197264057178e+00	2.556059615505423127e-02	1.927091470299617271e+01	2.734904526758800802e+00	8.455200834806231303e-02	3.091589030651350350e-02	4.496673862384048334e+03	5.683747177596429623e+01	-4.144396998550602118e-02	3.498403385952628120e-02	5.423546139975214675e-02	-6.039133584916731223e+01	-4.144396998550597955e-02	3.498403385952636446e-02	5.423546139975216757e-02	-6.039133584916731223e+01
1.808406647116325439e+12	1.653967895657707521e+00	2.527728497307846905e-02	1.916089012251594781e+01	2.734970858730775056e+00	8.361563566972557426e-02	3.057277023731408069e-02	7.240360152663503868e+03	6.005626400638952589e+01	-2.502441108537992523e-02	4.913030949744017634e-02	5.513627174088166216e-02	-6.078995895588837328e+01	-2.502441108538030687e-02	4.913030949743998205e-02	5.513627174088166216e-02	-6.078995895588836618e+01
1.818181818181819092e+12	1.653976058709578423e+00	2.495269369574744031e-02	1.901708322418814845e+01	2.735014165861797242e+00	8.254231594615939194e-02	3.017984951465525062e-02	7.421052437243258282e+03	6.022283450354283474e+01	-4.136258206891352436e-03	5.614989250982253821e-02	5.630203425115917759e-02	-6.118752497980312910e+01	-4.136258206892074081e-03	5.614989250982249658e-02	5.630203425115919147e-02	-6.118752497980311489e+01
1.827956989247312744e+12	1.653677125636279666e+00	2.513299677813981420e-02	1.925747795981213528e+01	2.734016368325618007e+00	8.312372374140025721e-02	3.040352088027452673e-02	7.418068198535805095e+03	6.022011657710363863e+01	1.547451526177000790e-02	5.209218160551545157e-02	5.434202799867479672e-02	-6.154981432206609071e+01	1.547451526177065842e-02	5.209218160551524340e-02	5.434202799867478284e-02	-6.154981432206610492e+01
1.837732160312806396e+12	1.653441631168663273e+00	2.547821611351963264e-02	1.962638860807253494e+01	2.733220088185362773e+00	8.425348642001125044e-02	3.082572339644582340e-02	7.112168416092341431e+03	5.993555061300994424e+01	3.149275256047624760e-02	4.071025449799949014e-02	5.146958602055461823e-02	-6.191948079987584208e+01	3.149275256047607413e-02	4.071025449799958729e-02	5.146958602055458354e-02	-6.191948079987583498e+01
1.847507331378300049e+12	1.653720267374425124e+00	2.554653337785611072e-02	1.978369039830170451e+01	2.734138097357314390e+00	8.449364001623577147e-02	3.090320861916347195e-02	6.888293389350793404e+03	5.971942182973423030e+01	4.449362720567077295e-02	2.339547355192549138e-02	5.026958369268688664e-02	-6.234776637909954644e+01	4.449362720567098806e-02	2.339547355192507158e-02	5.026958369268688664e-02	-6.234776637909955355e+01
1.857282502443793701e+12	1.653374157136444866e+00	2.526082155915982883e-02	1.966593499879418516e+01	2.733007994380805439e+00	8.353117910790003320e-02	3.056382538201282695e-02	6.373630972595701678e+03	5.919467917402385382e+01	5.073733848582978601e-02	6.520667078791788154e-03	5.115463435289224758e-02	-6.270403560064264781e+01	5.073733848582980682e-02	6.520667078791649376e-03	5.115463435289224758e-02	-6.270403560064265491e+01
1.867057673509287354e+12	1.652597913290739351e+00	2.516940165726901102e-02	1.969789354302625739e+01	2.730446364233120704e+00	8.318980131515849030e-02	3.046747315929180036e-02	4.348752597281322778e+03	5.661144253616083688e+01	5.012350856028291446e-02	-9.045590877962162227e-03	5.093317999815274305e-02	-6.301039738319530414e+01	5.012350856028270629e-02	-9.045590877963452861e-03	5.093317999815277081e-02	-6.301039738319533257e+01
1.876832844574780762e+12	1.652604148461113365e+00	2.526907819057162136e-02	1.987944041666340667e+01	2.730461945198280116e+00	8.351956689105381748e-02	3.058807211648899640e-02	3.866050262514485894e+03	5.581639126162450992e+01	4.159724070171480492e-02	-2.696916071429246442e-02	4.957485313775255448e-02	-6.340706054359998234e+01	4.159724070171503391e-02	-2.696916071429214176e-02	4.957485313775256836e-02	-6.340706054359997523e+01
1.886608015640274414e+12	1.652949777508669449e+00	2.592880173784042550e-02	2.050469356628157058e+01	2.731570664206399712e+00	8.571801412725946201e-02	3.138048568557277873e-02	5.706358078909526739e+03	5.844738510395024633e+01	2.399315374118321867e-02	-3.828964549105764309e-02	4.518593119853706735e-02	-6.384288418564507595e+01	2.399315374118373215e-02	-3.828964549105731002e-02	4.518593119853705348e-02	-6.384288418564506173e+01
1.896383186705768066e+12	1.653203894498339821e+00	2.563909091455029293e-02	2.038064290471477591e+01	2.732425753801553281e+00	8.477328990266308484e-02	3.102491981153383468e-02	5.951140927298764836e+03	5.873121081626317164e+01	6.145939747149360179e-03	-4.562050161554714878e-02	4.603262694035319125e-02	-6.426873683671861670e+01	6.145939747149099103e-03	-4.562050161554719041e-02	4.603262694035319819e-02	-6.426873683671861670e+01
1.906158357771261719e+12	1.652974708538394788e+00	2.530569526361029983e-02	2.021931380611234275e+01	2.731685008854816576e+00	8.365934850545533874e-02	3.062554732125839438e-02	5.989177717256771757e+03	5.877426364678331083e+01	-1.099235707793539372e-02	-4.584232648019622575e-02	4.714181595193100982e-02	-6.463799220980513383e+01	-1.099235707793535730e-02	-4.584232648019626738e-02	4.714181595193103064e-02	-6.463799220980513383e+01
1.915933528836755371e+12	1.652296575533845457e+00	2.553821547329576322e-02	2.050973956357834993e+01	2.729431773071312239e+00	8.439341194354410547e-02	3.091977340345086755e-02	5.271311050719637933e+03	5.791150715831584250e+01	-2.362118068361157563e-02	-3.848482675701716399e-02	4.515575342528844321e-02	-6.495313899999216289e+01	-2.362118068361206830e-02	-3.848482675701685868e-02	4.515575342528844321e-02	-6.495313899999217711e+01
1.925708699902249023e+12	1.651499144244626072e+00	2.585984969996719257e-02	2.087400340299648960e+01	2.726780691614227425e+00	8.541503929958094155e-02	3.132449909237697977e-02	2.511165888520481531e+03	5.290064818528105661e+01	-3.217124054017227175e-02	-2.822692453235530960e-02	4.279892506183894524e-02	-6.525326019060902638e+01	-3.217124054017215379e-02	-2.822692453235544144e-02	4.279892506183894524e-02	-6.525326019060902638e+01
1.935483870967742676e+12	1.652459531822540351e+00	2.596290768058300349e-02	2.106357321977070640e+01	2.729948431735938819e+00	8.580530854121605489e-02	3.143110966629269337e-02	5.849496838079723602e+03	5.861479829673356789e+01	-4.069891226958394920e-02	-8.659228300227594238e-03	4.160989899870887188e-02	-6.576380857655762213e+01	-4.069891226958405328e-02	-8.659228300227144945e-03	4.160989899870887881e-02	-6.576380857655763634e+01
1.945259042033236328e+12	1.652644212962989467e+00	2.568312158894749814e-02	2.094181947907078012e+01	2.730573271905506250e+00	8.489012452959780741e-02	3.108875539177822014e-02	6.244676744895927186e+03	5.905655748213355594e+01	-4.144237856080321136e-02	8.756265327216822270e-03	4.235732431655168939e-02	-6.618167092168160082e+01	-4.144237856080312116e-02	8.756265327217254216e-03	4.235732431655168939e-02	-6.618167092168161503e+01
1.955034213098729980e+12	1.652288248970942286e+00	2.536232607635455910e-02	2.078416612013413456e+01	2.729413210103459164e+00	8.381174668505989023e-02	3.070687368801991793e-02	6.308757553418708085e+03	5.912554674423894596e+01	-3.672590571039462820e-02	2.306150894316623401e-02	4.336617743108715783e-02	-6.653415335295747468e+01	-3.672590571039429513e-02	2.306150894316676137e-02	4.336617743108715090e-02	-6.653415335295748889e+01
1.964809384164223633e+12	1.651762165916053959e+00	2.570207635965049420e-02	2.116790093300351216e+01	2.727657656022496102e+00	8.490743463271221980e-02	3.112833256227810069e-02	6.195477562123894131e+03	5.900310760826505430e+01	-2.572040720773970460e-02	3.190077685080124764e-02	4.097802960876187339e-02	-6.686569402549709196e+01	-2.572040720773925357e-02	3.190077685080160153e-02	4.097802960876187339e-02	-6.686569402549710617e+01
1.974584555229717285e+12	1.652043911446595681e+00	2.610712094757392659e-02	2.160846305775872622e+01	2.728567503583596121e+00	8.626022041367877036e-02	3.161373882097030796e-02	6.170924788888029980e+03	5.897627455765572080e+01	-9.455506392858456510e-03	3.720003157252229492e-02	3.838292524211830981e-02	-6.729533309737510649e+01	-9.455506392858015891e-03	3.720003157252239900e-02	3.838292524211829593e-02	-6.729533309737512070e+01
1.984359726295210938e+12	1.652126450124749235e+00	2.600615521225304802e-02	2.163145415672684635e+01	2.728845487092881772e+00	8.593091378442574424e-02	3.148984220281758617e-02	6.036778612423424420e+03	5.882775826156202470e+01	5.962184408610950344e-03	3.778779652356942242e-02	3.825526380812147714e-02	-6.770073264930229584e+01	5.962184408611676326e-03	3.778779652356930446e-02	3.825526380812147714e-02	-6.770073264930231005e+01
1.994134897360704590e+12	1.652004176518291345e+00	2.549996739394704351e-02	2.131490100370862706e+01	2.728467550896785276e+00	8.425210527176153763e-02	3.087891048734289767e-02	5.972146771008709038e+03	5.875502067697618003e+01	2.051114472235102473e-02	3.445146614481524316e-02	4.009501935837641445e-02	-6.808124537082335337e+01	2.051114472235142719e-02	3.445146614481502806e-02	4.009501935837642833e-02	-6.808124537082336758e+01
2.003910068426198242e+12	1.651400018459467489e+00	2.549774375104980201e-02	2.141751800368652425e+01	2.726471886031535341e+00	8.421394900231682357e-02	3.088751783349317701e-02	5.984202236778606675e+03	5.876864760169166857e+01	2.985590178086936289e-02	2.584385559291562870e-02	3.948771635656327106e-02	-6.840154589933162299e+01	2.985590178086930044e-02	2.584385559291571197e-02	3.948771635656328494e-02	-6.840154589933162299e+01
2.013685239491691895e+12	1.651040624706864968e+00	2.617547407143982000e-02	2.209404853988194262e+01	2.725249988989570493e+00	8.643354212581669249e-02	3.171582147510192129e-02	5.829794629249383433e+03	5.859199954171182156e+01	3.339169626231293375e-02	1.270843190192616143e-02	3.572827480694328040e-02	-6.875137889233889155e+01	3.339169626231306559e-02	1.270843190192579714e-02	3.572827480694328040e-02	-6.875137889233890576e+01
2.023460410557185547e+12	1.651634036606994149e+00	2.632528744568043630e-02	2.232836869483212183e+01	2.727201970119616181e+00	8.695948153749720466e-02	3.188597048926417737e-02	5.412821056628792576e+03	5.809052058096072102e+01	3.431968288107992843e-02	-3.638969071472894588e-03	3.451206642554205395e-02	-6.922067522525972549e+01	3.431968288107986598e-02	-3.638969071473454470e-03	3.451206642554205395e-02	-6.922067522525973970e+01
2.033235581622679199e+12	1.651914591528353959e+00	2.576506267948831114e-02	2.195877282164684274e+01	2.728157979249410836e+00	8.512336598377874541e-02	3.120177300260245853e-02	5.449425507349513282e+03	5.813606426736226496e+01	3.132910885249635263e-02	-1.862284677203038599e-02	3.644617241063988211e-02	-6.965134950315027140e+01	3.132910885249610283e-02	-1.862284677203080233e-02	3.644617241063988211e-02	-6.965134950315028561e+01
2.043010752688172852e+12	1.650899827936603614e+00	2.500861559160504066e-02	2.141654768554418098e+01	2.724844811027298697e+00	8.257343835422684131e-02	3.030390502242793008e-02	3.518776415879641718e+03	5.518038043745639953e+01	2.743233766557236220e-02	-2.841404229704223156e-02	3.949545479490121358e-02	-6.991801339394739045e+01	2.743233766557260159e-02	-2.841404229704198175e-02	3.949545479490119276e-02	-6.991801339394737624e+01
2.052785923753666504e+12	1.650561149501593938e+00	2.553712422528448683e-02	2.197378198109498371e+01	2.723699963530325618e+00	8.430117023250112418e-02	3.095097527674601362e-02	5.237009461934394494e+03	5.786739129658359815e+01	1.471100372865614785e-02	-3.326963999506756670e-02	3.637695116562043862e-02	-7.026950705784975071e+01	1.471100372865641846e-02	-3.326963999506744180e-02	3.637695116562043862e-02	-7.026950705784973650e+01
2.062561094819160156e+12	1.650756978743256775e+00	2.657542671969707546e-02	2.297609558769829263e+01	2.724292349564231053e+00	8.773914224123992300e-02	3.220621393855706976e-02	5.365572758140307087e+03	5.803127619448319763e+01	-9.917017404697237829e-05	-3.135911606651047012e-02	3.135927287416428316e-02	-7.068899709858922620e+01	-9.917017404676459094e-05	-3.135911606651047012e-02	3.135927287416428316e-02	-7.068899709858922620e+01
2.072336265884653809e+12	1.651562423396651047e+00	2.639994358350558623e-02	2.293255200768452440e+01	2.726961481354606587e+00	8.720230960461870795e-02	3.197782961030359861e-02	5.013218299033474068e+03	5.757227666926344511e+01	-1.516251503869237710e-02	-2.767476053258300858e-02	3.155620751665805940e-02	-7.118705068927269508e+01	-1.516251503869265466e-02	-2.767476053258286633e-02	3.155620751665807328e-02	-7.118705068927270929e+01
2.082111436950147461e+12	1.651693116030653607e+00	2.580185174163574999e-02	2.251873583354150909e+01	2.727424413989752772e+00	8.523348180500660287e-02	3.125053855491623928e-02	3.845147874994962422e+03	5.577975700399780834e+01	-2.655687409171816893e-02	-2.050618835203242216e-02	3.355251588558452042e-02	-7.159909694688816728e+01	-2.655687409171815852e-02	-2.050618835203242216e-02	3.355251588558451348e-02	-7.159909694688816728e+01
2.091886608015641113e+12	1.650466497166765301e+00	2.534670519507661868e-02	2.222536051589312223e+01	2.723397202805686312e+00	8.366777547607351373e-02	3.072184086473969677e-02	5.026785571395593252e+03	5.759053963172611645e+01	-3.198127180233174827e-02	-1.433392188427019300e-02	3.504658417990232089e-02	-7.183527718653736827e+01	-3.198127180233177602e-02	-1.433392188427016350e-02	3.504658417990233477e-02	-7.183527718653736827e+01
2.101661779081134766e+12	1.649673120759940215e+00	2.630828349796795335e-02	2.317632116547720855e+01	2.720729279577231097e+00	8.680013627986006564e-02	3.190326098646160263e-02	5.027837322988686537e+03	5.759195333964989771e+01	-3.018739210966590175e-02	-3.964157841643535518e-03	3.044656285652262359e-02	-7.212605982972007723e+01	-3.018739210966587400e-02	-3.964157841643950984e-03	3.044656285652265135e-02	-7.212605982972006302e+01
2.111436950146628418e+12	1.650380115632248401e+00	2.697624976213357229e-02	2.387530083162633332e+01	2.723026808023084389e+00	8.904213240350883352e-02	3.269968997042425884e-02	4.724415987245539327e+03	5.717132974089068398e+01	-2.573451823848654438e-02	9.563395591324661688e-03	2.745403365997726303e-02	-7.261243287124385404e+01	-2.573451823848661030e-02	9.563395591324484746e-03	2.745403365997726303e-02	-7.261243287124383983e+01
2.121212121212122070e+12	1.651345800497243888e+00	2.616159738609694085e-02	2.326148942640532979e+01	2.726258523642091092e+00	8.640368795566170934e-02	3.169313812551878551e-02	4.497027777547034930e+03	5.683800360616142200e+01	-1.921199909679768836e-02	2.311991373522009549e-02	3.006046108128373334e-02	-7.313408432386201241e+01	-1.921199909679785836e-02	2.311991373521996018e-02	3.006046108128374028e-02	-7.313408432386201241e+01
2.130987292277615723e+12	1.650685748154514965e+00	2.552514152708754841e-02	2.280017496638626895e+01	2.724111906310453080e+00	8.426797467678077969e-02	3.093410901423415682e-02	4.336892897653821819e+03	5.659298880629923900e+01	-1.210455503590726969e-02	2.982124306783649412e-02	3.218426309127325746e-02	-7.344184190760645947e+01	-1.210455503590720724e-02	2.982124306783651493e-02	3.218426309127325052e-02	-7.344184190760647368e+01
2.140762463343109375e+12	1.649137078098233733e+00	2.567869680202807675e-02	2.304255441043877539e+01	2.718993706888928941e+00	8.469538202693407958e-02	3.114953220095624531e-02	4.089457105269592375e+03	5.619601650929891434e+01	-6.072685200780727523e-03	3.045976118674442387e-02	3.105921050350899174e-02	-7.363064008557404350e+01	-6.072685200781129111e-03	3.045976118674434061e-02	3.105921050350898827e-02	-7.363064008557402929e+01
2.150537634408603027e+12	1.649352256797873784e+00	2.691413845168422886e-02	2.426144649207774506e+01	2.719638496155643015e+00	8.878178999011163142e-02	3.264470263809308298e-02	3.775822044819796247e+03	5.565681250257779311e+01	5.796650218944353512e-03	2.527763478431713229e-02	2.593376127849770715e-02	-7.405284917763593455e+01	5.796650218944459330e-03	2.527763478431708719e-02	2.593376127849768981e-02	-7.405284917763593455e+01
2.160312805474096680e+12	1.651322510081828288e+00	2.663537710942536982e-02	2.411929731670280574e+01	2.726156588989188556e+00	8.796719557062475381e-02	3.226784401377378458e-02	3.012171901602957405e+03	5.412992302960815749e+01	2.045962112873656730e-02	1.680256490815231277e-02	2.647493690689583720e-02	-7.471065611570919884e+01	2.045962112873691077e-02	1.680256490815188949e-02	2.647493690689583373e-02	-7.471065611570921305e+01
2.170087976539590332e+12	1.664023647662679739e+00	2.556318855668105600e-02	2.325313565776060543e+01	2.768321223371425610e+00	8.507550053595457074e-02	3.073180229870310642e-02	2.895820123143819842e+02	3.830414262532300995e+01	4.593598002705379275e-03	-2.968580171630192527e-02	3.003910727951237397e-02	-7.681549706211140460e+01	4.593598002705802548e-03	-2.968580171630187670e-02	3.003910727951238785e-02	-7.681549706211139039e+01
2.179863147605083984e+12	1.650452958148673765e+00	2.520140212184820289e-02	2.302730400756798090e+01	2.723359856392800538e+00	8.318745736299726357e-02	3.054589248193677678e-02	3.056058079220666968e+03	5.422766601403117193e+01	3.112212018179354167e-02	4.685789311633126739e-04	3.112564747639365997e-02	-7.538316868584402641e+01	3.112212018179353820e-02	4.685789311630211861e-04	3.112564747639364957e-02	-7.538316868584404062e+01
2.189638318670577637e+12	1.648452094709946580e+00	2.587342721101825935e-02	2.374736924948850358e+01	2.716724874317967053e+00	8.530221056665676649e-02	3.139891395446212097e-02	3.201600960716854843e+03	5.454205672131232063e+01	2.782422992415822458e-02	-3.003372883127812878e-03	2.798585391849835180e-02	-7.550574829403353760e+01	2.782422992415825927e-02	-3.003372883127535756e-03	2.798585391849835527e-02	-7.550574829403353760e+01
2.199413489736071289e+12	1.652708214166694223e+00	3.173889509398224867e-02	2.926091141567568243e+01	2.730437083712276891e+00	1.049102652607989128e-01	3.842251699796132847e-02	1.084024233690561459e+03	4.722394524818599848e+01	5.824895710719970796e-03	-1.091126428304102156e-02	1.236871449646771357e-02	-7.647866642411405280e+01	5.824895710720063603e-03	-1.091126428304096431e-02	1.236871449646770836e-02	-7.647866642411403859e+01
2.209188660801564941e+12	1.649417851643526944e+00	2.763938833619530855e-02	2.559472067771296011e+01	2.719815313532748746e+00	9.117780106045685062e-02	3.352352661844037324e-02	2.723310594939719067e+03	5.344868432395001179e+01	1.103435877260193314e-02	-1.820686989601901298e-02	2.128960274249053555e-02	-7.642416042904359585e+01	1.103435877260186201e-02	-1.820686989601904768e-02	2.128960274249052861e-02	-7.642416042904359585e+01
2.218963831867058594e+12	1.650483404469147208e+00	2.537759712358683001e-02	2.360423246593979840e+01	2.723451445992299824e+00	8.377060579556805386e-02	3.075898632921869949e-02	2.737055357732580887e+03	5.348270388575263468e+01	1.148459316790406953e-04	-2.857565939653222697e-02	2.857589017921653360e-02	-7.696500102211079763e+01	1.148459316792000052e-04	-2.857565939653224085e-02	2.857589017921654748e-02	-7.696500102211079763e+01
2.228739002932552246e+12	1.652751752421536935e+00	2.326126903096789253e-02	2.173110341709853444e+01	2.731047268495530034e+00	7.689020630896202524e-02	2.815411040150873553e-02	7.514572763305930039e+02	4.474787550350898613e+01	-2.440159002315501688e-02	-2.872652081889333700e-02	3.769151886056663903e-02	-7.767319159167584530e+01	-2.440159002315522851e-02	-2.872652081889313577e-02	3.769151886056662515e-02	-7.767319159167585951e+01
2.238514173998045898e+12	1.648153626401432037e+00	2.518845913882978779e-02	2.363472812034349957e+01	2.715775917746402701e+00	8.302890054625321203e-02	3.057280978290433104e-02	3.248960876475636724e+03	5.464128454832557225e+01	-1.266660783020923282e-02	-2.548444187090165292e-02	2.845873734717833947e-02	-7.743029118197887328e+01	-1.266660783020889629e-02	-2.548444187090180904e-02	2.845873734717832906e-02	-7.743029118197885907e+01
2.248289345063539551e+12	1.648407064225458685e+00	2.737242080428237481e-02	2.579613085577132736e+01	2.716496599967708647e+00	9.024178363746195031e-02	3.321991407555403147e-02	3.361525539808972553e+03	5.487144088672502562e+01	-1.605171885975173462e-02	-1.301815147682002308e-02	2.066712234990495528e-02	-7.785839618052798983e+01	-1.605171885975184218e-02	-1.301815147681988777e-02	2.066712234990495181e-02	-7.785839618052800404e+01
2.258064516129033203e+12	1.650309854976685697e+00	2.642398672616744909e-02	2.501058498587662626e+01	2.722824390358664637e+00	8.721553140393453751e-02	3.203127300929093507e-02	3.110610078641982000e+03	5.434722541271754181e+01	-2.320184284144920922e-02	-5.021272640807817635e-04	2.320727564856851430e-02	-7.851817802002550195e+01	-2.320184284144919881e-02	-5.021272640810063017e-04	2.320727564856850736e-02	-7.851817802002550195e+01
2.267839687194526855e+12	1.646311067772408876e+00	2.014384985063034234e-02	1.914890690970380049e+01	2.709934357183124476e+00	6.632608591327664171e-02	2.447516329591840206e-02	5.640871125011607319e+02	4.280980298246740290e+01	-5.429889911328238117e-02	-1.039163196667139584e-02	5.528432381647771510e-02	-7.835072443606142656e+01	-5.429889911328225627e-02	-1.039163196667205503e-02	5.528432381647771510e-02	-7.835072443606141235e+01
2.277614858260020508e+12	1.649963294283685711e+00	2.462724246953132065e-02	2.351176512895460036e+01	2.721772371411819602e+00	8.126809222830197466e-02	2.985851905982392362e-02	2.417547023343997807e+03	5.264390768230836670e+01	-2.181279627273524646e-02	1.906913989364097603e-02	2.897292145295503676e-02	-7.925820328482413402e+01	-2.181279627273509727e-02	1.906913989364114256e-02	2.897292145295504023e-02	-7.925820328482413402e+01
2.287390029325514160e+12	1.647359488630901092e+00	2.564664455611352298e-02	2.459007977225918040e+01	2.713135534405276328e+00	8.449848652211530697e-02	3.114421872795879870e-02	3.336155131437668388e+03	5.482024708333249663e+01	-1.819819913637827150e-02	1.671259553380368898e-02	2.470800075448828861e-02	-7.928268588566335495e+01	-1.819819913637822986e-02	1.671259553380371327e-02	2.470800075448827474e-02	-7.928268588566334074e+01
2.297165200391007812e+12	1.647744141324620104e+00	2.715684570110560997e-02	2.614933894530685166e+01	2.714323261001176046e+00	8.949506680170693507e-02	3.297141062288091312e-02	3.531598444312791344e+03	5.520495904667636466e+01	-7.291666986246016745e-03	1.821073838956205337e-02	1.961630444633695805e-02	-7.972975737624764747e+01	-7.291666986246066184e-03	1.821073838956202562e-02	1.961630444633695458e-02	-7.972975737624763326e+01
2.306940371456501465e+12	1.649713923383133718e+00	2.663750296496656886e-02	2.575840939350579717e+01	2.720846472439963470e+00	8.788851905092971706e-02	3.230190308096077961e-02	3.569631171633722715e+03	5.527734267776218502e+01	6.019623347172939690e-03	1.988780635571941319e-02	2.077885239575138002e-02	-8.040452553580563233e+01	6.019623347172758411e-03	1.988780635571946523e-02	2.077885239575138002e-02	-8.040452553580560391e+01
2.316715542521995117e+12	1.649080750698557196e+00	2.511409405912505555e-02	2.438817989534804909e+01	2.718836604604106366e+00	8.283033816827224671e-02	3.046536081940580051e-02	3.500047894638271828e+03	5.514431821851026427e+01	1.430957575902621313e-02	2.104691812212802077e-02	2.545067230630404173e-02	-8.070771366646199851e+01	1.430957575902571180e-02	2.104691812212837465e-02	2.545067230630405214e-02	-8.070771366646195588e+01
2.326490713587488770e+12	1.647327134927748737e+00	2.539437979830231826e-02	2.476441624169248001e+01	2.713041814943924823e+00	8.366570183280891415e-02	3.083833849222783821e-02	3.232871922327788525e+03	5.460773836000549153e+01	1.619217586557867433e-02	1.782202011555747076e-02	2.407926411377979761e-02	-8.084813086262624893e+01	1.619217586557900393e-02	1.782202011555718280e-02	2.407926411377980455e-02	-8.084813086262626314e+01
2.336265884652982422e+12	1.646977805717802834e+00	2.699159631194440051e-02	2.643260696151596889e+01	2.711807346255561857e+00	8.890912013333385211e-02	3.278592790011382319e-02	3.226300795269557057e+03	5.459398922375643082e+01	1.658572799066628314e-02	8.880579514663722654e-03	1.881358725752842534e-02	-8.118981683789077408e+01	1.658572799066625539e-02	8.880579514663781635e-03	1.881358725752842881e-02	-8.118981683789074566e+01
2.346041055718476074e+12	1.649531200888579852e+00	2.727987237461804854e-02	2.682669077575153693e+01	2.720208991268144860e+00	8.999800127638181435e-02	3.308495838565157082e-02	2.313435933144227874e+03	5.234644805454951921e+01	1.708685122896689071e-02	-4.770542611194574997e-03	1.774030895238497274e-02	-8.195366993399987621e+01	1.708685122896690459e-02	-4.770542611194456169e-03	1.774030895238495886e-02	-8.195366993399986200e+01
2.355816226783969727e+12	1.649528986354106719e+00	2.609870643961302930e-02	2.577208484256647480e+01	2.720264734344585378e+00	8.610114555697655214e-02	3.165175229819004038e-02	2.613849311681930885e+03	5.317146498551955602e+01	1.630646719924175314e-02	-1.281102709290910142e-02	2.073700286191806907e-02	-8.234733283701515916e+01	1.630646719924172539e-02	-1.281102709290913785e-02	2.073700286191806907e-02	-8.234733283701515916e+01
2.365591397849463379e+12	1.647284160456008228e+00	2.480038326629672649e-02	2.459162829775397086e+01	2.712930046279100615e+00	8.170655705561767623e-02	3.011745812159134436e-02	2.417155992116307971e+03	5.264281459729572532e+01	1.839948840851592105e-02	-1.648535428718315293e-02	2.470441417376780663e-02	-8.241199204338666107e+01	1.839948840851574757e-02	-1.648535428718333681e-02	2.470441417376779969e-02	-8.241199204338666107e+01
2.375366568914957031e+12	1.645761567729272734e+00	2.539633831621661286e-02	2.528662714430095804e+01	2.707886163814841929e+00	8.359263512375930683e-02	3.087006988727874351e-02	1.887015206661100819e+03	5.096970371307910597e+01	1.388136004561744963e-02	-1.744544884797287129e-02	2.229430066683641201e-02	-8.258009125881380896e+01	1.388136004561767861e-02	-1.744544884797270129e-02	2.229430066683642242e-02	-8.258009125881378054e+01
2.385141739980450684e+12	1.647853056146677098e+00	2.791203303841283470e-02	2.790582228944371224e+01	2.714640613063606267e+00	9.198985789123122203e-02	3.388656953283260276e-02	2.402399269588537209e+03	5.260143401449470701e+01	-4.305789980580524735e-04	-1.511967484846308933e-02	1.512580463303741206e-02	-8.328067568468055981e+01	-4.305789980578778628e-04	-1.511967484846310321e-02	1.512580463303742247e-02	-8.328067568468053139e+01
2.394916911045944336e+12	1.650176146239790365e+00	2.247811530994447277e-02	2.256521659516078415e+01	2.722576047950918898e+00	7.418569939379560108e-02	2.724834792020949109e-02	6.311353238107399193e+02	4.356874209437528833e+01	-2.313635479980993490e-02	-2.399171910167464256e-02	3.333006898997282336e-02	-8.401945569333624064e+01	-2.313635479981012225e-02	-2.399171910167447602e-02	3.333006898997283723e-02	-8.401945569333624064e+01
2.404692082111437988e+12	1.649968063215362601e+00	2.579341526499245862e-02	2.599905032578235975e+01	2.721729309359622651e+00	8.511662285697835229e-02	3.127299344731856307e-02	1.664547203174810875e+03	5.012202868793639254e+01	-1.813356538552761063e-02	-8.555393800119735770e-03	2.005046026071053561e-02	-8.438216846744501254e+01	-1.813356538552752736e-02	-8.555393800119971692e-03	2.005046026071055990e-02	-8.438216846744498412e+01
2.414467253176931641e+12	1.647333702654379728e+00	2.462685578164891531e-02	2.492409785881495665e+01	2.713101845875298235e+00	8.113729903903825480e-02	2.990573286527761082e-02	2.378813668586592030e+03	5.253476490060941018e+01	-2.126524906298552994e-02	-1.004044070564471917e-02	2.351640421651180965e-02	-8.438187916991601867e+01	-2.126524906298539117e-02	-1.004044070564500193e-02	2.351640421651180271e-02	-8.438187916991599025e+01
2.424242424242425293e+12	1.645543970101916997e+00	2.633994188134789263e-02	2.676578718570648263e+01	2.707121165000466068e+00	8.668706507137394213e-02	3.202186373928298663e-02	2.420404232544055958e+03	5.265188933637020341e+01	-1.701382575963048677e-02	-5.600496602124487369e-03	1.791189072011868319e-02	-8.450499981355675061e+01	-1.701382575963050064e-02	-5.600496602124437930e-03	1.791189072011867972e-02	-8.450499981355673640e+01
2.434017595307918945e+12	1.647071763800370237e+00	2.892916653085613257e-02	2.951540834030031135e+01	2.712008498432292747e+00	9.529682668650370225e-02	3.513883778077801778e-02	2.172747868104131612e+03	5.192247825198532496e+01	-1.137575827600573707e-02	3.565666257198722277e-03	1.192148699667279661e-02	-8.512674654479289416e+01	-1.137575827600571625e-02	3.565666257198748298e-03	1.192148699667278447e-02	-8.512674654479286573e+01
2.443792766373412598e+12	1.649065976470233785e+00	2.616930242657117614e-02	2.680684370414334694e+01	2.718733762362232298e+00	8.630981251923691699e-02	3.174632754192330958e-02	2.327184120476805219e+03	5.238648703390111905e+01	-9.632020203645924594e-03	1.496125551476345031e-02	1.779367808468735462e-02	-8.582179533768099589e+01	-9.632020203645740714e-03	1.496125551476357174e-02	1.779367808468735462e-02	-8.582179533768098167e+01
2.453567937438906250e+12	1.646965664369518745e+00	2.450071491528575326e-02	2.519799618524771390e+01	2.711895614580769998e+00	8.070367243596356099e-02	2.975913674628640967e-02	2.088443969863135862e+03	5.165506338916060969e+01	-1.078526650805672164e-02	1.984287941932057903e-02	2.258454864059731768e-02	-8.589593312273919423e+01	-1.078526650805665399e-02	1.984287941932059637e-02	2.258454864059730380e-02	-8.589593312273916581e+01
2.463343108504399902e+12	1.643115477864334650e+00	2.715997688805601995e-02	2.804422638123763889e+01	2.699090809252781220e+00	8.925395680640491047e-02	3.306815632154075368e-02	1.289524569816417170e+03	4.839699212010927454e+01	-9.488312046806692684e-03	1.139729702220512730e-02	1.482991722532337256e-02	-8.569954847506059536e+01	-9.488312046806541764e-03	1.139729702220524526e-02	1.482991722532336736e-02	-8.569954847506058115e+01
2.473118279569893555e+12	1.644520908522784985e+00	2.262218484313307035e-02	2.345139032796728529e+01	2.703937255321529065e+00	7.440531194199914711e-02	2.751739589946642500e-02	9.355635907474605801e+02	4.622866586848805781e+01	-2.569818710888531824e-03	2.914231147069093822e-02	2.925539755432486622e-02	-8.630584377564169074e+01	-2.569818710888977214e-03	2.914231147069089659e-02	2.925539755432486622e-02	-8.630584377564164811e+01
2.482893450635387207e+12	1.646290859996888623e+00	2.887081999312470296e-02	3.004736294821582376e+01	2.709440071462219546e+00	9.505953415059326117e-02	3.508456789719358038e-02	2.148782850747843440e+03	5.184753079627223116e+01	5.988237358686155851e-03	9.251269477172373995e-03	1.102020751180420206e-02	-8.696826445350463075e+01	5.988237358686165392e-03	9.251269477172375730e-03	1.102020751180420900e-02	-8.696826445350460233e+01
2.492668621700880859e+12	1.648621127958559640e+00	2.584503198081486083e-02	2.700416678961697059e+01	2.717283657873263980e+00	8.521733155267208204e-02	3.136122035171297340e-02	2.196809057399181256e+03	5.199689940197939819e+01	1.677271808965564992e-02	4.169773342913285323e-03	1.728326016254838615e-02	-8.772092947145678465e+01	1.677271808965562216e-02	4.169773342913357314e-03	1.728326016254837574e-02	-8.772092947145675623e+01
2.502443792766374512e+12	1.647344510747565050e+00	2.392626548720983015e-02	2.509738136912482531e+01	2.713171470909970129e+00	7.882960422608806250e-02	2.905441291539506352e-02	2.196359372256582901e+03	5.199551601722490091e+01	2.289444533038321322e-02	1.105341444389135218e-03	2.292111268447913006e-02	-8.791635186457367013e+01	2.289444533038322710e-02	1.105341444388904934e-03	2.292111268447912659e-02	-8.791635186457365592e+01
