freq_roi_Hz	n_opt	k_opt	alpha_cm	eps_r	eps_i	loss_tan	DR	alpha_max	H_meas_real	H_meas_imag	H_meas_mag	H_meas_phase	H_model_real	H_model_imag	H_model_mag	H_model_phase
3.030303030303031616e+11	1.670044353004385584e+00	8.003486253006812309e-03	1.016610110401397149e+00	2.788984085209635033e+00	2.673235404236451104e-02	9.584979055323352218e-03	2.182357965216076991e+04	6.797119637821056415e+01	8.394948512122036854e-01	6.646780928262084609e-02	8.421220664978628090e-01	7.901113082645142005e-02	8.394948512122037965e-01	6.646780928261976362e-02	8.421220664978628090e-01	7.901113082645012942e-02
3.128054740957968140e+11	1.670614900074303355e+00	7.966911819613821388e-03	1.044608405237342774e+00	2.790890672666332950e+00	2.661928318684986250e-02	9.537916854843547093e-03	2.654331718541846567e+04	6.930321657463495910e+01	7.380366082956700824e-01	-3.148656020249133158e-01	8.023954028551555373e-01	-4.032470729292653711e-01	7.380366082956699714e-01	-3.148656020249129828e-01	8.023954028551553153e-01	-4.032470729292650380e-01
3.225806451612904663e+11	1.670873362339827750e+00	7.531505341739399770e-03	1.018378579244324289e+00	2.791761069404088413e+00	2.516838330766496892e-02	9.015235430959445129e-03	2.402484636769204371e+04	6.862498785000518353e+01	5.684324986728149787e-01	-5.254149185042953363e-01	7.740648177861432222e-01	-7.460915626501675169e-01	5.684324986728159779e-01	-5.254149185042934489e-01	7.740648177861426671e-01	-7.460915626501648523e-01
3.323558162267841187e+11	1.670361252524093176e+00	7.814799935907067868e-03	1.088705228679279102e+00	2.790045642835819351e+00	2.610707801833386452e-02	9.357222554896439670e-03	2.606018176317686084e+04	6.917824149028980685e+01	3.534865463295754906e-01	-7.479848334012618727e-01	8.273052939721372567e-01	-1.129320110755158479e+00	3.534865463295737142e-01	-7.479848334012606514e-01	8.273052939721354804e-01	-1.129320110755159812e+00
3.421309872922777710e+11	1.669807600964669403e+00	8.342062293692666455e-03	1.196341037315017397e+00	2.788187834236072860e+00	2.785927805145755817e-02	9.991894272464120139e-03	2.894845927567723265e+04	6.989333783311926140e+01	-1.892841828881571334e-02	-7.944609274400035170e-01	7.946863848385392615e-01	-1.594617306856008332e+00	-1.892841828881649743e-02	-7.944609274400031840e-01	7.946863848385389284e-01	-1.594617306856009442e+00
3.519061583577714233e+11	1.670038159075681206e+00	8.536115562426218814e-03	1.259146649265591389e+00	2.788954587499995252e+00	2.851127743906311032e-02	1.022292638497942531e-02	2.645360294822053402e+04	6.928018263995465986e+01	-2.780631819983179764e-01	-6.930860642512184366e-01	7.467847250997262654e-01	-1.952333095953668218e+00	-2.780631819983191422e-01	-6.930860642512179925e-01	7.467847250997263764e-01	-1.952333095953669773e+00
3.616813294232650757e+11	1.670046582411850222e+00	8.815213788729982930e-03	1.336435799906811273e+00	2.788977879431359774e+00	2.944363532219665056e-02	1.055714193337376622e-02	2.825553363659235401e+04	6.972850697917299101e+01	-5.420162363274864115e-01	-5.734094826845037574e-01	7.890374105675369565e-01	-2.328057285998994530e+00	-5.420162363274857453e-01	-5.734094826845022030e-01	7.890374105675352912e-01	-2.328057285998994974e+00
3.714565004887587280e+11	1.669547830406266975e+00	8.782862012547883526e-03	1.367518416118292501e+00	2.787312819349141879e+00	2.932681643561387691e-02	1.052153752963469122e-02	3.085860545878632547e+04	7.032806705184215446e+01	-7.355008305312009664e-01	-2.675895642837811117e-01	7.826657310919332700e-01	-2.792659887487088266e+00	-7.355008305312011885e-01	-2.675895642837799460e-01	7.826657310919329369e-01	-2.792659887487089598e+00
3.812316715542523804e+11	1.669591354835185726e+00	9.085405015894854400e-03	1.451852266127360958e+00	2.787452747556088184e+00	3.033782733942856288e-02	1.088370999868155248e-02	2.890236198588863044e+04	6.988249549529790272e+01	-7.271383158656991030e-01	1.575332429113362673e-02	7.273089423527162589e-01	-3.163254089876230690e+00	-7.271383158656991030e-01	1.575332429113221466e-02	7.273089423527162589e-01	-3.163254089876228470e+00
3.910068426197460327e+11	1.669574426164275760e+00	9.579377129553482556e-03	1.570040263567739292e+00	2.787387000035580709e+00	3.198696614817088391e-02	1.147561000598860959e-02	3.224838527143669489e+04	7.062777325487417102e+01	-6.991282042284254761e-01	2.818862804734287852e-01	7.538170342110925848e-01	-3.524851882919735946e+00	-6.991282042284252540e-01	2.818862804734301730e-01	7.538170342110929179e-01	-3.524851882919737722e+00
4.007820136852396851e+11	1.669574620219908878e+00	9.530300854312756184e-03	1.601046681782489989e+00	2.787388585848079359e+00	3.182309685884138900e-02	1.141681393846958985e-02	3.152651549546891692e+04	7.047375060374800171e+01	-5.007278554140658366e-01	5.734783821975715234e-01	7.613184879112772085e-01	-3.994612472798259706e+00	-5.007278554140645044e-01	5.734783821975725226e-01	7.613184879112772085e-01	-3.994612472798261926e+00
4.105571847507333374e+11	1.669520382409984460e+00	9.357307133740196473e-03	1.610325619071630632e+00	2.787210748085585443e+00	3.124442996849921550e-02	1.120992734042793905e-02	3.293651091805504984e+04	7.077141936782309983e+01	-2.324762932692039652e-01	6.742617185582853168e-01	7.132139174506910706e-01	-4.380366292611470591e+00	-2.324762932692041317e-01	6.742617185582853168e-01	7.132139174506911816e-01	-4.380366292611470591e+00
4.203323558162269897e+11	1.669118937882371645e+00	9.699906002102397576e-03	1.709029300957847441e+00	2.785863940621126744e+00	3.238059360757598870e-02	1.162317840991061550e-02	3.379849690005446610e+04	7.094718243405573332e+01	7.390098613948899858e-03	7.306322326267025158e-01	7.306696058483640455e-01	-4.722503298206006228e+00	7.390098613945634241e-03	7.306322326267024048e-01	7.306696058483639344e-01	-4.722503298206001787e+00
4.301075268817206421e+11	1.668777944613371256e+00	1.018821977325875573e-02	1.836811156501855224e+00	2.784716028605879856e+00	3.400375290497610614e-02	1.221085114448797193e-02	3.343185354673107213e+04	7.087297631381949259e+01	3.282343772338217613e-01	6.621591572533764847e-01	7.390484124416861755e-01	-5.172593201272103869e+00	3.282343772338190968e-01	6.621591572533785941e-01	7.390484124416867306e-01	-5.172593201272099428e+00
4.398826979472142944e+11	1.669074555629631806e+00	1.042451710143805881e-02	1.922126592958868674e+00	2.785701201693454809e+00	3.479859249747244837e-02	1.249186110711301284e-02	3.496241297471601865e+04	7.117752728784253691e+01	5.257791488608891672e-01	4.411013993014723522e-01	6.863047120941236923e-01	-5.585142555986047697e+00	5.257791488608895003e-01	4.411013993014717416e-01	6.863047120941234702e-01	-5.585142555986048585e+00
4.496578690127079468e+11	1.669179235918784254e+00	1.052805843580419815e-02	1.984356261428828594e+00	2.786048481607988681e+00	3.514643307116792348e-02	1.261515487012734860e-02	3.441759822741814423e+04	7.107067584399320026e+01	6.542299693677406935e-01	2.362445260517463119e-01	6.955776943723318562e-01	-5.936653454003146813e+00	6.542299693677404715e-01	2.362445260517463952e-01	6.955776943723317451e-01	-5.936653454003145924e+00
4.594330400782015991e+11	1.668770477290642651e+00	1.044272649632890966e-02	2.011061208441627279e+00	2.784685855340161886e+00	3.485302735898886811e-02	1.251596379970530519e-02	3.647196242407992395e+04	7.146510930792354088e+01	7.188306990870778623e-01	-6.356730260308042502e-02	7.216359025923313464e-01	-6.371387402876984574e+00	7.188306990870777513e-01	-6.356730260307970337e-02	7.216359025923311243e-01	-6.371387402876983685e+00
4.692082111436951904e+11	1.668385876266164081e+00	1.067101113809548925e-02	2.098748206260963034e+00	2.783397561645706730e+00	3.560672853655488107e-02	1.279254139875803803e-02	3.635601303232257487e+04	7.144344585980027773e+01	5.925387785350558767e-01	-3.214107790391348418e-01	6.740972429481963957e-01	-6.780198006503247221e+00	5.925387785350562098e-01	-3.214107790391349528e-01	6.740972429481966177e-01	-6.780198006503247221e+00
4.789833822091888428e+11	1.668462979228371834e+00	1.111599261677769304e-02	2.231813278018248692e+00	2.783645147763758043e+00	3.709324431693898638e-02	1.332542129040328698e-02	3.842932454107052035e+04	7.182077155532641655e+01	4.405554652042725783e-01	-4.984275221435167103e-01	6.652211006511135061e-01	-7.130138309031279320e+00	4.405554652042719677e-01	-4.984275221435169878e-01	6.652211006511132840e-01	-7.130138309031280208e+00
4.887585532746824951e+11	1.668511007451194850e+00	1.134183902004544560e-02	2.323630190609931034e+00	2.783800344673444283e+00	3.784796649937059720e-02	1.359579057879970951e-02	3.832657762187904154e+04	7.180255718063008885e+01	1.977686299548772897e-01	-6.588187866654500180e-01	6.878623588026639979e-01	-7.562353574355673125e+00	1.977686299548772064e-01	-6.588187866654500180e-01	6.878623588026639979e-01	-7.562353574355673125e+00
4.985337243401761475e+11	1.668357319737304056e+00	1.101120655996748639e-02	2.301010567299839771e+00	2.783294899651134635e+00	3.674125412692234860e-02	1.320063286557511192e-02	4.107954074368275178e+04	7.227448708657472309e+01	-8.927036185472793373e-02	-6.535239955855346450e-01	6.595929125693786865e-01	-7.989739863210623128e+00	-8.927036185472699004e-02	-6.535239955855352001e-01	6.595929125693791306e-01	-7.989739863210621351e+00
5.083088954056697998e+11	1.668197837543810236e+00	1.125204614023010349e-02	2.397443468754914875e+00	2.782757416643502957e+00	3.754127807815006712e-02	1.349067577849868103e-02	4.089528255224481109e+04	7.224390240063745239e+01	-2.990384378456064085e-01	-5.719354933076798986e-01	6.453946047297264288e-01	-8.335744394467397456e+00	-2.990384378456064085e-01	-5.719354933076798986e-01	6.453946047297264288e-01	-8.335744394467397456e+00
5.180840664711634521e+11	1.667733584049929663e+00	1.178175139407121493e-02	2.558581476997521253e+00	2.781196497702111969e+00	3.929764495763928694e-02	1.412976213299128522e-02	4.298802581483040558e+04	7.258343971475552792e+01	-5.112867420235355231e-01	-4.206218611982912581e-01	6.620701493701071083e-01	-8.736364028720837283e+00	-5.112867420235375215e-01	-4.206218611982892042e-01	6.620701493701073304e-01	-8.736364028720842612e+00
5.278592375366571045e+11	1.667978572649054803e+00	1.196971052071590068e-02	2.648444854913853064e+00	2.782009244846428420e+00	3.993044133873216439e-02	1.435309440926620279e-02	4.299299274991788843e+04	7.258422575155393019e+01	-6.141894068932043371e-01	-1.505396765180118668e-01	6.323692131547627993e-01	-9.184413506931409898e+00	-6.141894068932041151e-01	-1.505396765180131435e-01	6.323692131547627993e-01	-9.184413506931408122e+00
5.376344086021507568e+11	1.668165480681652602e+00	1.199093022361686148e-02	2.702272195455631465e+00	2.782632288530221487e+00	4.000571176059995737e-02	1.437693076641860697e-02	4.531790684706268803e+04	7.294252833962600846e+01	-6.106798633730950998e-01	7.637323922053670944e-02	6.154370538068205665e-01	-9.549194636488621768e+00	-6.106798633730949888e-01	7.637323922053455838e-02	6.154370538068202334e-01	-9.549194636488618215e+00
5.474095796676444092e+11	1.667719078053285564e+00	1.186943792120886791e-02	2.723527142345430363e+00	2.781146039746335674e+00	3.958977613393831890e-02	1.423505834218948343e-02	4.249403792285708187e+04	7.250480702727281823e+01	-5.609394568195213981e-01	3.147731121003853882e-01	6.432225014086039305e-01	-9.936143934928143295e+00	-5.609394568195197328e-01	3.147731121003887744e-01	6.432225014086041526e-01	-9.936143934928150401e+00
5.571847507331380615e+11	1.667138830855360299e+00	1.160032876006537005e-02	2.709309879243007924e+00	2.779217313718436166e+00	3.867871705318638720e-02	1.391712582613284163e-02	3.116460402695741141e+04	7.039519844518403602e+01	-3.744124304190376007e-01	5.097121532674303568e-01	6.324485332742982857e-01	-1.036203043435080140e+01	-3.744124304190341035e-01	5.097121532674329103e-01	6.324485332742982857e-01	-1.036203043435080851e+01
5.669599217986317139e+11	1.667293243676281511e+00	1.236986204640869516e-02	2.939722776045539998e+00	2.779713746921529172e+00	4.124837483036975644e-02	1.483907286354625883e-02	4.237050198747851391e+04	7.248499977045656806e+01	-1.532739285949158425e-01	5.732918782279191605e-01	5.934277334511883772e-01	-1.073432696425341959e+01	-1.532739285949160646e-01	5.732918782279187164e-01	5.934277334511880442e-01	-1.073432696425341781e+01
5.767350928641253662e+11	1.667370212306196864e+00	1.290821621087208035e-02	3.120554487941550992e+00	2.779956802840265251e+00	4.304555040803214466e-02	1.548425154090623396e-02	4.384509087850389187e+04	7.271774697372850937e+01	7.864429542292972197e-02	5.971713198036213699e-01	6.023275773186613780e-01	-1.112651546071432129e+01	7.864429542292758479e-02	5.971713198036211478e-01	6.023275773186609339e-01	-1.112651546071431774e+01
5.865102639296190186e+11	1.667573219142528096e+00	1.260912821402140373e-02	3.099915378124019849e+00	2.780641451087056293e+00	4.205328905287309543e-02	1.512359280857044665e-02	4.381174866048937110e+04	7.271257131444642141e+01	3.303154486388413247e-01	5.010532434236921739e-01	6.001355249898815414e-01	-1.157841925625064405e+01	3.303154486388401034e-01	5.010532434236933952e-01	6.001355249898818744e-01	-1.157841925625064228e+01
5.962854349951126709e+11	1.667391036982418306e+00	1.250170222699071784e-02	3.124730113548399135e+00	2.780036577650731644e+00	4.169045248061492570e-02	1.499636832686763316e-02	4.366446299392291257e+04	7.268966116579048276e+01	4.714233381239764098e-01	3.340186351860807146e-01	5.777615532202926563e-01	-1.194994123621554749e+01	4.714233381239776310e-01	3.340186351860792158e-01	5.777615532202927673e-01	-1.194994123621554927e+01
6.060606060606063232e+11	1.666888541018624048e+00	1.272670843695074099e-02	3.233116184656204872e+00	2.778355439071557687e+00	4.242800891687646681e-02	1.527090750168906552e-02	4.437382703082461376e+04	7.279929988311853606e+01	5.694931401213909616e-01	1.485175195985125318e-01	5.885404746260164410e-01	-1.231126370134192705e+01	5.694931401213912947e-01	1.485175195985117824e-01	5.885404746260166631e-01	-1.231126370134192705e+01
6.158357771260999756e+11	1.666613970052795324e+00	1.315005920079017308e-02	3.394546676840270560e+00	2.777429201118155611e+00	4.383214474211639955e-02	1.578155249626891216e-02	4.465095056028261024e+04	7.284165646305473274e+01	5.691662630582287052e-01	-1.010630471125828767e-01	5.780691779496195393e-01	-1.274210233749208676e+01	5.691662630582282612e-01	-1.010630471125842228e-01	5.780691779496194282e-01	-1.274210233749209031e+01
6.256109481915936279e+11	1.666897149944539303e+00	1.341649876726668487e-02	3.518298607658637778e+00	2.778366106054055873e+00	4.472784711478252490e-02	1.609861530390851309e-02	4.532687498494424653e+04	7.294387456089923205e+01	4.587518290643523566e-01	-2.983347326829821067e-01	5.472265101353507299e-01	-1.314296959875409421e+01	4.587518290643516905e-01	-2.983347326829835500e-01	5.472265101353509520e-01	-1.314296959875409776e+01
6.353861192570872803e+11	1.666998369621610410e+00	1.344687243746615218e-02	3.581361569554989188e+00	2.778702745942757790e+00	4.483182885953169300e-02	1.613408592372523112e-02	4.529028931444566115e+04	7.293838095433122248e+01	3.211170110781844667e-01	-4.535424540818458472e-01	5.557129586921382147e-01	-1.352107885420932476e+01	3.211170110781844667e-01	-4.535424540818459027e-01	5.557129586921383257e-01	-1.352107885420932476e+01
6.451612903225809326e+11	1.666646664256260069e+00	1.325301172640242983e-02	3.584033374535200878e+00	2.777535461156698915e+00	4.417617557031541797e-02	1.590481064530436042e-02	4.430933713092382823e+04	7.278940507040856289e+01	1.090214928130179978e-01	-5.531974772404730789e-01	5.638378620848397693e-01	-1.394258528281317666e+01	1.090214928130216337e-01	-5.531974772404724128e-01	5.638378620848396583e-01	-1.394258528281317133e+01
6.549364613880745850e+11	1.666440444894434991e+00	1.339020993595098352e-02	3.676001806625817547e+00	2.776844458657833581e+00	4.462797480579207970e-02	1.607147086205997638e-02	4.498803982099837594e+04	7.289282546974612842e+01	-1.053800326728810965e-01	-5.261164166026420785e-01	5.365663380281532335e-01	-1.433484896211239601e+01	-1.053800326728797504e-01	-5.261164166026425226e-01	5.365663380281533446e-01	-1.433484896211239246e+01
6.647116324535682373e+11	1.666339793338110109e+00	1.385324906196514806e-02	3.859882482380449620e+00	2.776496394352522490e+00	4.616844035795274193e-02	1.662830913516068210e-02	4.377032163691830647e+04	7.270613517365505629e+01	-2.832263235213845487e-01	-4.479866662355726503e-01	5.300086824386015527e-01	-1.470094163586626301e+01	-2.832263235213858255e-01	-4.479866662355725948e-01	5.300086824386021078e-01	-1.470094163586626479e+01
6.744868035190618896e+11	1.666346887853159542e+00	1.395925871593371205e-02	3.946616929432739340e+00	2.776517089754011902e+00	4.652193463606646429e-02	1.675550091434449551e-02	4.288142370439845399e+04	7.256654758822354268e+01	-4.474805746000244389e-01	-2.930419780834623289e-01	5.348948172897513009e-01	-1.512817152685019018e+01	-4.474805746000248829e-01	-2.930419780834614407e-01	5.348948172897511899e-01	-1.512817152685019195e+01
6.842619745845555420e+11	1.666336672672076746e+00	1.391474012699443763e-02	3.991045391757347183e+00	2.776484286699045789e+00	4.637328352862508246e-02	1.670215954427681920e-02	4.241698509769890370e+04	7.249245945457961682e+01	-5.073084421548321732e-01	-8.734313407006712160e-02	5.147724531778526957e-01	-1.553746512843635763e+01	-5.073084421548319511e-01	-8.734313407006824570e-02	5.147724531778525847e-01	-1.553746512843635585e+01
6.940371456500491943e+11	1.666149980597555480e+00	1.403190194536933950e-02	4.082144908486546875e+00	2.775858863573029911e+00	4.675850630804784941e-02	1.684469874230609676e-02	4.071714660592244036e+04	7.221420264136280309e+01	-5.012204750073220305e-01	9.720415773410563676e-02	5.105591178770216843e-01	-1.589952028614682789e+01	-5.012204750073220305e-01	9.720415773410746862e-02	5.105591178770220173e-01	-1.589952028614683144e+01
7.038123167155428467e+11	1.665889178168785456e+00	1.428819613584616892e-02	4.215250873053249414e+00	2.774982601391055237e+00	4.760510263651838297e-02	1.715509949959855354e-02	3.963366144896241167e+04	7.203071111171911411e+01	-4.246028509559990893e-01	2.894657488626887210e-01	5.138852019708288754e-01	-1.630632396696194775e+01	-4.246028509559983677e-01	2.894657488626897202e-01	5.138852019708287644e-01	-1.630632396696195130e+01
7.135874877810364990e+11	1.665988580113360928e+00	1.440106279464095640e-02	4.307555994397290533e+00	2.775310558458516930e+00	4.798401231473447409e-02	1.728960103887836747e-02	3.927328327400294802e+04	7.196856653241862034e+01	-2.587006321776464390e-01	4.208758878984572571e-01	4.940268516016398936e-01	-1.672762163765939647e+01	-2.587006321776463280e-01	4.208758878984573126e-01	4.940268516016398381e-01	-1.672762163765939647e+01
7.233626588465301514e+11	1.666043416515262887e+00	1.456139585327990114e-02	4.415178390753816018e+00	2.775488631464654077e+00	4.851983539325925576e-02	1.748154715649288468e-02	3.907150916311454785e+04	7.193352256667294853e+01	-8.506771402826186768e-02	4.771459247474203469e-01	4.846697323673772040e-01	-1.710232883173198459e+01	-8.506771402826268647e-02	4.771459247474200693e-01	4.846697323673770375e-01	-1.710232883173198104e+01
7.331378299120238037e+11	1.665739454349879356e+00	1.452861557360674016e-02	4.464769299969703731e+00	2.774476849107348375e+00	4.840177635607770257e-02	1.744537042060752621e-02	3.929194823757084669e+04	7.197179914559693259e+01	1.075298648107877592e-01	4.825721549187791393e-01	4.944072779896959702e-01	-1.749800430910454807e+01	1.075298648107892996e-01	4.825721549187788617e-01	4.944072779896959702e-01	-1.749800430910455162e+01
7.429130009775174561e+11	1.665471933710829466e+00	1.466025014410081949e-02	4.565291365916110955e+00	2.773581839044201747e+00	4.883247031236011976e-02	1.760628427289824549e-02	3.865651635159394209e+04	7.186087450291297785e+01	2.812940455576664056e-01	3.867784902092237242e-01	4.782509179862858284e-01	-1.790755689261905559e+01	2.812940455576674048e-01	3.867784902092231691e-01	4.782509179862859949e-01	-1.790755689261905914e+01
7.526881720430111084e+11	1.665405174000466726e+00	1.490146602886485358e-02	4.701465457519345748e+00	2.773352339897715346e+00	4.963395724932743308e-02	1.789673693287669246e-02	3.082392620723120126e+04	7.032041699696885928e+01	3.906916054444250497e-01	2.496853116822665142e-01	4.636622536228421909e-01	-1.828089181692281784e+01	3.906916054444248276e-01	2.496853116822664864e-01	4.636622536228420244e-01	-1.828089181692281784e+01
7.624633431085047607e+11	1.665476549151157837e+00	1.518952307505169741e-02	4.854586770612025148e+00	2.773581414161201852e+00	5.059558894857797001e-02	1.824196999960042698e-02	3.927783322390820831e+04	7.196935468668759484e+01	4.589350725978477707e-01	7.621582236177203151e-02	4.652206491963495893e-01	-1.868498683385652370e+01	4.589350725978479373e-01	7.621582236177060210e-02	4.652206491963495893e-01	-1.868498683385652726e+01
7.722385141739984131e+11	1.665529642261806442e+00	1.511994060760355439e-02	4.894301325742776321e+00	2.773760376648763071e+00	5.036541854240341592e-02	1.815781167198535911e-02	4.023814961458117614e+04	7.213369268961636749e+01	4.419413783234044657e-01	-1.183341200589019121e-01	4.575097221311314466e-01	-1.911117856373146395e+01	4.419413783234053539e-01	-1.183341200588983455e-01	4.575097221311313911e-01	-1.911117856373145685e+01
7.820136852394920654e+11	1.665458532731088903e+00	1.510838617069921487e-02	4.952467010061950781e+00	2.773523860914108408e+00	5.032478132757477879e-02	1.814470826690077476e-02	3.967716258296749584e+04	7.203817431272801741e+01	3.581942887107818496e-01	-2.667375031333305002e-01	4.466005419195395731e-01	-1.948963882200200715e+01	3.581942887107810725e-01	-2.667375031333313884e-01	4.466005419195395176e-01	-1.948963882200200715e+01
7.917888563049857178e+11	1.665087512485145638e+00	1.528596663873128120e-02	5.073310623510969286e+00	2.772282763457889931e+00	5.090494433283198478e-02	1.836210396854967564e-02	3.978605030572358373e+04	7.205681964148581642e+01	2.364043972675240468e-01	-3.815945646789337675e-01	4.488891297858819129e-01	-1.986570533760435353e+01	2.364043972675283767e-01	-3.815945646789312140e-01	4.488891297858819129e-01	-1.986570533760434287e+01
8.015640273704793701e+11	1.664989045648010757e+00	1.551788774355211675e-02	5.213867444456219857e+00	2.771947717287852164e+00	5.167422620921960363e-02	1.864184735049009140e-02	3.868943279238571267e+04	7.186666521938563790e+01	5.940145586207538908e-02	-4.342369800136602342e-01	4.382810602454981774e-01	-2.028440105148996508e+01	5.940145586207860873e-02	-4.342369800136597902e-01	4.382810602454982329e-01	-2.028440105148995798e+01
8.113391984359730225e+11	1.665001898291017524e+00	1.571184301268405484e-02	5.343413100678548133e+00	2.771984459301836345e+00	5.232049688353881955e-02	1.887474394308706963e-02	3.908830658075419342e+04	7.193644682664171341e+01	-1.056800886511081727e-01	-4.086423809508351046e-01	4.220863379054970999e-01	-2.067342036395488236e+01	-1.056800886511077842e-01	-4.086423809508351046e-01	4.220863379054970443e-01	-2.067342036395488236e+01
8.211143695014666748e+11	1.664940874600085774e+00	1.585149213347486485e-02	5.455856801153006863e+00	2.771776846111240644e+00	5.278359435284804557e-02	1.904323373900124877e-02	3.701458219127566554e+04	7.156558306808069858e+01	-2.520313400763931067e-01	-3.393181610953692195e-01	4.226779043548946624e-01	-2.105920245945060998e+01	-2.520313400763952716e-01	-3.393181610953676097e-01	4.226779043548946069e-01	-2.105920245945061353e+01
8.308895405669603271e+11	1.664811148271439389e+00	1.578973694340259429e-02	5.499299185756278519e+00	2.771346843616126598e+00	5.257386018330008348e-02	1.897050897992267129e-02	3.768378483220870112e+04	7.168748627656246697e+01	-3.662023637323489900e-01	-2.083712895291724154e-01	4.213345054742251294e-01	-2.147383072141070670e+01	-3.662023637323488234e-01	-2.083712895291725820e-01	4.213345054742250739e-01	-2.147383072141070315e+01
8.406647116324539795e+11	1.664741942690597609e+00	1.597273686867689210e-02	5.628482444910673621e+00	2.771110607430188999e+00	5.318097000969380234e-02	1.919121159115752193e-02	3.518882156412788754e+04	7.122144260944654093e+01	-4.021829862606152162e-01	-5.107962962332067425e-02	4.054137183174266745e-01	-2.186481898783156907e+01	-4.021829862606153272e-01	-5.107962962331872442e-02	4.054137183174266190e-01	-2.186481898783157618e+01
8.504398826979476318e+11	1.664629671309485470e+00	1.608235310538718571e-02	5.733005696297082565e+00	2.770733300522519205e+00	5.354232432740750613e-02	1.932424326704782966e-02	3.602579467823004234e+04	7.138136870905806575e+01	-3.914286429106588194e-01	1.012622816979112383e-01	4.043147686958110110e-01	-2.224429782608209294e+01	-3.914286429106589860e-01	1.012622816979113494e-01	4.043147686958112330e-01	-2.224429782608209294e+01
8.602150537634412842e+11	1.664485670124026484e+00	1.611946136297896098e-02	5.812282641572807051e+00	2.770252709013596881e+00	5.366122489759277830e-02	1.937051617095969513e-02	3.444900072952755727e+04	7.107688042739960110e+01	-3.175940295606282104e-01	2.480758320180619092e-01	4.029982457083539638e-01	-2.265426454536453704e+01	-3.175940295606300978e-01	2.480758320180594390e-01	4.029982457083539638e-01	-2.265426454536452638e+01
8.699902248289349365e+11	1.664370826176175822e+00	1.620854312338862110e-02	5.910817015099993910e+00	2.769867530156183477e+00	5.395405261877298658e-02	1.947892887705380757e-02	3.562468472892652062e+04	7.130519486898288051e+01	-1.914473718677814074e-01	3.396260447527449933e-01	3.898691401861323347e-01	-2.304864395550791656e+01	-1.914473718677804637e-01	3.396260447527453818e-01	3.898691401861322237e-01	-2.304864395550792011e+01
8.797653958944285889e+11	1.664293099632977224e+00	1.650350316896022004e-02	6.086003219019782584e+00	2.769599155869095330e+00	5.493333288774293610e-02	1.983439833570607713e-02	3.488112908249028260e+04	7.116169165549710840e+01	-5.105881592045601741e-02	3.792179839033475441e-01	3.826398855306626379e-01	-2.342810739920831509e+01	-5.105881592045699580e-02	3.792179839033475997e-01	3.826398855306627489e-01	-2.342810739920831153e+01
8.895405669599222412e+11	1.664269951217883792e+00	1.667379862317301675e-02	6.217123174130168017e+00	2.769516454966251207e+00	5.549940404240994579e-02	2.003938411085780941e-02	3.486116754691162350e+04	7.115779712872846119e+01	1.040833514913375862e-01	3.652021665502805381e-01	3.797446069540529878e-01	-2.383958591796398707e+01	1.040833514913404173e-01	3.652021665502799830e-01	3.797446069540532099e-01	-2.383958591796399418e+01
8.993157380254158936e+11	1.664337017851461820e+00	1.663712519644092169e-02	6.271618600340920224e+00	2.769740915055895147e+00	5.537956667013180234e-02	1.999449348099557183e-02	3.441533990811021795e+04	7.107022942155107614e+01	2.349731854537695230e-01	2.867502673496752363e-01	3.707264675032007628e-01	-2.424842457878030544e+01	2.349731854537709386e-01	2.867502673496740706e-01	3.707264675032008183e-01	-2.424842457878031254e+01
9.090909090909095459e+11	1.664200821297858290e+00	1.664380658691703985e-02	6.342334396639401461e+00	2.769287357310763031e+00	5.539727318294008357e-02	2.000416209487772962e-02	3.375170011357196927e+04	7.093775602114111223e+01	3.212005077111827478e-01	1.788127938477087064e-01	3.676190710471163303e-01	-2.462476750100086065e+01	3.212005077111823592e-01	1.788127938477092616e-01	3.676190710471162193e-01	-2.462476750100086065e+01
9.188660801564031982e+11	1.663870176374171228e+00	1.673002403537661789e-02	6.443739068656014979e+00	2.768184070123191454e+00	5.567317608497243664e-02	2.011180422785065550e-02	3.235937152601639536e+04	7.065114773386207503e+01	3.646082366957492105e-01	4.348447032841031012e-02	3.671921369339570806e-01	-2.501403836781434364e+01	3.646082366957493770e-01	4.348447032840865867e-02	3.671921369339570251e-01	-2.501403836781434720e+01
9.286412512218968506e+11	1.663752108384008999e+00	1.697852629907807553e-02	6.609020886177631837e+00	2.767782807796946631e+00	5.649611785468898473e-02	2.041204884123758861e-02	3.285014986011246947e+04	7.075355706945623524e+01	3.398291264661635891e-01	-9.892160073823690059e-02	3.539340592361392979e-01	-2.541600580790353447e+01	3.398291264661640887e-01	-9.892160073823526301e-02	3.539340592361392979e-01	-2.541600580790352737e+01
9.384164222873903809e+11	1.663854161709776402e+00	1.727569733225366166e-02	6.795483261850613133e+00	2.768112221720627097e+00	5.748848180541747677e-02	2.076811819778148077e-02	3.079518201360939565e+04	7.031406965742044690e+01	2.682082285778660258e-01	-2.144762980552011034e-01	3.434177285818836300e-01	-2.580727687987957708e+01	2.682082285778657482e-01	-2.144762980552016307e-01	3.434177285818837411e-01	-2.580727687987958063e+01
9.481915933528840332e+11	1.663882409466555190e+00	1.732451484854458101e-02	6.885672190998760378e+00	2.768204533717491866e+00	5.765191101807094071e-02	2.082646362140326904e-02	3.076478794338104490e+04	7.030735154174207935e+01	1.621361635449225236e-01	-3.028866960187572843e-01	3.435527414447815953e-01	-2.621204798939100300e+01	1.621361635449211358e-01	-3.028866960187581725e-01	3.435527414447817063e-01	-2.621204798939100655e+01
9.579667644183776855e+11	1.663840904737140081e+00	1.720223007300293941e-02	6.907555053699184100e+00	2.768070639557020041e+00	5.724354809632330177e-02	2.067994482448760885e-02	2.900593299119307267e+04	6.990683181240927979e+01	2.823958309247260462e-02	-3.383449393738765520e-01	3.395213867389635931e-01	-2.662026667376808575e+01	2.823958309247358994e-02	-3.383449393738764410e-01	3.395213867389635376e-01	-2.662026667376808220e+01
9.677419354838713379e+11	1.663605666649148107e+00	1.727468524123340621e-02	7.007431561668626685e+00	2.767285399356972597e+00	5.747652851379260464e-02	2.077000389159292665e-02	2.805995963719346400e+04	6.968125261223251243e+01	-9.528705465039698230e-02	-3.185999563740362084e-01	3.325440647274966466e-01	-2.699415061743592403e+01	-9.528705465039501166e-02	-3.185999563740367635e-01	3.325440647274967021e-01	-2.699415061743591693e+01
9.775171065493649902e+11	1.663428978565024696e+00	1.750488613292247239e-02	7.172537333629834144e+00	2.766689545691355168e+00	5.823626971996858498e-02	2.104908004971558708e-02	2.665288457281614683e+04	6.933124239117337595e+01	-2.064211442977810229e-01	-2.559214846650489372e-01	3.287940010498491827e-01	-2.738227781846586240e+01	-2.064211442977814392e-01	-2.559214846650486042e-01	3.287940010498491827e-01	-2.738227781846586240e+01
9.872922776148586426e+11	1.663407199412360704e+00	1.765789197831636043e-02	7.307583001158169722e+00	2.766611709907754957e+00	5.874452928635441606e-02	2.123338417023944852e-02	2.379840394184544493e+04	6.856055921450392532e+01	-2.843452343510067259e-01	-1.488069799807019700e-01	3.209294775945425449e-01	-2.779219531791842712e+01	-2.843452343510065039e-01	-1.488069799807024696e-01	3.209294775945425449e-01	-2.779219531791842357e+01
9.970674486803522949e+11	1.663457025924550248e+00	1.786148950472040906e-02	7.465026811412062813e+00	2.766770244290422731e+00	5.942364042020956139e-02	2.147762017566788931e-02	2.579703913960472346e+04	6.910919483139925035e+01	-3.097726737396235830e-01	-2.735525133042024382e-02	3.109781651035096739e-01	-2.818625485814047593e+01	-3.097726737396235830e-01	-2.735525133042147547e-02	3.109781651035098404e-01	-2.818625485814047238e+01
1.006842619745845947e+12	1.663361501827660627e+00	1.795595298624896863e-02	7.578080453772669145e+00	2.766449069514726133e+00	5.973448185190790433e-02	2.159247481190252477e-02	2.706691674692342349e+04	6.943611577274775470e+01	-2.951929684596897863e-01	9.182841562905558197e-02	3.091461572541149838e-01	-2.857592390482801292e+01	-2.951929684596901748e-01	9.182841562905430521e-02	3.091461572541149838e-01	-2.857592390482800937e+01
1.016617790811339600e+12	1.663328995719983050e+00	1.802099360618771365e-02	7.679370113344609727e+00	2.766338591792293133e+00	5.994968239371289281e-02	2.167112969163759520e-02	2.660528633992850155e+04	6.931908160430293719e+01	-2.307629483500470979e-01	1.984141301315041073e-01	3.043348572987457645e-01	-2.898450024220255017e+01	-2.307629483500479584e-01	1.984141301315031081e-01	3.043348572987457645e-01	-2.898450024220254662e+01
1.026392961876833252e+12	1.663252995997808625e+00	1.817708994751417173e-02	7.820367869808176664e+00	2.766080122096726157e+00	6.046619862744919555e-02	2.185988690075072599e-02	2.679971781807158914e+04	6.936862018074688763e+01	-1.340447186888306386e-01	2.631521617446233030e-01	2.953253237350906835e-01	-2.937400597286493920e+01	-1.340447186888306108e-01	2.631521617446233585e-01	2.953253237350907390e-01	-2.937400597286493920e+01
1.036168132942326904e+12	1.663214405797689643e+00	1.817842058152296242e-02	7.895425497496118439e+00	2.765951704678123235e+00	6.046922197167640955e-02	2.186199486759052985e-02	2.664967481910395873e+04	6.933042302010238700e+01	-2.365535935588589100e-02	2.935459982178297844e-01	2.944975875893692252e-01	-2.976471912268261022e+01	-2.365535935588608529e-02	2.935459982178297844e-01	2.944975875893692807e-01	-2.976471912268261022e+01
1.045943304007820557e+12	1.663071536834201281e+00	1.826694828630345824e-02	8.008723580908069906e+00	2.765473255228377614e+00	6.075848351954714344e-02	2.197037465637309214e-02	2.662522067433692064e+04	6.932417723723770564e+01	9.120947415658002544e-02	2.755915200350362859e-01	2.902927041645064765e-01	-3.016474227906036631e+01	9.120947415657905399e-02	2.755915200350366190e-01	2.902927041645064210e-01	-3.016474227906036276e+01
1.055718475073314209e+12	1.662994953159120382e+00	1.855818799460822247e-02	8.212452160105293331e+00	2.765207807891061798e+00	6.172434594962330351e-02	2.232177479518204777e-02	2.638398960140467898e+04	6.926225567693472840e+01	1.823405009931439169e-01	2.112967682373784739e-01	2.790956512917948662e-01	-3.055709984033972049e+01	1.823405009931449161e-01	2.112967682373775025e-01	2.790956512917948107e-01	-3.055709984033972759e+01
1.065493646138807861e+12	1.662996775173273933e+00	1.885952593419580950e-02	8.423077510196032236e+00	2.765202592518245961e+00	6.272666161972871579e-02	2.268429148354157016e-02	2.591397251062124633e+04	6.913996381532550117e+01	2.429329599127270090e-01	1.224153708910362959e-01	2.720329870481677514e-01	-3.094915902868426727e+01	2.429329599127269257e-01	1.224153708910364624e-01	2.720329870481677514e-01	-3.094915902868426727e+01
1.075268817204301514e+12	1.663080379076874449e+00	1.900231893288660892e-02	8.564713019576045028e+00	2.765475259145653286e+00	6.320476754848945722e-02	2.285493870880461048e-02	2.497800445477876929e+04	6.888968870817505774e+01	2.671564372112923968e-01	1.454541828375469775e-02	2.675521091983402711e-01	-3.136153491558254203e+01	2.671564372112924524e-01	1.454541828375464051e-02	2.675521091983403266e-01	-3.136153491558254203e+01
1.085043988269795166e+12	1.663065065859298475e+00	1.897354797941142729e-02	8.629488533795901972e+00	2.765425417758665461e+00	6.310848963992884975e-02	2.282053576085132929e-02	2.354424538130274959e+04	6.848751037250448803e+01	2.473730772250597176e-01	-8.877751125737320947e-02	2.628210148387080669e-01	-3.176049119714106439e+01	2.473730772250599952e-01	-8.877751125737265436e-02	2.628210148387080669e-01	-3.176049119714106439e+01
1.094819159335288818e+12	1.662460118488689131e+00	1.899686156259253536e-02	8.717930609443715895e+00	2.763412764816198131e+00	6.316304944852162151e-02	2.285690008120186065e-02	1.580149912942453375e+04	6.577446743629099046e+01	1.996668233826086325e-01	-1.666703655589068522e-01	2.600881602750141908e-01	-3.211149582287637827e+01	1.996668233826108529e-01	-1.666703655589041599e-01	2.600881602750141908e-01	-3.211149582287637116e+01
1.104594330400782471e+12	1.662782285975187069e+00	1.880408894736909989e-02	8.706513298206960627e+00	2.764491336791727871e+00	6.253421201117427553e-02	2.262051292363500068e-02	1.317880714145472302e+04	6.453968295240977682e+01	1.137609459434365394e-01	-2.361524980486586489e-01	2.621250754059352150e-01	-3.253780052900921760e+01	1.137609459434358872e-01	-2.361524980486589542e-01	2.621250754059352150e-01	-3.253780052900922470e+01
1.114369501466276123e+12	1.662794051243030147e+00	1.929161694057819967e-02	9.011290877136444166e+00	2.764511890365026758e+00	6.415597177530539541e-02	2.320697986465676890e-02	1.528735099026645003e+04	6.554941683019549714e+01	1.150398292246864254e-02	-2.485674681958746357e-01	2.488335344530306636e-01	-3.294047473569135320e+01	1.150398292247155514e-02	-2.485674681958743582e-01	2.488335344530305526e-01	-3.294047473569133899e+01
1.124144672531769775e+12	1.662876155368644415e+00	1.978495464229580031e-02	9.322801270984323097e+00	2.764765663663406592e+00	6.579985861944770420e-02	2.379943424653961290e-02	2.199420859800052858e+04	6.802418241412274824e+01	-8.187723479443909103e-02	-2.232768224268450175e-01	2.378159393535525523e-01	-3.333820345071863755e+01	-8.187723479443843877e-02	-2.232768224268451562e-01	2.378159393535524690e-01	-3.333820345071863755e+01
1.133919843597263428e+12	1.663070019820638956e+00	2.005587932514691848e-02	9.532640707641935052e+00	2.765399652530715624e+00	6.670866325358486282e-02	2.412261214849628979e-02	2.299589905827138864e+04	6.832718425144973651e+01	-1.610209367511017953e-01	-1.669069657166126486e-01	2.319173932177766573e-01	-3.375417379763415227e+01	-1.610209367510995471e-01	-1.669069657166147025e-01	2.319173932177765740e-01	-3.375417379763413805e+01
1.143695014662757080e+12	1.662991889149652902e+00	2.027065999605335775e-02	9.717784820714006955e+00	2.765131123720856010e+00	6.741988632229413414e-02	2.438216609112250910e-02	2.261469908507074797e+04	6.821345971245328599e+01	-2.063073237450935571e-01	-8.868457872430800248e-02	2.245610525767343102e-01	-3.415153392079152184e+01	-2.063073237450938069e-01	-8.868457872430747513e-02	2.245610525767343102e-01	-3.415153392079152184e+01
1.153470185728250732e+12	1.662650693271984226e+00	2.066477593461265791e-02	9.991397452848435279e+00	2.763980294873381816e+00	6.871660806798790544e-02	2.486146814991523762e-02	1.789505761837024693e+04	6.662094664760141427e+01	-2.153297307008405215e-01	-7.874263252159927756e-03	2.154736571960962910e-01	-3.452096707894915539e+01	-2.153297307008406603e-01	-7.874263252159103763e-03	2.154736571960963742e-01	-3.452096707894915539e+01
1.163245356793744385e+12	1.661879139855227949e+00	2.084668047199241675e-02	1.016476630983709839e+01	2.761407691399250908e+00	6.928932682326306713e-02	2.509203079250967722e-02	8.049522811070405623e+03	6.118561819592265749e+01	-2.012276652874395999e-01	6.400159691415381602e-02	2.111605495460637805e-01	-3.486545740176727293e+01	-2.012276652874397664e-01	6.400159691415337193e-02	2.111605495460637805e-01	-3.486545740176727293e+01
1.173020527859238037e+12	1.662772571285134893e+00	2.103349106779258196e-02	1.034203813459197008e+01	2.764370216071680098e+00	6.994782405179278406e-02	2.530334889484970456e-02	1.740287658999054474e+04	6.643120585639616138e+01	-1.464487994981290286e-01	1.435977353882070540e-01	2.051037797873669910e-01	-3.533308799122551846e+01	-1.464487994981281682e-01	1.435977353882079421e-01	2.051037797873669910e-01	-3.533308799122552557e+01
1.182795698924731689e+12	1.662724480149621931e+00	2.241630187717211925e-02	1.111380734834862061e+01	2.764150206298982226e+00	7.454426777119600722e-02	2.696824058306366081e-02	2.106166419998672427e+04	6.772942684224668142e+01	-7.181587875694757372e-02	1.680591840697212014e-01	1.827605258030656488e-01	-3.572447728304176451e+01	-7.181587875694725454e-02	1.680591840697213679e-01	1.827605258030656765e-01	-3.572447728304176451e+01
1.192570869990225342e+12	1.661795737920734428e+00	2.309620130595835263e-02	1.154553106752020497e+01	2.761031640056752945e+00	7.676233778480177905e-02	2.780204930329010365e-02	2.118307891673474296e+04	6.776853405213059034e+01	-1.262764422169572465e-02	1.716945772565742490e-01	1.721583145186530717e-01	-3.605490056265231402e+01	-1.262764422169453463e-02	1.716945772565744155e-01	1.721583145186531549e-01	-3.605490056265232113e+01
1.202346041055718994e+12	1.660747775596673304e+00	2.337344172945465468e-02	1.177989191364672017e+01	2.757536856371018086e+00	7.763478272046055173e-02	2.815367001934825086e-02	2.030223589900456136e+04	6.747958160201864075e+01	4.124058984962528790e-02	1.610724923587011914e-01	1.662682592853755303e-01	-3.637896836160388858e+01	4.124058984962549607e-02	1.610724923587011914e-01	1.662682592853755859e-01	-3.637896836160388858e+01
1.212121212121212646e+12	1.659906202650641260e+00	2.296193633108829096e-02	1.166658423124433419e+01	2.754761351077998466e+00	7.622932108168511967e-02	2.767184208238398363e-02	1.296072084972483390e+04	6.442615633894759242e+01	9.303102948713086462e-02	1.406012664195525619e-01	1.685926705590056474e-01	-3.671284788724274506e+01	9.303102948713050380e-02	1.406012664195527839e-01	1.685926705590056196e-01	-3.671284788724274506e+01
1.221896383186706299e+12	1.658948297523251902e+00	2.237099591196885229e-02	1.145800107971685300e+01	2.751608992397202691e+00	7.422465116412070574e-02	2.697499948910116185e-02	1.905565433729055076e+04	6.704846856563331414e+01	1.372818205575364880e-01	1.072891216329351360e-01	1.742333317030883011e-01	-3.703573834347273674e+01	1.372818205575366823e-01	1.072891216329349556e-01	1.742333317030883566e-01	-3.703573834347273674e+01
1.231671554252199951e+12	1.658455421843461064e+00	2.166299389575061102e-02	1.118413884171907036e+01	2.750005100937444880e+00	7.185421935953879846e-02	2.612875857395483697e-02	1.257779973233137571e+04	6.422212207311531529e+01	1.735959616017063167e-01	5.384136432472649836e-02	1.817538181078159065e-01	-3.739836629874964302e+01	1.735959616017062890e-01	5.384136432472683836e-02	1.817538181078159898e-01	-3.739836629874964302e+01
1.241446725317693604e+12	1.658627082959105437e+00	2.142856660809985478e-02	1.115091151700793581e+01	2.750584616858553488e+00	7.108400185037511143e-02	2.584323398549369030e-02	1.840856605148710514e+04	6.681342573419398434e+01	1.808432609093157395e-01	-1.988314690560569198e-02	1.819330221460214725e-01	-3.780861885511053089e+01	1.808432609093157395e-01	-1.988314690560524095e-02	1.819330221460214170e-01	-3.780861885511052378e+01
1.251221896383187256e+12	1.658956953846954852e+00	2.147686843266830015e-02	1.126404699382217700e+01	2.751676918839493169e+00	7.125840046646245152e-02	2.589635432073738794e-02	1.791542748491887323e+04	6.662868654146647884e+01	1.547654531222801277e-01	-9.025013291494675405e-02	1.791575618591362828e-01	-3.822704302674276988e+01	1.547654531222796837e-01	-9.025013291494761447e-02	1.791575618591363384e-01	-3.822704302674276988e+01
1.260997067448680908e+12	1.659247850004150093e+00	2.116465381234461027e-02	1.118701980269281826e+01	2.752655485172398553e+00	7.023481266842986070e-02	2.551529352175034918e-02	1.812754281192124472e+04	6.670876458791195773e+01	1.056470895949004757e-01	-1.478039782475921993e-01	1.816791774686566385e-01	-3.864933252874239145e+01	1.056470895949003924e-01	-1.478039782475923103e-01	1.816791774686566663e-01	-3.864933252874239145e+01
1.270772238514174561e+12	1.659227133732141368e+00	2.099897247349941445e-02	1.118548768369294422e+01	2.752593724468034520e+00	6.968412981704913411e-02	2.531580639657102574e-02	1.777193787568140033e+04	6.657397672157490831e+01	4.020744321461052623e-02	-1.765340727821225753e-01	1.810550119242764211e-01	-3.904596804719199810e+01	4.020744321461156012e-02	-1.765340727821222977e-01	1.810550119242764211e-01	-3.904596804719199810e+01
1.280547409579668213e+12	1.658885761236974510e+00	2.110729851067907892e-02	1.132967560678317298e+01	2.751456450784357521e+00	7.002919391508784230e-02	2.545168174300001251e-02	1.780070398252153245e+04	6.658497999848945881e+01	-2.517528937263419780e-02	-1.755359946374298041e-01	1.773321195055979071e-01	-3.941235631777169601e+01	-2.517528937263525252e-02	-1.755359946374296654e-01	1.773321195055979071e-01	-3.941235631777170312e+01
1.290322580645161865e+12	1.658762523446570158e+00	2.141110342764871929e-02	1.158047858924649631e+01	2.751034673840843769e+00	7.103187190284419861e-02	2.582005693286060916e-02	1.787197460489792866e+04	6.661216518940354092e+01	-8.684029591725549169e-02	-1.478310579739051112e-01	1.714504555161070198e-01	-3.980103323362169476e+01	-8.684029591725653252e-02	-1.478310579739045005e-01	1.714504555161070198e-01	-3.980103323362170187e+01
1.300097751710655518e+12	1.658906128286350867e+00	2.151930560994340380e-02	1.172717542251174017e+01	2.751506461952076599e+00	7.139701590560391942e-02	2.594833662682034109e-02	1.761354145756831713e+04	6.651306790616204978e+01	-1.352747593809907056e-01	-9.850245120030889923e-02	1.673379616765250377e-01	-4.021132435106729730e+01	-1.352747593809900950e-01	-9.850245120030978740e-02	1.673379616765250655e-01	-4.021132435106729019e+01
1.309872922776149170e+12	1.659169859212652254e+00	2.141560672895082354e-02	1.175841296024015037e+01	2.752385993508163153e+00	7.106425840285372775e-02	2.581914694031557309e-02	1.731464928030409646e+04	6.639662687606862335e+01	-1.626390320480838869e-01	-3.543032097395756169e-02	1.664534841625590900e-01	-4.062620933441252191e+01	-1.626390320480835261e-01	-3.543032097395896335e-02	1.664534841625590622e-01	-4.062620933441251481e+01
1.319648093841642822e+12	1.658821746894849847e+00	2.141488808059610616e-02	1.184576478634392949e+01	2.751230990539776933e+00	7.104696411082425667e-02	2.582370013827345670e-02	1.689866096399251546e+04	6.623117777237283121e+01	-1.628724430119041777e-01	2.543167835913819758e-02	1.648459976973315200e-01	-4.099559850405314165e+01	-1.628724430119038447e-01	2.543167835913996352e-02	1.648459976973314645e-01	-4.099559850405314876e+01
1.329423264907136475e+12	1.658608339690196276e+00	2.143085096650044347e-02	1.194240655864840051e+01	2.750522343116720947e+00	7.109077627939067168e-02	2.584628205522410821e-02	1.584450767423778416e+04	6.579295982772607942e+01	-1.394249404701354833e-01	8.295931948799177558e-02	1.622392144797659974e-01	-4.137744725432276027e+01	-1.394249404701360939e-01	8.295931948799079025e-02	1.622392144797660252e-01	-4.137744725432275317e+01
1.339198435972630127e+12	1.658497696847843539e+00	2.184758951357920406e-02	1.226415475296967728e+01	2.750137293282047590e+00	7.246835377989641058e-02	2.635081308737564562e-02	1.615192221451551450e+04	6.592369523515186813e+01	-9.339910426402411869e-02	1.230905067420136195e-01	1.545142890716834361e-01	-4.176240163122247395e+01	-9.339910426402478483e-02	1.230905067420132587e-01	1.545142890716835471e-01	-4.176240163122246685e+01
1.348973607038123779e+12	1.658534092464748921e+00	2.185225574523024655e-02	1.235631264172768518e+01	2.750257814786713606e+00	7.248542230144608411e-02	2.635586449813158080e-02	1.577841380401588503e+04	6.576452066508028338e+01	-3.779953217384832143e-02	1.481062301771059742e-01	1.528537210859967632e-01	-4.216161617216224755e+01	-3.779953217384867531e-02	1.481062301771059186e-01	1.528537210859968187e-01	-4.216161617216224755e+01
1.358748778103617432e+12	1.658454074672121692e+00	2.170499445601900210e-02	1.236197915330781250e+01	2.749998811012227762e+00	7.199347299264105549e-02	2.617945604352515596e-02	1.574720762268926410e+04	6.575105170417299405e+01	2.170002972147217282e-02	1.510660850654621523e-01	1.526166876423355745e-01	-4.255417081330270435e+01	2.170002972147279385e-02	1.510660850654620968e-01	1.526166876423355745e-01	-4.255417081330270435e+01
1.368523949169111084e+12	1.658290716192029057e+00	2.169089026151098734e-02	1.244282348520102488e+01	2.749457604688335444e+00	7.193960389320752657e-02	2.616501660928946538e-02	1.563164874579118259e+04	6.570094161871885774e+01	7.527556814363622895e-02	1.303294673225485478e-01	1.505064158497121107e-01	-4.293527115743163591e+01	7.527556814363649262e-02	1.303294673225483813e-01	1.505064158497120830e-01	-4.293527115743163591e+01
1.378299120234604736e+12	1.658014685473124583e+00	2.197941819233342406e-02	1.269839500045996417e+01	2.748529602420470841e+00	7.288439628208795429e-02	2.651759552376764875e-02	1.543755793282963532e+04	6.561593799433407526e+01	1.134092022430952668e-01	9.081421298536776487e-02	1.452889136636619782e-01	-4.330708941819541025e+01	1.134092022430960994e-01	9.081421298536676567e-02	1.452889136636620060e-01	-4.330708941819541735e+01
1.388074291300098389e+12	1.657967903810931176e+00	2.212470281531674771e-02	1.287298661306972036e+01	2.748368067592546815e+00	7.336409429830102746e-02	2.669369330963186626e-02	1.551548818276976817e+04	6.565019588121114680e+01	1.361014304581578405e-01	3.921600591297647043e-02	1.416386052336134072e-01	-4.370175805521095924e+01	1.361014304581573964e-01	3.921600591297796923e-02	1.416386052336134072e-01	-4.370175805521095214e+01
1.397849462365592041e+12	1.658080045305260874e+00	2.204068058344959766e-02	1.291440986787632994e+01	2.748743645038913996e+00	7.309042532072979048e-02	2.659048451195056631e-02	1.533677455884213668e+04	6.557137659879276725e+01	1.393753493962151535e-01	-1.746173629936639132e-02	1.404649431491916955e-01	-4.410693342601088318e+01	1.393753493962152923e-01	-1.746173629936534702e-02	1.404649431491917233e-01	-4.410693342601087608e+01
1.407624633431085693e+12	1.657719119190031343e+00	2.191454470877599384e-02	1.293029614626883372e+01	2.747552430858380301e+00	7.265631950416540086e-02	2.644401565849878108e-02	1.239452069822545491e+04	6.412225584080272256e+01	1.239727916159911875e-01	-6.580953665252098350e-02	1.403572163284862173e-01	-4.447031015766977902e+01	1.239727916159912846e-01	-6.580953665252084472e-02	1.403572163284862451e-01	-4.447031015766977191e+01
1.417399804496579346e+12	1.657814311397192819e+00	2.178190333189317096e-02	1.294128363965445772e+01	2.747873839760588410e+00	7.222070214616539696e-02	2.628239371879522238e-02	7.869818171907960277e+03	6.103201168278289401e+01	8.778628359215530363e-02	-1.093979733962311962e-01	1.402652778492411711e-01	-4.487686108490096615e+01	8.778628359215591426e-02	-1.093979733962306966e-01	1.402652778492411711e-01	-4.487686108490096615e+01
1.427174975562072998e+12	1.657582950130473076e+00	2.200742737737008611e-02	1.316544856063410229e+01	2.747096909703472534e+00	7.295827279392649856e-02	2.655831781405984873e-02	1.485258029047995115e+04	6.535312369338051042e+01	4.007759061148404717e-02	-1.293602247378582426e-01	1.354262936561836939e-01	-4.525265763583258405e+01	4.007759061148396390e-02	-1.293602247378582148e-01	1.354262936561836661e-01	-4.525265763583258405e+01
1.436950146627566650e+12	1.657551132084784662e+00	2.222025622390995728e-02	1.338381499281675246e+01	2.746982015688895107e+00	7.366242171831186014e-02	2.681576409951071799e-02	1.574010030750377337e+04	6.574798037029420072e+01	-1.190722888555709874e-02	-1.307148530943309517e-01	1.312560662186916527e-01	-4.564393592047336057e+01	-1.190722888555797998e-02	-1.307148530943308962e-01	1.312560662186916527e-01	-4.564393592047336767e+01
1.446725317693060303e+12	1.657593047973319633e+00	2.220629742601031367e-02	1.346639642543453164e+01	2.747121593044107524e+00	7.361800846916503882e-02	2.679823443402384528e-02	1.531706384907064967e+04	6.556262727602175744e+01	-6.134558890029442185e-02	-1.144443553029719091e-01	1.298491114264429813e-01	-4.604514780489127901e+01	-6.134558890029510186e-02	-1.144443553029715344e-01	1.298491114264429536e-01	-4.604514780489128611e+01
1.456500488758553955e+12	1.657466863143643998e+00	2.213121166076175567e-02	1.351154423960120710e+01	2.746706611889657701e+00	7.336349993786164814e-02	2.670962367086945552e-02	1.503812775651724041e+04	6.543758958724291119e+01	-9.902688026598450988e-02	-8.229231827002216060e-02	1.287569363625442054e-01	-4.643052429957071325e+01	-9.902688026598452375e-02	-8.229231827002218835e-02	1.287569363625442054e-01	-4.643052429957071325e+01
1.466275659824047607e+12	1.657259881418426728e+00	2.230392890866697564e-02	1.370838075460232020e+01	2.746012849314254822e+00	7.392681315668490905e-02	2.692151028176951316e-02	1.445089933114446285e+04	6.516659474812634301e+01	-1.188340916304995026e-01	-3.911387615975995408e-02	1.251057018760015904e-01	-4.680591173464121368e+01	-1.188340916304993500e-01	-3.911387615976012755e-02	1.251057018760015072e-01	-4.680591173464121368e+01
1.476050830889541260e+12	1.657116870269147890e+00	2.247992490374589938e-02	1.390866127899880667e+01	2.745530974706937855e+00	7.450372560076176653e-02	2.713636316148806266e-02	1.415262456619700606e+04	6.502469889840332939e+01	-1.214087986911247530e-01	7.978957179794314916e-03	1.216707037758023580e-01	-4.718951519239356429e+01	-1.214087986911248085e-01	7.978957179794530022e-03	1.216707037758024135e-01	-4.718951519239356429e+01
1.485826001955034912e+12	1.657113591106058159e+00	2.233182902255605867e-02	1.390853569614083085e+01	2.745526743240923384e+00	7.401275477506873146e-02	2.695757925406375155e-02	1.345373495058077606e+04	6.468015129417173625e+01	-1.087624204719005588e-01	5.418884767168183347e-02	1.215141774398824370e-01	-4.758612149275403880e+01	-1.087624204718999898e-01	5.418884767168304084e-02	1.215141774398824509e-01	-4.758612149275405301e+01
1.495601173020528564e+12	1.657084603108233134e+00	2.234688214285180177e-02	1.400947616690370623e+01	2.745429998716863995e+00	7.406134865278808654e-02	2.697622911070479343e-02	1.341571036263055430e+04	6.466089542687205949e+01	-7.864772892758921385e-02	9.019531580732682852e-02	1.196689611346692245e-01	-4.797757406425805016e+01	-7.864772892758864486e-02	9.019531580732732812e-02	1.196689611346692383e-01	-4.797757406425805726e+01
1.505376344086022217e+12	1.656741116901738531e+00	2.250178440905662922e-02	1.419878580091437570e+01	2.744284798131228609e+00	7.455926286828520877e-02	2.716892318139054602e-02	1.294711863221157910e+04	6.441901243615258466e+01	-4.030880131004528633e-02	1.093847709704212912e-01	1.165754158615967817e-01	-4.834162210157761308e+01	-4.030880131004620920e-02	1.093847709704209720e-01	1.165754158615968095e-01	-4.834162210157759887e+01
1.515151515151515869e+12	1.656783315924470257e+00	2.259349131536439459e-02	1.434922918236819456e+01	2.744420490075865526e+00	7.486503891956028389e-02	2.727899722009827568e-02	1.299234992414614499e+04	6.444273902680829735e+01	5.438061175046806153e-03	1.138085548104599692e-01	1.139384029087165268e-01	-4.874243234946228398e+01	5.438061175046087978e-03	1.138085548104599831e-01	1.139384029087165268e-01	-4.874243234946227687e+01
1.524926686217009521e+12	1.657024327732620428e+00	2.276713010860704003e-02	1.455279511857488295e+01	2.745211280484360472e+00	7.545137692523136430e-02	2.748472493232610031e-02	1.269861707849318191e+04	6.428716110528522165e+01	4.951235090751669732e-02	9.876679789700430756e-02	1.104823662817590174e-01	-4.915937769048567674e+01	4.951235090751649609e-02	9.876679789700441858e-02	1.104823662817590313e-01	-4.915937769048567674e+01
1.534701857282503174e+12	1.656905635365861773e+00	2.258443487271718716e-02	1.452855452208696008e+01	2.744826227808630392e+00	7.484055482431679895e-02	2.726604477401353699e-02	1.260305770966039927e+04	6.423577058113778548e+01	8.333911431447560414e-02	7.336923490289856686e-02	1.110335652177211890e-01	-4.954361926672198280e+01	8.333911431447688090e-02	7.336923490289716521e-02	1.110335652177212029e-01	-4.954361926672200411e+01
1.544477028347996826e+12	1.656578149233369768e+00	2.244445976185883637e-02	1.453047363331631914e+01	2.743747410743455184e+00	7.436200322568589649e-02	2.710235021435027439e-02	1.202608063666889939e+04	6.391695041515475140e+01	1.040186601729443383e-01	3.867802394387100107e-02	1.109768948942847916e-01	-4.990948739190598360e+01	1.040186601729439081e-01	3.867802394387207660e-02	1.109768948942847638e-01	-4.990948739190596939e+01
1.554252199413490479e+12	1.656350064009586509e+00	2.270380188123163542e-02	1.479139858102227834e+01	2.742980071924699281e+00	7.521088739847797688e-02	2.741940715074311918e-02	1.212208243601671529e+04	6.397104509315542487e+01	1.066696258034743328e-01	-1.791536415868587870e-03	1.066846693381135330e-01	-5.028227606648588477e+01	1.066696258034743189e-01	-1.791536415869234705e-03	1.066846693381135192e-01	-5.028227606648589187e+01
1.564027370478984131e+12	1.656418095377613975e+00	2.316786393885990683e-02	1.518866152274125270e+01	2.743184156774912896e+00	7.675133811914806869e-02	2.797892293508378106e-02	1.175056809986485132e+04	6.375927385330612651e+01	9.207068960846190309e-02	-4.088583397020461446e-02	1.007405742708312735e-01	-5.068339408888150643e+01	9.207068960846205574e-02	-4.088583397020431609e-02	1.007405742708313012e-01	-5.068339408888150643e+01
1.573802541544477783e+12	1.656719579568741496e+00	2.307062628715981015e-02	1.521944402427662624e+01	2.744187511529145862e+00	7.644311656570190738e-02	2.785637506349026779e-02	1.147724305665296197e+04	6.359915290113265485e+01	6.666863171565641510e-02	-7.493134601317019694e-02	1.002966254177241195e-01	-5.110916703669094829e+01	6.666863171565631796e-02	-7.493134601317028021e-02	1.002966254177241195e-01	-5.110916703669094829e+01
1.583577712609971436e+12	1.656547456539089413e+00	2.291079659612386965e-02	1.520788191041890514e+01	2.743624571165457215e+00	7.590564365718684148e-02	2.766619181608476197e-02	1.089387643278532960e+04	6.324425019691734917e+01	3.429129056005256193e-02	-9.431839602640600118e-02	1.003586191478734319e-01	-5.148756685093256635e+01	3.429129056005261744e-02	-9.431839602640601505e-02	1.003586191478734735e-01	-5.148756685093256635e+01
1.593352883675465088e+12	1.655997105368890443e+00	2.282455596040309023e-02	1.524415897169609657e+01	2.741805452635354357e+00	7.559479720351554299e-02	2.757117472753426932e-02	1.020556356351893373e+04	6.280020612969904903e+01	8.189427602564259764e-04	-9.989900542559869423e-02	9.990236209553993163e-02	-5.182808126101766533e+01	8.189427602550801563e-04	-9.989900542559865260e-02	9.990236209553989000e-02	-5.182808126101767954e+01
1.603128054740958740e+12	1.655575747800294595e+00	2.317356098202896092e-02	1.557220636894033206e+01	2.740394042775916805e+00	7.673117110403665508e-02	2.800005032353334450e-02	6.902395240085786099e+03	6.013963170794177415e+01	-3.231816588686318298e-02	-8.960932130497650805e-02	9.525909043775993013e-02	-5.218241524161770428e+01	-3.231816588686314828e-02	-8.960932130497654968e-02	9.525909043775995788e-02	-5.218241524161769718e+01
1.612903225806452393e+12	1.655901499108843433e+00	2.351357055754567382e-02	1.589703219398121092e+01	2.741456886750550215e+00	7.787231347128288628e-02	2.840544888655351791e-02	9.018460686668413473e+03	6.195890017970098995e+01	-6.337702989358474925e-02	-6.491288335348320560e-02	9.072116811083978660e-02	-5.260970577972354789e+01	-6.337702989358579009e-02	-6.491288335348220639e-02	9.072116811083978660e-02	-5.260970577972356210e+01
1.622678396871946045e+12	1.656350551704662832e+00	2.334846341406232248e-02	1.588107584663316274e+01	2.742951999388543172e+00	7.734648051467653274e-02	2.819826250401704162e-02	9.404115351870499580e+03	6.224378457557322264e+01	-8.517917289360382727e-02	-3.190221859156043560e-02	9.095736938754415968e-02	-5.304871591090834926e+01	-8.517917289360416033e-02	-3.190221859155955436e-02	9.095736938754417356e-02	-5.304871591090835636e+01
1.632453567937439697e+12	1.656035942752009715e+00	2.299370428957887152e-02	1.573399255551841769e+01	2.741926333249581127e+00	7.615680152110734791e-02	2.777492618879022490e-02	9.694187845968375768e+03	6.245046633171712358e+01	-9.301306345859253200e-02	5.589268744509558271e-04	9.301474277340740504e-02	-5.341308416100592638e+01	-9.301306345859253200e-02	5.589268744509027012e-04	9.301474277340740504e-02	-5.341308416100592638e+01
1.642228739002933350e+12	1.655519870407105243e+00	2.332920968813406368e-02	1.605916039585216382e+01	2.740201789288085887e+00	7.724394039919978139e-02	2.818914311389747462e-02	9.541518005592157351e+03	6.234246944835941662e+01	-8.325710956289721076e-02	3.031876172076276854e-02	8.860571993414793901e-02	-5.375630695651982194e+01	-8.325710956289704423e-02	3.031876172076320569e-02	8.860571993414791125e-02	-5.375630695651982904e+01
1.652003910068427002e+12	1.655576115503117007e+00	2.401869212650683053e-02	1.663219573662731676e+01	2.740355376652922281e+00	7.952954602053495525e-02	2.902161766977557830e-02	8.789958562126610559e+03	6.178429959833867002e+01	-5.965941454850371556e-02	5.544526500382623152e-02	8.144582957779197829e-02	-5.415587816644031705e+01	-5.965941454850429149e-02	5.544526500382562090e-02	8.144582957779199217e-02	-5.415587816644030283e+01
1.661779081133920654e+12	1.656301663088445286e+00	2.318320393894500453e-02	1.614863819475239382e+01	2.742797738204675095e+00	7.679675847958641888e-02	2.799942460571463315e-02	3.454690996695786907e+03	5.543074664520288763e+01	-3.020545590269986189e-02	8.212778745419591075e-02	8.750624571087210757e-02	-5.462544026262073515e+01	-3.020545590269875860e-02	8.212778745419628545e-02	8.750624571087209369e-02	-5.462544026262074937e+01
1.671554252199414307e+12	1.656126454244854829e+00	2.118149757752553486e-02	1.484110713521580749e+01	2.742306176610008528e+00	7.015847695732668754e-02	2.558375047823995344e-02	1.149684007770173594e+03	4.794531692177753968e+01	2.741566735472625478e-03	1.059346837736728220e-01	1.059701534130866041e-01	-5.500374544637857355e+01	2.741566735472993240e-03	1.059346837736728220e-01	1.059701534130866041e-01	-5.500374544637857355e+01
1.681329423264907959e+12	1.656578049870593095e+00	2.370479087011876165e-02	1.670621639481052867e+01	2.743688918202860982e+00	7.853767246442315553e-02	2.862484589392371229e-02	4.420867304709989185e+03	5.710848847574674636e+01	3.621874569738455646e-02	7.194819491272132217e-02	8.055023458122732849e-02	-5.544423561629314179e+01	3.621874569738406380e-02	7.194819491272157197e-02	8.055023458122732849e-02	-5.544423561629313468e+01
1.691104594330401611e+12	1.655172550001117182e+00	2.330871314210452780e-02	1.652258244458936431e+01	2.739052874168860008e+00	7.715988433732340335e-02	2.817027924688633375e-02	8.394745506424018458e+03	6.147131512843670009e+01	5.433374554973773030e-02	6.251742082023969971e-02	8.282864125095006080e-02	-5.569334873768391247e+01	5.433374554973740417e-02	6.251742082024003277e-02	8.282864125095008856e-02	-5.569334873768390537e+01
1.700879765395895264e+12	1.655006947567603248e+00	2.426284655834916662e-02	1.729834391968463336e+01	2.738459310773921462e+00	8.031035924366916601e-02	2.932684043458454529e-02	8.585070007014064686e+03	6.162383867654449432e+01	6.561507854905634929e-02	3.395905916099737493e-02	7.388204269035171523e-02	-5.607107923002105565e+01	6.561507854905662684e-02	3.395905916099681288e-02	7.388204269035170135e-02	-5.607107923002106276e+01
1.710654936461388916e+12	1.655823941572370561e+00	2.411919817080709905e-02	1.729475610646458250e+01	2.741171189763858429e+00	7.987429156550183984e-02	2.913874619132514332e-02	6.726704164816510456e+03	5.996421797989907532e+01	7.387962730533334521e-02	-1.861925663851944775e-04	7.387986192763716653e-02	-5.655118797457100754e+01	7.387962730533337297e-02	-1.861925663857229448e-04	7.387986192763719429e-02	-5.655118797457101465e+01
1.720430107526882568e+12	1.648343911286432872e+00	1.801932659170024653e-02	1.299465494576741520e+01	2.716712953744237158e+00	5.940409454582162158e-02	2.186616530979083178e-02	3.417206170421180218e+02	3.969108068154474012e+01	1.283519820465745254e-01	5.354558675492262360e-02	1.390732222831309040e-01	-5.615344127334741842e+01	1.283519820465748029e-01	5.354558675492210318e-02	1.390732222831309317e-01	-5.615344127334741842e+01
1.730205278592376221e+12	1.655640051852312888e+00	2.376746087318012957e-02	1.723731354119455972e+01	2.740579089101170762e+00	7.870072030493953374e-02	2.871682142577795457e-02	6.064143441087805513e+03	5.925875825135484831e+01	5.333907800080404937e-02	-5.207648754944094183e-02	7.454540762154927835e-02	-5.732208923296852277e+01	5.333907800080363304e-02	-5.207648754944139285e-02	7.454540762154929223e-02	-5.732208923296853698e+01
1.739980449657869873e+12	1.654534986417353082e+00	2.341862381324425965e-02	1.708027662348110809e+01	2.736937589337764543e+00	7.749386486551838871e-02	2.831407817533353882e-02	8.092651431507221787e+03	6.122197297819221973e+01	3.796975124049062345e-02	-6.613243848543193248e-02	7.625746802310039152e-02	-5.759827098537910217e+01	3.796975124049136591e-02	-6.613243848543151615e-02	7.625746802310039152e-02	-5.759827098537908796e+01
1.749755620723363525e+12	1.654159830422659461e+00	2.421868050321990956e-02	1.776302946978142216e+01	2.735658200098604276e+00	8.012313686853363148e-02	2.928843115914322309e-02	8.686656596767665178e+03	6.170387048184367274e+01	1.153652345128598072e-02	-6.803926663086842797e-02	6.901038455919859815e-02	-5.795150467239550096e+01	1.153652345128579337e-02	-6.803926663086846960e-02	6.901038455919861203e-02	-5.795150467239550807e+01
1.759530791788857178e+12	1.654900497292571160e+00	2.471593217577571291e-02	1.822900765284279601e+01	2.738084778635881733e+00	8.180481689748136942e-02	2.987665595155043416e-02	8.395464638750327140e+03	6.147189791517286039e+01	-1.946020570390044960e-02	-6.143752427816380479e-02	6.444586096459636870e-02	-5.842621422276810250e+01	-1.946020570390032123e-02	-6.143752427816385336e-02	6.444586096459638258e-02	-5.842621422276810250e+01
1.769305962854350830e+12	1.655222983517202318e+00	2.444613857817246744e-02	1.813019067438060361e+01	2.739165511472205772e+00	8.092762086567521773e-02	2.954462610117321655e-02	7.079674683634614667e+03	6.031216271723587852e+01	-4.388716555818214515e-02	-4.842502984186400350e-02	6.535339942127500745e-02	-5.885574399560837122e+01	-4.388716555818195780e-02	-4.842502984186415615e-02	6.535339942127499357e-02	-5.885574399560836412e+01
1.779081133919844482e+12	1.654345732326278240e+00	2.393696727144882519e-02	1.785065026932652898e+01	2.736286823664015433e+00	7.920003930071031761e-02	2.894434845637190029e-02	8.250169277990951741e+03	6.135312445258075087e+01	-5.855242302332007431e-02	-3.481211442205349449e-02	6.811952401797863321e-02	-5.915386079345471870e+01	-5.855242302331978288e-02	-3.481211442205400103e-02	6.811952401797864709e-02	-5.915386079345470449e+01
1.788856304985338135e+12	1.653718487790903469e+00	2.434250592240634961e-02	1.825281707576297308e+01	2.734192279266850267e+00	8.051130416608588691e-02	2.944610178903522141e-02	7.852360828280670830e+03	6.101690313990300041e+01	-6.280967616868196601e-02	-1.346224082385061999e-02	6.423618410533150913e-02	-5.947912104605075712e+01	-6.280967616868181336e-02	-1.346224082385130347e-02	6.423618410533150913e-02	-5.947912104605074290e+01
1.798631476050831787e+12	1.653561406868059747e+00	2.514017886486716313e-02	1.895394925783546825e+01	2.733633297690119424e+00	8.314165906540881001e-02	3.041434238296054915e-02	4.496673862384048334e+03	5.722416070188165804e+01	-5.713560568150671121e-02	9.525522402086308502e-03	5.792420058684685791e-02	-5.985545884521756221e+01	-5.713560568150675284e-02	9.525522402086062171e-03	5.792420058684685791e-02	-5.985545884521756221e+01
1.808406647116325439e+12	1.654008233224935065e+00	2.477271367458956999e-02	1.877841094329959404e+01	2.735129548233067975e+00	8.194854475419016682e-02	2.996148566605558866e-02	7.240360152663503868e+03	6.046485171266151326e+01	-4.877496453817189298e-02	3.396232534555519711e-02	5.943430582228807768e-02	-6.029850322675129348e+01	-4.877496453817117134e-02	3.396232534555621019e-02	5.943430582228806380e-02	-6.029850322675131480e+01
1.818181818181819092e+12	1.654269683650694489e+00	2.423125391534983880e-02	1.846725559786661108e+01	2.736021032579458723e+00	8.017005749801085768e-02	2.930169634786335825e-02	7.421052437243258282e+03	6.063255545808609526e+01	-3.194996341815593832e-02	5.341027882030276869e-02	6.223711148570429397e-02	-6.072196272664285743e+01	-3.194996341815592444e-02	5.341027882030278257e-02	6.223711148570430091e-02	-6.072196272664285743e+01
1.827956989247312744e+12	1.653774051450014770e+00	2.423240194501580583e-02	1.856742156491811357e+01	2.734381403945371325e+00	8.014983508194802042e-02	2.931187103829107493e-02	7.418068198535805095e+03	6.062981904046453963e+01	-1.221759050831549946e-02	6.008158484115579123e-02	6.131122535762829895e-02	-6.106044211256450183e+01	-1.221759050831622631e-02	6.008158484115563858e-02	6.131122535762828507e-02	-6.106044211256449472e+01
1.837732160312806396e+12	1.653385988752230862e+00	2.466925034441286649e-02	1.900322580560722940e+01	2.733076655889636886e+00	8.157558574494676307e-02	2.984752936554328079e-02	7.112168416092341431e+03	6.034331705593275785e+01	8.521974886009238068e-03	5.686888420377211179e-02	5.750386114462065212e-02	-6.140980295830664204e+01	8.521974886010011754e-03	5.686888420377196607e-02	5.750386114462063131e-02	-6.140980295830665625e+01
1.847507331378300049e+12	1.653719747674121887e+00	2.510525712297029255e-02	1.944195820796270979e+01	2.734158729912150587e+00	8.303411894938476923e-02	3.036916549173891006e-02	6.888293389350793404e+03	6.012571785878299835e+01	2.956497037232192968e-02	4.510350333293768749e-02	5.392970875149053628e-02	-6.184128285419125604e+01	2.956497037232231131e-02	4.510350333293745850e-02	5.392970875149055016e-02	-6.184128285419126314e+01
1.857282502443793701e+12	1.653782088399654571e+00	2.465081414107793065e-02	1.919103491667746297e+01	2.734387533273705095e+00	8.153414978196719953e-02	2.981806667482558501e-02	6.373630972595701678e+03	5.959740516085260253e+01	4.650747837050494410e-02	3.109584614589935500e-02	5.594548410651595943e-02	-6.224249914231848635e+01	4.650747837050486083e-02	3.109584614589950419e-02	5.594548410651595943e-02	-6.224249914231847924e+01
1.867057673509287354e+12	1.652822278086777397e+00	2.410098023300739911e-02	1.886173336088241115e+01	2.731240625691772728e+00	7.966927410568735990e-02	2.916962839387635814e-02	4.348752597281322778e+03	5.699659369128659847e+01	5.598353953246531373e-02	1.769804097081408706e-02	5.871437092218327602e-02	-6.252566515789878565e+01	5.598353953246527903e-02	1.769804097081411134e-02	5.871437092218325521e-02	-6.252566515789878565e+01
1.876832844574780762e+12	1.652797176791195533e+00	2.398804772708459931e-02	1.887164074234355837e+01	2.731163081175189689e+00	7.929475512011575911e-02	2.903332857223454161e-02	3.866050262514485894e+03	5.619613335273329113e+01	5.844402917851281715e-02	-4.917559392247923544e-03	5.865054933242435514e-02	-6.291579669191649771e+01	5.844402917851281021e-02	-4.917559392247845482e-03	5.865054933242433433e-02	-6.291579669191649771e+01
1.886608015640274414e+12	1.652714956947171965e+00	2.521288189406703170e-02	1.993853871026405855e+01	2.730831039503488267e+00	8.333941402813424548e-02	3.051796790887757391e-02	5.706358078909526739e+03	5.884502693885822566e+01	4.475246605246083892e-02	-2.260345501913638491e-02	5.013680680476950008e-02	-6.329955427132978940e+01	4.475246605246108872e-02	-2.260345501913591654e-02	5.013680680476951396e-02	-6.329955427132977519e+01
1.896383186705768066e+12	1.653262760114160512e+00	2.539031633235820998e-02	2.018289073244297782e+01	2.732633085816834839e+00	8.395372891961236372e-02	3.072264965075508295e-02	5.951140927298764836e+03	5.913078363536894955e+01	2.911353111958227616e-02	-3.860439359603420884e-02	4.835180347379415544e-02	-6.375649711902404704e+01	2.911353111958169676e-02	-3.860439359603463211e-02	4.835180347379414850e-02	-6.375649711902406125e+01
1.906158357771261719e+12	1.653377297502995225e+00	2.465080672327272029e-02	1.969605622448194993e+01	2.733048825626199552e+00	8.151416840278663534e-02	2.982536120045715250e-02	5.989177717256771757e+03	5.917412937217557811e+01	1.231471683875849481e-02	-5.046914480628514332e-02	5.194984916529191143e-02	-6.416332112646166763e+01	1.231471683875828491e-02	-5.046914480628521271e-02	5.194984916529192531e-02	-6.416332112646166763e+01
1.915933528836755371e+12	1.652564181459053039e+00	2.441739884319658535e-02	1.960961178425489493e+01	2.730372164475162400e+00	8.070263746533279381e-02	2.955737628567774861e-02	5.271311050719637933e+03	5.830550319300179751e+01	-3.077542211417848457e-03	-5.253440999637514625e-02	5.262447624186201295e-02	-6.446116397890330063e+01	-3.077542211418576607e-03	-5.253440999637511155e-02	5.262447624186202683e-02	-6.446116397890330063e+01
1.925708699902249023e+12	1.651401102933442333e+00	2.444904880676120051e-02	1.973520859222194446e+01	2.726527846782234477e+00	8.075037233031802375e-02	2.961655881329697954e-02	2.511165888520481531e+03	5.326055326529112222e+01	-1.593257998989485932e-02	-4.913782720664941484e-02	5.165629843228156104e-02	-6.471619616062159253e+01	-1.593257998989424176e-02	-4.913782720664963688e-02	5.165629843228157492e-02	-6.471619616062157831e+01
1.935483870967742676e+12	1.652194208827052924e+00	2.526706399861222349e-02	2.049903882612619554e+01	2.729107279158541566e+00	8.349219362513926601e-02	3.059322521424742009e-02	5.849496838079723602e+03	5.901357911312117466e+01	-3.312167520709613511e-02	-3.216552066149565986e-02	4.616996954676785142e-02	-6.520269187594439586e+01	-3.312167520709621144e-02	-3.216552066149557659e-02	4.616996954676785142e-02	-6.520269187594439586e+01
1.945259042033236328e+12	1.652753301763583593e+00	2.538889554042797481e-02	2.070190982584592732e+01	2.730948880473664353e+00	8.392316186514611753e-02	3.073040380403979643e-02	6.244676744895927186e+03	5.945834376972843671e+01	-4.266978069308699495e-02	-1.370486893135722424e-02	4.481666673037855431e-02	-6.566266874564384182e+01	-4.266978069308680760e-02	-1.370486893135772037e-02	4.481666673037852655e-02	-6.566266874564382761e+01
1.955034213098729980e+12	1.652644368385443263e+00	2.472818450070843679e-02	2.026449360223363882e+01	2.730621925247419313e+00	8.173378971098400891e-02	2.993229819011952036e-02	6.308757553418708085e+03	5.952780239443616495e+01	-4.766709700713025327e-02	3.312936389390726960e-03	4.778208539408168587e-02	-6.604283567495465945e+01	-4.766709700713025327e-02	3.312936389390550886e-03	4.778208539408167893e-02	-6.604283567495464524e+01
1.964809384164223633e+12	1.651908861034260489e+00	2.460720572292870306e-02	2.026617949819502584e+01	2.728197370590017101e+00	8.129772235799778701e-02	2.979906191333064544e-02	6.195477562123894131e+03	5.940453025416949373e+01	-4.448824568418107556e-02	1.741889789530592578e-02	4.777679361304135869e-02	-6.634663721030922545e+01	-4.448824568418114495e-02	1.741889789530576618e-02	4.777679361304136563e-02	-6.634663721030921124e+01
1.974584555229717285e+12	1.651644012107104764e+00	2.525709994841440070e-02	2.090491373129173880e+01	2.727290021631449957e+00	8.343147578597862046e-02	3.059134713369074388e-02	6.170924788888029980e+03	5.937751464717271688e+01	-3.231502827835819325e-02	2.912965770493341003e-02	4.350629851685473143e-02	-6.670704898519470305e+01	-3.231502827835834590e-02	2.912965770493319839e-02	4.350629851685469673e-02	-6.670704898519468884e+01
1.984359726295210938e+12	1.651987646066537918e+00	2.572083378263526759e-02	2.139412890144263457e+01	2.728401621465986970e+00	8.498099931088864967e-02	3.114680721573088659e-02	6.036778612423424420e+03	5.922798793303572040e+01	-1.586231361615789148e-02	3.724176325151439676e-02	4.047915418260608633e-02	-6.714158555490250535e+01	-1.586231361615820026e-02	3.724176325151424410e-02	4.047915418260607245e-02	-6.714158555490249114e+01
1.994134897360704590e+12	1.652256935626259526e+00	2.502289184283171958e-02	2.091612331171335626e+01	2.729326836208899376e+00	8.268849319348892113e-02	3.029629581056156318e-02	5.972146771008709038e+03	5.915475548445296283e+01	9.986678766240586740e-04	4.340973191281868870e-02	4.342121788101515473e-02	-6.756724361666898915e+01	9.986678766236681444e-04	4.340973191281869564e-02	4.342121788101514779e-02	-6.756724361666897494e+01
2.003910068426198242e+12	1.651753562725602587e+00	2.472478406026464709e-02	2.076824965056671601e+01	2.727678517029894500e+00	8.167850031832664393e-02	2.994432804613076510e-02	5.984202236778606675e+03	5.916847511879675636e+01	1.537712272535687180e-02	4.163933885927145057e-02	4.438795381573609061e-02	-6.789800009619635546e+01	1.537712272535668619e-02	4.163933885927151995e-02	4.438795381573609061e-02	-6.789800009619634125e+01
2.013685239491691895e+12	1.651060234610670863e+00	2.524196475498461517e-02	2.130609718916706186e+01	2.725362741527951993e+00	8.335200850079836632e-02	3.058382182698650767e-02	5.829794629249383433e+03	5.899062524870036128e+01	2.515851215409807204e-02	3.239189377145106075e-02	4.101445496296238918e-02	-6.820460809921223699e+01	2.515851215409829061e-02	3.239189377145091503e-02	4.101445496296241000e-02	-6.820460809921222278e+01
2.023460410557185547e+12	1.651311184983971225e+00	2.582316215353626723e-02	2.190248013892824375e+01	2.726161793949559264e+00	8.528415299157841856e-02	3.128359922762397050e-02	5.412821056628792576e+03	5.848573451830779391e+01	3.319438070005982511e-02	1.758870518653837117e-02	3.756633413309670017e-02	-6.862778132699945388e+01	3.319438070005986674e-02	1.758870518653827403e-02	3.756633413309668629e-02	-6.862778132699943967e+01
2.033235581622679199e+12	1.652144174685955758e+00	2.554263094337488188e-02	2.176920107395116588e+01	2.728927947953228461e+00	8.440021783850010229e-02	3.092797591149396355e-02	5.449425507349513282e+03	5.853158805732288528e+01	3.830960621157893098e-02	-3.582699664681043123e-04	3.831128143843690742e-02	-6.912439006795840157e+01	3.830960621157892404e-02	-3.582699664677232152e-04	3.831128143843689354e-02	-6.912439006795837315e+01
2.043010752688172852e+12	1.651572142203851845e+00	2.413544923356932687e-02	2.066879702034693622e+01	2.727108020994114312e+00	7.972287118747681256e-02	2.923348491286215448e-02	3.518776415879641718e+03	5.555579548278385005e+01	4.260222914368076014e-02	-1.461673398860667029e-02	4.503996936615711766e-02	-6.944555112200256985e+01	4.260222914368078095e-02	-1.461673398860656101e-02	4.503996936615710378e-02	-6.944555112200255564e+01
2.052785923753666504e+12	1.650889515431219978e+00	2.461940785238042953e-02	2.118411986719459250e+01	2.724830076917726718e+00	8.128784459923979466e-02	2.983226194096880168e-02	5.237009461934394494e+03	5.826108719274022718e+01	3.357768027226274571e-02	-2.481369843315983995e-02	4.175141006478825384e-02	-6.975145824459093546e+01	3.357768027226295388e-02	-2.481369843315956933e-02	4.175141006478826078e-02	-6.975145824459090704e+01
2.062561094819160156e+12	1.650505730953632177e+00	2.559886905883655694e-02	2.213180125521255093e+01	2.723513865813692369e+00	8.450216017508270505e-02	3.102688818139589730e-02	5.365572758140307087e+03	5.842608706766401383e+01	2.025437002283967530e-02	-3.015934014551484299e-02	3.632939998176366175e-02	-7.009443917861403861e+01	2.025437002283997714e-02	-3.015934014551462442e-02	3.632939998176365481e-02	-7.009443917861401019e+01
2.072336265884653809e+12	1.651271173203138432e+00	2.617554266097582918e-02	2.273762409769833681e+01	2.726011328418072477e+00	8.644583807803671305e-02	3.171147426162824329e-02	5.013218299033474068e+03	5.796396477804503888e+01	3.378307247028239542e-03	-3.305973223598605848e-02	3.323189515165241026e-02	-7.058400020930993435e+01	3.378307247028661080e-03	-3.305973223598600297e-02	3.323189515165240332e-02	-7.058400020930990593e+01
2.082111436950147461e+12	1.652125383498845190e+00	2.547224512735061716e-02	2.223106949275335253e+01	2.728869447529378434e+00	8.416668549920146292e-02	3.084306051189183648e-02	3.845147874994962422e+03	5.615924985703721717e+01	-1.393928166790760204e-02	-3.296499165910719148e-02	3.579097998801194364e-02	-7.108588377463134123e+01	-1.393928166790767663e-02	-3.296499165910713597e-02	3.579097998801192976e-02	-7.108588377463134123e+01
2.091886608015641113e+12	1.651157499478392188e+00	2.452826833508546522e-02	2.150771085954519535e+01	2.725719452136218912e+00	8.100006842138948726e-02	2.971694990763175392e-02	5.026785571395593252e+03	5.798235199102621351e+01	-2.466444987115275905e-02	-3.125550365229159966e-02	3.981509256557142634e-02	-7.135390830946438712e+01	-2.466444987115195414e-02	-3.125550365229224498e-02	3.981509256557143328e-02	-7.135390830946434448e+01
2.101661779081134766e+12	1.649771159288233591e+00	2.514448489719360233e-02	2.215107107093711392e+01	2.721112632898497363e+00	8.296529199709713753e-02	3.048947367853842988e-02	5.027837322988686537e+03	5.798377531699213705e+01	-2.794383576551171325e-02	-2.306507416478158212e-02	3.623334932788806889e-02	-7.156658808714128384e+01	-2.794383576551199080e-02	-2.306507416478124559e-02	3.623334932788806889e-02	-7.156658808714128384e+01
2.111436950146628418e+12	1.649797510630667263e+00	2.629377223389955248e-02	2.327127482945444115e+01	2.721140463624858619e+00	8.675879995315448345e-02	3.188324936287273426e-02	4.724415987245539327e+03	5.756029004119948667e+01	-2.939799256677695649e-02	-8.945887706399289346e-03	3.072899077112327057e-02	-7.196123152156069125e+01	-2.939799256677691833e-02	-8.945887706399415981e-03	3.072899077112327057e-02	-7.196123152156067704e+01
2.121212121212122070e+12	1.651475203775337741e+00	2.601783439625832833e-02	2.313366308542599370e+01	2.726693420978122173e+00	8.593561672270742802e-02	3.151642060730117795e-02	4.497027777547034930e+03	5.722469615034049895e+01	-2.980572721109227968e-02	9.716279685260268209e-03	3.134944123113278525e-02	-7.257175538292702299e+01	-2.980572721109228662e-02	9.716279685260344537e-03	3.134944123113281300e-02	-7.257175538292702299e+01
2.130987292277615723e+12	1.651362427640804542e+00	2.483935620651244250e-02	2.218760146578888381e+01	2.726380873806977245e+00	8.203755913244215048e-02	3.009027825884398252e-02	4.336892897653821819e+03	5.697801441303665371e+01	-2.772120157515185757e-02	2.301623911670943809e-02	3.603071300776251873e-02	-7.294956206842115876e+01	-2.772120157515221492e-02	2.301623911670903910e-02	3.603071300776253955e-02	-7.294956206842114455e+01
2.140762463343109375e+12	1.649812428566301170e+00	2.440408945769040674e-02	2.189879663681507438e+01	2.721285489869577745e+00	8.052434019028295586e-02	2.959055214531799288e-02	4.089457105269592375e+03	5.657834134863148989e+01	-2.392845439610782193e-02	2.900056869890032044e-02	3.759792433959950608e-02	-7.313756606873047872e+01	-2.392845439610814112e-02	2.900056869890002553e-02	3.759792433959947833e-02	-7.313756606873046451e+01
2.150537634408603027e+12	1.649066484800770560e+00	2.598379313987477651e-02	2.342279720586186187e+01	2.718745113787234491e+00	8.569800482992734336e-02	3.152116187550561138e-02	3.775822044819796247e+03	5.603546891311340516e+01	-1.163983281579058365e-02	2.770906745273633495e-02	3.005458579118746101e-02	-7.342973726285514147e+01	-1.163983281579051600e-02	2.770906745273636965e-02	3.005458579118746795e-02	-7.342973726285514147e+01
2.160312805474096680e+12	1.651328026545647587e+00	2.702406194974202314e-02	2.447126549750153757e+01	2.726153951330879455e+00	8.925118177742964731e-02	3.273886338438743160e-02	3.012171901602957405e+03	5.449819137691984139e+01	7.465804643429808929e-03	2.465038851520879801e-02	2.575616223206780159e-02	-7.412151292232221067e+01	7.465804643429875716e-03	2.465038851520875290e-02	2.575616223206777730e-02	-7.412151292232221067e+01
2.170087976539590332e+12	1.625230401264128766e+00	2.328734508729842639e-02	2.118295193196901849e+01	2.640831556751946252e+00	7.569460240121252126e-02	2.866316945042569550e-02	2.895820123143819842e+02	3.856474161586845639e+01	-1.395535783480825534e-02	-3.953318889900121064e-02	4.192403888965919728e-02	-7.102518282432575347e+01	-1.395535783480745563e-02	-3.953318889900148819e-02	4.192403888965919034e-02	-7.102518282432573926e+01
2.179863147605083984e+12	1.604527618784694631e+00	2.476500799887990795e-02	2.262855714070238733e+01	2.573895573821697536e+00	7.947227862725338154e-02	3.087626375970398823e-02	3.056058079220666968e+03	5.459659934745996424e+01	2.993143204457157300e-02	1.612295158117005300e-02	3.399764980006059201e-02	-6.862094093229161729e+01	2.993143204457121911e-02	1.612295158117069138e-02	3.399764980006058507e-02	-6.862094093229160308e+01
2.189638318670577637e+12	1.602372764394314419e+00	2.447484108564602912e-02	2.246370702432020039e+01	2.566999458226509656e+00	7.843563753703634844e-02	3.055537751894424336e-02	3.201600960716854843e+03	5.491312898529375985e+01	3.180700733986474571e-02	1.423062081625846124e-02	3.484531940927416277e-02	-6.869434437587595710e+01	3.180700733986470408e-02	1.423062081625858268e-02	3.484531940927416971e-02	-6.869434437587595710e+01
2.199413489736071289e+12	1.600382425969116840e+00	3.244667909199742267e-02	2.991343585945449135e+01	2.560171122366696306e+00	1.038541899997845186e-01	4.056533139229329815e-02	1.084024233690561459e+03	4.754522936049804116e+01	1.103624379661422364e-02	3.764095656966220862e-03	1.166049283920272094e-02	-6.878634398328502186e+01	1.103624379661421497e-02	3.764095656966261194e-03	1.166049283920272267e-02	-6.878634398328502186e+01
2.209188660801564941e+12	1.601725099745631375e+00	2.692567637351929791e-02	2.493380669123689941e+01	2.564798303106981425e+00	8.625506335018758020e-02	3.363034950767813253e-02	2.723310594939719067e+03	5.381231792141879566e+01	2.367165575264354102e-02	-5.205482908584878332e-03	2.423725104840132941e-02	-6.933149675625369923e+01	2.367165575264348204e-02	-5.205482908585114254e-03	2.423725104840131900e-02	-6.933149675625371344e+01
2.218963831867058594e+12	1.605323019940917861e+00	2.509594948586381727e-02	2.334226612287267955e+01	2.576432191671631511e+00	8.057421083386324956e-02	3.127356159200346541e-02	2.737055357732580887e+03	5.384656893242917874e+01	1.467204660206954635e-02	-2.686591406185334652e-02	3.061121183279403787e-02	-7.018597429756488282e+01	1.467204660206936073e-02	-2.686591406185344366e-02	3.061121183279403440e-02	-7.018597429756489703e+01
2.228739002932552246e+12	1.609711568658134029e+00	2.381091817985870815e-02	2.224459571546646686e+01	2.590604374447262437e+00	7.665742090898168548e-02	2.959055487788925590e-02	7.514572763305930039e+02	4.505231388500035195e+01	-1.620173610525343921e-02	-3.208598534635756505e-02	3.594449482842880517e-02	-7.115343242763150045e+01	-1.620173610525358840e-02	-3.208598534635747485e-02	3.594449482842879823e-02	-7.115343242763150045e+01
2.238514173998045898e+12	1.603391478344782239e+00	2.412531715396898022e-02	2.263716524335224989e+01	2.570282201900886854e+00	7.736465587407811983e-02	3.009967380891562932e-02	3.248960876475636724e+03	5.501303190042493441e+01	1.252860681584013793e-03	-3.393704708908092116e-02	3.396016526776562960e-02	-7.064893426545735622e+01	1.252860681584368977e-03	-3.393704708908088646e-02	3.396016526776560185e-02	-7.064893426545735622e+01
2.248289345063539551e+12	1.602248361567991664e+00	2.629181370963482381e-02	2.477775245889814926e+01	2.566508552679171551e+00	8.425203087782651146e-02	3.282748884272216477e-02	3.361525539808972553e+03	5.524475408798178222e+01	-4.140930407169597649e-03	-2.444974741044034228e-02	2.479793243541396700e-02	-7.085360759201184067e+01	-4.140930407170154495e-03	-2.444974741044022432e-02	2.479793243541394271e-02	-7.085360759201185488e+01
2.258064516129033203e+12	1.605357935551695814e+00	2.707780763880118444e-02	2.562943344619528929e+01	2.576440893572278679e+00	8.693914674058361713e-02	3.374389335205785906e-02	3.110610078641982000e+03	5.471697215839034811e+01	-1.795457108093337015e-02	-1.248932762994875260e-02	2.187121229718394511e-02	-7.164885939265290915e+01	-1.795457108093333198e-02	-1.248932762994884108e-02	2.187121229718396592e-02	-7.164885939265290915e+01
2.267839687194526855e+12	1.604465888515645977e+00	1.959856029180441495e-02	1.863055023616731631e+01	2.573926683844789842e+00	6.289044290443485119e-02	2.443365745386833279e-02	5.640871125011607319e+02	4.310105585168852116e+01	-5.711589879168157968e-02	-2.192967513053751399e-02	6.118117803795976306e-02	-7.189003657359249644e+01	-5.711589879168181560e-02	-2.192967513053691725e-02	6.118117803795975612e-02	-7.189003657359249644e+01
2.277614858260020508e+12	1.606264954399648559e+00	2.472390473997967270e-02	2.360404913527097648e+01	2.579475832266913571e+00	7.942628343948940350e-02	3.079163698528914958e-02	2.417547023343997807e+03	5.300206605004866844e+01	-2.854272593590308563e-02	7.256143512804776562e-03	2.945061667487615734e-02	-7.250557788562223038e+01	-2.854272593590306828e-02	7.256143512804840746e-03	2.945061667487615387e-02	-7.250557788562223038e+01
2.287390029325514160e+12	1.603444755439787039e+00	2.404171701491435165e-02	2.305127042897704825e+01	2.570457079590333205e+00	7.709913011866381671e-02	2.999432697431053674e-02	3.336155131437668388e+03	5.519321199188324556e+01	-3.121025081080465099e-02	6.873221188697864296e-03	3.195811204032706493e-02	-7.247339421981290286e+01	-3.121025081080472038e-02	6.873221188697512148e-03	3.195811204032705799e-02	-7.247339421981288865e+01
2.297165200391007812e+12	1.602985497418607519e+00	2.648068609257727204e-02	2.549826455400470948e+01	2.568861278198447007e+00	8.489631153619196791e-02	3.304822734364624981e-02	3.531598444312791344e+03	5.558054131049019020e+01	-1.941229813564441381e-02	1.098358925304427497e-02	2.230418238328258501e-02	-7.277152811285213829e+01	-1.941229813564438952e-02	1.098358925304427670e-02	2.230418238328256766e-02	-7.277152811285213829e+01
2.306940371456501465e+12	1.605602688687990609e+00	2.717481778633791534e-02	2.627799169670757351e+01	2.577221523200383668e+00	8.726392100470077573e-02	3.385968967709721000e-02	3.569631171633722715e+03	5.565341739748026129e+01	-6.271050333198233129e-03	1.886619141128891355e-02	1.988112800242725769e-02	-7.350652046196758249e+01	-6.271050333198667677e-03	1.886619141128878172e-02	1.988112800242727157e-02	-7.350652046196755407e+01
2.316715542521995117e+12	1.605944297158268919e+00	2.502025560026839568e-02	2.429705380454379338e+01	2.578431072384863576e+00	8.036227358938653753e-02	3.116712114202735071e-02	3.500047894638271828e+03	5.551948791758506729e+01	2.467916044973394486e-03	2.648604666110802516e-02	2.660077587852333059e-02	-7.392033706363021395e+01	2.467916044973506376e-03	2.648604666110802169e-02	2.660077587852334099e-02	-7.392033706363021395e+01
2.326490713587488770e+12	1.604305130855511630e+00	2.413013730801917209e-02	2.353153607259700664e+01	2.573212689362816441e+00	7.742420618300632773e-02	3.008853737705539239e-02	3.232871922327788525e+03	5.497925748345349461e+01	6.587316035457739354e-03	2.903711446371671015e-02	2.977493491059190686e-02	-7.405051003671320586e+01	6.587316035457779252e-03	2.903711446371671362e-02	2.977493491059192421e-02	-7.405051003671320586e+01
2.336265884652982422e+12	1.603063665793797110e+00	2.577189158705017746e-02	2.523816202281606635e+01	2.569148926192272420e+00	8.262796600395395930e-02	3.216161008089811479e-02	3.226300795269557057e+03	5.496541480612031449e+01	9.195397520977187725e-03	2.126968063918917295e-02	2.317228193471441641e-02	-7.423548527209042902e+01	9.195397520977477424e-03	2.126968063918905152e-02	2.317228193471441988e-02	-7.423548527209044323e+01
2.346041055718476074e+12	1.605666977624604197e+00	2.843872631452553507e-02	2.796629347891831685e+01	2.577357681879738571e+00	9.132624745787502885e-02	3.543406027807062542e-02	2.313435933144227874e+03	5.270258268090287856e+01	1.414092046875704313e-02	6.377028081825442118e-03	1.551232151742936750e-02	-7.497456944248484945e+01	1.414092046875691649e-02	6.377028081825730083e-03	1.551232151742937271e-02	-7.497456944248482102e+01
2.355816226783969727e+12	1.607202338543530340e+00	2.663733311139159649e-02	2.630397067819841794e+01	2.582389809504505251e+00	8.562316813838317942e-02	3.315656212057779134e-02	2.613849311681930885e+03	5.353321254469579316e+01	1.953444293325102415e-02	-3.237859211289191488e-03	1.980096444581857032e-02	-7.556248159958985866e+01	1.953444293325108314e-02	-3.237859211288964673e-03	1.980096444581859114e-02	-7.556248159958984445e+01
2.365591397849463379e+12	1.605300334252178329e+00	2.366945875722941198e-02	2.347022324279265604e+01	2.576428919872295165e+00	7.599318010909704435e-02	2.949554692658230490e-02	2.417155992116307971e+03	5.300096552832470564e+01	2.908065723187470974e-02	-7.523384856722685997e-03	3.003807491734700186e-02	-7.565138072807231140e+01	2.908065723187463689e-02	-7.523384856722972226e-03	3.003807491734700533e-02	-7.565138072807232561e+01
2.375366568914957031e+12	1.603703951216008283e+00	2.386173197259043241e-02	2.375865023907223872e+01	2.571296980893105211e+00	7.653430769460126126e-02	2.976486507132991913e-02	1.887015206661100819e+03	5.131647177589557884e+01	2.670185837705586068e-02	-1.078904824428371378e-02	2.879918059261113439e-02	-7.578222178668994502e+01	2.670185837705586068e-02	-1.078904824428371205e-02	2.879918059261113439e-02	-7.578222178668994502e+01
2.385141739980450684e+12	1.603884776221560893e+00	2.784020951947012087e-02	2.783401475206155595e+01	2.571671298129198480e+00	8.930497643019340293e-02	3.472643509890228908e-02	2.402399269588537209e+03	5.295930341623294169e+01	1.131794235338662476e-02	-1.105477259628955336e-02	1.582099289773740078e-02	-7.617185941389655568e+01	1.131794235338635414e-02	-1.105477259628985173e-02	1.582099289773741466e-02	-7.617185941389658410e+01
2.394916911045944336e+12	1.611377178834193069e+00	2.224789616827569164e-02	2.233410536877563501e+01	2.596041443583728903e+00	7.169950432526427109e-02	2.761878262863401781e-02	6.311353238107399193e+02	4.386515834157312810e+01	-2.210202404103116594e-02	-2.773810042085220889e-02	3.546690967179972481e-02	-7.764181342699649235e+01	-2.210202404103160309e-02	-2.773810042085186889e-02	3.546690967179973869e-02	-7.764181342699652077e+01
2.404692082111437988e+12	1.607678121651051173e+00	2.797918736326757486e-02	2.820224824276678532e+01	2.583846107909943512e+00	8.996305477100167980e-02	3.481749725558238445e-02	1.664547203174810875e+03	5.046302966550509694e+01	-7.078603860088919508e-03	-1.320100898520901525e-02	1.497909445980079648e-02	-7.746121962702397923e+01	-7.078603860088940325e-03	-1.320100898520899443e-02	1.497909445980078781e-02	-7.746121962702399344e+01
2.414467253176931641e+12	1.606883775557536476e+00	2.347273906029451879e-02	2.375605113947019120e+01	2.581524498671050605e+00	7.543592712776583942e-02	2.922146474557947571e-02	2.378813668586592030e+03	5.289218072467723175e+01	-1.943353284931441036e-02	-2.125285863716331811e-02	2.879837146882840287e-02	-7.770973211326544572e+01	-1.943353284931422995e-02	-2.125285863716346035e-02	2.879837146882838900e-02	-7.770973211326544572e+01
2.424242424242425293e+12	1.604088235815514185e+00	2.409407973836119599e-02	2.448361555304301262e+01	2.572518543603290020e+00	7.729805972221227839e-02	3.004762003151277214e-02	2.420404232544055958e+03	5.301010200661797711e+01	-1.644995862691825406e-02	-1.998825734722344677e-02	2.588689959431515752e-02	-7.765761760540324588e+01	-1.644995862691805630e-02	-1.998825734722360636e-02	2.588689959431515752e-02	-7.765761760540323166e+01
2.434017595307918945e+12	1.602855562480196117e+00	2.782837682156525869e-02	2.839231142245906270e+01	2.568371535617183010e+00	8.920973716648167295e-02	3.473396894855574485e-02	2.172747868104131612e+03	5.227572843569104322e+01	-1.111269029808147069e-02	-9.432767427771611424e-03	1.457631596143220062e-02	-7.783600282721783969e+01	-1.111269029808163201e-02	-9.432767427771411931e-03	1.457631596143219369e-02	-7.783600282721785391e+01
2.443792766373412598e+12	1.607983479246863912e+00	2.700427715930326864e-02	2.766216024229192527e+01	2.584881638545953209e+00	8.684486308232618190e-02	3.359723005776702603e-02	2.327184120476805219e+03	5.274289406205977571e+01	-1.472988392426759913e-02	6.781644042150287467e-03	1.621604687760952110e-02	-7.897128547944038246e+01	-1.472988392426760954e-02	6.781644042150269253e-03	1.621604687760952457e-02	-7.897128547944038246e+01
2.453567937438906250e+12	1.607015828697857529e+00	2.400935424074314428e-02	2.469265156793694160e+01	2.581923424594404270e+00	7.716682460337652427e-02	2.988734052618105888e-02	2.088443969863135862e+03	5.200649423849326070e+01	-1.994816615921822522e-02	1.522203175672259649e-02	2.509262010867837830e-02	-7.919163575551702650e+01	-1.994816615921816277e-02	1.522203175672270925e-02	2.509262010867839218e-02	-7.919163575551702650e+01
2.463343108504399902e+12	1.601690199977281237e+00	2.368234758918911359e-02	2.445337563311578322e+01	2.564850643115927920e+00	7.586356809211959595e-02	2.957816210302061793e-02	1.289524569816417170e+03	4.872625695747436936e+01	-2.544355774304416298e-02	5.401371173855700099e-03	2.601056403043543880e-02	-7.874899922900272031e+01	-2.544355774304415951e-02	5.401371173855689690e-03	2.601056403043543533e-02	-7.874899922900272031e+01
2.473118279569893555e+12	1.605611065598211873e+00	2.102142063824753021e-02	2.179195086833417605e+01	2.577544993845775512e+00	6.750445118272971334e-02	2.618943659331083793e-02	9.355635907474605801e+02	4.654317868182606333e+01	-1.502460395046517107e-02	3.538705993542217570e-02	3.844454102654230876e-02	-7.970909862968119342e+01	-1.502460395046556485e-02	3.538705993542200223e-02	3.844454102654230182e-02	-7.970909862968117920e+01
2.482893450635387207e+12	1.603329385198481116e+00	2.687498831146044667e-02	2.797019718233889307e+01	2.569942852444198511e+00	8.617891697326049427e-02	3.353339818093550861e-02	2.148782850747843440e+03	5.220027108130996396e+01	-5.847277773550567034e-03	1.436408583538627444e-02	1.550863047620269775e-02	-7.972402102310694261e+01	-5.847277773550549687e-03	1.436408583538628485e-02	1.550863047620269948e-02	-7.972402102310694261e+01
2.492668621700880859e+12	1.608179937897372458e+00	2.767523387862365694e-02	2.891645218913938820e+01	2.585476794085360019e+00	8.901351180044049516e-02	3.442827721527857293e-02	2.196809057399181256e+03	5.235065590367670296e+01	8.907743832561633435e-03	1.012432067978256793e-02	1.348516849778350936e-02	-8.083217519690370523e+01	8.907743832561531086e-03	1.012432067978267028e-02	1.348516849778351977e-02	-8.083217519690369102e+01
2.502443792766374512e+12	1.607948860388611401e+00	2.365763119603204664e-02	2.481559826937123248e+01	2.584939854111226953e+00	7.608052224230758831e-02	2.943222145819178112e-02	2.196359372256582901e+03	5.234926310718118003e+01	2.140849741341655996e-02	1.220097283485626315e-02	2.464117488305222689e-02	-8.116340642007881456e+01	2.140849741341674384e-02	1.220097283485590059e-02	2.464117488305221301e-02	-8.116340642007882877e+01
