freq_roi_Hz	n_opt	k_opt	alpha_cm	eps_r	eps_i	loss_tan	DR	alpha_max	H_meas_real	H_meas_imag	H_meas_mag	H_meas_phase	H_model_real	H_model_imag	H_model_mag	H_model_phase
3.005870841487279663e+11	1.667614006530530713e+00	5.761986075439338995e-03	7.259917425881091679e-01	2.780903274293275551e+00	1.921753736967304893e-02	6.910537862758601123e-03	7.655570711280181229e+01	2.951334267699601810e+01	8.251487950300941954e-01	1.700731606854288813e-01	8.424935690704992153e-01	2.032656232067358293e-01	8.251487950300941954e-01	1.700731606854296862e-01	8.424935690704994373e-01	2.032656232067367730e-01
3.068493150684931641e+11	1.671329776316086591e+00	5.257577209199573720e-03	6.762386336437724577e-01	2.793315579082669142e+00	1.757429068203215580e-02	6.291552166047629374e-03	7.884747011304553155e+01	2.971401998903494501e+01	8.416235861019029096e-01	-1.054462343634549742e-01	8.482034950555555897e-01	-1.246396048084732616e-01	8.416235861019029096e-01	-1.054462343634552657e-01	8.482034950555555897e-01	-1.246396048084735947e-01
3.131115459882583008e+11	1.672758078019409789e+00	6.977215762828501040e-03	9.157362300497484675e-01	2.798070906039388905e+00	2.334238805871146835e-02	8.342314702722146078e-03	7.184352025003005338e+01	2.908113361259056262e+01	7.505260279142570434e-01	-3.270504060455624029e-01	8.186887605624737496e-01	-4.109503758056752831e-01	7.505260279142569324e-01	-3.270504060455635131e-01	8.186887605624740827e-01	-4.109503758056766154e-01
3.193737769080234985e+11	1.671614567151844755e+00	1.000586356069169298e-02	1.339500845130863871e+00	2.794195143808654080e+00	3.345189456997212096e-02	1.197192495452382814e-02	7.753072438666623611e+01	2.959944417114113335e+01	6.136280096391376615e-01	-4.641264073197956530e-01	7.693845957551206372e-01	-6.475619239907756119e-01	6.136280096391369954e-01	-4.641264073197966522e-01	7.693845957551207482e-01	-6.475619239907771663e-01
3.256360078277886353e+11	1.668790249425529115e+00	8.774217756775819915e-03	1.197650200005698551e+00	2.784783909680476288e+00	2.928465807768765305e-02	1.051595349136003575e-02	7.403954168761724475e+01	2.928597678417212791e+01	5.185741373533198084e-01	-5.905613997483328825e-01	7.859274157353527412e-01	-8.502111930898120784e-01	5.185741373533206966e-01	-5.905613997483322164e-01	7.859274157353528523e-01	-8.502111930898107461e-01
3.318982387475538330e+11	1.668876492394341993e+00	6.997500933418142506e-03	9.735025062857807221e-01	2.785099781847129030e+00	2.335592962657800573e-02	8.386029749744882203e-03	7.551960872368788102e+01	2.942063707676693696e+01	3.609698850019507077e-01	-7.276233365204352044e-01	8.122407141528008578e-01	-1.110278051649576048e+00	3.609698850019511518e-01	-7.276233365204347603e-01	8.122407141528007468e-01	-1.110278051649575382e+00
3.381604696673189697e+11	1.671540568076436362e+00	5.963661814779868016e-03	8.453275178882815322e-01	2.794012305463054346e+00	1.993700531538578416e-02	7.135618292161245539e-03	6.983212778548957544e+01	2.888794222083970453e+01	1.210115897605007068e-01	-8.184588840697636369e-01	8.273564828833377405e-01	-1.424006807052835777e+00	1.210115897604996382e-01	-8.184588840697637480e-01	8.273564828833376295e-01	-1.424006807052837109e+00
3.444227005870841675e+11	1.672192817228550288e+00	8.286497107400262602e-03	1.196332529669387856e+00	2.796160151956444739e+00	2.771324188595975652e-02	9.911178323090357942e-03	7.649307951540878037e+01	2.950777475857756116e+01	-9.857727437634178358e-02	-7.794687980238365066e-01	7.856774695230817063e-01	-1.696595735195373322e+00	-9.857727437633913292e-02	-7.794687980238367286e-01	7.856774695230815952e-01	-1.696595735195369770e+00
3.506849315068493042e+11	1.671286535132744167e+00	9.984934841115830628e-03	1.467748014028415593e+00	2.793098983592232187e+00	3.337537430826938850e-02	1.194922718612177227e-02	7.247436011598516359e+01	2.914061193821027373e+01	-2.697366020963075095e-01	-7.052300312506144531e-01	7.550544559753318286e-01	-1.936108896540190916e+00	-2.697366020963083977e-01	-7.052300312506141200e-01	7.550544559753319396e-01	-1.936108896540192248e+00
3.569471624266145020e+11	1.668968540807420409e+00	9.232924145626946258e-03	1.381441067327341177e+00	2.785370743316570863e+00	3.081891987742520558e-02	1.106456652184433648e-02	7.312140104567453136e+01	2.920108234086091414e+01	-4.150159872675672212e-01	-6.425927679490627265e-01	7.649599565389757494e-01	-2.144245811606416030e+00	-4.150159872675699413e-01	-6.425927679490609501e-01	7.649599565389756384e-01	-2.144245811606420471e+00
3.632093933463796387e+11	1.669548013241189066e+00	7.532759622785171506e-03	1.146833423911614913e+00	2.787333826050066854e+00	2.515260772488886465e-02	9.023894981582685978e-03	7.385682895504099577e+01	2.926916675387905542e+01	-5.920732991407260393e-01	-5.256272299238832213e-01	7.917289791291199919e-01	-2.415573506111528435e+00	-5.920732991407238188e-01	-5.256272299238855528e-01	7.917289791291198808e-01	-2.415573506111524438e+00
3.694716242661448364e+11	1.671131408743859792e+00	6.725043776009593383e-03	1.041514610349656644e+00	2.792634959076448098e+00	2.247686375853407553e-02	8.048622210891248976e-03	7.644141169130480762e+01	2.950317778798740065e+01	-7.301952586108413357e-01	-3.362322830778692873e-01	8.038888380127627853e-01	-2.710066887484380516e+00	-7.301952586108403365e-01	-3.362322830778712857e-01	8.038888380127626743e-01	-2.710066887484377851e+00
3.757338551859099731e+11	1.672786545838279793e+00	9.655859917073152804e-03	1.520759178259578848e+00	2.798121592306825001e+00	3.230438511555819292e-02	1.154502549295073274e-02	6.888924965150421542e+01	2.879545625448772839e+01	-7.422386820539722541e-01	-1.005978665807697181e-01	7.490248272906713245e-01	-3.006880461340922128e+00	-7.422386820539723651e-01	-1.005978665807688160e-01	7.490248272906713245e-01	-3.006880461340923461e+00
3.819960861056751709e+11	1.670584478511724758e+00	1.031667744853772932e-02	1.651915875055389504e+00	2.790746066010714177e+00	3.446976243067814694e-02	1.235145069287927472e-02	7.304759563649395204e+01	2.919421181557603973e+01	-7.330127822037756369e-01	5.356248336399951904e-02	7.349671274949910460e-01	-3.214534704699493872e+00	-7.330127822037753038e-01	5.356248336400051130e-02	7.349671274949909350e-01	-3.214534704699495204e+00
3.882583170254403076e+11	1.669026094556836926e+00	1.006167823327256371e-02	1.637496398573966561e+00	2.785546866942777644e+00	3.358640705273288618e-02	1.205738357925924611e-02	7.414952521106654615e+01	2.929607555516551542e+01	-7.049965755957388058e-01	2.137872924251451312e-01	7.366988380635555167e-01	-3.436024634022121660e+00	-7.049965755957384728e-01	2.137872924251460749e-01	7.366988380635555167e-01	-3.436024634022122992e+00
3.945205479452055054e+11	1.669786781726295466e+00	7.460965663993649952e-03	1.233825750904123941e+00	2.788132230419219759e+00	2.491644368930069978e-02	8.936607603275078388e-03	6.963789532558378426e+01	2.886899270155067043e+01	-6.574570912289890989e-01	4.227459837277609545e-01	7.816418576082243552e-01	-3.713032365690120074e+00	-6.574570912289887659e-01	4.227459837277615651e-01	7.816418576082243552e-01	-3.713032365690120962e+00
4.007827788649706421e+11	1.671277494947783104e+00	8.661259464326187887e-03	1.455054505903036421e+00	2.793093447703428822e+00	2.895073604126369854e-02	1.036511544755794843e-02	7.234659622830459114e+01	2.912860772227996620e+01	-4.898154127781721434e-01	5.764719300301768268e-01	7.564648205354749244e-01	-4.008081987993252326e+00	-4.898154127781690903e-01	5.764719300301796023e-01	7.564648205354750354e-01	-4.008081987993257655e+00
4.070450097847357788e+11	1.672255992091453036e+00	9.575654718365154972e-03	1.633804446524484533e+00	2.796348409922484457e+00	3.202589196196985177e-02	1.145275454529559762e-02	6.966500071136100303e+01	2.887164030191326702e+01	-3.010254994438432141e-01	6.724362030390274025e-01	7.367406588976607162e-01	-4.291479347430898983e+00	-3.010254994438440468e-01	6.724362030390270695e-01	7.367406588976608273e-01	-4.291479347430898095e+00
4.133072407045009766e+11	1.669847179431392048e+00	1.140074508816598352e-02	1.975128747599909085e+00	2.788259625666410280e+00	3.807500405778052599e-02	1.365547300807053686e-02	7.128235924141237945e+01	2.902778433744190068e+01	-1.551194134347334552e-01	6.835660039912423436e-01	7.009454431244209749e-01	-4.489241385696063347e+00	-1.551194134347313458e-01	6.835660039912427877e-01	7.009454431244209749e-01	-4.489241385696066899e+00
4.195694716242661133e+11	1.669495865768093834e+00	9.800911278579777994e-03	1.723691340430154817e+00	2.787120387954866718e+00	3.272516172069764306e-02	1.174156734030090167e-02	7.322016126597470986e+01	2.921026506225109998e+01	1.924099212018050981e-02	7.271181985250487756e-01	7.273727314135999267e-01	-4.738844793156177460e+00	1.924099212018030164e-02	7.271181985250486646e-01	7.273727314135998157e-01	-4.738844793156177460e+00
4.258317025440313110e+11	1.669166355568599158e+00	8.633087005591967220e-03	1.540966756800258075e+00	2.786041792370912873e+00	2.882011674886114996e-02	1.034446677281725992e-02	6.929433177463066329e+01	2.883534449281756196e+01	2.038336552304817750e-01	7.188697631817947409e-01	7.472094053353909304e-01	-4.988684151349823459e+00	2.038336552304829963e-01	7.188697631817941858e-01	7.472094053353907084e-01	-4.988684151349825235e+00
4.320939334637964478e+11	1.671953394204745980e+00	8.974908924657461901e-03	1.625538949839782532e+00	2.795347603402564829e+00	3.001125887851902041e-02	1.073614560206701679e-02	6.859570027366898159e+01	2.876640374555959312e+01	4.217520831252761782e-01	6.052119619831819453e-01	7.376695320724873106e-01	-5.321008984591525603e+00	4.217520831252746794e-01	6.052119619831830555e-01	7.376695320724873106e-01	-5.321008984591523827e+00
4.383561643835616455e+11	1.670825027424482689e+00	1.041414625806349505e-02	1.913550605399593207e+00	2.791547817825739131e+00	3.480043241446302560e-02	1.246635726325051423e-02	6.596325802369787539e+01	2.850017274145453783e+01	5.252919531786172103e-01	4.735187520238987036e-01	7.072140019771080421e-01	-5.549575642370264461e+00	5.252919531786146567e-01	4.735187520239012016e-01	7.072140019771079311e-01	-5.549575642370259132e+00
4.446183953033267822e+11	1.670906283965903460e+00	1.166560427879703363e-02	2.174121586924492977e+00	2.791791723473555198e+00	3.898426299140298618e-02	1.396388658352301984e-02	6.645857309989261807e+01	2.855106842628274322e+01	6.059800349891113491e-01	3.099168515783821132e-01	6.806322484996295552e-01	-5.810434934788648143e+00	6.059800349891110161e-01	3.099168515783820022e-01	6.806322484996292221e-01	-5.810434934788647254e+00
4.508806262230919800e+11	1.668458513801425624e+00	1.007991162101595090e-02	1.905054743381393578e+00	2.783652207658174671e+00	3.363582872489998682e-02	1.208334454726909570e-02	6.651236152436325710e+01	2.855657256163051727e+01	6.804380932408933269e-01	1.968826098184445761e-01	7.083493211560413227e-01	-6.001530484044298674e+00	6.804380932408936600e-01	1.968826098184441875e-01	7.083493211560414338e-01	-6.001530484044299563e+00
4.571428571428571167e+11	1.670416939188723360e+00	9.675240047499670745e-03	1.853970623061918843e+00	2.790199140458646365e+00	3.232336973212111830e-02	1.158461031093568384e-02	6.436131843871386593e+01	2.833291021049107528e+01	7.131245546781456168e-01	-2.245129621614636722e-02	7.134778841608818700e-01	-6.314657905797378845e+00	7.131245546781455058e-01	-2.245129621614543741e-02	7.134778841608815370e-01	-6.314657905797377957e+00
4.634050880626223145e+11	1.670814085435878393e+00	9.115052174463265239e-03	1.770553759844975428e+00	2.791536623914787629e+00	3.045911512515231054e-02	1.091123607844239445e-02	6.355660113490932162e+01	2.824731003389225137e+01	6.896449647240188163e-01	-2.145112674721350032e-01	7.222362918337010829e-01	-6.584744934016277362e+00	6.896449647240185943e-01	-2.145112674721356694e-01	7.222362918337009718e-01	-6.584744934016278251e+00
4.696673189823874512e+11	1.671698664907961929e+00	1.208571509637181018e-02	2.379314519432374375e+00	2.794430361745671831e+00	4.040734758212551070e-02	1.445995868613564848e-02	6.460365919036999571e+01	2.835847911690398249e+01	5.503348740391370564e-01	-3.649249017641640336e-01	6.603322326762927075e-01	-6.868711895950498914e+00	5.503348740391372784e-01	-3.649249017641642556e-01	6.603322326762930405e-01	-6.868711895950498914e+00
4.759295499021526489e+11	1.669577758972353054e+00	1.106535719465358454e-02	2.207482499547463117e+00	2.787367451125299489e+00	3.694894853455667205e-02	1.325585850535775621e-02	6.260964874973024052e+01	2.814518079811541895e+01	4.803355976280841988e-01	-4.777024960653771246e-01	6.774377913106268689e-01	-7.065835046532070507e+00	4.803355976280863082e-01	-4.777024960653752372e-01	6.774377913106270910e-01	-7.065835046532066066e+00
4.821917808219177856e+11	1.669206087797168614e+00	1.177733818871193675e-02	2.380433812700815999e+00	2.786110257844317761e+00	3.931760920528808850e-02	1.411200762589671920e-02	6.507870381712274366e+01	2.840832306283224540e+01	3.401124802942822045e-01	-5.661671215266581569e-01	6.604708235415931439e-01	-7.313026962557677813e+00	3.401124802942828151e-01	-5.661671215266579349e-01	6.604708235415932549e-01	-7.313026962557676924e+00
4.884540117416829834e+11	1.669581706530633092e+00	9.227963857651146767e-03	1.889377446421340645e+00	2.787417919464782567e+00	3.081367929052040988e-02	1.105456023488469303e-02	6.722430283260740680e+01	2.862900861614798842e+01	1.900754588762699482e-01	-6.839423641859271319e-01	7.098632527432729988e-01	-7.582910630356422210e+00	1.900754588762710029e-01	-6.839423641859269098e-01	7.098632527432731099e-01	-7.582910630356421322e+00
4.947162426614481201e+11	1.671059724632885546e+00	1.137890844494144314e-02	2.359641000011126089e+00	2.792311123732736711e+00	3.802967122525333088e-02	1.361942474892110372e-02	6.269145036959719164e+01	2.815406388814940541e+01	-2.118808587885954650e-02	-6.619686918720540936e-01	6.623076958650023771e-01	-7.885978395919493344e+00	-2.118808587886125694e-02	-6.619686918720538715e-01	6.623076958650021551e-01	-7.885978395919496009e+00
5.009784735812133179e+11	1.670652662895296903e+00	1.121481476164966698e-02	2.355051078168416634e+00	2.790954547969008548e+00	3.747212029085500440e-02	1.342627393130556464e-02	6.543118855735777117e+01	2.844507285807289776e+01	-1.821283658772569480e-01	-6.372806702007731694e-01	6.627951374811575924e-01	-8.132351180080958031e+00	-1.821283658772568648e-01	-6.372806702007730584e-01	6.627951374811573704e-01	-8.132351180080958031e+00
5.072407045009784546e+11	1.669321610740033712e+00	1.290157495633021713e-02	2.743127462641039127e+00	2.786468189447346866e+00	4.307375577436887287e-02	1.545819038505222981e-02	6.728431227742275667e+01	2.863507914482935135e+01	-2.976030863487373335e-01	-5.509306743965455277e-01	6.261726638837936676e-01	-8.349256152418412569e+00	-2.976030863487393319e-01	-5.509306743965444175e-01	6.261726638837937786e-01	-8.349256152418416121e+00
5.135029354207436523e+11	1.669024861975531016e+00	1.070024929132290352e-02	2.303169960442253750e+00	2.785529494557543728e+00	3.571796419310796500e-02	1.282268389650688054e-02	6.875810409483261765e+01	2.878249214098488906e+01	-4.526408083740479649e-01	-4.913072875934678674e-01	6.680318497257163868e-01	-8.598440179375007375e+00	-4.526408083740457999e-01	-4.913072875934699768e-01	6.680318497257164978e-01	-8.598440179375002046e+00
5.197651663405087891e+11	1.669385970026914023e+00	1.114843400296863969e-02	2.428903154395091413e+00	2.786725229341982413e+00	3.722207862465366779e-02	1.335692454811655654e-02	6.595539933230362806e+01	2.849936215192128586e+01	-5.567409516734945774e-01	-3.465054806816274535e-01	6.557640851805732751e-01	-8.868063553514998532e+00	-5.567409516734942443e-01	-3.465054806816277866e-01	6.557640851805731641e-01	-8.868063553514996755e+00
5.260273972602739868e+11	1.670664217125027884e+00	1.076855289834055540e-02	2.374405399034081210e+00	2.791002964650457940e+00	3.598127199495114448e-02	1.289187881584977040e-02	6.630035269757138394e+01	2.853485197060726364e+01	-6.392104200709288753e-01	-1.679680239416571352e-01	6.609109003444553210e-01	-9.167813098579271625e+00	-6.392104200709298745e-01	-1.679680239416546650e-01	6.609109003444556540e-01	-9.167813098579275177e+00
5.322896281800391235e+11	1.669848847279257864e+00	1.278828043284613650e-02	2.853312350913787654e+00	2.788231632643437319e+00	4.270899067894402129e-02	1.531759061152782736e-02	6.402026784674146143e+01	2.829676305970583883e+01	-6.158679205550263713e-01	-1.555294148153675733e-02	6.160642738850390376e-01	-9.399529630834937421e+00	-6.158679205550263713e-01	-1.555294148153775653e-02	6.160642738850390376e-01	-9.399529630834933869e+00
5.385518590998043213e+11	1.669333053501547814e+00	1.208464998419368601e-02	2.728040206002936507e+00	2.786526804747561314e+00	4.034661131722295374e-02	1.447917574253446311e-02	6.498803478091016927e+01	2.839883779063911362e+01	-6.129529728475837658e-01	1.346170332484915300e-01	6.275612261471514852e-01	-9.640966248796127402e+00	-6.129529728475840988e-01	1.346170332484892262e-01	6.275612261471513742e-01	-9.640966248796123850e+00
5.448140900195694580e+11	1.668113097008944390e+00	1.198106755623459287e-02	2.736106569643702358e+00	2.782457758432984818e+00	3.997155141340774653e-02	1.436555552092865992e-02	5.760658870062367498e+01	2.757857569359960337e+01	-5.689416374793716535e-01	2.633432057572797635e-01	6.269323973732972011e-01	-9.858278819847622998e+00	-5.689416374793717646e-01	2.633432057572800411e-01	6.269323973732974231e-01	-9.858278819847622998e+00
5.510763209393345947e+11	1.669476525815337453e+00	1.072476440740620721e-02	2.477357439183761834e+00	2.787036849676854722e+00	3.580948484612900273e-02	1.284858678861062163e-02	5.883581485031590574e+01	2.772222176123177562e+01	-4.818018943829475154e-01	4.379494301560054037e-01	6.511011970538579385e-01	-1.016253359394646694e+01	-4.818018943829472378e-01	4.379494301560059033e-01	6.511011970538580496e-01	-1.016253359394646871e+01
5.573385518590998535e+11	1.669707577093962447e+00	1.156938538572045358e-02	2.702828775358804059e+00	2.787789542326787107e+00	3.863498088171519323e-02	1.385864330686493659e-02	3.668649858450253731e+01	2.450868320844315917e+01	-3.382619328532505687e-01	5.313159431418513767e-01	6.298553537553935877e-01	-1.042864175823294559e+01	-3.382619328532527891e-01	5.313159431418499334e-01	6.298553537553936987e-01	-1.042864175823294204e+01
5.636007827788649902e+11	1.670238017499863670e+00	1.267965885266066420e-02	2.995493059601407104e+00	2.789534261353254774e+00	4.235609652928509078e-02	1.518393128060644900e-02	4.937357530519732762e+01	2.652934223374291278e+01	-1.726792520859469215e-01	5.780466941893144250e-01	6.032877462406781577e-01	-1.070528404907511089e+01	-1.726792520859490587e-01	5.780466941893137589e-01	6.032877462406780467e-01	-1.070528404907510556e+01
5.698630136986301270e+11	1.668536060680935185e+00	1.279322329103732732e-02	3.055903329666451285e+00	2.783848919230478725e+00	4.269190878687802171e-02	1.533556957490317743e-02	5.244146823883561837e+01	2.693946768007478099e+01	-5.463052795256075067e-02	5.956074263520850787e-01	5.981075997762692609e-01	-1.090410784145517731e+01	-5.463052795255639305e-02	5.956074263520853007e-01	5.981075997762691498e-01	-1.090410784145518619e+01
5.761252446183952637e+11	1.668969024414593605e+00	1.213378743481723261e-02	2.930234984362211748e+00	2.785310375657886972e+00	4.050183075508194397e-02	1.454122711387791436e-02	5.616397381259265842e+01	2.740603133643234202e+01	1.102300973594533134e-01	5.991627863091097961e-01	6.092181209235084660e-01	-1.117751337751697172e+01	1.102300973594579903e-01	5.991627863091091299e-01	6.092181209235085770e-01	-1.117751337751698060e+01
5.823874755381605225e+11	1.668779207805813458e+00	1.169229495669400418e-02	2.854308760243028598e+00	2.784687334643643819e+00	3.902371743052745340e-02	1.401368008000126661e-02	5.353421534119146230e+01	2.707977677022607566e+01	2.586692191163174059e-01	5.591381129519042981e-01	6.160723936954665136e-01	-1.142887440386233600e+01	2.586692191163171839e-01	5.591381129519042981e-01	6.160723936954665136e-01	-1.142887440386233600e+01
5.886497064579256592e+11	1.669940900255427962e+00	1.243965249426897367e-02	3.069406024845664938e+00	2.788547865391731051e+00	4.154696897028842262e-02	1.489914140830140080e-02	5.588840888931991913e+01	2.737256865846967457e+01	3.994727690493735661e-01	4.433806903060044102e-01	5.967955510459198587e-01	-1.172892512782461516e+01	3.994727690493742323e-01	4.433806903060040217e-01	5.967955510459199697e-01	-1.172892512782461694e+01
5.949119373776907959e+11	1.669099419507375615e+00	1.299017550467950789e-02	3.239342457296051414e+00	2.785724127540215811e+00	4.336378878831899375e-02	1.556643328735105546e-02	5.239110424316377390e+01	2.693293064301269624e+01	4.771925197410284980e-01	3.334407668234110056e-01	5.821472716388664814e-01	-1.195648055761675188e+01	4.771925197410298303e-01	3.334407668234088962e-01	5.821472716388664814e-01	-1.195648055761675721e+01
6.011741682974559326e+11	1.668703718322624763e+00	1.342568800607653670e-02	3.383187152264194975e+00	2.784391850445317562e+00	4.480699099355876791e-02	1.609220016442464152e-02	5.668071869638385607e+01	2.746834095068168224e+01	5.321559070149118886e-01	2.042367976335577595e-01	5.700022621696113623e-01	-1.219991488275750591e+01	5.321559070149119997e-01	2.042367976335574820e-01	5.700022621696113623e-01	-1.219991488275750591e+01
6.074363992172210693e+11	1.667946139366780933e+00	1.232385032663655886e-02	3.137880416138779882e+00	2.781892446541675668e+00	4.111103714889498273e-02	1.477808288383053274e-02	5.428122860198922695e+01	2.717405496639111817e+01	5.854876536215360971e-01	8.050198326174302921e-02	5.909960760041692573e-01	-1.242973175843495426e+01	5.854876536215356531e-01	8.050198326174638763e-02	5.909960760041693684e-01	-1.242973175843494893e+01
6.136986301369863281e+11	1.669074967820428412e+00	1.260931744634949565e-02	3.243664243743221043e+00	2.785652253318301241e+00	4.209179222200670062e-02	1.511021060574465821e-02	5.804663020088220549e+01	2.763034769886179021e+01	5.740007657121801721e-01	-9.481830017315505399e-02	5.817795021190550475e-01	-1.273008068879392418e+01	5.740007657121798390e-01	-9.481830017315719117e-02	5.817795021190551585e-01	-1.273008068879392773e+01
6.199608610567514648e+11	1.668873714426329036e+00	1.275129677237192040e-02	3.313658795480697083e+00	2.784976879133755467e+00	4.256060801652157555e-02	1.528221233555077455e-02	5.706710034931915487e+01	2.751456117692175951e+01	5.271602285048971881e-01	-2.317247897320027505e-01	5.758422394143003498e-01	-1.298051871619718156e+01	5.271602285048976322e-01	-2.317247897320013350e-01	5.758422394143001277e-01	-1.298051871619717978e+01
6.262230919765166016e+11	1.668973892624449062e+00	1.378050501304402958e-02	3.617290374208190773e+00	2.785283951943591685e+00	4.599860618790165695e-02	1.651487136735322464e-02	5.874332373280704900e+01	2.771151823639415923e+01	4.296161446323090161e-01	-3.445295673143616288e-01	5.507001493395025093e-01	-1.324229789237632815e+01	4.296161446323086275e-01	-3.445295673143619064e-01	5.507001493395023983e-01	-1.324229789237632993e+01
6.324853228962817383e+11	1.667724414397327326e+00	1.342431910441639793e-02	3.559031895641522780e+00	2.781124510033491148e+00	4.477612943419138208e-02	1.610000892540124767e-02	5.622134686928018965e+01	2.741297766650547629e+01	3.516460196256622761e-01	-4.300812683925742119e-01	5.555401160499006119e-01	-1.345176991461920046e+01	3.516460196256618875e-01	-4.300812683925743785e-01	5.555401160499005009e-01	-1.345176991461920046e+01
6.387475538160469971e+11	1.667959306938615383e+00	1.310359005251551627e-02	3.508396820150033957e+00	2.781916545530881635e+00	4.371250996480303269e-02	1.571309176582838182e-02	5.776491285377387896e+01	2.759724834030775398e+01	2.274342827478531004e-01	-5.113750773139519312e-01	5.596702803141155869e-01	-1.371868713141895846e+01	2.274342827478547657e-01	-5.113750773139510430e-01	5.596702803141154758e-01	-1.371868713141895491e+01
6.450097847358121338e+11	1.668133180928866866e+00	1.250293294313162794e-02	3.380394340410846965e+00	2.782511985983679104e+00	4.171311460273296329e-02	1.499117157908179225e-02	5.332659278759416566e+01	2.705333968327258276e+01	8.734417435477155600e-02	-5.635561542786051703e-01	5.702846165021531188e-01	-1.398340282198308238e+01	8.734417435477184743e-02	-5.635561542786052813e-01	5.702846165021532299e-01	-1.398340282198308060e+01
6.512720156555772705e+11	1.668820779816119870e+00	1.346160548351567170e-02	3.674924636393948507e+00	2.784781580323888672e+00	4.493001392115515691e-02	1.613412493051950489e-02	5.580429981010143337e+01	2.736232216856948085e+01	-7.158195995004179579e-02	-5.413549994032638146e-01	5.460670401783989103e-01	-1.426863169326418479e+01	-7.158195995004099088e-02	-5.413549994032640367e-01	5.460670401783990213e-01	-1.426863169326418301e+01
6.575342465753424072e+11	1.668074251053367707e+00	1.356578870412024004e-02	3.738975218548439727e+00	2.782287676404088916e+00	4.525748566514720822e-02	1.626628549195866316e-02	5.057063175253982479e+01	2.669232239785432981e+01	-1.902069676677125565e-01	-5.064722485633308402e-01	5.410109325273775305e-01	-1.449642199097066353e+01	-1.902069676677131393e-01	-5.064722485633306182e-01	5.410109325273775305e-01	-1.449642199097066353e+01
6.637964774951076660e+11	1.667916170781854834e+00	1.394175304191330907e-02	3.879193917217584442e+00	2.781749980277723466e+00	4.650735069530864685e-02	1.671873857285530174e-02	5.122442429735579594e+01	2.677971531351625600e+01	-3.038271825022717532e-01	-4.342532460428612517e-01	5.299875833696772176e-01	-1.474766090332122381e+01	-3.038271825022743067e-01	-4.342532460428595309e-01	5.299875833696772176e-01	-1.474766090332123092e+01
6.700587084148728027e+11	1.667389897667296061e+00	1.297909148122550378e-02	3.645409411420266199e+00	2.780020614027277848e+00	4.328241203339013021e-02	1.556909751496016701e-02	4.846199589152066523e+01	2.640255741001375611e+01	-4.108924716418870804e-01	-3.634337214072679290e-01	5.485587417113272357e-01	-1.498377891573382037e+01	-4.108924716418869139e-01	-3.634337214072682620e-01	5.485587417113272357e-01	-1.498377891573382037e+01
6.763209393346379395e+11	1.668347128412970060e+00	1.335042643094701623e-02	3.784749433528742824e+00	2.783203906997915311e+00	4.454629119831814144e-02	1.600539977912279754e-02	4.918257934995011027e+01	2.650297297373684202e+01	-4.891442330663562932e-01	-2.224742439225039503e-01	5.373610238479933354e-01	-1.528110544561940287e+01	-4.891442330663562932e-01	-2.224742439225042279e-01	5.373610238479934464e-01	-1.528110544561940287e+01
6.825831702544030762e+11	1.668238358188330439e+00	1.344177893763027695e-02	3.845930979587261600e+00	2.782838538309888587e+00	4.484818245208562620e-02	1.611598439315974074e-02	4.476393120885856547e+01	2.586252140152505063e+01	-5.245561709851167542e-01	-9.197819496255497940e-02	5.325590717161212684e-01	-1.553438307038486954e+01	-5.245561709851168652e-01	-9.197819496255381366e-02	5.325590717161212684e-01	-1.553438307038487309e+01
6.888454011741683350e+11	1.668139400211454237e+00	1.450255758479258514e-02	4.187506778128614826e+00	2.782478734361329753e+00	4.838457542205595874e-02	1.738901894362970130e-02	4.787827508143430322e+01	2.632011330525361004e+01	-5.048741390935732598e-01	4.041756853515887649e-02	5.064893643224613884e-01	-1.578784764649189576e+01	-5.048741390935725937e-01	4.041756853516364351e-02	5.064893643224610553e-01	-1.578784764649190464e+01
6.951076320939334717e+11	1.667304117741545300e+00	1.371083210512422795e-02	3.994891889210777425e+00	2.779715034120898043e+00	4.572025365307320899e-02	1.644782040312003576e-02	4.375004290744909952e+01	2.570665437660193575e+01	-4.975128818205434844e-01	1.549990705484423636e-01	5.210986273713096306e-01	-1.600998046561723243e+01	-4.975128818205420966e-01	1.549990705484466380e-01	5.210986273713096306e-01	-1.600998046561724308e+01
7.013698630136986084e+11	1.667657505922915284e+00	1.405087504657390358e-02	4.130851983139351979e+00	2.780884129971463725e+00	4.686409447240792725e-02	1.685222838568568166e-02	4.671301356483417777e+01	2.615248351133829985e+01	-4.287104356738125621e-01	2.776410928965787894e-01	5.107614062558337720e-01	-1.628266296715387540e+01	-4.287104356738134503e-01	2.776410928965772906e-01	5.107614062558336609e-01	-1.628266296715387185e+01
7.076320939334637451e+11	1.667800030536332079e+00	1.327486241259970973e-02	3.937555709010519323e+00	2.781380719884916974e+00	4.427963187419880348e-02	1.592001826921088728e-02	4.382010879023932404e+01	2.571754136017975156e+01	-3.512672917556768915e-01	3.908060889016621853e-01	5.254694181205807890e-01	-1.654659261568444251e+01	-3.512672917556763919e-01	3.908060889016626849e-01	5.254694181205807890e-01	-1.654659261568444251e+01
7.138943248532290039e+11	1.668208056024324648e+00	1.461064108541881498e-02	4.372122915130292498e+00	2.782704647351529559e+00	4.874717832475129742e-02	1.751791314653065174e-02	4.619745427864251752e+01	2.607697856499388323e+01	-2.174039998624173464e-01	4.423920258987867338e-01	4.929251502358250603e-01	-1.682199275937643179e+01	-2.174039998624144321e-01	4.423920258987881216e-01	4.929251502358250048e-01	-1.682199275937643890e+01
7.201565557729941406e+11	1.667637638330445427e+00	1.423452146188023369e-02	4.296936652851096383e+00	2.780812671175096895e+00	4.747604750690798819e-02	1.707272409933528051e-02	4.359474263783370418e+01	2.568246121293579876e+01	-1.108210877627423263e-01	4.859695206660591960e-01	4.984452713280734804e-01	-1.705455235703240291e+01	-1.108210877627432284e-01	4.859695206660589184e-01	4.984452713280733693e-01	-1.705455235703240291e+01
7.264187866927592773e+11	1.667264176211179949e+00	1.493056331849154129e-02	4.546240663164500262e+00	2.779546911556137090e+00	4.978638670314732007e-02	1.791169146890716699e-02	4.662290445010823703e+01	2.613934709109184951e+01	7.960208447335196530e-03	4.804722495869501175e-01	4.805381853106675538e-01	-1.729532554681598100e+01	7.960208447334814891e-03	4.804722495869498955e-01	4.805381853106673318e-01	-1.729532554681597745e+01
7.326810176125244141e+11	1.667232382470801522e+00	1.380529473142666844e-02	4.239843086044999154e+00	2.779473230996643451e+00	4.603326885157617981e-02	1.656186803247963052e-02	4.515008939882476824e+01	2.592095968909378101e+01	1.354100133705856968e-01	4.840944107013361308e-01	5.026761086358652042e-01	-1.755150695833903285e+01	1.354100133705850029e-01	4.840944107013366859e-01	5.026761086358655373e-01	-1.755150695833902930e+01
7.389432485322896729e+11	1.667550278602875746e+00	1.462053177071300815e-02	4.528594298404523322e+00	2.780510171719270396e+00	4.876094365514934553e-02	1.753668954391885207e-02	4.544096983620890740e+01	2.596465025282552830e+01	2.495634986030977609e-01	4.120872506993102369e-01	4.817653391682868991e-01	-1.782329271350418054e+01	2.495634986030962343e-01	4.120872506993110140e-01	4.817653391682868436e-01	-1.782329271350417699e+01
7.452054794520548096e+11	1.667655997406264801e+00	1.428291176886097719e-02	4.461510855939684994e+00	2.780872524116487110e+00	4.763796694353106265e-02	1.713058276868198102e-02	4.276334935156615558e+01	2.555146043590669436e+01	3.513789281406966558e-01	3.365197119234550338e-01	4.865312607164621328e-01	-1.808575527978922537e+01	3.513789281406968779e-01	3.365197119234547563e-01	4.865312607164621328e-01	-1.808575527978922537e+01
7.514677103718199463e+11	1.667184256474322224e+00	1.524532037924655400e-02	4.802153529848347091e+00	2.779270925242372847e+00	5.083351624237399807e-02	1.829023424117637645e-02	3.650847563760552816e+01	2.447558895725085293e+01	3.997341541812692856e-01	2.332384590695648352e-01	4.628040328348055343e-01	-1.832136911104453958e+01	3.997341541812684529e-01	2.332384590695659732e-01	4.628040328348054788e-01	-1.832136911104453603e+01
7.577299412915850830e+11	1.667474229979809319e+00	1.444017114780808166e-02	4.586442468906994030e+00	2.780261789103980252e+00	4.815722653093588296e-02	1.732111224909361688e-02	3.360194807228815250e+01	2.391117490648969834e+01	4.619892022749763072e-01	1.214715432694632447e-01	4.776916985283856665e-01	-1.859244389084374305e+01	4.619892022749754190e-01	1.214715432694668945e-01	4.776916985283856665e-01	-1.859244389084373594e+01
7.639921722113503418e+11	1.666738907688286586e+00	1.493752782795425109e-02	4.783621369606112950e+00	2.777795456664331919e+00	4.979391763105570773e-02	1.792569626089383916e-02	4.232959954917552636e+01	2.548210085569881400e+01	4.638247620812661065e-01	1.590113329658969163e-02	4.640972483864335141e-01	-1.881528671157495936e+01	4.638247620812659955e-01	1.590113329658899080e-02	4.640972483864334031e-01	-1.881528671157495936e+01
7.702544031311154785e+11	1.667669086999728378e+00	1.425749545325728784e-02	4.603271523642848528e+00	2.780916907557907880e+00	4.755356885087271696e-02	1.709996034819767294e-02	3.854701624200397703e+01	2.484524745603438944e+01	4.595859793061659038e-01	-1.258196829228086511e-01	4.764974973550266668e-01	-1.911677588247230375e+01	4.595859793061665144e-01	-1.258196829228057367e-01	4.764974973550265003e-01	-1.911677588247229664e+01
7.765166340508806152e+11	1.667163070912347056e+00	1.532097605732592009e-02	4.986850609781281030e+00	2.779197972706538344e+00	5.108513098621204895e-02	1.838124937046585819e-02	3.992083174846157334e+01	2.508350026607145367e+01	3.951738762747855072e-01	-2.161184429075422575e-01	4.504104504280734833e-01	-1.935001179091329604e+01	3.951738762747861178e-01	-2.161184429075411750e-01	4.504104504280734833e-01	-1.935001179091329249e+01
7.827788649706457520e+11	1.667396495372303056e+00	1.505130868695076819e-02	4.938584796149332767e+00	2.779984530886648653e+00	5.019299871077682190e-02	1.805513597400064049e-02	3.631541479065592171e+01	2.443951628406224685e+01	3.259094658452362792e-01	-3.154948794428808490e-01	4.536011451508970005e-01	-1.961871834944285808e+01	3.259094658452356130e-01	-3.154948794428813486e-01	4.536011451508968895e-01	-1.961871834944286164e+01
7.890410958904110107e+11	1.666544156569399915e+00	1.527677402203758694e-02	5.052664233558167517e+00	2.777136045971092315e+00	5.091883695531589787e-02	1.833501712283270788e-02	3.655993590795400650e+01	2.448517191223387712e+01	2.465692910395748672e-01	-3.717833470340231039e-01	4.461157612274861406e-01	-1.983474867546044607e+01	2.465692910395739512e-01	-3.717833470340234925e-01	4.461157612274859185e-01	-1.983474867546044607e+01
7.953033268101761475e+11	1.667322065494081684e+00	1.477126291685203381e-02	4.924244273637478742e+00	2.779744679875292057e+00	4.925690519296373193e-02	1.771993865104673840e-02	3.350012720341232608e+01	2.389052784937644702e+01	1.300884502777665819e-01	-4.355510293527458110e-01	4.545632013987795372e-01	-2.013011097327176202e+01	1.300884502777680252e-01	-4.355510293527454779e-01	4.545632013987795927e-01	-2.013011097327175847e+01
8.015655577299412842e+11	1.666914856016799451e+00	1.513108964330691156e-02	5.083916549411279462e+00	2.778376187335713343e+00	5.044447622830044997e-02	1.815610012000336976e-02	3.268924477080584268e+01	2.372382295955485887e+01	2.349464382388953554e-02	-4.434244091814121269e-01	4.440463995420927401e-01	-2.036741719491506331e+01	2.349464382389088862e-02	-4.434244091814120159e-01	4.440463995420926846e-01	-2.036741719491506331e+01
8.078277886497064209e+11	1.667595423646483610e+00	1.535917342397332026e-02	5.200867549292949477e+00	2.780638592758427396e+00	5.122577462562120237e-02	1.842230585414000518e-02	3.208125675739888294e+01	2.359609455359632335e+01	-1.029849526042141139e-01	-4.241093423882245084e-01	4.364339981759721709e-01	-2.065856799300160063e+01	-1.029849526042174723e-01	-4.241093423882237867e-01	4.364339981759722265e-01	-2.065856799300160773e+01
8.140900195694715576e+11	1.666722357551711386e+00	1.565266936084224944e-02	5.341337287919203369e+00	2.777718411104614926e+00	5.217730795816086925e-02	1.878423232159501938e-02	2.985164436986297432e+01	2.310603072482864917e+01	-1.867322126812166472e-01	-3.846407294418960898e-01	4.275715261782723764e-01	-2.087230986240625441e+01	-1.867322126812174798e-01	-3.846407294418958678e-01	4.275715261782725429e-01	-2.087230986240625796e+01
8.203522504892368164e+11	1.667115398746422894e+00	1.560305368395098653e-02	5.365363341762770411e+00	2.779030297453180420e+00	5.202418212796358632e-02	1.872026446622072557e-02	3.004377766994418053e+01	2.314967903968481977e+01	-2.838167748277948821e-01	-3.177378432554686105e-01	4.260390812006428218e-01	-2.114942105662912297e+01	-2.838167748277939939e-01	-3.177378432554695542e-01	4.260390812006429884e-01	-2.114942105662911942e+01
8.266144814090019531e+11	1.666631547587471562e+00	1.537119959327514634e-02	5.325984918878269525e+00	2.777424441636874075e+00	5.123625233283213981e-02	1.844739736740995742e-02	2.958525451093412784e+01	2.304504594886213198e+01	-3.515136260914251132e-01	-2.451273197678401350e-01	4.285431509480779888e-01	-2.138220470328123923e+01	-3.515136260914253352e-01	-2.451273197678395244e-01	4.285431509480778223e-01	-2.138220470328124279e+01
8.328767123287670898e+11	1.667502428038229789e+00	1.565421486425283906e-02	5.465138477767191638e+00	2.780319293070375508e+00	5.220688259034751699e-02	1.877729752854901887e-02	2.911240638166310646e+01	2.293543163902195658e+01	-4.001716978529619162e-01	-1.269052644130796159e-01	4.198122603000963848e-01	-2.168405389930725491e+01	-4.001716978529626934e-01	-1.269052644130775620e-01	4.198122603000964959e-01	-2.168405389930726201e+01
8.391389432485322266e+11	1.666912961647391223e+00	1.594426457492752885e-02	5.608252130063633878e+00	2.778344602135241814e+00	5.315540256776406236e-02	1.913204090195022231e-02	2.914946994292515470e+01	2.294408768823364042e+01	-4.097927522031705738e-01	-3.288389981884420193e-02	4.111100225311284384e-01	-2.191107495720494214e+01	-4.097927522031707959e-01	-3.288389981884331376e-02	4.111100225311286049e-01	-2.191107495720494214e+01
8.454011741682974854e+11	1.667128785196596796e+00	1.622510557909141379e-02	5.749625252331199476e+00	2.779055132380027882e+00	5.409868110751438891e-02	1.946657354047647004e-02	2.909605004373063863e+01	2.293160817522507244e+01	-3.955149777537761424e-01	7.542479138927693505e-02	4.026425173571290816e-01	-2.217958625297697850e+01	-3.955149777537756428e-01	7.542479138928007143e-02	4.026425173571291927e-01	-2.217958625297698561e+01
8.516634050880626221e+11	1.666375607950656423e+00	1.604508462280370210e-02	5.727949225525529542e+00	2.776550222032367010e+00	5.347427528588849510e-02	1.925925015206338825e-02	2.935606163650457745e+01	2.299213562133993705e+01	-3.710788591643816581e-01	1.596703825933103726e-01	4.039729580011923726e-01	-2.239748876253832677e+01	-3.710788591643814915e-01	1.596703825933111220e-01	4.039729580011924837e-01	-2.239748876253833032e+01
8.579256360078277588e+11	1.666992592948683516e+00	1.596875711503863843e-02	5.742617918828166523e+00	2.778609303741976344e+00	5.323959965873199807e-02	1.916052018793494571e-02	2.902806060393925236e+01	2.291569186780240130e+01	-3.093000288010270271e-01	2.584479222726883130e-01	4.030655484451452497e-01	-2.268721700832722377e+01	-3.093000288010260834e-01	2.584479222726896452e-01	4.030655484451453052e-01	-2.268721700832722732e+01
8.641878669275928955e+11	1.666564386717299007e+00	1.604509601144514172e-02	5.812187898389947094e+00	2.777179409968390633e+00	5.348037118826850372e-02	1.925708184221242361e-02	2.920952396210056534e+01	2.295808973147093468e+01	-2.383378371195422341e-01	3.199821178605122829e-01	3.989905767725852592e-01	-2.292174964419519512e+01	-2.383378371195398193e-01	3.199821178605138927e-01	3.989905767725850372e-01	-2.292174964419520222e+01
8.704500978473581543e+11	1.667207132276585346e+00	1.642996920427503699e-02	5.994732229255637534e+00	2.779309678025862151e+00	5.478432368090398880e-02	1.971148595424500327e-02	2.767244559200920406e+01	2.259031312131422808e+01	-1.326693593544196192e-01	3.650285039104378404e-01	3.883902259050871497e-01	-2.321333911264364502e+01	-1.326693593544202021e-01	3.650285039104375073e-01	3.883902259050870387e-01	-2.321333911264364502e+01
8.767123287671232910e+11	1.666152203837201640e+00	1.652784412360451885e-02	6.073827915406007527e+00	2.775789996720189556e+00	5.507580782244282658e-02	1.984148940932821056e-02	2.805330706981263589e+01	2.268331138634014721e+01	-5.668595417355550697e-02	3.797543587459040748e-01	3.839618085006362147e-01	-2.341376891288109618e+01	-5.668595417355463961e-02	3.797543587459043524e-01	3.839618085006363812e-01	-2.341376891288109974e+01
8.829745596868884277e+11	1.666828825479778509e+00	1.633520570297453123e-02	6.045913922222039716e+00	2.778051494504939711e+00	5.445598347171923259e-02	1.960222248559273517e-02	2.601594561036433362e+01	2.217035508889129503e+01	5.596135170517304441e-02	3.814177412077371376e-01	3.855011883155257668e-01	-2.370762482686065908e+01	5.596135170517255175e-02	3.814177412077370821e-01	3.855011883155256003e-01	-2.370762482686065553e+01
8.892367906066535645e+11	1.666110316620624143e+00	1.625172084810305381e-02	6.057674557802721793e+00	2.775659468719152034e+00	5.415431953572595603e-02	1.951043351896327924e-02	2.633957583466056107e+01	2.225446537209758802e+01	1.368809175478641615e-01	3.597134635010130199e-01	3.848768132956826848e-01	-2.392555289899274129e+01	1.368809175478665485e-01	3.597134635010119097e-01	3.848768132956824628e-01	-2.392555289899274840e+01
8.954990215264188232e+11	1.667170239903278395e+00	1.644699795512217719e-02	6.173634513674270075e+00	2.779186105077418922e+00	5.483989105305953765e-02	1.973235651720843531e-02	2.453605773842715010e+01	2.177190720156407266e+01	2.376032861191295642e-01	2.943890497686903474e-01	3.783123500473138945e-01	-2.424100401875469757e+01	2.376032861191290646e-01	2.943890497686907914e-01	3.783123500473139500e-01	-2.424100401875469757e+01
9.017612524461839600e+11	1.666147800237927967e+00	1.657851838354552909e-02	6.266520237927603709e+00	2.775773644965892739e+00	5.524452387189686398e-02	1.990238792420542802e-02	2.436813709614399670e+01	2.172518571425561618e+01	2.875863064926904578e-01	2.379117832622773820e-01	3.732397356889329276e-01	-2.444159146454555653e+01	2.875863064926905688e-01	2.379117832622772988e-01	3.732397356889330386e-01	-2.444159146454555653e+01
9.080234833659490967e+11	1.666926924582695646e+00	1.686581888310317509e-02	6.419388705261359185e+00	2.778360916052126317e+00	5.622817520275986275e-02	2.023789453627087079e-02	2.242021549998745655e+01	2.115837010273750707e+01	3.374215005076485197e-01	1.389311365072906923e-01	3.649042747023396038e-01	-2.474215224861394447e+01	3.374215005076481866e-01	1.389311365072914695e-01	3.649042747023394928e-01	-2.474215224861394091e+01
9.142857142857142334e+11	1.665725045598744680e+00	1.641263508776555011e-02	6.289982088375392522e+00	2.774370552944415813e+00	5.467787465992765550e-02	1.970820898524117126e-02	2.218334215746927285e+01	2.108610847334875871e+01	3.644965419872581713e-01	7.423034338571425639e-02	3.719783232929441685e-01	-2.493183688949994803e+01	3.644965419872577828e-01	7.423034338571624091e-02	3.719783232929442240e-01	-2.493183688949994448e+01
9.205479452054794922e+11	1.667081006574957502e+00	1.663053585430233905e-02	6.417144472856538329e+00	2.778882507760172427e+00	5.544890090374252761e-02	1.995366869556327791e-02	1.991285917148934814e+01	2.035150330007805053e+01	3.618011749232712404e-01	-4.833913486414949390e-02	3.650161121584551416e-01	-2.526556154356723738e+01	3.618011749232711294e-01	-4.833913486415010452e-02	3.650161121584551416e-01	-2.526556154356723738e+01
9.268101761252446289e+11	1.666156321260786610e+00	1.637533227273988909e-02	6.361654452278028060e+00	2.775808735370234981e+00	5.456772675794265698e-02	1.965831653406929086e-02	1.985073651600885469e+01	2.033024533473422579e+01	3.473005126091321948e-01	-1.218517198265651608e-01	3.680563648182948455e-01	-2.547017650818915158e+01	3.473005126091328054e-01	-1.218517198265632040e-01	3.680563648182946790e-01	-2.547017650818914447e+01
9.330724070450097656e+11	1.667161323034258569e+00	1.730385099996184506e-02	6.767796235585985976e+00	2.779127453761910616e+00	5.769662225336813499e-02	2.076069673424594045e-02	1.932757194584329952e+01	2.014853675317510096e+01	2.755437164289081253e-01	-2.103799151016766678e-01	3.466757106311937897e-01	-2.578483174469469219e+01	2.755437164289082919e-01	-2.103799151016764457e-01	3.466757106311938452e-01	-2.578483174469469219e+01
9.393346379647749023e+11	1.665881208210027609e+00	1.663806958030521893e-02	6.551072933968232093e+00	2.774883374507942424e+00	5.543409490944273266e-02	1.997708999906080973e-02	1.899409716345102339e+01	2.003012725984920195e+01	2.401216323783812445e-01	-2.654821062222810224e-01	3.579652875074299523e-01	-2.596825618473251041e+01	2.401216323783840201e-01	-2.654821062222784134e-01	3.579652875074298968e-01	-2.596825618473249975e+01
9.455968688845401611e+11	1.666879777209397950e+00	1.731652632025854413e-02	6.863663190114668744e+00	2.778188329585851601e+00	5.772913506950647783e-02	2.077941745515583458e-02	1.826914287460536457e+01	1.976537371110897467e+01	1.394803549320209057e-01	-3.120887854947199114e-01	3.418394059255483453e-01	-2.628324354343964231e+01	1.394803549320217939e-01	-3.120887854947193563e-01	3.418394059255482342e-01	-2.628324354343964231e+01
9.518590998043052979e+11	1.666074563936171371e+00	1.649533763099771469e-02	6.581471976728922257e+00	2.775532356431543057e+00	5.496492490108886853e-02	1.980338106083417635e-02	1.851900636467336980e+01	1.985779212683767270e+01	7.431879223097802301e-02	-3.485232405781167886e-01	3.563589932943227456e-01	-2.649344507427221274e+01	7.431879223097667686e-02	-3.485232405781169551e-01	3.563589932943226346e-01	-2.649344507427221629e+01
9.581213307240704346e+11	1.667186355353528437e+00	1.762422907991943732e-02	7.078150607632329283e+00	2.779199730026320037e+00	5.876574849133311268e-02	2.114484535113875241e-02	1.761517732836178851e+01	1.951737169532871263e+01	-3.713577683249928013e-02	-3.291270290008634358e-01	3.312154391629236749e-01	-2.681589350412347983e+01	-3.713577683250042505e-02	-3.291270290008632693e-01	3.312154391629236749e-01	-2.681589350412348338e+01
9.643835616438355713e+11	1.666098383878507727e+00	1.705477423279341820e-02	6.894216774827990335e+00	2.775592959438443863e+00	5.682986357333986299e-02	2.047485506838785455e-02	1.786165353603216133e+01	1.961190702702507238e+01	-1.022742609180870982e-01	-3.246172538033616495e-01	3.403474488124996755e-01	-2.700875394094919457e+01	-1.022742609180856965e-01	-3.246172538033621491e-01	3.403474488124996755e-01	-2.700875394094919102e+01
9.706457925636008301e+11	1.666689113902731334e+00	1.796300357498436737e-02	7.308510811928726980e+00	2.777529932904436727e+00	5.987748502284458152e-02	2.155781808631357030e-02	1.752898561064335681e+01	1.948400062150185974e+01	-1.801190361960224307e-01	-2.647510822063524616e-01	3.202124337523745146e-01	-2.730094224302512274e+01	-1.801190361960241237e-01	-2.647510822063511848e-01	3.202124337523744035e-01	-2.730094224302512629e+01
9.769080234833659668e+11	1.665763276668948745e+00	1.702743007069593834e-02	6.972554908614085001e+00	2.774477360524060021e+00	5.672733541562770959e-02	2.044613382785459565e-02	1.697511716545112037e+01	1.926556162640164160e+01	-2.411437961437349897e-01	-2.346493223751970336e-01	3.364678809481677080e-01	-2.750258465627030091e+01	-2.411437961437339628e-01	-2.346493223751981994e-01	3.364678809481678190e-01	-2.750258465627029736e+01
9.831702544031311035e+11	1.666462444095158757e+00	1.787739704817953995e-02	7.367534486536870375e+00	2.776777476254391974e+00	5.958402155793770388e-02	2.145797496107281280e-02	1.734983879018422925e+01	1.941411174417571317e+01	-2.826517175288422723e-01	-1.445235742720605843e-01	3.174571733988322819e-01	-2.780167667253834907e+01	-2.826517175288429384e-01	-1.445235742720591132e-01	3.174571733988321709e-01	-2.780167667253835262e+01
9.894324853228962402e+11	1.665685940363891504e+00	1.686870252014771240e-02	6.996116064406278312e+00	2.774225098801228029e+00	5.619592123998197464e-02	2.025643891127105328e-02	1.385693397512497071e+01	1.788472126662177786e+01	-3.238046129193419831e-01	-8.707668509412266888e-02	3.353084795152456166e-01	-2.801163139081749165e+01	-3.238046129193423717e-01	-8.707668509412104518e-02	3.353084795152455611e-01	-2.801163139081749520e+01
9.956947162426614990e+11	1.666383295998163705e+00	1.833443263591932534e-02	7.652138795932925674e+00	2.776497137761622547e+00	6.110438457219909136e-02	2.200772467623023781e-02	1.536051363805108672e+01	1.858557109322520162e+01	-3.042499127365468903e-01	1.116967674019288606e-02	3.044548752749359766e-01	-2.831102957957272537e+01	-3.042499127365469458e-01	1.116967674019234309e-02	3.044548752749359766e-01	-2.831102957957272537e+01
1.001956947162426636e+12	1.665440190296896494e+00	1.706151135767819405e-02	7.165652143535226060e+00	2.773399932286354730e+00	5.682985344456846499e-02	2.049104162114790198e-02	1.499981014721827499e+01	1.842390410021427982e+01	-3.180193577141578465e-01	7.640230437090661519e-02	3.270682252896330300e-01	-2.851010974500741568e+01	-3.180193577141572359e-01	7.640230437090869686e-02	3.270682252896329745e-01	-2.851010974500742279e+01
1.008219178082191772e+12	1.666133890500265391e+00	1.817169882090471228e-02	7.679618488342469185e+00	2.775671930435512635e+00	6.055296650694610983e-02	2.181560646378159427e-02	1.501130783024869508e+01	1.842911706940097361e+01	-2.607983037175465868e-01	1.547193523677811988e-01	3.032389045275281081e-01	-2.880977751581794877e+01	-2.607983037175466978e-01	1.547193523677808935e-01	3.032389045275280526e-01	-2.880977751581794877e+01
1.014481409001956909e+12	1.665523497718586654e+00	1.670192166302208667e-02	7.102311174843904951e+00	2.773689567265516853e+00	5.563488597363675653e-02	2.005807954510397534e-02	1.369347137953314508e+01	1.780398800974323237e+01	-2.405268557675263597e-01	2.261154013280022856e-01	3.301232240590412648e-01	-2.902885855522646708e+01	-2.405268557675292185e-01	2.261154013279991493e-01	3.301232240590412093e-01	-2.902885855522645286e+01
1.020743639921722046e+12	1.666449477170230287e+00	1.835991276530986663e-02	7.855547464817992598e+00	2.776716773564184226e+00	6.119173405728332849e-02	2.203744171528802462e-02	1.330363436071980310e+01	1.760749231624610900e+01	-1.420542705542938156e-01	2.590973314177552611e-01	2.954840823640329517e-01	-2.934361922014906554e+01	-1.420542705542903739e-01	2.590973314177570375e-01	2.954840823640328962e-01	-2.934361922014907975e+01
1.027005870841487305e+12	1.665665410439825633e+00	1.693776930633922664e-02	7.291523851672494949e+00	2.774154371506598160e+00	5.642531292715721736e-02	2.033964421976760736e-02	1.210827531855410299e+01	1.696696349604860643e+01	-9.296918600312412129e-02	3.073066937453731717e-01	3.210617908857982816e-01	-2.955135485137855156e+01	-9.296918600312599479e-02	3.073066937453725611e-01	3.210617908857982816e-01	-2.955135485137854445e+01
1.033268101761252441e+12	1.665873902947444085e+00	1.860543597576107613e-02	8.058274080590566157e+00	2.774789698273502303e+00	6.198862048995978230e-02	2.233993463667881957e-02	1.237837958045371778e+01	1.711706207150964332e+01	-6.860979194113663200e-03	2.867520004519564791e-01	2.868340684066327806e-01	-2.982120824734466424e+01	-6.860979194117288772e-03	2.867520004519563681e-01	2.868340684066327806e-01	-2.982120824734465003e+01
1.039530332681017578e+12	1.665723449109111964e+00	1.640311307616263564e-02	7.147474359534560229e+00	2.774365546793366999e+00	5.464610017870480396e-02	1.969679166534676201e-02	1.024338493982063625e+01	1.582904463392608463e+01	7.274222858812584569e-02	3.197593426411549089e-01	3.279290609663477740e-01	-3.006881392424888588e+01	7.274222858812512404e-02	3.197593426411549644e-01	3.279290609663477185e-01	-3.006881392424888233e+01
1.045792563600782715e+12	1.665880156464018880e+00	1.867767970714312442e-02	8.187619168667033875e+00	2.774807839981341395e+00	6.222955198584083358e-02	2.242661675132764584e-02	1.111275051958141979e+01	1.638325777821033569e+01	1.325219359384917639e-01	2.482780152394589157e-01	2.814321167815263536e-01	-3.033542298709807383e+01	1.325219359384908480e-01	2.482780152394593320e-01	2.814321167815263536e-01	-3.033542298709807028e+01
1.052054794520547974e+12	1.666348205673507055e+00	1.642535208358075066e-02	7.243395660766980271e+00	2.776446550360247123e+00	5.474071194406077145e-02	1.971610508293707500e-02	9.499015600090627842e+00	1.531576808650114963e+01	2.268883770427392310e-01	2.303249070361895467e-01	3.233077457134572730e-01	-3.062301226262173159e+01	2.268883770427392310e-01	2.303249070361894357e-01	3.233077457134572175e-01	-3.062301226262173159e+01
1.058317025440313110e+12	1.665871495247365885e+00	1.909729793190789032e-02	8.471822878760859155e+00	2.774763131889394607e+00	6.362728852202365060e-02	2.293070993728336254e-02	1.023741050584350099e+01	1.582507539778228534e+01	2.276364246804555846e-01	1.450433547356843045e-01	2.699183517182228709e-01	-3.084862279312226363e+01	2.276364246804563896e-01	1.450433547356829722e-01	2.699183517182228709e-01	-3.084862279312227074e+01
1.064579256360078247e+12	1.666676031755332410e+00	1.681293873137535561e-02	7.502582695039226479e+00	2.777526319918916631e+00	5.604344401390842084e-02	2.017746640670698560e-02	8.981763664682608450e+00	1.493483186866318668e+01	3.009639967130472438e-01	7.918761512716443463e-02	3.112073355610677772e-01	-3.115864457518638275e+01	3.009639967130471883e-01	7.918761512716462891e-02	3.112073355610677772e-01	-3.115864457518638275e+01
1.070841487279843384e+12	1.665640605574836730e+00	1.919344606518551613e-02	8.615238531079430828e+00	2.773990238567851652e+00	6.393876625416713977e-02	2.304938401195574457e-02	9.687952567700104822e+00	1.544976092971454840e+01	2.636732240806478611e-01	1.815091503855499264e-02	2.642972281614402452e-01	-3.134719629078396608e+01	2.636732240806478611e-01	1.815091503855438895e-02	2.642972281614401897e-01	-3.134719629078396608e+01
1.077103718199608643e+12	1.666966994341462005e+00	1.729590612819343134e-02	7.808902596050234735e+00	2.778479811855012915e+00	5.766340930585335534e-02	2.075358225020004430e-02	9.067039094781915054e+00	1.499912072946612440e+01	2.862020855411982478e-01	-8.118293405998990020e-02	2.974933655574860669e-01	-3.169232220336627392e+01	2.862020855411990250e-01	-8.118293405998705525e-02	2.974933655574860114e-01	-3.169232220336626327e+01
1.083365949119373779e+12	1.665558521034482764e+00	1.960307735336461882e-02	8.902020622622380586e+00	2.773700906348851802e+00	6.530014504878907389e-02	2.354260508020910442e-02	9.624481253056242025e+00	1.540504121464811149e+01	2.293238468467009017e-01	-1.077853510235399076e-01	2.533912165562114960e-01	-3.185529864888557938e+01	2.293238468466996527e-01	-1.077853510235424750e-01	2.533912165562113850e-01	-3.185529864888559004e+01
1.089628180039138916e+12	1.666419017618874898e+00	1.769153133084563900e-02	8.080400995017365418e+00	2.776639352001025962e+00	5.896300852104267159e-02	2.123538603547850401e-02	8.423064444596066735e+00	1.449789917563316166e+01	2.083511353476580341e-01	-1.957462190683539049e-01	2.858789566935875937e-01	-3.217014203903192282e+01	2.083511353476601713e-01	-1.957462190683517123e-01	2.858789566935876492e-01	-3.217014203903191571e+01
1.095890410958904053e+12	1.665277638157905526e+00	1.988858401841336887e-02	9.136085437514395835e+00	2.772754056374514775e+00	6.624002844097695575e-02	2.388961555702794753e-02	5.918190998531292379e+00	1.209668216230278048e+01	1.455938338632752904e-01	-1.968381324242724217e-01	2.448322177232449270e-01	-3.234987048817247057e+01	1.455938338632740969e-01	-1.968381324242732822e-01	2.448322177232448993e-01	-3.234987048817247768e+01
1.102152641878669189e+12	1.672649977194172521e+00	2.052423300443932674e-02	9.481953987161901409e+00	2.797336702067245273e+00	6.865971573360664382e-02	2.454467339697319339e-02	2.041707668245564378e+00	4.856186345321105158e+00	-2.790496089501861773e-02	-2.307581981019373452e-01	2.324393100011387658e-01	-3.310706580346521122e+01	-2.790496089501862467e-02	-2.307581981019373452e-01	2.324393100011387658e-01	-3.310706580346521122e+01
1.108414872798434326e+12	1.664580080095156456e+00	1.935642970458444079e-02	8.993251945860057717e+00	2.770452171678689179e+00	6.444065461602686840e-02	2.325997729712857634e-02	7.184386404599689691e+00	1.341572348460893060e+01	4.256225386577419667e-02	-2.464036413336039288e-01	2.500525943008669594e-01	-3.281567683377880940e+01	4.256225386577317665e-02	-2.464036413336041786e-01	2.500525943008669594e-01	-3.281567683377881650e+01
1.114677103718199707e+12	1.667188698970839322e+00	1.889422425959333060e-02	8.828101288758499976e+00	2.779161166265708083e+00	6.300047432282934734e-02	2.266888120327385098e-02	5.740286934751555492e+00	1.188903083794101256e+01	-6.697110027922310860e-02	-2.471846418750718588e-01	2.560964182715511628e-01	-3.325130644921912904e+01	-6.697110027922258124e-02	-2.471846418750720253e-01	2.560964182715511628e-01	-3.325130644921912904e+01
1.120939334637964844e+12	1.664532813341445205e+00	1.940736922595161576e-02	9.118805209510604470e+00	2.770292840710113946e+00	6.460840579445885357e-02	2.332186866493784344e-02	7.050479555847298130e+00	1.328772076481802955e+01	-8.151933203815894813e-02	-2.315514083212625585e-01	2.454820893497276502e-01	-3.332522916769552523e+01	-8.151933203815933671e-02	-2.315514083212623364e-01	2.454820893497275669e-01	-3.332522916769552523e+01
1.127201565557729980e+12	1.666258173493432526e+00	1.922341482804979657e-02	9.082832017547342929e+00	2.776046761056018664e+00	6.406234415938563687e-02	2.307682459030916192e-02	8.094872848017420353e+00	1.422751219195589378e+01	-1.617069241916906097e-01	-1.863368952865717965e-01	2.467196138870519362e-01	-3.370147193651566653e+01	-1.617069241916904987e-01	-1.863368952865719075e-01	2.467196138870519639e-01	-3.370147193651566653e+01
1.133463796477495117e+12	1.664647242359383661e+00	1.958895438574177056e-02	9.306964751482460940e+00	2.770666714360773941e+00	6.521739779785758195e-02	2.353852141790501243e-02	7.864006742203788924e+00	1.403065782355293578e+01	-1.808433925907988737e-01	-1.559245084533083248e-01	2.387818774114895404e-01	-3.384598066262934424e+01	-1.808433925908007056e-01	-1.559245084533061321e-01	2.387818774114895126e-01	-3.384598066262935134e+01
1.139726027397260254e+12	1.666447010094024739e+00	1.903832206969122490e-02	9.095326561647823382e+00	2.776683179744085184e+00	6.345270978048805910e-02	2.285198046481349762e-02	7.271062709563832271e+00	1.349731236686804969e+01	-2.330805517953356554e-01	-7.948198309929981054e-02	2.462598815532394680e-01	-3.422887875485904630e+01	-2.330805517953345729e-01	-7.948198309930276650e-02	2.462598815532393848e-01	-3.422887875485903209e+01
1.145988258317025391e+12	1.664639247414222423e+00	2.044197631313606281e-02	9.819564106066531295e+00	2.770605949636201881e+00	6.805703213111635730e-02	2.456395220693605858e-02	7.218612206481998861e+00	1.344805741579299330e+01	-2.170666454304882587e-01	-4.385579206626252780e-02	2.214526113104213767e-01	-3.435816442525972292e+01	-2.170666454304885362e-01	-4.385579206626105675e-02	2.214526113104213767e-01	-3.435816442525973002e+01
1.152250489236790527e+12	1.665947597472365871e+00	1.854493157364688408e-02	8.956973669041694563e+00	2.775037483036876473e+00	6.178976840081289862e-02	2.226628244790155101e-02	5.326215605166362721e+00	1.137967117871426836e+01	-2.485062257631301119e-01	3.762030226096012286e-02	2.513376839736568558e-01	-3.470776412105702491e+01	-2.485062257631302229e-01	3.762030226095931795e-02	2.513376839736568003e-01	-3.470776412105702491e+01
1.158512720156555664e+12	1.664377522512199059e+00	2.095606061665075334e-02	1.017652757389044993e+01	2.769713380967277150e+00	6.975759250151329638e-02	2.518585243544283273e-02	4.228221311938663796e+00	9.809037731703416085e+00	-2.010785253301805298e-01	6.104764609325303432e-02	2.101413534801923055e-01	-3.485227639219173312e+01	-2.010785253301801412e-01	6.104764609325384617e-02	2.101413534801921668e-01	-3.485227639219173312e+01
1.164774951076321045e+12	1.666835142737502773e+00	1.354963083751739399e-02	6.615438652690350807e+00	2.778155800568918199e+00	4.517000170218755245e-02	1.625898795630451033e-02	1.253141641780164850e+00	1.535215917598315993e+00	-2.645348081988020406e-01	2.360546087864484610e-01	3.545425828840595428e-01	-3.528608528799078670e+01	-2.645348081988003197e-01	2.360546087864503484e-01	3.545425828840594873e-01	-3.528608528799079380e+01
1.171037181996086182e+12	1.663249276283080169e+00	1.918810060734421272e-02	9.418718836377484749e+00	2.766029971851272418e+00	6.382918889682438757e-02	2.307610168594964248e-02	3.074944118961411288e+00	7.642186130543113798e+00	-1.756519284956237215e-01	1.560241439889150372e-01	2.349407020754500919e-01	-3.528380871621570236e+01	-1.756519284956242766e-01	1.560241439889143988e-01	2.349407020754500919e-01	-3.528380871621570236e+01
1.177299412915851318e+12	1.668025535113502933e+00	2.198671102006314118e-02	1.085016535672739657e+01	2.781825770329207970e+00	7.334879082925355176e-02	2.636714046278077275e-02	4.158223172075468987e+00	9.695464577564401054e+00	-4.569568556125625652e-02	1.846574456651439988e-01	1.902274110597334811e-01	-3.588572705967838061e+01	-4.569568556125597897e-02	1.846574456651440821e-01	1.902274110597334811e-01	-3.588572705967838061e+01
1.183561643835616455e+12	1.663438896450793347e+00	2.104712438372303984e-02	1.044173846253275428e+01	2.766585980780609244e+00	7.002121071664567376e-02	2.530960946201598130e-02	4.867690428860095508e+00	1.076721828770090816e+01	-6.342410144900019475e-02	1.919276388868174921e-01	2.021356851554957090e-01	-3.580915462500371405e+01	-6.342410144900074986e-02	1.919276388868173810e-01	2.021356851554957923e-01	-3.580915462500370694e+01
1.189823874755381592e+12	1.666959854227916926e+00	2.367518602959659685e-02	1.180769809652340463e+01	2.778194641174022372e+00	7.893116930543031540e-02	2.841095729422155047e-02	4.899355270080547164e+00	1.081133189730186928e+01	3.194806695132494656e-02	1.621627632638605598e-01	1.652798861667602315e-01	-3.632283669146480065e+01	3.194806695132483554e-02	1.621627632638605598e-01	1.652798861667602037e-01	-3.632283669146480065e+01
1.196086105675146729e+12	1.661665707495341815e+00	2.164408106526951106e-02	1.085152457778408142e+01	2.760664457220834755e+00	7.193045455281518730e-02	2.605548615829527195e-02	5.293714284116938451e+00	1.133802859198878998e+01	1.180022885445837326e-02	1.900046357866572999e-01	1.903707094629787933e-01	-3.619034080613477045e+01	1.180022885445841663e-02	1.900046357866573277e-01	1.903707094629788210e-01	-3.619034080613477045e+01
1.202348336594911865e+12	1.665141932479838216e+00	2.317848631026647038e-02	1.168165937690985068e+01	2.772160413075055008e+00	7.719093897326917419e-02	2.784504771411987559e-02	4.820305108072546751e+00	1.070066487389264154e+01	9.153269246834806749e-02	1.413710039050969647e-01	1.684161350216781539e-01	-3.670290617676116085e+01	9.153269246834859485e-02	1.413710039050966871e-01	1.684161350216781816e-01	-3.670290617676116796e+01
1.208610567514677002e+12	1.660594288193988355e+00	2.037419224147585597e-02	1.032181207848787530e+01	2.757158282273006300e+00	6.766653452552215398e-02	2.454212910465834382e-02	3.780560476535373748e+00	9.047673387459049366e+00	9.740933382769315085e-02	1.813074223189914680e-01	2.058177827708579932e-01	-3.662132541288938370e+01	9.740933382769341453e-02	1.813074223189913847e-01	2.058177827708580210e-01	-3.662132541288938370e+01
1.214872798434442139e+12	1.663667007149611798e+00	2.485045075881571128e-02	1.265476952438624458e+01	2.767170365775230234e+00	8.268575008047546193e-02	2.988097556375457486e-02	3.887904610483287282e+00	9.238155947589905992e+00	1.210273889271367143e-01	8.166608412707784814e-02	1.460033498491434267e-01	-3.710551774314535578e+01	1.210273889271370473e-01	8.166608412707755671e-02	1.460033498491435378e-01	-3.710551774314535578e+01
1.221135029354207520e+12	1.661447280454390496e+00	1.975084242607355600e-02	1.010970480684771999e+01	2.760016969952750809e+00	6.562996687096621373e-02	2.377882729905452311e-02	5.198723237516983176e+00	1.121483868553196572e+01	1.859329409576780667e-01	1.024877204605137149e-01	2.123082461384008524e-01	-3.719534167478702358e+01	1.859329409576779557e-01	1.024877204605138814e-01	2.123082461384008524e-01	-3.719534167478701647e+01
1.227397260273972656e+12	1.663731359076889182e+00	2.381821399004963383e-02	1.225415878346618825e+01	2.767434727858157029e+00	7.925421906489890644e-02	2.863815296783434397e-02	4.470338035249061370e+00	1.018786970687089699e+01	1.544045773609026007e-01	1.182781725928255638e-02	1.548569364643312962e-01	-3.762265838923300265e+01	1.544045773609023786e-01	1.182781725928445070e-02	1.548569364643312130e-01	-3.762265838923298844e+01
1.233659491193737793e+12	1.661315602300596828e+00	1.883001199714571736e-02	9.737221787277194451e+00	2.759614961095582242e+00	6.256518544473120558e-02	2.267170830958695898e-02	3.646997975543463166e+00	8.802968716022141038e+00	2.242590104032542164e-01	7.252333740925260945e-04	2.242601830697856513e-01	-3.769587794471776476e+01	2.242590104032542442e-01	7.252333740931865905e-04	2.242601830697856791e-01	-3.769587794471775766e+01
1.239921722113502930e+12	1.661580001768955483e+00	2.303556685430485293e-02	1.197243073834474991e+01	2.760317464938223164e+00	7.655087442904949524e-02	2.773263416306454704e-02	5.096179322338623585e+00	1.107930133341979229e+01	1.555422940430763457e-01	-4.329676873144631261e-02	1.614559240745509494e-01	-3.797059922202622317e+01	1.555422940430765122e-01	-4.329676873144558402e-02	1.614559240745509494e-01	-3.797059922202621607e+01
1.246183953033268066e+12	1.661727332648176292e+00	1.877493474402190665e-02	9.807306583952371426e+00	2.760985229895380311e+00	6.239764446565418399e-02	2.259977481589735618e-02	4.962002498363093927e+00	1.089777452643939881e+01	1.905160271990734566e-01	-1.138623096253393585e-01	2.219481519926100599e-01	-3.823780318065200845e+01	1.905160271990731791e-01	-1.138623096253396777e-01	2.219481519926100044e-01	-3.823780318065201556e+01
1.252446183953033203e+12	1.661715134236623648e+00	2.270909763240168758e-02	1.192197240883194986e+01	2.760781484235762306e+00	7.547210244123792044e-02	2.733722421429889485e-02	5.008618410567660106e+00	1.096139137131326180e+01	1.141975115223354681e-01	-1.158248554953207193e-01	1.626544459533949272e-01	-3.849158460902110335e+01	1.141975115223353571e-01	-1.158248554953207887e-01	1.626544459533948994e-01	-3.849158460902110335e+01
1.258708414872798340e+12	1.661657561553300244e+00	1.833210338948799284e-02	9.672229540550329574e+00	2.760769785852577041e+00	6.092335643263921408e-02	2.206752505943734496e-02	4.549195303347927322e+00	1.030683648613716485e+01	1.138327787278274050e-01	-1.957026422882179317e-01	2.264010285124356814e-01	-3.874308167799021874e+01	1.138327787278271552e-01	-1.957026422882181815e-01	2.264010285124357091e-01	-3.874308167799021874e+01
1.264970645792563477e+12	1.661830207638914425e+00	2.242356200186077994e-02	1.188979072350310418e+01	2.761176822888346205e+00	7.452830539511273722e-02	2.699150042739817748e-02	4.278347280086686411e+00	9.889218529144653047e+00	4.180731873332254461e-02	-1.579846424096097712e-01	1.634227619915961938e-01	-3.901120912257918150e+01	4.180731873332318993e-02	-1.579846424096096047e-01	1.634227619915961938e-01	-3.901120912257918150e+01
1.271232876712328857e+12	1.662100234688159039e+00	1.808175514165989359e-02	9.635069707854169607e+00	2.762250240281430624e+00	6.010737892905346907e-02	2.176029457886098639e-02	3.934345925527247267e+00	9.318941717625763843e+00	-4.199632139567392383e-03	-2.275870924810028118e-01	2.276258367893772561e-01	-3.928835893314631988e+01	-4.199632139567738461e-03	-2.275870924810028950e-01	2.276258367893773393e-01	-3.928835893314631988e+01
1.277495107632093994e+12	1.661828887672714306e+00	2.281585889941115802e-02	1.221758105845492359e+01	2.761154688486212816e+00	7.583210683221208726e-02	2.746391107619783681e-02	3.513041409091165690e+00	8.548369973816374312e+00	-3.880734064600271233e-02	-1.508231955884159481e-01	1.557358212342827286e-01	-3.952174884357916795e+01	-3.880734064600260824e-02	-1.508231955884160036e-01	1.557358212342827564e-01	-3.952174884357916795e+01
1.283757338551859131e+12	1.662256572852938152e+00	1.797480012790433207e-02	9.672442803064953409e+00	2.762773820553157123e+00	5.975745931665361887e-02	2.162951555139938989e-02	3.514808903744599089e+00	8.551792073010778594e+00	-1.167249635591293550e-01	-1.939594110291364415e-01	2.263735193096789444e-01	-3.981165086772642070e+01	-1.167249635591295492e-01	-1.939594110291363582e-01	2.263735193096789167e-01	-3.981165086772642070e+01
1.290019569471624268e+12	1.662069082290664968e+00	2.248856039987581767e-02	1.216037911192488785e+01	2.761967898957674361e+00	7.475508189171957418e-02	2.706587644263752299e-02	2.883975538991573107e+00	7.205971614525735092e+00	-1.106340639098405965e-01	-1.114595737673475945e-01	1.570450020905010957e-01	-4.005158940529069156e+01	-1.106340639098408601e-01	-1.114595737673473586e-01	1.570450020905010957e-01	-4.005158940529069156e+01
1.296281800391389404e+12	1.663257967007052862e+00	1.780119990337880598e-02	9.672480480774623857e+00	2.766110182094434489e+00	5.921597512315995848e-02	2.140767041981060659e-02	2.908110074664124411e+00	7.262669056810682200e+00	-2.049703677163263460e-01	-9.600084033766480285e-02	2.263382711502936462e-01	-4.040268405188704293e+01	-2.049703677163262627e-01	-9.600084033766492775e-02	2.263382711502936462e-01	-4.040268405188704293e+01
1.302544031311154541e+12	1.661702985664862631e+00	2.341594197053618182e-02	1.278477847791167399e+01	2.760708506229151205e+00	7.782068136919027823e-02	2.818866287172254459e-02	2.713195913212510746e+00	6.790674176464262857e+00	-1.365499806759381540e-01	-4.340166523786135461e-02	1.432815471999742962e-01	-4.053295802055802710e+01	-1.365499806759381263e-01	-4.340166523786149338e-02	1.432815471999743240e-01	-4.053295802055802710e+01
1.308806262230919678e+12	1.663707868905309972e+00	1.862953809250823822e-02	1.022036985554975530e+01	2.767576813367908173e+00	6.198821823715434942e-02	2.239801184116725630e-02	2.883086967019748759e+00	7.203875114200769758e+00	-2.075510974231448980e-01	2.291010541784370413e-02	2.088117117687810775e-01	-4.095064239369901316e+01	-2.075510974231451478e-01	2.291010541784186880e-02	2.088117117687811053e-01	-4.095064239369900605e+01
1.315068493150684814e+12	1.660653994746268181e+00	2.418062694493168518e-02	1.332923088925960187e+01	2.757186987547288304e+00	8.031130946314010699e-02	2.912798799133411998e-02	3.000603889745862674e+00	7.475685035837841497e+00	-1.313669737318701181e-01	1.554067391283715446e-02	1.322830084823254648e-01	-4.095845692627725754e+01	-1.313669737318702846e-01	1.554067391283631312e-02	1.322830084823255203e-01	-4.095845692627725043e+01
1.321330724070450195e+12	1.663189612507723014e+00	1.929389414381129861e-02	1.068613326781744277e+01	2.765827432802357322e+00	6.417880864962108300e-02	2.320419845738337650e-02	3.006491782907396271e+00	7.489021861990132756e+00	-1.631400832637332765e-01	1.068374993451838145e-01	1.950100972607058947e-01	-4.142050403080953203e+01	-1.631400832637328324e-01	1.068374993451843974e-01	1.950100972607058392e-01	-4.142050403080953913e+01
1.327592954990215332e+12	1.659646185576135524e+00	2.401954222923491020e-02	1.336653458569824160e+01	2.753848522888514783e+00	7.972788328006924496e-02	2.895144108959289350e-02	2.880758659420168399e+00	7.198378629572954601e+00	-1.125076833669005627e-01	6.822885236879822068e-02	1.315794631093698264e-01	-4.138584384440947161e+01	-1.125076833669008403e-01	6.822885236879773496e-02	1.315794631093698264e-01	-4.138584384440946451e+01
1.333855185909980469e+12	1.663633557682330233e+00	1.967663845108753515e-02	1.100142008735171473e+01	2.767289444146032285e+00	6.546943205922338416e-02	2.365832464606058838e-02	3.028520828668209486e+00	7.538689832077200670e+00	-7.977040034521445944e-02	1.682104560797202109e-01	1.861667916299339920e-01	-4.196868114011297735e+01	-7.977040034521369616e-02	1.682104560797205439e-01	1.861667916299339920e-01	-4.196868114011297735e+01
1.340117416829745605e+12	1.658870808587586065e+00	2.364104876463877722e-02	1.328002068359291776e+01	2.751293460397339352e+00	7.843489136010976803e-02	2.850836978647209446e-02	3.294825291163714809e+00	8.112073641120852940e+00	-7.310703894083626919e-02	1.114386416327559082e-01	1.332786929394595699e-01	-4.183089859346831929e+01	-7.310703894083615817e-02	1.114386416327560608e-01	1.332786929394596254e-01	-4.183089859346831929e+01
1.346379647749510742e+12	1.663157175034785551e+00	1.977965629633676725e-02	1.116285902113492945e+01	2.765700554066486738e+00	6.579335457794893705e-02	2.378903763865944723e-02	3.198831200960698506e+00	7.910912633166516272e+00	5.406787806960556240e-03	1.817338122177431237e-01	1.818142234743569396e-01	-4.244124318868600909e+01	5.406787806960571853e-03	1.817338122177430959e-01	1.818142234743569119e-01	-4.244124318868600909e+01
1.352641878669275879e+12	1.657934718019540288e+00	2.317451098678027441e-02	1.313961284805200869e+01	2.748210471255056131e+00	7.684365267621658113e-02	2.796134192776127819e-02	3.291463089081040572e+00	8.105127556222635477e+00	-2.035178536501417931e-02	1.345462428323513648e-01	1.360767674066578614e-01	-4.226137650030662485e+01	-2.035178536501377686e-02	1.345462428323513648e-01	1.360767674066578059e-01	-4.226137650030662485e+01
1.358904109589041016e+12	1.663160453509761050e+00	1.946429061829743276e-02	1.108706397408056255e+01	2.765723835509520612e+00	6.474447682394669779e-02	2.340959570607997059e-02	3.085610414204184693e+00	7.665744824334232099e+00	9.480654249759941365e-02	1.575210376476615937e-01	1.838509118877171833e-01	-4.295329118623789100e+01	9.480654249759958019e-02	1.575210376476615382e-01	1.838509118877172110e-01	-4.295329118623789100e+01
1.365166340508806152e+12	1.657515109049623403e+00	2.327693849041967758e-02	1.331988857511064062e+01	2.746814520862298270e+00	7.716375448057870290e-02	2.809208772362064774e-02	3.128520267651170528e+00	7.759704288382291537e+00	4.197320069702201867e-02	1.257043348521794668e-01	1.325267119390704240e-01	-4.273376503642659685e+01	4.197320069702301787e-02	1.257043348521791337e-01	1.325267119390704240e-01	-4.273376503642660396e+01
1.371428571428571533e+12	1.663408526919920805e+00	1.907084954139225130e-02	1.096307522076794427e+01	2.766564230127670498e+00	6.344522748551746638e-02	2.293285902947917940e-02	2.647489814085886906e+00	6.623886458585932502e+00	1.646403093850683508e-01	8.914496562664928070e-02	1.872251488742565084e-01	-4.348603972078579005e+01	1.646403093850678789e-01	8.914496562665029378e-02	1.872251488742565639e-01	-4.348603972078579005e+01
1.377690802348336670e+12	1.656842472280146028e+00	2.285921383360161457e-02	1.320085954649456284e+01	2.744604434294296347e+00	7.574823272489002168e-02	2.759896172228065020e-02	2.536864361340770646e+00	6.333495356629979867e+00	9.414615533629376587e-02	9.658619172743063142e-02	1.348791718428517805e-01	-4.318410669793103551e+01	9.414615533629301647e-02	9.658619172743138082e-02	1.348791718428518083e-01	-4.318410669793102841e+01
1.383953033268101807e+12	1.664549530683663958e+00	1.902448281880549444e-02	1.103629681976451948e+01	2.770363209152683304e+00	6.333438789508423483e-02	2.286140231932082267e-02	2.144375116579050999e+00	5.189973051642168045e+00	1.840090540293103094e-01	-2.087425833585851084e-02	1.851892724372386778e-01	-4.409525572266979054e+01	1.840090540293104759e-01	-2.087425833585673449e-02	1.851892724372386223e-01	-4.409525572266978344e+01
1.390215264187866943e+12	1.655286125342140480e+00	2.178663164488945161e-02	1.269583601988146881e+01	2.739497499431766236e+00	7.212621815945105541e-02	2.632826574012630746e-02	1.996016757196739544e+00	4.702204804865659504e+00	1.324103313483334377e-01	5.984380443711655173e-02	1.453058043482203798e-01	-4.355781679616283952e+01	1.324103313483338540e-01	5.984380443711546926e-02	1.453058043482203243e-01	-4.355781679616284663e+01
1.396477495107632080e+12	1.665437678701741975e+00	1.880133619433341924e-02	1.100555168284581953e+01	2.773329171396754500e+00	6.262490741596338228e-02	2.258113031148880484e-02	1.747265426513183950e+00	3.796659198970629312e+00	1.419983203352775114e-01	-1.201402331863083428e-01	1.860032220368793010e-01	-4.468450404507197504e+01	1.419983203352768730e-01	-1.201402331863090367e-01	1.860032220368793010e-01	-4.468450404507197504e+01
1.402739726027397217e+12	1.653811116253486979e+00	2.044678335218259174e-02	1.202240220331033349e+01	2.734673137294153733e+00	6.763023519893261726e-02	2.473064670019391870e-02	1.368130283943695957e+00	2.132496863398100295e+00	1.602891948570729919e-01	7.395072790200764995e-03	1.604596930369152907e-01	-4.393619402615104264e+01	1.602891948570730196e-01	7.395072790200519532e-03	1.604596930369152907e-01	-4.393619402615104264e+01
1.409001956947162354e+12	1.667653715229348022e+00	1.838826399533195766e-02	1.086029163248683993e+01	2.780730785665485261e+00	6.133051353686679030e-02	2.205553800929677469e-02	1.210640883345986740e+00	1.300471987267009188e+00	3.076348897391391682e-02	-1.874463450565426459e-01	1.899540063512864252e-01	-4.539042472198035227e+01	3.076348897391526990e-02	-1.874463450565423406e-01	1.899540063512863697e-01	-4.539042472198034517e+01
1.415264187866927490e+12	1.656698715132449928e+00	-6.098466354752116875e-03	-3.617822959667138960e+00	2.744613441429630374e+00	-2.020664274839261559e-02	-7.362290967236268142e-03	9.284804908778442056e-02	-1.617029630808783125e+01	1.207482716669792122e+00	-1.046623815036967997e+00	1.597947408790038715e+00	-4.469645348623127745e+01	1.207482716669797229e+00	-1.046623815036962668e+00	1.597947408790039159e+00	-4.469645348623127745e+01
1.421526418786692627e+12	1.666553663863922452e+00	3.000217234192738627e-02	1.787708882157744128e+01	2.776500984193029264e+00	1.000004604806318531e-01	3.601672070348510557e-02	1.206815198476631990e+00	1.278938818617425976e+00	-1.704923397753965730e-02	-6.555436007036836987e-02	6.773514968948102233e-02	-4.580753441124658565e+01	-1.704923397753866851e-02	-6.555436007036860580e-02	6.773514968948099457e-02	-4.580753441124656433e+01
1.427788649706458008e+12	1.661580056462770072e+00	1.614758484339899602e-02	9.664083226066273014e+00	2.760587539538547297e+00	5.366100987166454866e-02	1.943825693012958544e-02	1.340143155375407735e+00	1.991879719878599797e+00	-1.725137058180220215e-02	-2.260168038496249143e-01	2.266742274925636347e-01	-4.562927358894719987e+01	-1.725137058180161928e-02	-2.260168038496248866e-01	2.266742274925636069e-01	-4.562927358894719987e+01
1.434050880626223145e+12	1.665605044776361510e+00	2.891264947289682100e-02	1.737967346905410082e+01	2.773404223884922359e+00	9.631410963981511253e-02	3.472775760934714018e-02	1.759359496068230833e+00	3.843588258159833515e+00	-4.611907865695839132e-02	-5.643568024565751018e-02	7.288316280840735628e-02	-4.623823289427711813e+01	-4.611907865695788478e-02	-5.643568024565788488e-02	7.288316280840732853e-02	-4.623823289427711103e+01
1.440313111545988281e+12	1.659648989589768586e+00	1.777748534531940067e-02	1.073288323466210770e+01	2.754118729661136911e+00	5.900877118161252516e-02	2.142564536020307581e-02	1.720281432250319487e+00	3.690770492511898482e+00	-7.814404732870383619e-02	-1.773216860445261389e-01	1.937768625883498075e-01	-4.596817901258831540e+01	-7.814404732870432191e-02	-1.773216860445258891e-01	1.937768625883497797e-01	-4.596817901258832251e+01
1.446575342465753418e+12	1.662811808872743047e+00	2.754499660164742500e-02	1.670217163606687905e+01	2.764184384888858759e+00	9.160429124915782373e-02	3.313971808463168217e-02	1.781653975922782296e+00	3.929258991200289763e+00	-6.551994009471860669e-02	-4.685244491392950156e-02	8.054821006346640777e-02	-4.650311006395695301e+01	-6.551994009471873159e-02	-4.685244491392934890e-02	8.054821006346643553e-02	-4.650311006395695301e+01
1.452837573385518555e+12	1.659444132627358126e+00	1.814668243914328155e-02	1.105104795398990625e+01	2.753425527227817415e+00	6.022681140057646598e-02	2.187341215696999783e-02	1.929244328828713551e+00	4.470717330191619432e+00	-1.455143505239660240e-01	-1.141244080113949094e-01	1.849291937806548380e-01	-4.645880624038725415e+01	-1.455143505239651358e-01	-1.141244080113960474e-01	1.849291937806548380e-01	-4.645880624038724704e+01
1.459099804305283691e+12	1.662739315670652029e+00	2.721595403288549000e-02	1.664553365060496759e+01	2.763961323722988084e+00	9.050607356792787772e-02	3.274505789611354550e-02	1.779811812382103176e+00	3.922220875150812081e+00	-8.067853559744375680e-02	-9.383535146196775312e-03	8.122239123534784333e-02	-4.700810233509546521e+01	-8.067853559744375680e-02	-9.383535146196655616e-03	8.122239123534782945e-02	-4.700810233509546521e+01
1.465362035225048828e+12	1.658902515775012132e+00	1.856993933629363935e-02	1.140629453191299625e+01	2.751612714197710918e+00	6.161143816553375785e-02	2.239102830410413802e-02	1.927232755550392751e+00	4.463619883797059984e+00	-1.718529341019622014e-01	-3.576476101498041876e-02	1.755350366448590882e-01	-4.691870597493849004e+01	-1.718529341019619516e-01	-3.576476101498141102e-02	1.755350366448590604e-01	-4.691870597493848294e+01
1.471624266144813965e+12	1.661056150844274049e+00	2.627926982381043400e-02	1.621061142240709074e+01	2.758416936235123185e+00	8.730268556107328992e-02	3.164956117193436225e-02	1.728439275129413977e+00	3.722957092358245124e+00	-8.405835468026083557e-02	2.085127130058423220e-02	8.660590341543178416e-02	-4.736703901651740978e+01	-8.405835468026100210e-02	2.085127130058360423e-02	8.660590341543178416e-02	-4.736703901651740267e+01
1.477886497064579346e+12	1.658894123294038181e+00	1.744968495486553042e-02	1.080980432652286360e+01	2.751625220794471360e+00	5.789435964991764688e-02	2.104005996616135216e-02	1.737523372696553325e+00	3.758619929094936474e+00	-1.829100014630801185e-01	5.711474573150351897e-02	1.916198393048023363e-01	-4.742655236653514805e+01	-1.829100014630796189e-01	5.711474573150512879e-02	1.916198393048023363e-01	-4.742655236653516226e+01
1.484148727984344482e+12	1.661011193069682701e+00	2.702320249553552545e-02	1.681138139091427064e+01	2.758227930029655717e+00	8.977168363534618334e-02	3.254686919016912955e-02	1.534050715413414867e+00	2.911261443643100133e+00	-5.806558165011322520e-02	5.398880152536440769e-02	7.928683662822698375e-02	-4.787292185038428016e+01	-5.806558165011318356e-02	5.398880152536442156e-02	7.928683662822696987e-02	-4.787292185038428016e+01
1.490410958904109619e+12	1.658120910477109300e+00	1.599472793948375840e-02	9.992451608555919407e+00	2.749109122439579611e+00	5.304238570770093697e-02	1.929439078090531764e-02	1.426806223279712738e+00	2.418195980524539213e+00	-1.595408479842856941e-01	1.457676067182825663e-01	2.161052459888950783e-01	-4.786420598884662070e+01	-1.595408479842844174e-01	1.457676067182838986e-01	2.161052459888950505e-01	-4.786420598884662780e+01
1.496673189823874756e+12	1.659493561095831460e+00	2.829362436521202714e-02	1.775026019586167436e+01	2.753118350138804793e+00	9.390617490826698444e-02	3.410902219424474802e-02	1.293976410741715544e+00	1.753375964840482082e+00	-3.016196502098587862e-02	6.215015590418936781e-02	6.908245806890646323e-02	-4.824286108966957443e+01	-3.016196502098592372e-02	6.215015590418932617e-02	6.908245806890644936e-02	-4.824286108966957443e+01
1.502935420743639893e+12	1.658063030103096969e+00	1.447096499372027036e-02	9.116475599883726133e+00	2.748963602966814079e+00	4.798754413200734953e-02	1.745659494371510842e-02	1.214143324434708848e+00	1.320126171615911836e+00	-7.913225313422754537e-02	2.327162824821926990e-01	2.458023222397038021e-01	-4.836691404767928759e+01	-7.913225313422905804e-02	2.327162824821922826e-01	2.458023222397038854e-01	-4.836691404767928049e+01
