freq_roi_Hz	n_opt	k_opt	alpha_cm	eps_r	eps_i	loss_tan	DR	alpha_max	H_meas_real	H_meas_imag	H_meas_mag	H_meas_phase	H_model_real	H_model_imag	H_model_mag	H_model_phase
3.005870841487279663e+11	1.667343483781448477e+00	5.631957473732325005e-03	7.096085563214931113e-01	2.780002573963471058e+00	1.878081518952363915e-02	6.755682662101887039e-03	7.655570711280181229e+01	2.951334267699601810e+01	8.263106460495289740e-01	1.746158515509521614e-01	8.445590443466070019e-01	2.082559724437459681e-01	8.263106460495290850e-01	1.746158515509517728e-01	8.445590443466071129e-01	2.082559724437454962e-01
3.068493150684931641e+11	1.671089078410715301e+00	5.459107782603072993e-03	7.021598430094407872e-01	2.792508906125791945e+00	1.824531078674986387e-02	6.533662523591601476e-03	7.884747011304553155e+01	2.971401998903494501e+01	8.389258917785819003e-01	-1.012072575579886918e-01	8.450086158607483799e-01	-1.200588976930094393e-01	8.389258917785814562e-01	-1.012072575579886780e-01	8.450086158607479359e-01	-1.200588976930094809e-01
3.131115459882583008e+11	1.672369315170945558e+00	7.189458599765142198e-03	9.435923924443353483e-01	2.796767438010379525e+00	2.404685990987819044e-02	8.598090632442835154e-03	7.184352025003005338e+01	2.908113361259056262e+01	7.499351619032657013e-01	-3.200941733685875312e-01	8.153913335836949772e-01	-4.034189170601281127e-01	7.499351619032650351e-01	-3.200941733685891410e-01	8.153913335836950882e-01	-4.034189170601302776e-01
3.193737769080234985e+11	1.671114578456807109e+00	1.024624389528810443e-02	1.371680942270073311e+00	2.792518948816910207e+00	3.424529509568002839e-02	1.226322747431616428e-02	7.753072438666623611e+01	2.959944417114113335e+01	6.153101401412280902e-01	-4.559177940164609866e-01	7.658117284695070692e-01	-6.376878340932721212e-01	6.153101401412282012e-01	-4.559177940164610421e-01	7.658117284695070692e-01	-6.376878340932721212e-01
3.256360078277886353e+11	1.668272809892652253e+00	8.786868712957203453e-03	1.199377011514245472e+00	2.783056959165346900e+00	2.931778831584589198e-02	1.053438314271456719e-02	7.403954168761724475e+01	2.928597678417212791e+01	5.245854234021832818e-01	-5.850423181562930397e-01	7.857890177902318030e-01	-8.398282904727665255e-01	5.245854234021830598e-01	-5.850423181562930397e-01	7.857890177902315809e-01	-8.398282904727666365e-01
3.318982387475538330e+11	1.668517614124821247e+00	7.029108277316607235e-03	9.778997659353283467e-01	2.783901620281611589e+00	2.345638194458667461e-02	8.425722293381147573e-03	7.551960872368788102e+01	2.942063707676693696e+01	3.660862226862017788e-01	-7.245237290140280617e-01	8.117596666163231500e-01	-1.102934884307121832e+00	3.660862226862027780e-01	-7.245237290140272846e-01	8.117596666163229280e-01	-1.102934884307120500e+00
3.381604696673189697e+11	1.671318030468197380e+00	6.113494395164953410e-03	8.665657448718810940e-01	2.793266584154374232e+00	2.043518682361090619e-02	7.315874159500389447e-03	6.983212778548957544e+01	2.888794222083970453e+01	1.244385060077866784e-01	-8.153643493637879880e-01	8.248054097730466161e-01	-1.419347899722082529e+00	1.244385060077885657e-01	-8.153643493637879880e-01	8.248054097730468381e-01	-1.419347899722080308e+00
3.444227005870841675e+11	1.671835686818769151e+00	8.714792394983409546e-03	1.258166085899346420e+00	2.794958616114297634e+00	2.913940185830014851e-02	1.042570064912493044e-02	7.649307951540878037e+01	2.950777475857756116e+01	-9.178425644576833353e-02	-7.731823730275307893e-01	7.786111556430375114e-01	-1.688953087227244687e+00	-9.178425644576934661e-02	-7.731823730275309003e-01	7.786111556430376224e-01	-1.688953087227246019e+00
3.506849315068493042e+11	1.670594535730044683e+00	1.035439387329830513e-02	1.522057107615859550e+00	2.790778889338600077e+00	3.459598765105760532e-02	1.239653481084510879e-02	7.247436011598516359e+01	2.914061193821027373e+01	-2.570901581373085110e-01	-7.036329591664052252e-01	7.491292883316860163e-01	-1.921102389248206865e+00	-2.570901581373075673e-01	-7.036329591664054472e-01	7.491292883316860163e-01	-1.921102389248205533e+00
3.569471624266145020e+11	1.668150754212113895e+00	9.366292203796451957e-03	1.401395754457779974e+00	2.782639211348797659e+00	3.124877480786818901e-02	1.122990529293997793e-02	7.312140104567453136e+01	2.920108234086091414e+01	-4.022479834346352479e-01	-6.481363510130908612e-01	7.628133255795910284e-01	-2.126241560817450971e+00	-4.022479834346341376e-01	-6.481363510130913053e-01	7.628133255795908063e-01	-2.126241560817449638e+00
3.632093933463796387e+11	1.668953463968133377e+00	7.412555415040996722e-03	1.128532799699625722e+00	2.785350718913450319e+00	2.474242007357683321e-02	8.883053723025842452e-03	7.385682895504099577e+01	2.926916675387905542e+01	-5.866657456161749051e-01	-5.349316970505173519e-01	7.939323759544820724e-01	-2.402287147424097657e+00	-5.866657456161744610e-01	-5.349316970505181290e-01	7.939323759544821835e-01	-2.402287147424096325e+00
3.694716242661448364e+11	1.670658585221941328e+00	6.868489511406799912e-03	1.063730202423793569e+00	2.791052932227610306e+00	2.294980193947725525e-02	8.222632281344960034e-03	7.644141169130480762e+01	2.950317778798740065e+01	-7.242097865873532436e-01	-3.429900655643596807e-01	8.013251525222102600e-01	-2.699282349422048366e+00	-7.242097865873524665e-01	-3.429900655643615681e-01	8.013251525222103711e-01	-2.699282349422045701e+00
3.757338551859099731e+11	1.672010309076733758e+00	9.801438761719958800e-03	1.543687261937098043e+00	2.795522405457075088e+00	3.277621330676013661e-02	1.172453965769633746e-02	6.888924965150421542e+01	2.879545625448772839e+01	-7.379043742468522904e-01	-1.135643226402082429e-01	7.465920712875055987e-01	-2.988889613180479632e+00	-7.379043742468520684e-01	-1.135643226402088951e-01	7.465920712875055987e-01	-2.988889613180478744e+00
3.819960861056751709e+11	1.669845513029412087e+00	1.028454958565091712e-02	1.646771532121429571e+00	2.788278265424280811e+00	3.434721795825536328e-02	1.231843262710685324e-02	7.304759563649395204e+01	2.919421181557603973e+01	-7.344698443346565631e-01	4.084597698410456779e-02	7.356047485387520180e-01	-3.197148298120268795e+00	-7.344698443346563410e-01	4.084597698410248612e-02	7.356047485387517959e-01	-3.197148298120266574e+00
3.882583170254403076e+11	1.668260412372804868e+00	9.894927107548977946e-03	1.610358344513802553e+00	2.782994893907817069e+00	3.301463035367700749e-02	1.186298631950367249e-02	7.414952521106654615e+01	2.929607555516551542e+01	-7.117033492646946957e-01	2.016835449761426313e-01	7.397282674528044000e-01	-3.417734236706684303e+00	-7.117033492646944737e-01	2.016835449761438526e-01	7.397282674528046220e-01	-3.417734236706686524e+00
3.945205479452055054e+11	1.669297401045205298e+00	7.150555472378792611e-03	1.182492973753600518e+00	2.786502682692713506e+00	2.387280733214297915e-02	8.567301040268043497e-03	6.963789532558378426e+01	2.886899270155067043e+01	-6.674856328855981458e-01	4.180998151063957113e-01	7.876195309289185653e-01	-3.701183889925382609e+00	-6.674856328855990339e-01	4.180998151063941015e-01	7.876195309289184543e-01	-3.701183889925381276e+00
4.007827788649706421e+11	1.670914539791862108e+00	8.641028202695575852e-03	1.451655740571392350e+00	2.791880731919450742e+00	2.887683932527115860e-02	1.034314933124596408e-02	7.234659622830459114e+01	2.912860772227996620e+01	-4.952347087736903575e-01	5.723776240332439924e-01	7.568841134996185938e-01	-3.999122876591133302e+00	-4.952347087736928000e-01	5.723776240332424381e-01	7.568841134996189268e-01	-3.999122876591130638e+00
4.070450097847357788e+11	1.671717413871129709e+00	9.631720423682489998e-03	1.643370413692172072e+00	2.794546341801657618e+00	3.220302951561646726e-02	1.152352674704797304e-02	6.966500071136100303e+01	2.887164030191326702e+01	-3.096750238810258571e-01	6.674216821191003568e-01	7.357651270469424132e-01	-4.277964485996993638e+00	-3.096750238810268563e-01	6.674216821190998017e-01	7.357651270469423022e-01	-4.277964485996992750e+00
4.133072407045009766e+11	1.669171682226602060e+00	1.137740544108192114e-02	1.971085256796626384e+00	2.786004659392613991e+00	3.798168595892961047e-02	1.363303030771316829e-02	7.128235924141237945e+01	2.902778433744190068e+01	-1.669673799150757920e-01	6.812713174907379932e-01	7.014333282581254325e-01	-4.472044293026555373e+00	-1.669673799150766247e-01	6.812713174907381042e-01	7.014333282581257656e-01	-4.472044293026555373e+00
4.195694716242661133e+11	1.668897719165396865e+00	9.584101023493345542e-03	1.685560808626882512e+00	2.785127742043035148e+00	3.198976867671757957e-02	1.148592511352869959e-02	7.322016126597470986e+01	2.921026506225109998e+01	8.066047019776537846e-03	7.314819532983692918e-01	7.315264240721062183e-01	-4.723415527352825549e+00	8.066047019778772170e-03	7.314819532983691808e-01	7.315264240721061073e-01	-4.723415527352829102e+00
4.258317025440313110e+11	1.668766381091854711e+00	8.509411828124171379e-03	1.518891300246211662e+00	2.784708824572744490e+00	2.840044076327799538e-02	1.019871108701479734e-02	6.929433177463066329e+01	2.883534449281756196e+01	1.969422566896124605e-01	7.233519843906357494e-01	7.496828301300941799e-01	-4.978209202264886279e+00	1.969422566896125160e-01	7.233519843906356384e-01	7.496828301300940689e-01	-4.978209202264887168e+00
4.320939334637964478e+11	1.671584758494991219e+00	9.007502846133143282e-03	1.631442373410040281e+00	2.794114469725235139e+00	3.011360893939283440e-02	1.077751440239100786e-02	6.859570027366898159e+01	2.876640374555959312e+01	4.154520155247524715e-01	6.088289587638741063e-01	7.370706060026286366e-01	-5.311190527133896389e+00	4.154520155247528046e-01	6.088289587638733291e-01	7.370706060026281925e-01	-5.311190527133898165e+00
4.383561643835616455e+11	1.670246217053155791e+00	1.067496977868495796e-02	1.961475705875420639e+00	2.789608470600601464e+00	3.565965578001063091e-02	1.278303251363913616e-02	6.596325802369787539e+01	2.850017274145453783e+01	5.142172736404467814e-01	4.783526616341082782e-01	7.023109520736878775e-01	-5.533904514127825358e+00	5.142172736404452271e-01	4.783526616341101656e-01	7.023109520736878775e-01	-5.533904514127822694e+00
4.446183953033267822e+11	1.670104954393845542e+00	1.162430092199765071e-02	2.166423869988114870e+00	2.789115434318943709e+00	3.882760512238644934e-02	1.392111801635327953e-02	6.645857309989261807e+01	2.855106842628274322e+01	5.997841214388131004e-01	3.235438085155754040e-01	6.814848408870826102e-01	-5.788490543406399347e+00	5.997841214388126563e-01	3.235438085155760701e-01	6.814848408870824992e-01	-5.788490543406398459e+00
4.508806262230919800e+11	1.667834339517392461e+00	9.953515020675261435e-03	1.881166394745054760e+00	2.781572311612150017e+00	3.320162830076874017e-02	1.193628084452913810e-02	6.651236152436325710e+01	2.855657256163051727e+01	6.793708616685336654e-01	2.093909749589758229e-01	7.109074117481939403e-01	-5.984210727204453129e+00	6.793708616685333324e-01	2.093909749589763780e-01	7.109074117481939403e-01	-5.984210727204453129e+00
4.571428571428571167e+11	1.669916058408909443e+00	9.537313094529268481e-03	1.827541044293828909e+00	2.788528681790884978e+00	3.185302458125598840e-02	1.142287859158720373e-02	6.436131843871386593e+01	2.833291021049107528e+01	7.162005421385939652e-01	-1.245329882383956234e-02	7.163088029692303849e-01	-6.300571560420194395e+00	7.162005421385937431e-01	-1.245329882384099349e-02	7.163088029692301628e-01	-6.300571560420197059e+00
4.634050880626223145e+11	1.670283543776364121e+00	9.273793686722894489e-03	1.801388512734507286e+00	2.789761113360785139e+00	3.097972996662077746e-02	1.110479668608612205e-02	6.355660113490932162e+01	2.824731003389225137e+01	6.897419909329254306e-01	-2.031179806862723480e-01	7.190277658993320387e-01	-6.569573900466234129e+00	6.897419909329240983e-01	-2.031179806862774273e-01	7.190277658993322607e-01	-6.569573900466242122e+00
4.696673189823874512e+11	1.670883223037294529e+00	1.211203389270837892e-02	2.384495900406378599e+00	2.791704043662479151e+00	4.047558845637105190e-02	1.449852413555647104e-02	6.460365919036999571e+01	2.835847911690398249e+01	5.584359850215890875e-01	-3.516120906049549077e-01	6.599104572793338397e-01	-6.845112317073626329e+00	5.584359850215907528e-01	-3.516120906049523542e-01	6.599104572793338397e-01	-6.845112317073622776e+00
4.759295499021526489e+11	1.668757301592786568e+00	1.101541717644737711e-02	2.197519719830731688e+00	2.784629592203667237e+00	3.676411568657431128e-02	1.320251561985318067e-02	6.260964874973024052e+01	2.814518079811541895e+01	4.924654718378665419e-01	-4.667538789626571316e-01	6.785141299038505158e-01	-7.041785181273611194e+00	4.924654718378646545e-01	-4.667538789626592965e-01	6.785141299038506268e-01	-7.041785181273616523e+00
4.821917808219177856e+11	1.668470228492431096e+00	1.140964174991337954e-02	2.306115064126144532e+00	2.783662723440723852e+00	3.807329515498951433e-02	1.367740956344356412e-02	6.507870381712274366e+01	2.840832306283224540e+01	3.562857967545989268e-01	-5.648146745480220332e-01	6.677987612700755360e-01	-7.291221513372329710e+00	3.562857967546002591e-01	-5.648146745480211450e-01	6.677987612700755360e-01	-7.291221513372328822e+00
4.884540117416829834e+11	1.669132435916134360e+00	9.109345637215281871e-03	1.865090984761617277e+00	2.785920108449390309e+00	3.040940854609430755e-02	1.091539145500472312e-02	6.722430283260740680e+01	2.862900861614798842e+01	2.000188884136916145e-01	-6.837961749204976014e-01	7.124498330115268674e-01	-7.569408236274706603e+00	2.000188884136890610e-01	-6.837961749204979345e-01	7.124498330115264233e-01	-7.569408236274711044e+00
4.947162426614481201e+11	1.670444602666063982e+00	1.131684911008080247e-02	2.346771773434679798e+00	2.790257099502404081e+00	3.780833903024145154e-02	1.355012734739889646e-02	6.269145036959719164e+01	2.815406388814940541e+01	-8.797771748551671406e-03	-6.635647007552443188e-01	6.636230201523577454e-01	-7.867239205227153143e+00	-8.797771748551215173e-03	-6.635647007552443188e-01	6.636230201523577454e-01	-7.867239205227153143e+00
5.009784735812133179e+11	1.670038424603642824e+00	1.127912354825987007e-02	2.368555579175420700e+00	2.788901121024600194e+00	3.767313944289152339e-02	1.350823776393011121e-02	6.543118855735777117e+01	2.844507285807289776e+01	-1.696867810619438754e-01	-6.394091971989608325e-01	6.615419299861374780e-01	-8.113382934683674108e+00	-1.696867810619428207e-01	-6.394091971989611656e-01	6.615419299861375890e-01	-8.113382934683674108e+00
5.072407045009784546e+11	1.668436593808937829e+00	1.275802448649120818e-02	2.712605821878319556e+00	2.783517900371972775e+00	4.257190983594483225e-02	1.529428276004827364e-02	6.728431227742275667e+01	2.863507914482935135e+01	-2.835726653386335117e-01	-5.615315483586105216e-01	6.290716464197660951e-01	-8.321620149978972591e+00	-2.835726653386321239e-01	-5.615315483586111878e-01	6.290716464197660951e-01	-8.321620149978970815e+00
5.135029354207436523e+11	1.668396021773462801e+00	1.047665714341159716e-02	2.255042977187976749e+00	2.783435525124616561e+00	3.495842619910487920e-02	1.255945247646422964e-02	6.875810409483261765e+01	2.878249214098488906e+01	-4.459797794456197839e-01	-5.037980944658673188e-01	6.728376354380026791e-01	-8.578579211077816069e+00	-4.459797794456190623e-01	-5.037980944658677629e-01	6.728376354380024571e-01	-8.578579211077816069e+00
5.197651663405087891e+11	1.668750121514745777e+00	1.092809982021710272e-02	2.380899067779539191e+00	2.784607544689798431e+00	3.647253580582512228e-02	1.309790885088193448e-02	6.595539933230362806e+01	2.849936215192128586e+01	-5.535267345794148142e-01	-3.603183188291561589e-01	6.604703905384550211e-01	-8.847735076330334181e+00	-5.535267345794144811e-01	-3.603183188291566030e-01	6.604703905384550211e-01	-8.847735076330334181e+00
5.260273972602739868e+11	1.670186662106526443e+00	1.069469838061591800e-02	2.358120892909264743e+00	2.789409109705088152e+00	3.572428518111394474e-02	1.280711569228757361e-02	6.630035269757138394e+01	2.853485197060726364e+01	-6.381075130843700816e-01	-1.782723670991813725e-01	6.625422515778635058e-01	-9.152347343112394285e+00	-6.381075130843716359e-01	-1.782723670991777087e-01	6.625422515778639498e-01	-9.152347343112399614e+00
5.322896281800391235e+11	1.669096471565421291e+00	1.276943346832538385e-02	2.849107229128517549e+00	2.785719972961037350e+00	4.262683269174259715e-02	1.530190870061970930e-02	6.402026784674146143e+01	2.829676305970583883e+01	-6.157468562944682366e-01	-3.076305748658006434e-02	6.165148471386906470e-01	-9.374858907211541137e+00	-6.157468562944684587e-01	-3.076305748657700428e-02	6.165148471386907580e-01	-9.374858907211546466e+00
5.385518590998043213e+11	1.668659671856334459e+00	1.186932504458827059e-02	2.679431839739366161e+00	2.784284219602675581e+00	3.961172806811767005e-02	1.422689816981772236e-02	6.498803478091016927e+01	2.839883779063911362e+01	-6.202816486374520544e-01	1.217886157378588879e-01	6.321248219772257482e-01	-9.618655732636266720e+00	-6.202816486374514993e-01	1.217886157378617606e-01	6.321248219772257482e-01	-9.618655732636270272e+00
5.448140900195694580e+11	1.667531893196746440e+00	1.169716844073797127e-02	2.671272761522644146e+00	2.780525791078794384e+00	3.901080287005005004e-02	1.403000935837914187e-02	5.760658870062367498e+01	2.757857569359960337e+01	-5.795059209388681021e-01	2.546561650882124828e-01	6.329904223767058857e-01	-9.838812797304250068e+00	-5.795059209388673249e-01	2.546561650882147032e-01	6.329904223767061078e-01	-9.838812797304253621e+00
5.510763209393345947e+11	1.669090537845634659e+00	1.056424265970292743e-02	2.440277860489345141e+00	2.785751620302856946e+00	3.526535492563071666e-02	1.265918851796155216e-02	5.883581485031590574e+01	2.772222176123177562e+01	-4.901817730864483913e-01	4.339936068058002916e-01	6.546973510061591117e-01	-1.014945270627818275e+01	-4.901817730864502232e-01	4.339936068057980711e-01	6.546973510061591117e-01	-1.014945270627817742e+01
5.573385518590998535e+11	1.669259679935161556e+00	1.163299367806443739e-02	2.717688883926969279e+00	2.786292552515324150e+00	3.883697460746719787e-02	1.393858465163937653e-02	3.668649858450253731e+01	2.450868320844315917e+01	-3.456656149325969540e-01	5.249352375877409660e-01	6.285234450742696044e-01	-1.041325249334955849e+01	-3.456656149326003402e-01	5.249352375877384125e-01	6.285234450742693824e-01	-1.041325249334955139e+01
5.636007827788649902e+11	1.669609514186092492e+00	1.275684602667410961e-02	3.013728064717416277e+00	2.787433192740171428e+00	4.259790299428428684e-02	1.528212518428419958e-02	4.937357530519732762e+01	2.652934223374291278e+01	-1.847805097354730530e-01	5.726560298974865404e-01	6.017298109251795202e-01	-1.068344872258490419e+01	-1.847805097354728310e-01	5.726560298974868735e-01	6.017298109251797422e-01	-1.068344872258490597e+01
5.698630136986301270e+11	1.667750273555126839e+00	1.272554694522225367e-02	3.039737554567314870e+00	2.781229035398145477e+00	4.244606879806604727e-02	1.526162292203658843e-02	5.244146823883561837e+01	2.693946768007478099e+01	-7.121080707710630842e-02	5.953575171865316262e-01	5.996011610354704535e-01	-1.087652968658708019e+01	-7.121080707710705782e-02	5.953575171865312932e-01	5.996011610354703425e-01	-1.087652968658707842e+01
5.761252446183952637e+11	1.668366672310244825e+00	1.192057585725136461e-02	2.878745700656626827e+00	2.783305253146791003e+00	3.977578294996860636e-02	1.429084463696474010e-02	5.616397381259265842e+01	2.740603133643234202e+01	9.816363705875341683e-02	6.060026115903578425e-01	6.139016736375106920e-01	-1.115616488943800633e+01	9.816363705875608137e-02	6.060026115903572874e-01	6.139016736375106920e-01	-1.115616488943801166e+01
5.823874755381605225e+11	1.668321059109043603e+00	1.152587555434094954e-02	2.813682659056726987e+00	2.783162310459426525e+00	3.845772182395425925e-02	1.381799461692405015e-02	5.353421534119146230e+01	2.707977677022607566e+01	2.509685098867099340e-01	5.667210672460942789e-01	6.198047765347631799e-01	-1.141246061115218424e+01	2.509685098867097675e-01	5.667210672460940568e-01	6.198047765347629579e-01	-1.141246061115218424e+01
5.886497064579256592e+11	1.669500366934901558e+00	1.253750703088077692e-02	3.093551016385671648e+00	2.787074286113221611e+00	4.186274517700873388e-02	1.502031911585298418e-02	5.588840888931991913e+01	2.737256865846967457e+01	3.909677471809312466e-01	4.481483741364662432e-01	5.947207282219871827e-01	-1.171293375700101791e+01	3.909677471809319127e-01	4.481483741364659101e-01	5.947207282219872937e-01	-1.171293375700101791e+01
5.949119373776907959e+11	1.668354243141278559e+00	1.305442822288336614e-02	3.255365070539379513e+00	2.783235462511282066e+00	4.355882143486144997e-02	1.565042628321457879e-02	5.239110424316377390e+01	2.693293064301269624e+01	4.668568395513031377e-01	3.455765974391149520e-01	5.808429162290157377e-01	-1.192915838291247432e+01	4.668568395513021940e-01	3.455765974391161732e-01	5.808429162290156267e-01	-1.192915838291247255e+01
6.011741682974559326e+11	1.668040256206758443e+00	1.330211978704620539e-02	3.352048754674263442e+00	2.782181349935479275e+00	4.437694259535508723e-02	1.595041336769230378e-02	5.668071869638385607e+01	2.746834095068168224e+01	5.294511021063698086e-01	2.182592330596414276e-01	5.726740454546831449e-01	-1.217535997530112901e+01	5.294511021063693645e-01	2.182592330596428432e-01	5.726740454546832559e-01	-1.217535997530112724e+01
6.074363992172210693e+11	1.667337303372760093e+00	1.216247371580911341e-02	3.096790943829642373e+00	2.779865757451459807e+00	4.055789225531847980e-02	1.458987440188527773e-02	5.428122860198922695e+01	2.717405496639111817e+01	5.870921705988061401e-01	9.438310206645653122e-02	5.946304623327876016e-01	-1.240697081621809339e+01	5.870921705988060291e-01	9.438310206645619815e-02	5.946304623327874905e-01	-1.240697081621809339e+01
6.136986301369863281e+11	1.668615483490676565e+00	1.253597634631043942e-02	3.224797726597810499e+00	2.784120481041869155e+00	4.183544846425295977e-02	1.502645045324955270e-02	5.804663020088220549e+01	2.763034769886179021e+01	5.771985004243892492e-01	-8.508013063754366057e-02	5.834352899177981389e-01	-1.271271862713528122e+01	5.771985004243893602e-01	-8.508013063754343852e-02	5.834352899177982499e-01	-1.271271862713528122e+01
6.199608610567514648e+11	1.668300834421314383e+00	1.283292834656936908e-02	3.334872260170374858e+00	2.783062990080905852e+00	4.281837013730123431e-02	1.538533992579753720e-02	5.706710034931915487e+01	2.751456117692175951e+01	5.304959510271479717e-01	-2.194622059904728084e-01	5.740989582941279368e-01	-1.295862487530842522e+01	5.304959510271474166e-01	-2.194622059904740574e-01	5.740989582941279368e-01	-1.295862487530842699e+01
6.262230919765166016e+11	1.668277387361945419e+00	1.378307486554315384e-02	3.617964943296871905e+00	2.782959468030449024e+00	4.598798425300486270e-02	1.652484873793415299e-02	5.874332373280704900e+01	2.771151823639415923e+01	4.387207158828515530e-01	-3.328634747670957683e-01	5.507031499626516835e-01	-1.321542528863544952e+01	4.387207158828512199e-01	-3.328634747670963789e-01	5.507031499626516835e-01	-1.321542528863545130e+01
6.324853228962817383e+11	1.667059012202440904e+00	1.329050787872808857e-02	3.523556098581327678e+00	2.778909112565703499e+00	4.431212187196240798e-02	1.594586943185415454e-02	5.622134686928018965e+01	2.741297766650547629e+01	3.646020838098540384e-01	-4.230694736051953120e-01	5.585001871217815106e-01	-1.342586103274429377e+01	3.646020838098558148e-01	-4.230694736051938132e-01	5.585001871217815106e-01	-1.342586103274428844e+01
6.387475538160469971e+11	1.667458759371824639e+00	1.298448802738650688e-02	3.476508065651351398e+00	2.780250117276491295e+00	4.330219659444842911e-02	1.557492843013235165e-02	5.776491285377387896e+01	2.759724834030775398e+01	2.385870856691767461e-01	-5.092195991365756624e-01	5.623418867494451856e-01	-1.369900685684151043e+01	2.385870856691771347e-01	-5.092195991365753294e-01	5.623418867494450746e-01	-1.369900685684151043e+01
6.450097847358121338e+11	1.667668808173172534e+00	1.253018398784638138e-02	3.387762153846544777e+00	2.780962248242960566e+00	4.179239399440468766e-02	1.502803355953844303e-02	5.332659278759416566e+01	2.705333968327258276e+01	9.763175872154968016e-02	-5.612790761257135941e-01	5.697070840419640181e-01	-1.396494498770024073e+01	9.763175872155262225e-02	-5.612790761257128169e-01	5.697070840419636850e-01	-1.396494498770023540e+01
6.512720156555772705e+11	1.668265975067712459e+00	1.358264657522301883e-02	3.707968012273300307e+00	2.782926875280637979e+00	4.531893426562910721e-02	1.628462992260945597e-02	5.580429981010143337e+01	2.736232216856948085e+01	-5.922064751409097938e-02	-5.402304111727102010e-01	5.434666339784105515e-01	-1.424635207433639295e+01	-5.922064751409400474e-02	-5.402304111727096458e-01	5.434666339784104405e-01	-1.424635207433639827e+01
6.575342465753424072e+11	1.667379065694750917e+00	1.366234902386130601e-02	3.765588978388094255e+00	2.779966288936250862e+00	4.556062950120291083e-02	1.638891438451097263e-02	5.057063175253982479e+01	2.669232239785432981e+01	-1.751942373273538689e-01	-5.096856802155196320e-01	5.389550198388267654e-01	-1.446824509350164689e+01	-1.751942373273556730e-01	-5.096856802155190769e-01	5.389550198388267654e-01	-1.446824509350165044e+01
6.637964774951076660e+11	1.667222465617043126e+00	1.389033315489651178e-02	3.864886698294690337e+00	2.779437808503018470e+00	4.631655098149745076e-02	1.666399976275891384e-02	5.122442429735579594e+01	2.677971531351625600e+01	-2.920340058413435913e-01	-4.436728057606192377e-01	5.311585630856778817e-01	-1.471929854867595644e+01	-2.920340058413443685e-01	-4.436728057606185160e-01	5.311585630856777707e-01	-1.471929854867595822e+01
6.700587084148728027e+11	1.666831342095362434e+00	1.290884831873971052e-02	3.625680365979448538e+00	2.778160084626510873e+00	4.303374593606074799e-02	1.549001663878059147e-02	4.846199589152066523e+01	2.640255741001375611e+01	-4.036101068443103679e-01	-3.739205561432445979e-01	5.501978740901758425e-01	-1.496073097390526030e+01	-4.036101068443119777e-01	-3.739205561432429326e-01	5.501978740901758425e-01	-1.496073097390526385e+01
6.763209393346379395e+11	1.667827029888269808e+00	1.341948530534012134e-02	3.804327125454265879e+00	2.781466919040067598e+00	4.476276063886939355e-02	1.609322057093448902e-02	4.918257934995011027e+01	2.650297297373684202e+01	-4.828523505545752603e-01	-2.323752608314092472e-01	5.358588006952428318e-01	-1.525942354173532323e+01	-4.828523505545770922e-01	-2.323752608314054169e-01	5.358588006952427207e-01	-1.525942354173533211e+01
6.825831702544030762e+11	1.667588998334408323e+00	1.358856255537342628e-02	3.887928371851606890e+00	2.780668418333634317e+00	4.532027484103923892e-02	1.629833839311133417e-02	4.476393120885856547e+01	2.586252140152505063e+01	-5.186860185545126845e-01	-1.056345568184941103e-01	5.293333972442810786e-01	-1.550705288807690074e+01	-5.186860185545124624e-01	-1.056345568184958172e-01	5.293333972442811897e-01	-1.550705288807689719e+01
6.888454011741683350e+11	1.667416924929613575e+00	1.457392488349306542e-02	4.208113560435645439e+00	2.780066802255219294e+00	4.860161802677837040e-02	1.748217632301217808e-02	4.787827508143430322e+01	2.632011330525361004e+01	-5.044009909233778677e-01	2.484265689970120358e-02	5.050123931611201211e-01	-1.575717530213912454e+01	-5.044009909233779787e-01	2.484265689970055480e-02	5.050123931611202321e-01	-1.575717530213912454e+01
6.951076320939334717e+11	1.666585240651824451e+00	1.372122990234028381e-02	3.997921470161488244e+00	2.777318092208466815e+00	4.573519847766158164e-02	1.646739658880552737e-02	4.375004290744909952e+01	2.570665437660193575e+01	-5.018790689105261382e-01	1.395635614762284482e-01	5.209228229809341748e-01	-1.597919257444590002e+01	-5.018790689105260272e-01	1.395635614762296139e-01	5.209228229809342858e-01	-1.597919257444590180e+01
7.013698630136986084e+11	1.667036388436866412e+00	1.402223922039183730e-02	4.122433264804662656e+00	2.778813697179877362e+00	4.675116605551957877e-02	1.682414553482507180e-02	4.671301356483417777e+01	2.615248351133829985e+01	-4.365862406923961547e-01	2.663922743240940694e-01	5.114414818740089519e-01	-1.625582791746034772e+01	-4.365862406923948780e-01	2.663922743240966784e-01	5.114414818740092850e-01	-1.625582791746035127e+01
7.076320939334637451e+11	1.667244447129969442e+00	1.340479403856458841e-02	3.976095695316775647e+00	2.779524357982501304e+00	4.469813685143545628e-02	1.608121789725177816e-02	4.382010879023932404e+01	2.571754136017975156e+01	-3.586296447223397132e-01	3.800497890703515291e-01	5.225447964013136826e-01	-1.652235119671597730e+01	-3.586296447223381589e-01	3.800497890703526949e-01	5.225447964013133495e-01	-1.652235119671598085e+01
7.138943248532290039e+11	1.667483274824363981e+00	1.477438186354619078e-02	4.421121094197631329e+00	2.780282189459535314e+00	4.927206930666338386e-02	1.772196703394394654e-02	4.619745427864251752e+01	2.607697856499388323e+01	-2.297689006574504533e-01	4.321561520184732941e-01	4.894411991616022251e-01	-1.679009013685758944e+01	-2.297689006574509807e-01	4.321561520184728500e-01	4.894411991616020030e-01	-1.679009013685758944e+01
7.201565557729941406e+11	1.666898857299422332e+00	1.432507110899263435e-02	4.324270630928404024e+00	2.778346592803841997e+00	4.775688932462558017e-02	1.718896031485778533e-02	4.359474263783370418e+01	2.568246121293579876e+01	-1.262007875737767015e-01	4.801951535740103805e-01	4.965017868046487926e-01	-1.702175990819149121e+01	-1.262007875737780616e-01	4.801951535740099919e-01	4.965017868046487926e-01	-1.702175990819148765e+01
7.264187866927592773e+11	1.666496372182247221e+00	1.495915257383922947e-02	4.554945869553483462e+00	2.776986382250863805e+00	4.985874699044760133e-02	1.795426412931668686e-02	4.662290445010823703e+01	2.613934709109184951e+01	-8.543709037126813802e-03	4.799029751435780478e-01	4.799790209121319595e-01	-1.726095848281456213e+01	-8.543709037130069878e-03	4.799029751435781033e-01	4.799790209121320705e-01	-1.726095848281455503e+01
7.326810176125244141e+11	1.666586645277380097e+00	1.382490089004939811e-02	4.245864474048491211e+00	2.777319918332292303e+00	4.608079039127938731e-02	1.659181936049689693e-02	4.515008939882476824e+01	2.592095968909378101e+01	1.211467063571353558e-01	4.874512867312371656e-01	5.022800826203651647e-01	-1.752235509704472349e+01	1.211467063571383951e-01	4.874512867312363329e-01	5.022800826203650537e-01	-1.752235509704473060e+01
7.389432485322896729e+11	1.666851875895561275e+00	1.475422998951597675e-02	4.570006266236691594e+00	2.778177488873968315e+00	4.918623187083850934e-02	1.770449586745961867e-02	4.544096983620890740e+01	2.596465025282552830e+01	2.349190560399196104e-01	4.173135701556821564e-01	4.788920324319129174e-01	-1.779147696661075528e+01	2.349190560399197492e-01	4.173135701556821009e-01	4.788920324319129729e-01	-1.779147696661075528e+01
7.452054794520548096e+11	1.666939565025038705e+00	1.439378969501399312e-02	4.496145465410160469e+00	2.778480332264080754e+00	4.798715506653702251e-02	1.727100764734730565e-02	4.276334935156615558e+01	2.555146043590669436e+01	3.384253163481789062e-01	3.461698304717598096e-01	4.841128445664418800e-01	-1.805284569462433453e+01	3.384253163481757976e-01	3.461698304717629182e-01	4.841128445664419355e-01	-1.805284569462432387e+01
7.514677103718199463e+11	1.666382927536806280e+00	1.542670696439590525e-02	4.859288847996718452e+00	2.776594077898371538e+00	5.141360222716497008e-02	1.851678739662240489e-02	3.650847563760552816e+01	2.447558895725085293e+01	3.875796784669010009e-01	2.458715983402569583e-01	4.589889432556072402e-01	-1.828424205926642188e+01	3.875796784669010564e-01	2.458715983402570138e-01	4.589889432556072957e-01	-1.828424205926642188e+01
7.577299412915850830e+11	1.666652516911043547e+00	1.443787906533513729e-02	4.585714464765731080e+00	2.777522159774011179e+00	4.812585496619613962e-02	1.732690225237008483e-02	3.360194807228815250e+01	2.391117490648969834e+01	4.570960450416704512e-01	1.391319330140284583e-01	4.778017257994752742e-01	-1.855408355833501233e+01	4.570960450416708953e-01	1.391319330140267374e-01	4.778017257994751077e-01	-1.855408355833501588e+01
7.639921722113503418e+11	1.666015650583131613e+00	1.496005482973299799e-02	4.790835458064600871e+00	2.775384344747426901e+00	4.984737095983388100e-02	1.796052898193105027e-02	4.232959954917552636e+01	2.548210085569881400e+01	4.625741722008498980e-01	3.165046577574558151e-02	4.636557093050005518e-01	-1.878123993247365675e+01	4.625741722008497869e-01	3.165046577574381209e-02	4.636557093050003298e-01	-1.878123993247366030e+01
7.702544031311154785e+11	1.666980113742413616e+00	1.437036060863327094e-02	4.639711931949981327e+00	2.778616192348648095e+00	4.791021072379798157e-02	1.724247157837998506e-02	3.854701624200397703e+01	2.484524745603438944e+01	4.610272425314411726e-01	-1.101408010075030641e-01	4.740011755288363604e-01	-1.908406341006535456e+01	4.610272425314415612e-01	-1.101408010075023425e-01	4.740011755288365269e-01	-1.908406341006535456e+01
7.765166340508806152e+11	1.666312937723021470e+00	1.546319574815339416e-02	5.033141939346200466e+00	2.776359696000380239e+00	5.153304626738323263e-02	1.856137241209115246e-02	3.992083174846157334e+01	2.508350026607145367e+01	4.009528751408135139e-01	-1.985333461436222247e-01	4.474133408992942984e-01	-1.930931907288370653e+01	4.009528751408149017e-01	-1.985333461436193103e-01	4.474133408992942429e-01	-1.930931907288369942e+01
7.827788649706457520e+11	1.666589454128746262e+00	1.505142020993717814e-02	4.938621388696637027e+00	2.777293863362816584e+00	5.016907638308316236e-02	1.806401441521827272e-02	3.631541479065592171e+01	2.443951628406224685e+01	3.379780990154914178e-01	-3.026093655852342690e-01	4.536536383123399019e-01	-1.957979712232731728e+01	3.379780990154907516e-01	-3.026093655852348241e-01	4.536536383123397354e-01	-1.957979712232732084e+01
7.890410958904110107e+11	1.665753210114866434e+00	1.535061384686763758e-02	5.077086133194359974e+00	2.774498115662506592e+00	5.114066858530696980e-02	1.843240343059140279e-02	3.655993590795400650e+01	2.448517191223387712e+01	2.597794187146733047e-01	-3.607729825357048892e-01	4.445700072153334070e-01	-1.979628744526999995e+01	2.597794187146751921e-01	-3.607729825357037234e-01	4.445700072153335736e-01	-1.979628744526999284e+01
7.953033268101761475e+11	1.666569724490462701e+00	1.479994329408217818e-02	4.933805350719125293e+00	2.777235608266708677e+00	4.933027483618601661e-02	1.776236581777567228e-02	3.350012720341232608e+01	2.389052784937644702e+01	1.458656846719718347e-01	-4.299040567414479375e-01	4.539760962513084142e-01	-2.009324292944381440e+01	1.458656846719727507e-01	-4.299040567414476599e-01	4.539760962513084142e-01	-2.009324292944381085e+01
8.015655577299412842e+11	1.666159916157123444e+00	1.528070872507661035e-02	5.134187279665868076e+00	2.775855366149571957e+00	5.092020873639013789e-02	1.834397042343826126e-02	3.268924477080584268e+01	2.372382295955485887e+01	3.972622260799180821e-02	-4.390337535702327765e-01	4.408274146836464458e-01	-2.033011241942030978e+01	3.972622260799242577e-02	-4.390337535702328875e-01	4.408274146836466678e-01	-2.033011241942030978e+01
8.078277886497064209e+11	1.666790093124908001e+00	1.549864163212698841e-02	5.248093767652609820e+00	2.777949006646898145e+00	5.166596465864503607e-02	1.859860081485370520e-02	3.208125675739888294e+01	2.359609455359632335e+01	-8.531499201205720861e-02	-4.249886529337704721e-01	4.334674185962287263e-01	-2.061846551022100371e+01	-8.531499201205705596e-02	-4.249886529337704166e-01	4.334674185962286708e-01	-2.061846551022100371e+01
8.140900195694715576e+11	1.665803417748138893e+00	1.581475123266610355e-02	5.396646317050953989e+00	2.774650920224829509e+00	5.268853330842357408e-02	1.898924759304649115e-02	2.985164436986297432e+01	2.310603072482864917e+01	-1.674587510434104032e-01	-3.897129861166824250e-01	4.241681799109881523e-01	-2.082619510237022808e+01	-1.674587510434119297e-01	-3.897129861166820364e-01	4.241681799109884299e-01	-2.082619510237023519e+01
8.203522504892368164e+11	1.666270897360073056e+00	1.559759784347188732e-02	5.363487262432531821e+00	2.776215418330656437e+00	5.197964671060688324e-02	1.872320367050707424e-02	3.004377766994418053e+01	2.314967903968481977e+01	-2.701094294140112817e-01	-3.296912949298130280e-01	4.262105744944155172e-01	-2.110673912779706640e+01	-2.701094294140102270e-01	-3.296912949298138606e-01	4.262105744944154617e-01	-2.110673912779706285e+01
8.266144814090019531e+11	1.665820814647134496e+00	1.554008796933128642e-02	5.384503249760029142e+00	2.774717492177548372e+00	5.177400400151915827e-02	1.865919833189498903e-02	2.958525451093412784e+01	2.304504594886213198e+01	-3.382092847350561815e-01	-2.572459184710998437e-01	4.249246790326940415e-01	-2.134089053757748644e+01	-3.382092847350566256e-01	-2.572459184710990665e-01	4.249246790326939305e-01	-2.134089053757748644e+01
8.328767123287670898e+11	1.666598752364477631e+00	1.579816799790827175e-02	5.515394834700939164e+00	2.777301819270743266e+00	5.265841414991668384e-02	1.896027784396281043e-02	2.911240638166310646e+01	2.293543163902195658e+01	-3.910102264229228242e-01	-1.442770316924716356e-01	4.167791490001579446e-01	-2.163766145184416345e+01	-3.910102264229224911e-01	-1.442770316924726348e-01	4.167791490001579446e-01	-2.163766145184415990e+01
8.391389432485322266e+11	1.665933587623511736e+00	1.617149990177129543e-02	5.688180119204083063e+00	2.775073200963071862e+00	5.388128969722224409e-02	1.941616879818632360e-02	2.914946994292515470e+01	2.294408768823364042e+01	-4.029001762977935663e-01	-5.297766573402525742e-02	4.063682875513531800e-01	-2.186040782915776504e+01	-4.029001762977934553e-01	-5.297766573402736684e-02	4.063682875513533466e-01	-2.186040782915776148e+01
8.454011741682974854e+11	1.666093318446590255e+00	1.627724859326995510e-02	5.768102962050385862e+00	2.775601996950604278e+00	5.423883024788246632e-02	1.954128520856793574e-02	2.909605004373063863e+01	2.293160817522507244e+01	-3.979858330709689640e-01	5.385316244919642614e-02	4.016128564064810336e-01	-2.212564593510013466e+01	-3.979858330709692971e-01	5.385316244919514939e-02	4.016128564064810891e-01	-2.212564593510013111e+01
8.516634050880626221e+11	1.665418483516829529e+00	1.618105097083607016e-02	5.776487974695021066e+00	2.773356898828975403e+00	5.389644273911665950e-02	1.943364835657247769e-02	2.935606163650457745e+01	2.299213562133993705e+01	-3.759916755405023348e-01	1.398520150910994853e-01	4.011587294336189657e-01	-2.234724706092490365e+01	-3.759916755405029454e-01	1.398520150910976256e-01	4.011587294336188547e-01	-2.234724706092490010e+01
8.579256360078277588e+11	1.665988579394844127e+00	1.604901838910731057e-02	5.771481143895361043e+00	2.775260375682797154e+00	5.347496269350123649e-02	1.926844888575357517e-02	2.902806060393925236e+01	2.291569186780240130e+01	-3.212594327368272773e-01	2.406867967185558344e-01	4.014196771921220708e-01	-2.263413595156630009e+01	-3.212594327368289981e-01	2.406867967185534751e-01	4.014196771921220153e-01	-2.263413595156629299e+01
8.641878669275928955e+11	1.665587643878354340e+00	1.623596057258505296e-02	5.881326823560453221e+00	2.773918593024533141e+00	5.408483063238758715e-02	1.949762720809206096e-02	2.920952396210056534e+01	2.295808973147093468e+01	-2.521195690055746397e-01	3.040922192609995522e-01	3.950143730177885226e-01	-2.286971660517563976e+01	-2.521195690055721417e-01	3.040922192610015506e-01	3.950143730177884671e-01	-2.286971660517564686e+01
8.704500978473581543e+11	1.666065094942378977e+00	1.653113117339271090e-02	6.031642762020781312e+00	2.775499622287486368e+00	5.508388125580689770e-02	1.984647405947342902e-02	2.767244559200920406e+01	2.259031312131422808e+01	-1.539574900024088255e-01	3.543547795650409116e-01	3.863550420642010153e-01	-2.315207820066488154e+01	-1.539574900024111570e-01	3.543547795650398569e-01	3.863550420642009597e-01	-2.315207820066487443e+01
8.767123287671232910e+11	1.665079535202565575e+00	1.659980133613438505e-02	6.100271517058477144e+00	2.772214305145992874e+00	5.527997898645113650e-02	1.994073073060631529e-02	2.805330706981263589e+01	2.268331138634014721e+01	-7.829308459317767255e-02	3.744360556117685701e-01	3.825338767184077171e-01	-2.335581867443530868e+01	-7.829308459317724234e-02	3.744360556117688477e-01	3.825338767184078281e-01	-2.335581867443530868e+01
8.829745596868884277e+11	1.665706779381407099e+00	1.633607750430140712e-02	6.046236589464522915e+00	2.774312207448953238e+00	5.442223009482990287e-02	1.961647645449120236e-02	2.601594561036433362e+01	2.217035508889129503e+01	3.259393833551281483e-02	3.841675852418559023e-01	3.855477899907842065e-01	-2.364658522099010085e+01	3.259393833551574998e-02	3.841675852418556247e-01	3.855477899907842065e-01	-2.364658522099010796e+01
8.892367906066535645e+11	1.665074208880538587e+00	1.628474513259145148e-02	6.069984046121206234e+00	2.772206928155118266e+00	5.423061823694182160e-02	1.956225478198046069e-02	2.633957583466056107e+01	2.225446537209758802e+01	1.160586492696775163e-01	3.662941075643220135e-01	3.842407881871016673e-01	-2.386878377151772668e+01	1.160586492696788902e-01	3.662941075643215139e-01	3.842407881871015563e-01	-2.386878377151773023e+01
8.954990215264188232e+11	1.666044515682102656e+00	1.646559263298432232e-02	6.180614312986802972e+00	2.775433212493656487e+00	5.486482060727832649e-02	1.976802048786599139e-02	2.453605773842715010e+01	2.177190720156407266e+01	2.186845790180032001e-01	3.083053469205634944e-01	3.779882697122892155e-01	-2.417889300598217162e+01	2.186845790180022009e-01	3.083053469205642716e-01	3.779882697122892710e-01	-2.417889300598216806e+01
9.017612524461839600e+11	1.665061597899123447e+00	1.659319958112638257e-02	6.272069589180169658e+00	2.772154790526043300e+00	5.525739881761872196e-02	1.993301348339682547e-02	2.436813709614399670e+01	2.172518571425561618e+01	2.725357816355973295e-01	2.546574011503548451e-01	3.729961718736249376e-01	-2.438124246333301670e+01	2.725357816355964413e-01	2.546574011503557888e-01	3.729961718736249376e-01	-2.438124246333301315e+01
9.080234833659490967e+11	1.665778133297227237e+00	1.681056159428756178e-02	6.398356935730045159e+00	2.774534194390079644e+00	5.600533182442078706e-02	2.018548985183162697e-02	2.242021549998745655e+01	2.115837010273750707e+01	3.288752308848050254e-01	1.608359010968088698e-01	3.660971245054463474e-01	-2.467789323218222108e+01	3.288752308848053030e-01	1.608359010968084257e-01	3.660971245054464585e-01	-2.467789323218222108e+01
9.142857142857142334e+11	1.664716270659867270e+00	1.637787931213035425e-02	6.276662276837272181e+00	2.771012026868933997e+00	5.452904433961407171e-02	1.967838602318460264e-02	2.218334215746927285e+01	2.108610847334875871e+01	3.604523598971819398e-01	9.500966887169150221e-02	3.727636529150287759e-01	-2.487501854442987792e+01	3.604523598971820508e-01	9.500966887169090547e-02	3.727636529150287203e-01	-2.487501854442988147e+01
9.205479452054794922e+11	1.666000674747437182e+00	1.667253356494231495e-02	6.433349926431037424e+00	2.775280274883441756e+00	5.555290433788637877e-02	2.001704290577265358e-02	1.991285917148934814e+01	2.035150330007805053e+01	3.632750584682231110e-01	-2.603418703798411962e-02	3.642067366205898327e-01	-2.520428413699267978e+01	3.632750584682230555e-01	-2.603418703798648925e-02	3.642067366205899437e-01	-2.520428413699268688e+01
9.268101761252446289e+11	1.665092009409775864e+00	1.642369836170898267e-02	6.380444198959488666e+00	2.772261661932408749e+00	5.469393781407611010e-02	1.972899548592813024e-02	1.985073651600885469e+01	2.033024533473422579e+01	3.531407182007633150e-01	-1.002693730341083223e-01	3.670998692726600288e-01	-2.540939606748193214e+01	3.531407182007628709e-01	-1.002693730341096545e-01	3.670998692726600288e-01	-2.540939606748193569e+01
9.330724070450097656e+11	1.666009001715686555e+00	1.733453710409191273e-02	6.779798032181248324e+00	2.775285507621085390e+00	5.775898971198339255e-02	2.081190910029762781e-02	1.932757194584329952e+01	2.014853675317510096e+01	2.884070212381050768e-01	-1.913728859673777538e-01	3.461245316109792247e-01	-2.571858401494871416e+01	2.884070212381030784e-01	-1.913728859673808347e-01	3.461245316109792802e-01	-2.571858401494872481e+01
9.393346379647749023e+11	1.664807686315084689e+00	1.664731642745487239e-02	6.554713787241158052e+00	2.771307499269549890e+00	5.542916068989249545e-02	2.000108638413539142e-02	1.899409716345102339e+01	2.003012725984920195e+01	2.560460060457464548e-01	-2.499674560820723257e-01	3.578313657466617448e-01	-2.590612734488927771e+01	2.560460060457447895e-01	-2.499674560820742686e-01	3.578313657466619113e-01	-2.590612734488928481e+01
9.455968688845401611e+11	1.665759686733488953e+00	1.738282367914549195e-02	6.889941136013194800e+00	2.774453171387390782e+00	5.791121385263373750e-02	2.087301903303514714e-02	1.826914287460536457e+01	1.976537371110897467e+01	1.589489804059689981e-01	-3.012128512539399283e-01	3.405788603724917429e-01	-2.621797900078312793e+01	1.589489804059678879e-01	-3.012128512539403724e-01	3.405788603724916874e-01	-2.621797900078313148e+01
9.518590998043052979e+11	1.664946123369343667e+00	1.658906062600545503e-02	6.618866498685199495e+00	2.771770396790152358e+00	5.523978435921359648e-02	1.992942287831055842e-02	1.851900636467336980e+01	1.985779212683767270e+01	9.669169533516042137e-02	-3.410229190838256486e-01	3.544656757532963498e-01	-2.642725451165653894e+01	9.669169533516319692e-02	-3.410229190838247604e-01	3.544656757532961833e-01	-2.642725451165653183e+01
9.581213307240704346e+11	1.665977871503504515e+00	1.771712123115978116e-02	7.115457467056623742e+00	2.775168371954627844e+00	5.903266383571423997e-02	2.127174135893452125e-02	1.761517732836178851e+01	1.951737169532871263e+01	-1.350597080853676094e-02	-3.291869980412480690e-01	3.294639448056337905e-01	-2.674454282075967626e+01	-1.350597080853393160e-02	-3.291869980412481800e-01	3.294639448056337350e-01	-2.674454282075966560e+01
9.643835616438355713e+11	1.664887071478101443e+00	1.715777219273756024e-02	6.935852638987047847e+00	2.771554571628310981e+00	5.713150619811047798e-02	2.061352382628542368e-02	1.786165353603216133e+01	1.961190702702507238e+01	-7.819576152957727344e-02	-3.291720721166943586e-01	3.383324255562696892e-01	-2.693676737693276024e+01	-7.819576152957401216e-02	-3.291720721166949137e-01	3.383324255562694671e-01	-2.693676737693274958e+01
9.706457925636008301e+11	1.665416895320178226e+00	1.794600086929342211e-02	7.301593012360543256e+00	2.773291376270700770e+00	5.977514610230374309e-02	2.155386434103601090e-02	1.752898561064335681e+01	1.948400062150185974e+01	-1.596683895690771959e-01	-2.780107074317231808e-01	3.205993575699579434e-01	-2.722486410948246061e+01	-1.596683895690788335e-01	-2.780107074317220706e-01	3.205993575699578324e-01	-2.722486410948246416e+01
9.769080234833659668e+11	1.664666659727920717e+00	1.704520932551657417e-02	6.979835327911445120e+00	2.770824548848762170e+00	5.674918334454175789e-02	2.048097320637650223e-02	1.697511716545112037e+01	1.926556162640164160e+01	-2.249380274690723491e-01	-2.498172085422732946e-01	3.361632845590529772e-01	-2.743657938408149022e+01	-2.249380274690723769e-01	-2.498172085422732391e-01	3.361632845590529217e-01	-2.743657938408149022e+01
9.831702544031311035e+11	1.665253491120208373e+00	1.791325191988439938e-02	7.382310798943199970e+00	2.772748305093696519e+00	5.966021059380654384e-02	2.151663405012540706e-02	1.734983879018422925e+01	1.941411174417571317e+01	-2.707797204611094855e-01	-1.644900866974633169e-01	3.168258916735429698e-01	-2.772844109982390748e+01	-2.707797204611082642e-01	-1.644900866974652043e-01	3.168258916735429698e-01	-2.772844109982390037e+01
9.894324853228962402e+11	1.664600473737304576e+00	1.689682912387864555e-02	7.007781275999414028e+00	2.770609234332017223e+00	5.625293952853335777e-02	2.030345486165092972e-02	1.385693397512497071e+01	1.788472126662177786e+01	-3.168458873883987503e-01	-1.081297673556996797e-01	3.347885346653012295e-01	-2.794545806193119475e+01	-3.168458873883984728e-01	-1.081297673557002348e-01	3.347885346653011185e-01	-2.794545806193119475e+01
9.956947162426614990e+11	1.665100824776392763e+00	1.842912137522208227e-02	7.691658501284324601e+00	2.772221124156360794e+00	6.137269040357307831e-02	2.213845420510961171e-02	1.536051363805108672e+01	1.858557109322520162e+01	-3.024828674615738788e-01	-1.270918247000958623e-02	3.027497455437940799e-01	-2.823234237475321606e+01	-3.024828674615740454e-01	-1.270918247000663200e-02	3.027497455437941354e-01	-2.823234237475322672e+01
1.001956947162426636e+12	1.664265257689890198e+00	1.703613853617328561e-02	7.154995830094250664e+00	2.769488617937373220e+00	5.670530698189020502e-02	2.047500994032700264e-02	1.499981014721827499e+01	1.842390410021427982e+01	-3.232824059118510340e-01	5.324979442532311313e-02	3.276386036145526592e-01	-2.843758404457252453e+01	-3.232824059118502569e-01	5.324979442532663115e-02	3.276386036145525482e-01	-2.843758404457253519e+01
1.008219178082191772e+12	1.664971935891679022e+00	1.829957221310385407e-02	7.733659603407059713e+00	2.771796672963702690e+00	6.093654834728220310e-02	2.198449436845838212e-02	1.501130783024869508e+01	1.842911706940097361e+01	-2.691799531688730540e-01	1.344555083974434961e-01	3.008922247689556073e-01	-2.873758177341638032e+01	-2.691799531688738867e-01	1.344555083974418308e-01	3.008922247689556073e-01	-2.873758177341637321e+01
1.014481409001956909e+12	1.664336170870839515e+00	1.682495829435618623e-02	7.154631168870341007e+00	2.769731810447401799e+00	5.600477332538069536e-02	2.022028743509795071e-02	1.369347137953314508e+01	1.780398800974323237e+01	-2.547128466954872161e-01	2.061009123620386740e-01	3.276525909376934997e-01	-2.895462927333043979e+01	-2.547128466954877712e-01	2.061009123620378969e-01	3.276525909376934997e-01	-2.895462927333043623e+01
1.020743639921722046e+12	1.665220835899919205e+00	1.849702601214137446e-02	7.914213300124973927e+00	2.772618292343931756e+00	6.160326623520121642e-02	2.221844471173949412e-02	1.330363436071980310e+01	1.760749231624610900e+01	-1.602770495034878395e-01	2.452772386605029942e-01	2.930011201385838704e-01	-2.926633168052547163e+01	-1.602770495034888110e-01	2.452772386605025223e-01	2.930011201385839259e-01	-2.926633168052546807e+01
1.027005870841487305e+12	1.664479521358964709e+00	1.696588067162844646e-02	7.303625486002389700e+00	2.770204235916404301e+00	5.647872187949085770e-02	2.038792705145340070e-02	1.210827531855410299e+01	1.696696349604860643e+01	-1.155611361919121477e-01	2.989929286487899573e-01	3.205481985286239288e-01	-2.947631458567192553e+01	-1.155611361919119257e-01	2.989929286487900684e-01	3.205481985286238733e-01	-2.947631458567192553e+01
1.033268101761252441e+12	1.664766865263201723e+00	1.868696413716679564e-02	8.093585065549468993e+00	2.771099513049603669e+00	6.221887741583407433e-02	2.245277627989692923e-02	1.237837958045371778e+01	1.711706207150964332e+01	-2.690370569450963034e-02	2.841256977455317023e-01	2.853966038681645667e-01	-2.975072224569978374e+01	-2.690370569450987320e-02	2.841256977455317023e-01	2.853966038681645667e-01	-2.975072224569978374e+01
1.039530332681017578e+12	1.664513657002691494e+00	1.650285814007116866e-02	7.190937163422220557e+00	2.770333370021682562e+00	5.493846550745299512e-02	1.983099438571286899e-02	1.024338493982063625e+01	1.582904463392608463e+01	4.747272291554877760e-02	3.224238113715461873e-01	3.258999440938443737e-01	-2.999131689197596273e+01	4.747272291554787554e-02	3.224238113715463538e-01	3.258999440938443737e-01	-2.999131689197596273e+01
1.045792563600782715e+12	1.664732254098117981e+00	1.869582172949219370e-02	8.195571975025888634e+00	2.770983944084460138e+00	6.224707489990823073e-02	2.246388869657446261e-02	1.111275051958141979e+01	1.638325777821033569e+01	1.136993939603115206e-01	2.571356426689904162e-01	2.811517222386106241e-01	-3.026145927542740210e+01	1.136993939603119369e-01	2.571356426689903607e-01	2.811517222386107351e-01	-3.026145927542740566e+01
1.052054794520547974e+12	1.665220957314290651e+00	1.664569650428015385e-02	7.340565073796714302e+00	2.772683757466610110e+00	5.543752533604107829e-02	1.999417538576203288e-02	9.499015600090627842e+00	1.531576808650114963e+01	2.065256978954799483e-01	2.428288628247849967e-01	3.187769133924119314e-01	-3.054991388024469146e+01	2.065256978954820855e-01	2.428288628247832481e-01	3.187769133924119869e-01	-3.054991388024469856e+01
1.058317025440313110e+12	1.664562517585406631e+00	1.930281937776112677e-02	8.562995006528021591e+00	2.770395776114336517e+00	6.426149923988486168e-02	2.319578299748055114e-02	1.023741050584350099e+01	1.582507539778228534e+01	2.116255261645924313e-01	1.617767083558682983e-01	2.663776767878650031e-01	-3.076324265551399861e+01	2.116255261645912933e-01	1.617767083558697139e-01	2.663776767878649476e-01	-3.076324265551399151e+01
1.064579256360078247e+12	1.665457100608648933e+00	1.697980015850057353e-02	7.577042709176017965e+00	2.773459040354344651e+00	5.655825748178128221e-02	2.039267811741515488e-02	8.981763664682608450e+00	1.493483186866318668e+01	2.905324559991971922e-01	1.018757796836469859e-01	3.078762453894038909e-01	-3.107867101000394783e+01	2.905324559991977473e-01	1.018757796836455426e-01	3.078762453894038909e-01	-3.107867101000395138e+01
1.070841487279843384e+12	1.664435683528217913e+00	1.944118249248781224e-02	8.726438385800573627e+00	2.769968185025339480e+00	6.471719574096154726e-02	2.336387691773056038e-02	9.687952567700104822e+00	1.544976092971454840e+01	2.572065248994778175e-01	3.841577803286633924e-02	2.600595478976616137e-01	-3.126766480206427445e+01	2.572065248994781506e-01	3.841577803286463921e-02	2.600595478976616692e-01	-3.126766480206427801e+01
1.077103718199608643e+12	1.665630230489676622e+00	1.750905426219588612e-02	7.905136525895741784e+00	2.774017497739936999e+00	5.832722017279518001e-02	2.102626253090179170e-02	9.067039094781915054e+00	1.499912072946612440e+01	2.882235069240280390e-01	-5.473057641551161423e-02	2.933738671701339173e-01	-3.160358169233531100e+01	2.882235069240282610e-01	-5.473057641551076075e-02	2.933738671701340284e-01	-3.160358169233530745e+01
1.083365949119373779e+12	1.664312137231722000e+00	1.962475722007667525e-02	8.911865741176345779e+00	2.769549759040875081e+00	6.532344326319895755e-02	2.358630425395251765e-02	9.624481253056242025e+00	1.540504121464811149e+01	2.371884279977633792e-01	-8.824473382872785598e-02	2.530720913584767473e-01	-3.177210387861120822e+01	2.371884279977630183e-01	-8.824473382872893845e-02	2.530720913584768028e-01	-3.177210387861121177e+01
1.089628180039138916e+12	1.665158183325293306e+00	1.786449404427286128e-02	8.159399700982488568e+00	2.772432635347733321e+00	5.949441689757383606e-02	2.145928313605777876e-02	8.423064444596066735e+00	1.449789917563316166e+01	2.216126996531196103e-01	-1.754101986752568121e-01	2.826321397980718908e-01	-3.208547341368659289e+01	2.216126996531203597e-01	-1.754101986752556741e-01	2.826321397980717798e-01	-3.208547341368658579e+01
1.095890410958904053e+12	1.663880551040172406e+00	1.984037716419575700e-02	9.113940978240767876e+00	2.768104847563730431e+00	6.602403537761378227e-02	2.385171047105494671e-02	5.918190998531292379e+00	1.209668216230278048e+01	1.640525038980615302e-01	-1.828834142988413070e-01	2.456818415366205377e-01	-3.225554926814427148e+01	1.640525038980622519e-01	-1.828834142988406408e-01	2.456818415366205099e-01	-3.225554926814426437e+01
1.102152641878669189e+12	1.671731409945387492e+00	2.100049228515176933e-02	9.701980167175420888e+00	2.794244886321774146e+00	7.021436515480800056e-02	2.512820744470797840e-02	2.041707668245564378e+00	4.856186345321105158e+00	-1.302383860284977643e-02	-2.246965051387681545e-01	2.250736319374829486e-01	-3.304461999391424598e+01	-1.302383860285102023e-02	-2.246965051387681545e-01	2.250736319374830041e-01	-3.304461999391425309e+01
1.108414872798434326e+12	1.663362495360165783e+00	1.956758612155540603e-02	9.091357995724987262e+00	2.766391900544173055e+00	6.509597775865069713e-02	2.353100359563869287e-02	7.184386404599689691e+00	1.341572348460893060e+01	6.199832774804839991e-02	-2.385942113512638241e-01	2.465177282344740151e-01	-3.273249679568601067e+01	6.199832774804790725e-02	-2.385942113512639351e-01	2.465177282344739873e-01	-3.273249679568601778e+01
1.114677103718199707e+12	1.665967989442967534e+00	1.918258598139378768e-02	8.962834869395592818e+00	2.775081370243710044e+00	6.391514839947892712e-02	2.303181055691561410e-02	5.740286934751555492e+00	1.188903083794101256e+01	-4.513282005660741031e-02	-2.470316649645105667e-01	2.511207178657314798e-01	-3.316743035813764351e+01	-4.513282005660451679e-02	-2.470316649645111773e-01	2.511207178657315353e-01	-3.316743035813762930e+01
1.120939334637964844e+12	1.663348302893718600e+00	1.968884417990501498e-02	9.251059882803716050e+00	2.766339926154273154e+00	6.549881110516775351e-02	2.367706531142876533e-02	7.050479555847298130e+00	1.328772076481802955e+01	-6.112723111141911414e-02	-2.329111557235216678e-01	2.407989718495812115e-01	-3.324338320386136303e+01	-6.112723111141839250e-02	-2.329111557235218621e-01	2.407989718495812115e-01	-3.324338320386135592e+01
1.127201565557729980e+12	1.664875722424543403e+00	1.950178174477797816e-02	9.214357033602004421e+00	2.771430851627424641e+00	6.493608594180601268e-02	2.343052719633058681e-02	8.094872848017420353e+00	1.422751219195589378e+01	-1.403810782073456609e-01	-1.971787249401523723e-01	2.420460631526180628e-01	-3.360542295758948939e+01	-1.403810782073470209e-01	-1.971787249401514286e-01	2.420460631526180906e-01	-3.360542295758949649e+01
1.133463796477495117e+12	1.663387783873761183e+00	1.964593669932307787e-02	9.334037783228614771e+00	2.766472956711668818e+00	6.535762221682241135e-02	2.362489105785760962e-02	7.864006742203788924e+00	1.403065782355293578e+01	-1.658170528035696478e-01	-1.705604772570021577e-01	2.378784803268218229e-01	-3.375802047045299048e+01	-1.658170528035696478e-01	-1.705604772570021299e-01	2.378784803268218229e-01	-3.375802047045299048e+01
1.139726027397260254e+12	1.665044654389985057e+00	1.918646235660945165e-02	9.166098779993815171e+00	2.772005580774903333e+00	6.389263316705448559e-02	2.304924406003307918e-02	7.271062709563832271e+00	1.349731236686804969e+01	-2.218622946205152380e-01	-1.009822194108034032e-01	2.437627666634343548e-01	-3.413038482390052764e+01	-2.218622946205156821e-01	-1.009822194108025151e-01	2.437627666634344104e-01	-3.413038482390052764e+01
1.145988258317025391e+12	1.663567267513501147e+00	2.030557922153909331e-02	9.754044023061796409e+00	2.767043736994814207e+00	6.755939388170943694e-02	2.441573039791674823e-02	7.218612206481998861e+00	1.344805741579299330e+01	-2.152272960619491804e-01	-6.073094829422870378e-02	2.236314759841606103e-01	-3.428249825361886138e+01	-2.152272960619495135e-01	-6.073094829422743396e-02	2.236314759841606103e-01	-3.428249825361886849e+01
1.152250489236790527e+12	1.664959717672061634e+00	1.884487403587828749e-02	9.101842186122230061e+00	2.771735732193203017e+00	6.275191230868296111e-02	2.263993337453891821e-02	5.326215605166362721e+00	1.137967117871426836e+01	-2.452905516314121404e-01	1.968247231985259527e-02	2.460789597593915357e-01	-3.463758909642150030e+01	-2.452905516314118628e-01	1.968247231985484347e-02	2.460789597593913969e-01	-3.463758909642150741e+01
1.158512720156555664e+12	1.663367899953643425e+00	2.078873076068290388e-02	1.009527008354710986e+01	2.766360599269554132e+00	6.915861485619766158e-02	2.499985536030939134e-02	4.228221311938663796e+00	9.809037731703416085e+00	-2.074448019635317386e-01	4.698136956983406387e-02	2.126983661158360350e-01	-3.478023852631240231e+01	-2.074448019635322382e-01	4.698136956983189894e-02	2.126983661158360350e-01	-3.478023852631239521e+01
1.164774951076321045e+12	1.666406501827003339e+00	1.277269504339604081e-02	6.236109418947862082e+00	2.776747487592639008e+00	4.256900413233739855e-02	1.533052764882251312e-02	1.253141641780164850e+00	1.535215917598315993e+00	-2.872371726010459758e-01	2.409181175717385603e-01	3.748956290731503826e-01	-3.525544147099294889e+01	-2.872371726010460868e-01	2.409181175717385326e-01	3.748956290731503826e-01	-3.525544147099294889e+01
1.171037181996086182e+12	1.662391961786325645e+00	2.055734952996010612e-02	1.009083177152624700e+01	2.763124429992091624e+00	6.834874522847515788e-02	2.473603594778060050e-02	3.074944118961411288e+00	7.642186130543113798e+00	-1.676105019606158042e-01	1.312234275911803583e-01	2.128681947033594646e-01	-3.522175029482637143e+01	-1.676105019606150548e-01	1.312234275911813852e-01	2.128681947033595201e-01	-3.522175029482637854e+01
1.177299412915851318e+12	1.666959913556061545e+00	2.312378277544407598e-02	1.141129596680770142e+01	2.778220644072986190e+00	7.709283787288680190e-02	2.774899755977103255e-02	4.158223172075468987e+00	9.695464577564401054e+00	-5.511946718573856180e-02	1.662992131710988586e-01	1.751958445973142708e-01	-3.580826312372638398e+01	-5.511946718574034509e-02	1.662992131710982480e-01	1.751958445973142431e-01	-3.580826312372636977e+01
1.183561643835616455e+12	1.662438988312900934e+00	2.186895800651301666e-02	1.084946027727744244e+01	2.763225138538531134e+00	7.271161684760962807e-02	2.631404000836022258e-02	4.867690428860095508e+00	1.076721828770090816e+01	-7.277702251159781643e-02	1.759492700378337826e-01	1.904065141545849826e-01	-3.573611888088454691e+01	-7.277702251159703928e-02	1.759492700378341434e-01	1.904065141545850104e-01	-3.573611888088455402e+01
1.189823874755381592e+12	1.665568863936950805e+00	2.451892181479775612e-02	1.222850059465094219e+01	2.773518462989264410e+00	8.167590550406324257e-02	2.944848090754512149e-02	4.899355270080547164e+00	1.081133189730186928e+01	1.434282562360919382e-02	1.547361471512228581e-01	1.553994590790912511e-01	-3.622074355777954224e+01	1.434282562361114538e-02	1.547361471512226916e-01	1.553994590790912511e-01	-3.622074355777955645e+01
1.196086105675146729e+12	1.660959266187113981e+00	2.230587085257832933e-02	1.118332097609972031e+01	2.758288132058344111e+00	7.409828576592607241e-02	2.686386708651463187e-02	5.293714284116938451e+00	1.133802859198878998e+01	1.789307633610638095e-03	1.813198062558016577e-01	1.813286347007806443e-01	-3.613818343745306549e+01	1.789307633609008323e-03	1.813198062558016854e-01	1.813286347007806720e-01	-3.613818343745305128e+01
1.202348336594911865e+12	1.664072221410669794e+00	2.470434800719807297e-02	1.245067407274585847e+01	2.768526053260180309e+00	8.221963853368070840e-02	2.969798259144425592e-02	4.820305108072546751e+00	1.070066487389264154e+01	7.148004908491616127e-02	1.323742451796271480e-01	1.504404806029881747e-01	-3.662343682870351813e+01	7.148004908491625842e-02	1.323742451796270370e-01	1.504404806029881470e-01	-3.662343682870351813e+01
1.208610567514677002e+12	1.659543936668546937e+00	2.121190315820169550e-02	1.074620655538594960e+01	2.753636132897745004e+00	7.040417054278805264e-02	2.556771016390584073e-02	3.780560476535373748e+00	9.047673387459049366e+00	7.791972501715566102e-02	1.770106918721515155e-01	1.934018319039582379e-01	-3.654298813322580486e+01	7.791972501715566102e-02	1.770106918721513767e-01	1.934018319039581268e-01	-3.654298813322580486e+01
1.214872798434442139e+12	1.661846081500234940e+00	2.673954682106141623e-02	1.361676717622619570e+01	2.761017395233489768e+00	8.887402221134595159e-02	3.218886717801000552e-02	3.887904610483287282e+00	9.238155947589905992e+00	9.446390749783066532e-02	8.456632063588336023e-02	1.267867990196524242e-01	-3.696894190484642451e+01	9.446390749783084573e-02	8.456632063588306880e-02	1.267867990196523964e-01	-3.696894190484642451e+01
1.221135029354207520e+12	1.659695749850260249e+00	2.052555902807160979e-02	1.050625276091498783e+01	2.754168683497602910e+00	6.813236616438217430e-02	2.473790605950061325e-02	5.198723237516983176e+00	1.121483868553196572e+01	1.612094104160066432e-01	1.189438239595170255e-01	2.003399791973360655e-01	-3.706345042347975038e+01	1.612094104160052832e-01	1.189438239595188712e-01	2.003399791973360933e-01	-3.706345042347973617e+01
1.227397260273972656e+12	1.661684427977406564e+00	2.437167536242478699e-02	1.253890740233549472e+01	2.760601159622629197e+00	8.099606686692377433e-02	2.934001044830244001e-02	4.470338035249061370e+00	1.018786970687089699e+01	1.445980426482971759e-01	3.405885184716622716e-02	1.485550380393273195e-01	-3.746778670536917133e+01	1.445980426482970649e-01	3.405885184716658798e-02	1.485550380393273195e-01	-3.746778670536916422e+01
1.233659491193737793e+12	1.660026476808427187e+00	1.929445486762740997e-02	9.977390685633999112e+00	2.755315627716360627e+00	6.405861187169346882e-02	2.324910120180533751e-02	3.646997975543463166e+00	8.802968716022141038e+00	2.154138576687967266e-01	2.189307239678014300e-02	2.165235245757912153e-01	-3.759782700856142412e+01	2.154138576687967821e-01	2.189307239677839093e-02	2.165235245757911320e-01	-3.759782700856143123e+01
1.239921722113502930e+12	1.659716673506656193e+00	2.384315358827422682e-02	1.239216324585400208e+01	2.754090940342966309e+00	7.914575911887758441e-02	2.873752567844458511e-02	5.096179322338623585e+00	1.107930133341979229e+01	1.505765007760387908e-01	-1.953649589341592552e-02	1.518385894881464915e-01	-3.782813573590881617e+01	1.505765007760388741e-01	-1.953649589341527673e-02	1.518385894881464915e-01	-3.782813573590881617e+01
1.246183953033268066e+12	1.659939071469511251e+00	1.935499078659526709e-02	1.011030563683602601e+01	2.755023105322714105e+00	6.425621086920378644e-02	2.332329291360953072e-02	4.962002498363093927e+00	1.089777452643939881e+01	1.954674264636948045e-01	-8.294333614649651576e-02	2.123372596118039968e-01	-3.810041764558943100e+01	1.954674264636950265e-01	-8.294333614649591901e-02	2.123372596118039968e-01	-3.810041764558943100e+01
1.252446183953033203e+12	1.659860141750823193e+00	2.282709248709018091e-02	1.198391812876990237e+01	2.754614614021648755e+00	7.577956194276132262e-02	2.751004135279947610e-02	5.008618410567660106e+00	1.096139137131326180e+01	1.284151138122123226e-01	-9.748355436442035504e-02	1.612249510061154745e-01	-3.834842954841062834e+01	1.284151138122122948e-01	-9.748355436442042443e-02	1.612249510061155022e-01	-3.834842954841062834e+01
1.258708414872798340e+12	1.660408874738275031e+00	1.857144670415919463e-02	9.798509838523308701e+00	2.756612732676939626e+00	6.167238984862963291e-02	2.237252593284648136e-02	4.549195303347927322e+00	1.030683648613716485e+01	1.298199583809767077e-01	-1.804294026863200728e-01	2.222790834689147288e-01	-3.864621082563623844e+01	1.298199583809761248e-01	-1.804294026863204614e-01	2.222790834689147288e-01	-3.864621082563624554e+01
1.264970645792563477e+12	1.660474100632210792e+00	2.254191821153367012e-02	1.195254750423762502e+01	2.756666100793693897e+00	7.486054273764244926e-02	2.715618794604422737e-02	4.278347280086686411e+00	9.889218529144653047e+00	5.771973746109659853e-02	-1.513205007386861645e-01	1.619551235261936228e-01	-3.890550319725752360e+01	5.771973746109695935e-02	-1.513205007386859979e-01	1.619551235261936228e-01	-3.890550319725751649e+01
1.271232876712328857e+12	1.660889782682847704e+00	1.832795572032215603e-02	9.766260497627644810e+00	2.758218956259390620e+00	6.088142878669344088e-02	2.207273235090042099e-02	3.934345925527247267e+00	9.318941717625763843e+00	1.704278176262233671e-02	-2.226678153854236009e-01	2.233190820747870398e-01	-3.919351806350792344e+01	1.704278176262366204e-02	-2.226678153854235731e-01	2.233190820747871230e-01	-3.919351806350791634e+01
1.277495107632093994e+12	1.660536635348855095e+00	2.253925623867440720e-02	1.206946410859848839e+01	2.756873899263903915e+00	7.485452143566818928e-02	2.715195695227650211e-02	3.513041409091165690e+00	8.548369973816374312e+00	-2.381695020305950317e-02	-1.574025128748658409e-01	1.591942152727206516e-01	-3.942008137940045742e+01	-2.381695020306026991e-02	-1.574025128748657298e-01	1.591942152727206516e-01	-3.942008137940046453e+01
1.283757338551859131e+12	1.661326273184158264e+00	1.840908033275042571e-02	9.906133882353016062e+00	2.759666091733266935e+00	6.116697764391209463e-02	2.216462992647594971e-02	3.514808903744599089e+00	8.551792073010778594e+00	-9.870238300055232672e-02	-1.952279677842312100e-01	2.187604164723328803e-01	-3.973800583883367210e+01	-9.870238300055134140e-02	-1.952279677842316818e-01	2.187604164723328526e-01	-3.973800583883366500e+01
1.290019569471624268e+12	1.660481273854596207e+00	2.263833383500010038e-02	1.224136703287765116e+01	2.756685566662957498e+00	7.518105880857314793e-02	2.727226482328989551e-02	2.883975538991573107e+00	7.205971614525735092e+00	-9.461277434357281968e-02	-1.230559588583284986e-01	1.552235358427660195e-01	-3.992537066341100171e+01	-9.461277434357241722e-02	-1.230559588583288733e-01	1.552235358427660750e-01	-3.992537066341100171e+01
1.296281800391389404e+12	1.662401121943326121e+00	1.812991841843103816e-02	9.851093351691737610e+00	2.763248796296570831e+00	6.027839343908145825e-02	2.181431998445787848e-02	2.908110074664124411e+00	7.262669056810682200e+00	-1.928172127792119050e-01	-1.069700004234171858e-01	2.205018334040099171e-01	-4.033420332157938759e+01	-1.928172127792113777e-01	-1.069700004234180740e-01	2.205018334040098893e-01	-4.033420332157938049e+01
1.302544031311154541e+12	1.661005667441005640e+00	2.371826643809039903e-02	1.294984343028458085e+01	2.758377271108312545e+00	7.879234995108788664e-02	2.856474738839086258e-02	2.713195913212510746e+00	6.790674176464262857e+00	-1.307104110997611146e-01	-4.976038788288072306e-02	1.398617452061974575e-01	-4.047695307526750241e+01	-1.307104110997608926e-01	-4.976038788288129205e-02	1.398617452061974298e-01	-4.047695307526749531e+01
1.308806262230919678e+12	1.663117902809582382e+00	1.921890374789943928e-02	1.054370234765694647e+01	2.765591792384472392e+00	6.392660579101147600e-02	2.311498246669818277e-02	2.883086967019748759e+00	7.203875114200769758e+00	-1.987517782044176673e-01	1.239370384896188587e-02	1.991378247207541419e-01	-4.090298155955213844e+01	-1.987517782044176951e-01	1.239370384895989614e-02	1.991378247207540308e-01	-4.090298155955212422e+01
1.315068493150684814e+12	1.660120253455762862e+00	2.427618409624714840e-02	1.338190542643783232e+01	2.755409922819751500e+00	8.060276978960115302e-02	2.925255118015842454e-02	3.000603889745862674e+00	7.475685035837841497e+00	-1.309092138993910026e-01	9.769981478760601107e-03	1.312732829704956750e-01	-4.091519812709736215e+01	-1.309092138993910026e-01	9.769981478760594168e-03	1.312732829704956750e-01	-4.091519812709736215e+01
1.321330724070450195e+12	1.662907170447067706e+00	1.965921162066369687e-02	1.088846832851641189e+01	2.764873772922726847e+00	6.538288793867595705e-02	2.364769364120380968e-02	3.006491782907396271e+00	7.489021861990132756e+00	-1.607145197387564450e-01	1.000341580891126597e-01	1.893039609713877969e-01	-4.139745636571517196e+01	-1.607145197387552793e-01	1.000341580891144638e-01	1.893039609713877691e-01	-4.139745636571518617e+01
1.327592954990215332e+12	1.659238537968354743e+00	2.487503102977724895e-02	1.384260196995541925e+01	2.752453758710631249e+00	8.254722023553011379e-02	2.999041127368432674e-02	2.880758659420168399e+00	7.198378629572954601e+00	-1.069809896945743549e-01	6.007534214818707058e-02	1.226946571381670459e-01	-4.135237319183837457e+01	-1.069809896945738276e-01	6.007534214818829182e-02	1.226946571381671847e-01	-4.135237319183838167e+01
1.333855185909980469e+12	1.663043222539467569e+00	2.056486224847637462e-02	1.149803556112525094e+01	2.765289846475158075e+00	6.840050956957277606e-02	2.473538520989439909e-02	3.028520828668209486e+00	7.538689832077200670e+00	-8.167841266309464054e-02	1.525921322278983860e-01	1.730772137313840997e-01	-4.192003477452657023e+01	-8.167841266309412707e-02	1.525921322278986081e-01	1.730772137313840442e-01	-4.192003477452657734e+01
1.340117416829745605e+12	1.658162848788644173e+00	2.456704090269508714e-02	1.380018351006725830e+01	2.748900493604157447e+00	8.147230905904005727e-02	2.963814414112149812e-02	3.294825291163714809e+00	8.112073641120852940e+00	-7.366283138999092650e-02	9.910370027718432007e-02	1.234818048824207065e-01	-4.177230769105640462e+01	-7.366283138999088487e-02	9.910370027718436170e-02	1.234818048824207065e-01	-4.177230769105640462e+01
1.346379647749510742e+12	1.662412522594597819e+00	2.076148174919787565e-02	1.171696263898597934e+01	2.763184356154912091e+00	6.902829449497148440e-02	2.498142924890732822e-02	3.198831200960698506e+00	7.910912633166516272e+00	-5.391872372882994258e-03	1.675255540592235359e-01	1.676123013103014703e-01	-4.237932655757677480e+01	-5.391872372883422734e-03	1.675255540592235914e-01	1.676123013103015258e-01	-4.237932655757676770e+01
1.352641878669275879e+12	1.657669401754804372e+00	2.374101978246084127e-02	1.346081514891199582e+01	2.747304209493819815e+00	7.870952411968167028e-02	2.864973010549261290e-02	3.291463089081040572e+00	8.105127556222635477e+00	-2.225771855504013463e-02	1.278844227137595491e-01	1.298069012345141604e-01	-4.223918136604262941e+01	-2.225771855504002014e-02	1.278844227137596046e-01	1.298069012345141882e-01	-4.223918136604262941e+01
1.358904109589041016e+12	1.662778145970515098e+00	2.048305395776815752e-02	1.166736225161151452e+01	2.764411607217706734e+00	6.811754896742351628e-02	2.464088516687342606e-02	3.085610414204184693e+00	7.665744824334232099e+00	8.236416386192872696e-02	1.473754382166246879e-01	1.688294265766984159e-01	-4.292113084026607339e+01	8.236416386192871308e-02	1.473754382166246601e-01	1.688294265766983882e-01	-4.292113084026607339e+01
1.365166340508806152e+12	1.657035219491605149e+00	2.349810213387310692e-02	1.344644624457725079e+01	2.745213557831697848e+00	7.787436565407715450e-02	2.836732516926154454e-02	3.128520267651170528e+00	7.759704288382291537e+00	3.618566195359005505e-02	1.249597675160461913e-01	1.300936033349980037e-01	-4.269336939922830254e+01	3.618566195358927789e-02	1.249597675160464272e-01	1.300936033349980314e-01	-4.269336939922829544e+01
1.371428571428571533e+12	1.663039790998315892e+00	1.978218466661471261e-02	1.137199357902262875e+01	2.765310011613538066e+00	6.579712050691403913e-02	2.379375919176667659e-02	2.647489814085886906e+00	6.623886458585932502e+00	1.523450637282772191e-01	8.875479096704554094e-02	1.763134463447890155e-01	-4.345477709918583997e+01	1.523450637282767195e-01	8.875479096704633197e-02	1.763134463447889599e-01	-4.345477709918583287e+01
1.377690802348336670e+12	1.656329437324368437e+00	2.278763137871950284e-02	1.315952173235228351e+01	2.742907928803406392e+00	7.548764931893919838e-02	2.752102924281191187e-02	2.536864361340770646e+00	6.333495356629979867e+00	9.040786133325454110e-02	1.012128902088121202e-01	1.357115711178455142e-01	-4.314057106388405316e+01	9.040786133325481866e-02	1.012128902088118565e-01	1.357115711178454864e-01	-4.314057106388405316e+01
1.383953033268101807e+12	1.664430209743547495e+00	1.939493429705910904e-02	1.125119950649017930e+01	2.769951759630562282e+00	6.456302912003282490e-02	2.330835867287588126e-02	2.144375116579050999e+00	5.189973051642168045e+00	1.784883684651163149e-01	-1.840071283890308204e-02	1.794343442887088580e-01	-4.408502618673545470e+01	1.784883684651162594e-01	-1.840071283890324511e-02	1.794343442887088025e-01	-4.408502618673545470e+01
1.390215264187866943e+12	1.655522346799157996e+00	2.176666997605366041e-02	1.268420365383456705e+01	2.740280452829545244e+00	7.207041712151825152e-02	2.630037996552510998e-02	1.996016757196739544e+00	4.702204804865659504e+00	1.338180144661910431e-01	5.724810030444024700e-02	1.455493249181904480e-01	-4.357805250905224881e+01	1.338180144661911264e-01	5.724810030444010822e-02	1.455493249181904480e-01	-4.357805250905225591e+01
1.396477495107632080e+12	1.666054701222122292e+00	1.856563950862854043e-02	1.086758425174470943e+01	2.775393584493970778e+00	6.186274196909150730e-02	2.228971858792084051e-02	1.747265426513183950e+00	3.796659198970629312e+00	1.381802334642529551e-01	-1.301106336049889789e-01	1.897960850421502588e-01	-4.473762657589096392e+01	1.381802334642529828e-01	-1.301106336049889234e-01	1.897960850421502588e-01	-4.473762657589096392e+01
1.402739726027397217e+12	1.655404118855228202e+00	2.085541140684124203e-02	1.226266937590392381e+01	2.739927848537905941e+00	6.904826788661060089e-02	2.520076137167498107e-02	1.368130283943695957e+00	2.132496863398100295e+00	1.542072607251201433e-01	-1.415079460737317385e-02	1.548551718489416251e-01	-4.407380564222115282e+01	1.542072607251202543e-01	-1.415079460737227179e-02	1.548551718489416529e-01	-4.407380564222114572e+01
1.409001956947162354e+12	1.668979974880257178e+00	1.678826315301109803e-02	9.915315219039637640e+00	2.785212310771608912e+00	5.603855003079121627e-02	2.012002812642545851e-02	1.210640883345986740e+00	1.300471987267009188e+00	1.031696281289560396e-02	-2.179703542501683633e-01	2.182143786592133650e-01	-4.550579682161313144e+01	1.031696281289540447e-02	-2.179703542501684188e-01	2.182143786592134205e-01	-4.550579682161313855e+01
1.415264187866927490e+12	1.654813709968843805e+00	-1.490458062779108849e-04	-8.841917108785037061e-02	2.738408392486196163e+00	-4.932860872840945637e-04	-1.801360559066359673e-04	9.284804908778442056e-02	-1.617029630808783125e+01	8.116783413421898574e-01	-4.964194084168759846e-01	9.514483479711179914e-01	-4.453119968203472467e+01	8.116783413421928550e-01	-4.964194084168715437e-01	9.514483479711183245e-01	-4.453119968203471757e+01
1.421526418786692627e+12	1.669292718097461936e+00	4.472293336656634616e-02	2.664859874290802466e+01	2.784538037924301879e+00	1.493113340015344292e-01	5.362158173742766903e-02	1.206815198476631990e+00	1.278938818617425976e+00	-8.812914086091193019e-03	-1.643872676936113802e-02	1.865205598550827640e-02	-4.604520763119344196e+01	-8.812914086091123630e-03	-1.643872676936117966e-02	1.865205598550827987e-02	-4.604520763119343485e+01
1.427788649706458008e+12	1.659879944740331625e+00	1.794081816832610726e-02	1.073730601844785149e+01	2.754879557994617478e+00	5.955920853967495293e-02	2.161953264593185695e-02	1.340143155375407735e+00	1.991879719878599797e+00	1.424740368868100161e-02	-1.931194536777839643e-01	1.936442921975083387e-01	-4.547945180558915723e+01	1.424740368868404779e-02	-1.931194536777837423e-01	1.936442921975083387e-01	-4.547945180558914302e+01
1.434050880626223145e+12	1.664021198824175318e+00	3.270265345441343563e-02	1.965788154911678376e+01	2.767897086593286371e+00	1.088358172118892020e-01	3.932076005970430721e-02	1.759359496068230833e+00	3.843588258159833515e+00	-2.702243590311290133e-02	-4.460999069310794818e-02	5.215614356695693482e-02	-4.609772911367030446e+01	-2.702243590311288746e-02	-4.460999069310795512e-02	5.215614356695692788e-02	-4.609772911367030446e+01
1.440313111545988281e+12	1.659250558016886812e+00	1.921683328878837430e-02	1.160186740825170304e+01	2.752743127597701012e+00	6.377108271547919649e-02	2.316637614172585569e-02	1.720281432250319487e+00	3.690770492511898482e+00	-6.318434835195251009e-02	-1.584165016001347626e-01	1.705521910028903187e-01	-4.593260768262948091e+01	-6.318434835195263499e-02	-1.584165016001346793e-01	1.705521910028903187e-01	-4.593260768262948091e+01
1.446575342465753418e+12	1.663063927523502850e+00	3.249127064592897962e-02	1.970139212032978904e+01	2.764725944361711818e+00	1.080701203412954975e-01	3.908890881632953035e-02	1.781653975922782296e+00	3.929258991200289763e+00	-4.280576876705308870e-02	-2.922540829391839443e-02	5.183105564895096329e-02	-4.652483874910227257e+01	-4.280576876705331768e-02	-2.922540829391807524e-02	5.183105564895097023e-02	-4.652483874910227968e+01
1.452837573385518555e+12	1.658417177583078050e+00	1.940200848224806277e-02	1.181552203054724437e+01	2.749971096969477724e+00	6.435324829314553741e-02	2.340142715102136450e-02	1.929244328828713551e+00	4.470717330191619432e+00	-1.201344849700353851e-01	-1.135420756984886204e-01	1.653000224831714382e-01	-4.636669584340070571e+01	-1.201344849700333450e-01	-1.135420756984907575e-01	1.653000224831714104e-01	-4.636669584340069150e+01
1.459099804305283691e+12	1.662440849925317599e+00	2.905085660959305649e-02	1.776777733713023011e+01	2.762865627230661314e+00	9.659066150622082347e-02	3.496031821244878490e-02	1.779811812382103176e+00	3.922220875150812081e+00	-6.817259555901025725e-02	-9.808227165203175016e-03	6.887455339511548702e-02	-4.698099690096946546e+01	-6.817259555901021562e-02	-9.808227165203313794e-03	6.887455339511545926e-02	-4.698099690096946546e+01
1.465362035225048828e+12	1.658540354102075787e+00	2.005250951225089409e-02	1.231694005341709186e+01	2.750354003047299933e+00	6.651579245416767983e-02	2.418444766763493473e-02	1.927232755550392751e+00	4.463619883797059984e+00	-1.492205823498630179e-01	-3.621671092085092247e-02	1.535527021799249769e-01	-4.688578790053135492e+01	-1.492205823498634343e-01	-3.621671092084942367e-02	1.535527021799250325e-01	-4.688578790053136913e+01
1.471624266144813965e+12	1.660104391906340959e+00	2.986606941778426755e-02	1.842316203198588553e+01	2.755054609924254105e+00	9.916158601888663826e-02	3.599260270982902049e-02	1.728439275129413977e+00	3.722957092358245124e+00	-6.180836268457062799e-02	9.741337611891991155e-03	6.257129818228389373e-02	-4.728020946228155452e+01	-6.180836268457063493e-02	9.741337611891356246e-03	6.257129818228381046e-02	-4.728020946228154742e+01
1.477886497064579346e+12	1.658146376424512791e+00	1.890088906843201411e-02	1.170880236265214336e+01	2.749092162042164667e+00	6.268088144004445306e-02	2.280057478810820423e-02	1.737523372696553325e+00	3.758619929094936474e+00	-1.633296190066256259e-01	3.899462423999118521e-02	1.679200558732267257e-01	-4.735825066154439611e+01	-1.633296190066255704e-01	3.899462423999140726e-02	1.679200558732267534e-01	-4.735825066154440321e+01
1.484148727984344482e+12	1.660334873158922253e+00	3.046932959870403759e-02	1.895524857551253461e+01	2.755783510981459905e+00	1.011785809890033278e-01	3.671499614749092893e-02	1.534050715413414867e+00	2.911261443643100133e+00	-4.474824171508192533e-02	3.668287119274062091e-02	5.786223444989484904e-02	-4.781056463292949132e+01	-4.474824171508152287e-02	3.668287119274101643e-02	5.786223444989478659e-02	-4.781056463292949843e+01
1.490410958904109619e+12	1.658037164890081572e+00	1.737855816334707426e-02	1.085697750726011357e+01	2.748785225872902860e+00	5.762859061406673533e-02	2.096511217814997843e-02	1.426806223279712738e+00	2.418195980524539213e+00	-1.415141897431217155e-01	1.272614923438288581e-01	1.903201338067800619e-01	-4.785630936333902241e+01	-1.415141897431197449e-01	1.272614923438311063e-01	1.903201338067801174e-01	-4.785630936333904373e+01
1.496673189823874756e+12	1.660940434210535610e+00	3.441486766697831462e-02	2.159047733899023314e+01	2.757538742878947069e+00	1.143220904921781744e-01	4.145801787460028087e-02	1.293976410741715544e+00	1.753375964840482082e+00	-1.233013291580703844e-02	3.729168938875387224e-02	3.927724882408092227e-02	-4.837536132047931403e+01	-1.233013291580720323e-02	3.729168938875380979e-02	3.927724882408091533e-02	-4.837536132047930693e+01
1.502935420743639893e+12	1.657661463433083959e+00	1.633879781959052951e-02	1.029318029021346170e+01	2.747574571036924151e+00	5.416839100871943813e-02	1.971498483780059763e-02	1.214143324434708848e+00	1.320126171615911836e+00	-7.385360444306451888e-02	1.931362460448407259e-01	2.067751542751833926e-01	-4.832945128620453801e+01	-7.385360444306551808e-02	1.931362460448402818e-01	2.067751542751833649e-01	-4.832945128620453090e+01
