freq_roi_Hz	n_opt	k_opt	alpha_cm	eps_r	eps_i	loss_tan	DR	alpha_max	H_meas_real	H_meas_imag	H_meas_mag	H_meas_phase	H_model_real	H_model_imag	H_model_mag	H_model_phase
3.005870841487279663e+11	1.665025601446182391e+00	6.097862324794657216e-03	7.683110714394605356e-01	2.772273069546289381e+00	2.030619376975447907e-02	7.324745167718198398e-03	7.655570711280181229e+01	2.951334267699601810e+01	8.112958085066211966e-01	2.082393773425492700e-01	8.375944885064757761e-01	2.512511120036142187e-01	8.112958085066210856e-01	2.082393773425499639e-01	8.375944885064757761e-01	2.512511120036150514e-01
3.068493150684931641e+11	1.668565681213795449e+00	5.660277715092892903e-03	7.280346661198058289e-01	2.784079393780645173e+00	1.888909028308647514e-02	6.784680898570210825e-03	7.884747011304553155e+01	2.971401998903494501e+01	8.399187794725418987e-01	-6.085223212658917580e-02	8.421202706653205805e-01	-7.232377237111500823e-02	8.399187794725417877e-01	-6.085223212658936315e-02	8.421202706653204695e-01	-7.232377237111524415e-02
3.131115459882583008e+11	1.670070254292813416e+00	6.990102307961817280e-03	9.174275459929385201e-01	2.789085792743386971e+00	2.334792387798114918e-02	8.371174504107231976e-03	7.184352025003005338e+01	2.908113361259056262e+01	7.665872166838328949e-01	-2.877567264641737732e-01	8.188161542180534269e-01	-3.590983106497765420e-01	7.665872166838320068e-01	-2.877567264641762157e-01	8.188161542180533159e-01	-3.590983106497797062e-01
3.193737769080234985e+11	1.669163565273365180e+00	1.031726545123559310e-02	1.381188710753735505e+00	2.786000561669700559e+00	3.444240716891223270e-02	1.236267057615748378e-02	7.753072438666623611e+01	2.959944417114113335e+01	6.316613417544079123e-01	-4.314832366567858402e-01	7.649665575584300159e-01	-5.992884133986658979e-01	6.316613417544090225e-01	-4.314832366567842858e-01	7.649665575584300159e-01	-5.992884133986633444e-01
3.256360078277886353e+11	1.666237604721519050e+00	9.148210958711957413e-03	1.248698971020492543e+00	2.776264065624360011e+00	3.048618623066272695e-02	1.098101099536676235e-02	7.403954168761724475e+01	2.928597678417212791e+01	5.442673134464079965e-01	-5.592150495753571704e-01	7.803514465660582600e-01	-7.989433023692995572e-01	5.442673134464063311e-01	-5.592150495753588357e-01	7.803514465660582600e-01	-7.989433023693025548e-01
3.318982387475538330e+11	1.666144342655168087e+00	7.573726396306294448e-03	1.053667830684427598e+00	2.775979609230295964e+00	2.523784277604769130e-02	9.091508702776624970e-03	7.551960872368788102e+01	2.942063707676693696e+01	3.965614222067441741e-01	-6.983103795011070813e-01	8.030556317601015293e-01	-1.054324046764534950e+00	3.965614222067465611e-01	-6.983103795011053050e-01	8.030556317601011962e-01	-1.054324046764531397e+00
3.381604696673189697e+11	1.668682034287551463e+00	6.166055427267820230e-03	8.740160812901951459e-01	2.784461711314508925e+00	2.057837182780612728e-02	7.390430884428049810e-03	6.983212778548957544e+01	2.888794222083970453e+01	1.688953783910447648e-01	-8.067390929493213347e-01	8.242291022128179767e-01	-1.364421357303372329e+00	1.688953783910435713e-01	-8.067390929493215568e-01	8.242291022128178657e-01	-1.364421357303373883e+00
3.444227005870841675e+11	1.669577395704041400e+00	8.655229236614820146e-03	1.249566874072849165e+00	2.787413767252750585e+00	2.890115017617769788e-02	1.036844637696627582e-02	7.649307951540878037e+01	2.950777475857756116e+01	-5.473654440664598581e-02	-7.779372905016179729e-01	7.798605755175597176e-01	-1.641041685367256919e+00	-5.473654440664701276e-02	-7.779372905016176398e-01	7.798605755175593846e-01	-1.641041685367258252e+00
3.506849315068493042e+11	1.668573876187223304e+00	1.043749842225890831e-02	1.534273164969721881e+00	2.784029838921140421e+00	3.483147440025315122e-02	1.251117136508527773e-02	7.247436011598516359e+01	2.914061193821027373e+01	-2.257902615955531822e-01	-7.131209041433054230e-01	7.480124772739781269e-01	-1.877432680348520844e+00	-2.257902615955529879e-01	-7.131209041433054230e-01	7.480124772739781269e-01	-1.877432680348520622e+00
3.569471624266145020e+11	1.666007240051665450e+00	9.898066826098334339e-03	1.480960504500511199e+00	2.775482152177673800e+00	3.298050198959006502e-02	1.188280096260507443e-02	7.312140104567453136e+01	2.920108234086091414e+01	-3.670092534819487384e-01	-6.588645208587877722e-01	7.541871445389780604e-01	-2.079023082129194400e+00	-3.670092534819477392e-01	-6.588645208587885493e-01	7.541871445389781714e-01	-2.079023082129192623e+00
3.632093933463796387e+11	1.666404983467057344e+00	7.766960743431385733e-03	1.182489635781458936e+00	2.776845243244653982e+00	2.588580417849412410e-02	9.322019021934184468e-03	7.385682895504099577e+01	2.926916675387905542e+01	-5.510173318159904410e-01	-5.632622491959861089e-01	7.879622207510551535e-01	-2.345205843603721974e+00	-5.510173318159896638e-01	-5.632622491959867750e-01	7.879622207510550425e-01	-2.345205843603721085e+00
3.694716242661448364e+11	1.668123004443857305e+00	7.128830687563881760e-03	1.104049514486934225e+00	2.782583537727829182e+00	2.378353292942126176e-02	8.547284423612364415e-03	7.644141169130480762e+01	2.950317778798740065e+01	-6.993144511544712172e-01	-3.820983205595807064e-01	7.968938625487909100e-01	-2.641525372795184623e+00	-6.993144511544713282e-01	-3.820983205595798737e-01	7.968938625487907990e-01	-2.641525372795185511e+00
3.757338551859099731e+11	1.669487643505519925e+00	9.784083383410597384e-03	1.540953859517965929e+00	2.787093263529960119e+00	3.266881262326334218e-02	1.172146373813377253e-02	6.888924965150421542e+01	2.879545625448772839e+01	-7.305893033785606505e-01	-1.565577098092194031e-01	7.471753788180378608e-01	-2.930495578781695976e+00	-7.305893033785604285e-01	-1.565577098092182373e-01	7.471753788180373057e-01	-2.930495578781697308e+00
3.819960861056751709e+11	1.667676571526267804e+00	1.048219292993441201e-02	1.678418366060899336e+00	2.781035270848986496e+00	3.496181513493980958e-02	1.257151086914002659e-02	7.304759563649395204e+01	2.919421181557603973e+01	-7.324222435833238620e-01	3.281916821803567644e-03	7.324295965303798672e-01	-3.146073531779193466e+00	-7.324222435833237510e-01	3.281916821803846068e-03	7.324295965303797562e-01	-3.146073531779193022e+00
3.882583170254403076e+11	1.665912162330634771e+00	1.040722126127860934e-02	1.693732093136443906e+00	2.775155022346750044e+00	3.467503295046001077e-02	1.249480936064530784e-02	7.414952521106654615e+01	2.929607555516551542e+01	-7.133748237861124997e-01	1.594447943588967187e-01	7.309762524596936650e-01	-3.361486287909349002e+00	-7.133748237861119446e-01	1.594447943588978012e-01	7.309762524596934430e-01	-3.361486287909349890e+00
3.945205479452055054e+11	1.666493512468262050e+00	7.729646011285447142e-03	1.278257630928758548e+00	2.777140879671345708e+00	2.576280986296675124e-02	9.276738552066393986e-03	6.963789532558378426e+01	2.886899270155067043e+01	-6.850229179853438710e-01	3.665733969783059876e-01	7.769378698051536691e-01	-3.632944414666834820e+00	-6.850229179853457584e-01	3.665733969783024349e-01	7.769378698051536691e-01	-3.632944414666828603e+00
4.007827788649706421e+11	1.667997683418916299e+00	8.605915574480595479e-03	1.445756969369728528e+00	2.782142210107996227e+00	2.870929448386481259e-02	1.031913263799350694e-02	7.234659622830459114e+01	2.912860772227996620e+01	-5.358358952607299441e-01	5.359578662856688824e-01	7.578726417303601748e-01	-3.927104617821682186e+00	-5.358358952607292780e-01	5.359578662856691045e-01	7.578726417303598417e-01	-3.927104617821682186e+00
4.070450097847357788e+11	1.669234903925529423e+00	9.618298109234488594e-03	1.641080289656503099e+00	2.786252652824753095e+00	3.211039784059026292e-02	1.152458224060770760e-02	6.966500071136100303e+01	2.887164030191326702e+01	-3.508470155757542064e-01	6.473219307958686386e-01	7.362875188591103681e-01	-4.215710301193402287e+00	-3.508470155757533182e-01	6.473219307958694158e-01	7.362875188591107012e-01	-4.215710301193402287e+00
4.133072407045009766e+11	1.666750963741951308e+00	1.149867709052530135e-02	1.992095034599053571e+00	2.777926555559891320e+00	3.833086224478108456e-02	1.379837136732921937e-02	7.128235924141237945e+01	2.902778433744190068e+01	-2.080619363102554076e-01	6.678661230811224758e-01	6.995247870523115807e-01	-4.410385869125062364e+00	-2.080619363102539365e-01	6.678661230811228089e-01	6.995247870523113587e-01	-4.410385869125063252e+00
4.195694716242661133e+11	1.666456962342241166e+00	1.009984932887864235e-02	1.776265730094448880e+00	2.776976800382463750e+00	3.366192846543485107e-02	1.212178958815885929e-02	7.322016126597470986e+01	2.921026506225109998e+01	-3.763580296450963480e-02	7.211215667671021512e-01	7.221030173883942194e-01	-4.660245640295358704e+00	-3.763580296450984991e-02	7.211215667671021512e-01	7.221030173883942194e-01	-4.660245640295357816e+00
4.258317025440313110e+11	1.665745573668124369e+00	8.929430478099851728e-03	1.593862718515182131e+00	2.774628581466285659e+00	2.974831858854414326e-02	1.072154982733699441e-02	6.929433177463066329e+01	2.883534449281756196e+01	1.375492819099503605e-01	7.289391898701889083e-01	7.418033078131629487e-01	-4.898893878944314828e+00	1.375492819099498887e-01	7.289391898701890193e-01	7.418033078131630598e-01	-4.898893878944313052e+00
4.320939334637964478e+11	1.668634923665901937e+00	9.054771841793745474e-03	1.640003752050330776e+00	2.784260519584403681e+00	3.021821704208732876e-02	1.085322900983342297e-02	6.859570027366898159e+01	2.876640374555959312e+01	3.661074041231900944e-01	6.390254800034802507e-01	7.364700913462128851e-01	-5.232655058443969942e+00	3.661074041231899279e-01	6.390254800034801397e-01	7.364700913462127740e-01	-5.232655058443969054e+00
4.383561643835616455e+11	1.667441629279638571e+00	1.056931992798547382e-02	1.942063040568378085e+00	2.780249876530995312e+00	3.524744808219570230e-02	1.267779863232115084e-02	6.596325802369787539e+01	2.850017274145453783e+01	4.781167035150146183e-01	5.175769604301692084e-01	7.046144280017244688e-01	-5.458176951511474861e+00	4.781167035150130085e-01	5.175769604301712068e-01	7.046144280017248018e-01	-5.458176951511470421e+00
4.446183953033267822e+11	1.667609237781421561e+00	1.170169920150878999e-02	2.180848606697368020e+00	2.780783640169731452e+00	3.902772337235108774e-02	1.403479321748632783e-02	6.645857309989261807e+01	2.855106842628274322e+01	5.752722462265926762e-01	3.631323774831475837e-01	6.802964654142725776e-01	-5.720114456537049641e+00	5.752722462265944525e-01	3.631323774831439199e-01	6.802964654142721335e-01	-5.720114456537054970e+00
4.508806262230919800e+11	1.665077676846549171e+00	1.034511351270690077e-02	1.955176623484608189e+00	2.772376648559110368e+00	3.445083514890370097e-02	1.242646274877869279e-02	6.651236152436325710e+01	2.855657256163051727e+01	6.544612516339461949e-01	2.580743070598517375e-01	7.035068427916633116e-01	-5.907575601751536176e+00	6.544612516339450847e-01	2.580743070598538469e-01	7.035068427916629785e-01	-5.907575601751531735e+00
4.571428571428571167e+11	1.666811722378004124e+00	9.827549602352133110e-03	1.883156197675240673e+00	2.778164737125541794e+00	3.276134975890365730e-02	1.179244316260400806e-02	6.436131843871386593e+01	2.833291021049107528e+01	7.090633015377705295e-01	4.977941242837770341e-02	7.108085223809277320e-01	-6.213095836659849880e+00	7.090633015377706405e-01	4.977941242837575359e-02	7.108085223809276210e-01	-6.213095836659851656e+00
4.634050880626223145e+11	1.667096560457774324e+00	9.140472940515695019e-03	1.775491617802428257e+00	2.779127393644565291e+00	3.047610200018214741e-02	1.096606872713941881e-02	6.355660113490932162e+01	2.824731003389225137e+01	7.083709096228109070e-01	-1.402186157109475140e-01	7.221153687547045008e-01	-6.478604311630740575e+00	7.083709096228104629e-01	-1.402186157109491238e-01	7.221153687547043898e-01	-6.478604311630742352e+00
4.696673189823874512e+11	1.668120170385408274e+00	1.183779653207529814e-02	2.330506796019747640e+00	2.782484769419908410e+00	3.949373433614648127e-02	1.419369290721405295e-02	6.460365919036999571e+01	2.835847911690398249e+01	5.896246645175169387e-01	-3.084778347151079236e-01	6.654440769275175027e-01	-6.765201829196057837e+00	5.896246645175176049e-01	-3.084778347151068134e-01	6.654440769275176137e-01	-6.765201829196055172e+00
4.759295499021526489e+11	1.666073293151794976e+00	1.105956695716614133e-02	2.206327376608645530e+00	2.775677904132387130e+00	3.685209828231714169e-02	1.327679203248053295e-02	6.260964874973024052e+01	2.814518079811541895e+01	5.271693892677342674e-01	-4.262082729017609983e-01	6.779093279125298910e-01	-6.963078347545869740e+00	5.271693892677339344e-01	-4.262082729017611649e-01	6.779093279125296689e-01	-6.963078347545869740e+00
4.821917808219177856e+11	1.665643262498126997e+00	1.157749533075953449e-02	2.340041604489234039e+00	2.774233439507270749e+00	3.856795418856628910e-02	1.390220218649527648e-02	6.507870381712274366e+01	2.840832306283224540e+01	4.005905527355768103e-01	-5.305013479403392074e-01	6.647589571472592995e-01	-7.207213721080961477e+00	4.005905527355750895e-01	-5.305013479403404286e-01	6.647589571472592995e-01	-7.207213721080963253e+00
4.884540117416829834e+11	1.666031880965213929e+00	9.245574644059131875e-03	1.892983163041633166e+00	2.775576747741989703e+00	3.080684422969224776e-02	1.109925865128913794e-02	6.722430283260740680e+01	2.862900861614798842e+01	2.619192561876491077e-01	-6.597780040620325748e-01	7.098652769406113006e-01	-7.476080648420762920e+00	2.619192561876487191e-01	-6.597780040620326858e-01	7.098652769406113006e-01	-7.476080648420762920e+00
4.947162426614481201e+11	1.667288234940897063e+00	1.105347995997243808e-02	2.292156987865326290e+00	2.779727878953106579e+00	3.685867418483404490e-02	1.325981383426483307e-02	6.269145036959719164e+01	2.815406388814940541e+01	5.542514489817455120e-02	-6.669898904755356961e-01	6.692887722676592599e-01	-7.771074684314703163e+00	5.542514489817210177e-02	-6.669898904755362512e-01	6.692887722676597040e-01	-7.771074684314705827e+00
5.009784735812133179e+11	1.667233841397425476e+00	1.098525475116076018e-02	2.306844704572752480e+00	2.779548006078867761e+00	3.662997695501414575e-02	1.317839334845249434e-02	6.543118855735777117e+01	2.844507285807289776e+01	-1.148847277457240856e-01	-6.578953059996651698e-01	6.678508323911875877e-01	-8.026863066290086834e+00	-1.148847277457274579e-01	-6.578953059996645036e-01	6.678508323911874767e-01	-8.026863066290090387e+00
5.072407045009784546e+11	1.665797439951685277e+00	1.266481022663533060e-02	2.692786644995969425e+00	2.774720713531511507e+00	4.219401690600611127e-02	1.520658158503595571e-02	6.728431227742275667e+01	2.863507914482935135e+01	-2.371399703267208225e-01	-5.849131886253007284e-01	6.311567188538633744e-01	-8.239158231367609275e+00	-2.371399703267209891e-01	-5.849131886253006174e-01	6.311567188538632633e-01	-8.239158231367607499e+00
5.135029354207436523e+11	1.665534862102349134e+00	1.069007538138444166e-02	2.300980082140117844e+00	2.773892099166631375e+00	3.560938645239570405e-02	1.283733655793386358e-02	6.875810409483261765e+01	2.878249214098488906e+01	-3.960837432117464418e-01	-5.386460523656219079e-01	6.685969648193873516e-01	-8.488029019026143374e+00	-3.960837432117495505e-01	-5.386460523656196875e-01	6.685969648193873516e-01	-8.488029019026148703e+00
5.197651663405087891e+11	1.665577825161977499e+00	1.089143819297006162e-02	2.372911619314411080e+00	2.774030868245391357e+00	3.628107587666634659e-02	1.307882918390687252e-02	6.595539933230362806e+01	2.849936215192128586e+01	-5.149842407162164015e-01	-4.152761588783507318e-01	6.615610752748495305e-01	-8.746155137378419653e+00	-5.149842407162149582e-01	-4.152761588783520086e-01	6.615610752748491974e-01	-8.746155137378416100e+00
5.260273972602739868e+11	1.667190120362453287e+00	1.045967814513520250e-02	2.306300251707449789e+00	2.779413492567271771e+00	3.487654413148096044e-02	1.254816680740309873e-02	6.630035269757138394e+01	2.853485197060726364e+01	-6.228277814763700793e-01	-2.412201074074666884e-01	6.679083661674307670e-01	-9.055269098210015244e+00	-6.228277814763706344e-01	-2.412201074074656892e-01	6.679083661674308781e-01	-9.055269098210015244e+00
5.322896281800391235e+11	1.666309606033402613e+00	1.248157440904731040e-02	2.784880313440076360e+00	2.776431913459464607e+00	4.159633467243244870e-02	1.498193939883184743e-02	6.402026784674146143e+01	2.829676305970583883e+01	-6.164202801387149711e-01	-8.766495023821496702e-02	6.226227632094417652e-01	-9.283509085824041662e+00	-6.164202801387151931e-01	-8.766495023821413435e-02	6.226227632094418762e-01	-9.283509085824041662e+00
5.385518590998043213e+11	1.665981613056948030e+00	1.194981956207018942e-02	2.697603013943063122e+00	2.775351936856264246e+00	3.981635933951433587e-02	1.434641812836741880e-02	6.498803478091016927e+01	2.839883779063911362e+01	-6.272182108957118363e-01	6.610575677426915042e-02	6.306922031846567966e-01	-9.529785442303083443e+00	-6.272182108957117253e-01	6.610575677426885899e-02	6.306922031846566856e-01	-9.529785442303083443e+00
5.448140900195694580e+11	1.664469848129164209e+00	1.182758176073488154e-02	2.701055144431161903e+00	2.770319983640816108e+00	3.937330643405131947e-02	1.421254824950078308e-02	5.760658870062367498e+01	2.757857569359960337e+01	-6.002226687700658037e-01	1.930854457585318706e-01	6.305150604618664500e-01	-9.736012892655221407e+00	-6.002226687700670249e-01	1.930854457585287065e-01	6.305150604618665611e-01	-9.736012892655216078e+00
5.510763209393345947e+11	1.666029379087451412e+00	1.059317222056917369e-02	2.446960418735083742e+00	2.775541676684824655e+00	3.529707227440259665e-02	1.271718330548085585e-02	5.883581485031590574e+01	2.772222176123177562e+01	-5.322846786689540144e-01	3.805965251060537402e-01	6.543551742505858693e-01	-1.004551639580497202e+01	-5.322846786689542364e-01	3.805965251060535737e-01	6.543551742505859803e-01	-1.004551639580497202e+01
5.573385518590998535e+11	1.665844295059134117e+00	1.147427411508412584e-02	2.680608971059251999e+00	2.774905556414595242e+00	3.822870814911517173e-02	1.377657991305109020e-02	3.668649858450253731e+01	2.450868320844315917e+01	-4.071214176226150561e-01	4.837696345251525365e-01	6.322823008559131930e-01	-1.029600023586704083e+01	-4.071214176226164438e-01	4.837696345251512597e-01	6.322823008559129709e-01	-1.029600023586703728e+01
5.636007827788649902e+11	1.666786203519374565e+00	1.244980588782037059e-02	2.941191680604650305e+00	2.778021250575885226e+00	4.150232938062654170e-02	1.493952912420057517e-02	4.937357530519732762e+01	2.652934223374291278e+01	-2.425925199731669424e-01	5.579828116979643760e-01	6.084373007116652410e-01	-1.058546006391422978e+01	-2.425925199731697457e-01	5.579828116979629327e-01	6.084373007116650189e-01	-1.058546006391422445e+01
5.698630136986301270e+11	1.664846924476618195e+00	1.269874951746319432e-02	3.033336482151673064e+00	2.771554023699947411e+00	4.228294815769507997e-02	1.525604328695297218e-02	5.244146823883561837e+01	2.693946768007478099e+01	-1.316020096369464598e-01	5.858271494159912329e-01	6.004269630299333693e-01	-1.077459960179467835e+01	-1.316020096369491521e-01	5.858271494159905668e-01	6.004269630299333693e-01	-1.077459960179467302e+01
5.761252446183952637e+11	1.665257006600677991e+00	1.193010079977653397e-02	2.881045915652252098e+00	2.772938570727558005e+00	3.973336789256044776e-02	1.432897515725899650e-02	5.616397381259265842e+01	2.740603133643234202e+01	3.081591980834688313e-02	6.132067127195299783e-01	6.139805318069349038e-01	-1.104578576958074443e+01	3.081591980834683456e-02	6.132067127195303113e-01	6.139805318069352369e-01	-1.104578576958074443e+01
5.823874755381605225e+11	1.665034783866424561e+00	1.129305048786259126e-02	2.756845688272572037e+00	2.772213298495789680e+00	3.760664375650182162e-02	1.356556646521654176e-02	5.353421534119146230e+01	2.707977677022607566e+01	1.841990270047640377e-01	5.975670960492930339e-01	6.253124945419584746e-01	-1.129458102408886511e+01	1.841990270047633715e-01	5.975670960492933670e-01	6.253124945419585856e-01	-1.129458102408886333e+01
5.886497064579256592e+11	1.666456696751719591e+00	1.212849191391560458e-02	2.992629108410811423e+00	2.776930821832547025e+00	4.042321314288747913e-02	1.455679515855258857e-02	5.588840888931991913e+01	2.737256865846967457e+01	3.444775513447209669e-01	4.959953056134246974e-01	6.038841996368256027e-01	-1.160261141584903299e+01	3.444775513447211335e-01	4.959953056134245308e-01	6.038841996368256027e-01	-1.160261141584903477e+01
5.949119373776907959e+11	1.665469680084500359e+00	1.269170354172871780e-02	3.164912908476584352e+00	2.773628175941976970e+00	4.227529487474049330e-02	1.524187533189555813e-02	5.239110424316377390e+01	2.693293064301269624e+01	4.337160585460057005e-01	3.983214172639603645e-01	5.888714383393478524e-01	-1.182348653847207487e+01	4.337160585460044793e-01	3.983214172639616968e-01	5.888714383393477414e-01	-1.182348653847207132e+01
6.011741682974559326e+11	1.665205312484994593e+00	1.319300901465648990e-02	3.324553540786123307e+00	2.772734677241387669e+00	4.393813739773682475e-02	1.584649903879413804e-02	5.668071869638385607e+01	2.746834095068168224e+01	5.059188324383712132e-01	2.737599060085476599e-01	5.752376475454414884e-01	-1.207037503799173273e+01	5.059188324383707691e-01	2.737599060085487701e-01	5.752376475454415994e-01	-1.207037503799173095e+01
6.074363992172210693e+11	1.664240822631526173e+00	1.209455505058782722e-02	3.079497594442922814e+00	2.769551237451387316e+00	4.025650449350513110e-02	1.453538896451333010e-02	5.428122860198922695e+01	2.717405496639111817e+01	5.739660890188548192e-01	1.621127662031469352e-01	5.964206739455265582e-01	-1.229109785777896313e+01	5.739660890188544862e-01	1.621127662031482120e-01	5.964206739455266693e-01	-1.229109785777896136e+01
6.136986301369863281e+11	1.665460046680216966e+00	1.225375425063694387e-02	3.152197942793063312e+00	2.773607012594835108e+00	4.081627625254742597e-02	1.471595509645108255e-02	5.804663020088220549e+01	2.763034769886179021e+01	5.897572487469354696e-01	-1.597656310729375986e-02	5.899736121372515241e-01	-1.259345405693155229e+01	5.897572487469355806e-01	-1.597656310729212575e-02	5.899736121372516351e-01	-1.259345405693155051e+01
6.199608610567514648e+11	1.665324724034060067e+00	1.241182201892409957e-02	3.225440042307033295e+00	2.773152383153289158e+00	4.133942815684929495e-02	1.490701643659522214e-02	5.706710034931915487e+01	2.751456117692175951e+01	5.611559741083590458e-01	-1.605384767334437912e-01	5.836682531964504372e-01	-1.284501325547169515e+01	5.611559741083597119e-01	-1.605384767334418761e-01	5.836682531964506593e-01	-1.284501325547169159e+01
6.262230919765166016e+11	1.665454020390442436e+00	1.352780559599856339e-02	3.550958467795374052e+00	2.773554092510444935e+00	4.505987643383226743e-02	1.624625838576918696e-02	5.874332373280704900e+01	2.771151823639415923e+01	4.771732176833934358e-01	-2.861376468457163535e-01	5.563892815437111450e-01	-1.310653384234368701e+01	4.771732176833930472e-01	-2.861376468457166311e-01	5.563892815437109229e-01	-1.310653384234368701e+01
6.324853228962817383e+11	1.664214764760642229e+00	1.316772630147008787e-02	3.491004462534875508e+00	2.769437394231369254e+00	4.382784905846712903e-02	1.582554245485340641e-02	5.622134686928018965e+01	2.741297766650547629e+01	4.112896770235739408e-01	-3.821401244545929998e-01	5.614180912157423764e-01	-1.331504662734831967e+01	4.112896770235726085e-01	-3.821401244545942766e-01	5.614180912157422654e-01	-1.331504662734832323e+01
6.387475538160469971e+11	1.664416879206689570e+00	1.300347991346765229e-02	3.481593013552552573e+00	2.770114457298275656e+00	4.328642291280140886e-02	1.562622179699359876e-02	5.776491285377387896e+01	2.759724834030775398e+01	2.976063744829078317e-01	-4.769430868852593819e-01	5.621781410376082144e-01	-1.357929627332411116e+01	2.976063744829093305e-01	-4.769430868852583272e-01	5.621781410376081034e-01	-1.357929627332410938e+01
6.450097847358121338e+11	1.664459528215619821e+00	1.228630336250589525e-02	3.321824610280839085e+00	2.770274567817447853e+00	4.090010939654108862e-02	1.476391902509653110e-02	5.332659278759416566e+01	2.705333968327258276e+01	1.699270076108882477e-01	-5.498746741990343523e-01	5.755322278040432282e-01	-1.383744773603026523e+01	1.699270076108865823e-01	-5.498746741990352405e-01	5.755322278040434503e-01	-1.383744773603026879e+01
6.512720156555772705e+11	1.665265606116212993e+00	1.326752487125150773e-02	3.621941979583111149e+00	2.772933511697388553e+00	4.418790569277314395e-02	1.593543642729627549e-02	5.580429981010143337e+01	2.736232216856948085e+01	6.143177771779209650e-03	-5.505954980149062594e-01	5.506297676909761574e-01	-1.412601007027598321e+01	6.143177771779003218e-03	-5.505954980149064815e-01	5.506297676909763794e-01	-1.412601007027598499e+01
6.575342465753424072e+11	1.664471728790287930e+00	1.342986646403326011e-02	3.701512605911663645e+00	2.770285774628888031e+00	4.470726610162430170e-02	1.613814232129656689e-02	5.057063175253982479e+01	2.669232239785432981e+01	-1.152377537195632962e-01	-5.319531865572062479e-01	5.442921389940301724e-01	-1.435050188010176342e+01	-1.152377537195619361e-01	-5.319531865572065810e-01	5.442921389940301724e-01	-1.435050188010176164e+01
6.637964774951076660e+11	1.664231569507217623e+00	1.386580790278570813e-02	3.858062720813490998e+00	2.769474456315660138e+00	4.615183049707727997e-02	1.666447234847396111e-02	5.122442429735579594e+01	2.677971531351625600e+01	-2.360627387878742045e-01	-4.766801844209389016e-01	5.319300845633874175e-01	-1.459698522772706575e+01	-2.360627387878742045e-01	-4.766801844209389571e-01	5.319300845633874175e-01	-1.459698522772706575e+01
6.700587084148728027e+11	1.663614140749556158e+00	1.279196391500346183e-02	3.592851295774903253e+00	2.767448374961081203e+00	4.256178411391562527e-02	1.537943200639259496e-02	4.846199589152066523e+01	2.640255741001375611e+01	-3.524126554306244996e-01	-4.263255865369480757e-01	5.531258314739394555e-01	-1.482793488325628317e+01	-3.524126554306261094e-01	-4.263255865369467990e-01	5.531258314739394555e-01	-1.482793488325628672e+01
6.763209393346379395e+11	1.664560616157661155e+00	1.314576077830848129e-02	3.726728199758194915e+00	2.770589233836731946e+00	4.376383132200475923e-02	1.579585699226885784e-02	4.918257934995011027e+01	2.650297297373684202e+01	-4.522165563669757193e-01	-2.992627741969273725e-01	5.422711700546575253e-01	-1.512335921635771641e+01	-4.522165563669756083e-01	-2.992627741969278166e-01	5.422711700546576363e-01	-1.512335921635771641e+01
6.825831702544030762e+11	1.664478190420260573e+00	1.306862673376388284e-02	3.739165526323228850e+00	2.770316857379998776e+00	4.350488835418629685e-02	1.570393951085098661e-02	4.476393120885856547e+01	2.586252140152505063e+01	-5.117899453086278694e-01	-1.762472477913755164e-01	5.412873917551034308e-01	-1.537630907096761490e+01	-5.117899453086270922e-01	-1.762472477913772928e-01	5.412873917551033198e-01	-1.537630907096761135e+01
6.888454011741683350e+11	1.664525161819295329e+00	1.425239649800971037e-02	4.115274605258239404e+00	2.770440883523614950e+00	4.744694517432473946e-02	1.712613521425471880e-02	4.787827508143430322e+01	2.632011330525361004e+01	-5.107913571532443076e-01	-3.759309959363782427e-02	5.121728728461810709e-01	-1.563449796192869812e+01	-5.107913571532444186e-01	-3.759309959363980186e-02	5.121728728461812929e-01	-1.563449796192869279e+01
6.951076320939334717e+11	1.663597735864381422e+00	1.351818559591118352e-02	3.938760943164670625e+00	2.767374685431290615e+00	4.497764590070467416e-02	1.625282118011966287e-02	4.375004290744909952e+01	2.570665437660193575e+01	-5.203178187253368892e-01	7.508575530076945503e-02	5.257076213373548246e-01	-1.585128136737670701e+01	-5.203178187253366671e-01	7.508575530077117588e-02	5.257076213373548246e-01	-1.585128136737671056e+01
7.013698630136986084e+11	1.663895275085141234e+00	1.384031776781701091e-02	4.068949720850754126e+00	2.768355932054743729e+00	4.605767867909530550e-02	1.663719543639395268e-02	4.671301356483417777e+01	2.615248351133829985e+01	-4.725329733459350257e-01	2.065922296178282214e-01	5.157206222729663336e-01	-1.612012332414389704e+01	-4.725329733459347481e-01	2.065922296178284157e-01	5.157206222729662226e-01	-1.612012332414389704e+01
7.076320939334637451e+11	1.664054631016988806e+00	1.299935607548326384e-02	3.855835724511712748e+00	2.768908831750709343e+00	4.326327735529350571e-02	1.562466660483698838e-02	4.382010879023932404e+01	2.571754136017975156e+01	-4.153012361704659372e-01	3.326774510662345863e-01	5.321178471096831286e-01	-1.638334470680097255e+01	-4.153012361704632727e-01	3.326774510662376949e-01	5.321178471096829066e-01	-1.638334470680098320e+01
7.138943248532290039e+11	1.664471110236378282e+00	1.434079774945219536e-02	4.291374354832533378e+00	2.770258418331430939e+00	4.773968710341210120e-02	1.723293638871655972e-02	4.619745427864251752e+01	2.607697856499388323e+01	-2.904307759825201507e-01	4.058827006401636850e-01	4.990899741697497616e-01	-1.665767115030786982e+01	-2.904307759825175417e-01	4.058827006401656279e-01	4.990899741697498726e-01	-1.665767115030787338e+01
7.201565557729941406e+11	1.663984264035681671e+00	1.397930473479256502e-02	4.219895066874320477e+00	2.768648209997500942e+00	4.652268620170865038e-02	1.680339381280608613e-02	4.359474263783370418e+01	2.568246121293579876e+01	-1.900224160570101739e-01	4.672351188535036060e-01	5.043978339507328990e-01	-1.689249460190112018e+01	-1.900224160570076204e-01	4.672351188535047717e-01	5.043978339507330100e-01	-1.689249460190112728e+01
7.264187866927592773e+11	1.663515364595343771e+00	1.477306536697998302e-02	4.498283759178154817e+00	2.767065124784442443e+00	4.915044244028510256e-02	1.776266196268654063e-02	4.662290445010823703e+01	2.613934709109184951e+01	-7.292763521060764698e-02	4.786860335779315467e-01	4.842094161826926424e-01	-1.712757252630772697e+01	-7.292763521061040866e-02	4.786860335779309916e-01	4.842094161826924759e-01	-1.712757252630771987e+01
7.326810176125244141e+11	1.663489430725437979e+00	1.362265127577073562e-02	4.183750144333921561e+00	2.767011509507460332e+00	4.532227283140604496e-02	1.637950282305605451e-02	4.515008939882476824e+01	2.592095968909378101e+01	5.255282062308817836e-02	5.043917371372648173e-01	5.071220991514668874e-01	-1.738257549957181780e+01	5.255282062308500035e-02	5.043917371372652614e-01	5.071220991514669985e-01	-1.738257549957181070e+01
7.389432485322896729e+11	1.663682549693376922e+00	1.445958054457530985e-02	4.478740926691433089e+00	2.767630546684730408e+00	4.811230365579159673e-02	1.738393287840532889e-02	4.544096983620890740e+01	2.596465025282552830e+01	1.749057064239178672e-01	4.529962638385933160e-01	4.855899722928533890e-01	-1.764723347815395371e+01	1.749057064239218917e-01	4.529962638385917062e-01	4.855899722928533890e-01	-1.764723347815396437e+01
7.452054794520548096e+11	1.663931743341650948e+00	1.402050339053352579e-02	4.379543127822099535e+00	2.768472271984661504e+00	4.665832129827595515e-02	1.685345443782521740e-02	4.276334935156615558e+01	2.555146043590669436e+01	2.926755250022776145e-01	3.963554833624294282e-01	4.927033916331649555e-01	-1.791480610895605352e+01	2.926755250022788912e-01	3.963554833624283735e-01	4.927033916331648444e-01	-1.791480610895605707e+01
7.514677103718199463e+11	1.663366927062956080e+00	1.526866678143876978e-02	4.809507459113699035e+00	2.766556401861579140e+00	5.079479068918008738e-02	1.836029464463509453e-02	3.650847563760552816e+01	2.447558895725085293e+01	3.523202692822527404e-01	2.997336071501318089e-01	4.625687056020419963e-01	-1.814463131719080735e+01	3.523202692822522408e-01	2.997336071501321419e-01	4.625687056020418852e-01	-1.814463131719080380e+01
7.577299412915850830e+11	1.663517793749593077e+00	1.422118975339726858e-02	4.516890276142389915e+00	2.767089207883511648e+00	4.731440440613148696e-02	1.709898049955580618e-02	3.360194807228815250e+01	2.391117490648969834e+01	4.365254202128665550e-01	2.064580307925640290e-01	4.828864887018097241e-01	-1.840777528934878049e+01	4.365254202128672212e-01	2.064580307925630021e-01	4.828864887018098906e-01	-1.840777528934878049e+01
7.639921722113503418e+11	1.662796922653253517e+00	1.478298957364315713e-02	4.734131754975188677e+00	2.764675069204395541e+00	4.916221914133794835e-02	1.778227745059588610e-02	4.232959954917552636e+01	2.548210085569881400e+01	4.565085063205776006e-01	1.019852331622145142e-01	4.677616958732257468e-01	-1.862976233082086708e+01	4.565085063205782112e-01	1.019852331622131125e-01	4.677616958732260799e-01	-1.862976233082087063e+01
7.702544031311154785e+11	1.663715854149105278e+00	1.403719894606890971e-02	4.532145101640970175e+00	2.767753400392835239e+00	4.670782086883991380e-02	1.687571618996494896e-02	3.854701624200397703e+01	2.484524745603438944e+01	4.802630848990003809e-01	-3.833430940575233148e-02	4.817905665269094362e-01	-1.892920644929099439e+01	4.802630848990003254e-01	-3.833430940575324741e-02	4.817905665269094917e-01	-1.892920644929099794e+01
7.765166340508806152e+11	1.663153052077633420e+00	1.514355953024323562e-02	4.929103001994601385e+00	2.765848747239901151e+00	5.037211450408674018e-02	1.821217250377633184e-02	3.992083174846157334e+01	2.508350026607145367e+01	4.330457809551598869e-01	-1.380666091379814664e-01	4.545228673696455890e-01	-1.915819429833111442e+01	4.330457809551609971e-01	-1.380666091379788851e-01	4.545228673696459221e-01	-1.915819429833110732e+01
7.827788649706457520e+11	1.663449023410119354e+00	1.482372554061471732e-02	4.863910979424713510e+00	2.766842910645176179e+00	4.931702354767038970e-02	1.782429474327134125e-02	3.631541479065592171e+01	2.443951628406224685e+01	3.841309034708625947e-01	-2.510240096320621173e-01	4.588786380003962995e-01	-1.942837756683948314e+01	3.841309034708618175e-01	-2.510240096320633385e-01	4.588786380003962995e-01	-1.942837756683948669e+01
7.890410958904110107e+11	1.662451840276722770e+00	1.520937488664431993e-02	5.030372537661963683e+00	2.763514796155019937e+00	5.056970653952084366e-02	1.829905401985918237e-02	3.655993590795400650e+01	2.448517191223387712e+01	3.164066596715084945e-01	-3.169548746126215621e-01	4.478544036014209806e-01	-1.963581964871697139e+01	3.164066596715072732e-01	-3.169548746126227834e-01	4.478544036014209251e-01	-1.963581964871697494e+01
7.953033268101761475e+11	1.663142970171217927e+00	1.452985845042455322e-02	4.843768110690040984e+00	2.765833422443351175e+00	4.833046387881292233e-02	1.747410508768729512e-02	3.350012720341232608e+01	2.389052784937644702e+01	2.186281934859199416e-01	-4.050199447621553595e-01	4.602601901555860575e-01	-1.992537685137918047e+01	2.186281934859200804e-01	-4.050199447621554150e-01	4.602601901555861130e-01	-1.992537685137918047e+01
8.015655577299412842e+11	1.662709479060235696e+00	1.485355866602063382e-02	4.990668517599893939e+00	2.764382183551715499e+00	4.939430558353963274e-02	1.786811746850327370e-02	3.268924477080584268e+01	2.372382295955485887e+01	1.160538550436607114e-01	-4.352516651296088335e-01	4.504581104482326404e-01	-2.015977829003927013e+01	1.160538550436650135e-01	-4.352516651296077232e-01	4.504581104482326404e-01	-2.015977829003925947e+01
8.078277886497064209e+11	1.663528661473172354e+00	1.503273338969354778e-02	5.090329609899298724e+00	2.767101624469558985e+00	5.001476570807994459e-02	1.807478455644633344e-02	3.208125675739888294e+01	2.359609455359632335e+01	-1.591343507689104222e-02	-4.435678679971695737e-01	4.438532313000558283e-01	-2.045621285540172352e+01	-1.591343507688984873e-02	-4.435678679971695182e-01	4.438532313000557727e-01	-2.045621285540171996e+01
8.140900195694715576e+11	1.662424069546571515e+00	1.548906210539221541e-02	5.285507734891298881e+00	2.763413875962879462e+00	5.149877931741142500e-02	1.863592701960623682e-02	2.985164436986297432e+01	2.310603072482864917e+01	-1.010278589185337195e-01	-4.193751025187882897e-01	4.313723506326145873e-01	-2.065674893253780908e+01	-1.010278589185342468e-01	-4.193751025187882342e-01	4.313723506326145873e-01	-2.065674893253780908e+01
8.203522504892368164e+11	1.662883669773798312e+00	1.515780481466846678e-02	5.212257288960622681e+00	2.764952340153575161e+00	5.041133219186169634e-02	1.823226080962454115e-02	3.004377766994418053e+01	2.314967903968481977e+01	-2.148479778382597627e-01	-3.794029190669850893e-01	4.360117298625561522e-01	-2.093560791128984988e+01	-2.148479778382641203e-01	-3.794029190669827023e-01	4.360117298625561522e-01	-2.093560791128986054e+01
8.266144814090019531e+11	1.662293850373680826e+00	1.510535645981691232e-02	5.233872620746032212e+00	2.762992673196378757e+00	5.021908230171201470e-02	1.817561182441207110e-02	2.958525451093412784e+01	2.304504594886213198e+01	-2.934060787002314430e-01	-3.206996809403114823e-01	4.346670132106461582e-01	-2.116133517548252385e+01	-2.934060787002318871e-01	-3.206996809403112048e-01	4.346670132106461582e-01	-2.116133517548252385e+01
8.328767123287670898e+11	1.663193690447178019e+00	1.509336170228117030e-02	5.269335607904445773e+00	2.765985442375827663e+00	5.020636790174223818e-02	1.815134929221383017e-02	2.911240638166310646e+01	2.293543163902195658e+01	-3.734466914050417197e-01	-2.178604444724876466e-01	4.323489384595761709e-01	-2.146304107955534946e+01	-3.734466914050414421e-01	-2.178604444724881739e-01	4.323489384595761709e-01	-2.146304107955534590e+01
8.391389432485322266e+11	1.662637160977386452e+00	1.557329732370034588e-02	5.477767725022446577e+00	2.764119801473411187e+00	5.178548569866774781e-02	1.873489190702354659e-02	2.914946994292515470e+01	2.294408768823364042e+01	-4.004768150924579717e-01	-1.243535909897194452e-01	4.193393554373798793e-01	-2.169007419003229131e+01	-4.004768150924574166e-01	-1.243535909897217351e-01	4.193393554373799903e-01	-2.169007419003228776e+01
8.454011741682974854e+11	1.662857452476196984e+00	1.568908631626843297e-02	5.559678267133488561e+00	2.764848759826188385e+00	5.217742820709857926e-02	1.887171152550807390e-02	2.909605004373063863e+01	2.293160817522507244e+01	-4.140685169556859169e-01	-1.406521771749938247e-02	4.143073340930881754e-01	-2.195719329676905218e+01	-4.140685169556860279e-01	-1.406521771750115189e-02	4.143073340930883974e-01	-2.195719329676904863e+01
8.516634050880626221e+11	1.662076606134774925e+00	1.571854228214971186e-02	5.611376580929312574e+00	2.762251572089015728e+00	5.225084281940270414e-02	1.891603333576413401e-02	2.935606163650457745e+01	2.299213562133993705e+01	-4.045150851752494225e-01	7.395047666208472148e-02	4.112190743787170755e-01	-2.217196455609240857e+01	-4.045150851752501442e-01	7.395047666208032222e-02	4.112190743787170200e-01	-2.217196455609239791e+01
8.579256360078277588e+11	1.662600208332126073e+00	1.542397854287629565e-02	5.546706917880768195e+00	2.764001553631938002e+00	5.128781987739274018e-02	1.855564075570066349e-02	2.902806060393925236e+01	2.291569186780240130e+01	-3.712269663915332418e-01	1.857688116758959007e-01	4.151138542228324790e-01	-2.245513086344045561e+01	-3.712269663915324647e-01	1.857688116758978991e-01	4.151138542228327011e-01	-2.245513086344045917e+01
8.641878669275928955e+11	1.662236497427509230e+00	1.561214851913597310e-02	5.655356666364744100e+00	2.762786434198690522e+00	5.190216614353330982e-02	1.878616656758952397e-02	2.920952396210056534e+01	2.295808973147093468e+01	-3.124210659378788835e-01	2.632754532594492325e-01	4.085595265450664981e-01	-2.269138598725835720e+01	-3.124210659378779398e-01	2.632754532594503982e-01	4.085595265450665536e-01	-2.269138598725836076e+01
8.704500978473581543e+11	1.662844491501363375e+00	1.586598639521137957e-02	5.788954246338887444e+00	2.764800073392134738e+00	5.276533615902562896e-02	1.908468415739290880e-02	2.767244559200920406e+01	2.259031312131422808e+01	-2.203580332433696110e-01	3.345229115606053738e-01	4.005786329472287299e-01	-2.297946173777850731e+01	-2.203580332433683342e-01	3.345229115606061510e-01	4.005786329472286189e-01	-2.297946173777851087e+01
8.767123287671232910e+11	1.661828196832374482e+00	1.618330060930653347e-02	5.947211400900860312e+00	2.761411056568530142e+00	5.378773054072028686e-02	1.947834981422854814e-02	2.805330706981263589e+01	2.268331138634014721e+01	-1.458000414838423187e-01	3.632603793441103734e-01	3.914278417510909103e-01	-2.318026226158282910e+01	-1.458000414838415970e-01	3.632603793441108175e-01	3.914278417510910768e-01	-2.318026226158282910e+01
8.829745596868884277e+11	1.662278255738522281e+00	1.584752425750618823e-02	5.865415427475229038e+00	2.762917855476011653e+00	5.268598996108261184e-02	1.906896719953534922e-02	2.601594561036433362e+01	2.217035508889129503e+01	-4.025646854262332486e-02	3.940846434140963250e-01	3.961354432947633564e-01	-2.346014617909896316e+01	-4.025646854262738411e-02	3.940846434140958809e-01	3.961354432947633009e-01	-2.346014617909895250e+01
8.892367906066535645e+11	1.661612398879948049e+00	1.581731244472146455e-02	5.895752952241332778e+00	2.760705576738601508e+00	5.256448495021457529e-02	1.904023572564821423e-02	2.633957583466056107e+01	2.225446537209758802e+01	4.613902507957051702e-02	3.917042214732988081e-01	3.944122294697469666e-01	-2.367919509932139732e+01	4.613902507956908067e-02	3.917042214732989192e-01	3.944122294697469111e-01	-2.367919509932139377e+01
8.954990215264188232e+11	1.662536889927121786e+00	1.582528708772130630e-02	5.940265744553882676e+00	2.763778470657137554e+00	5.262024715404804015e-02	1.903924200608474865e-02	2.453605773842715010e+01	2.177190720156407266e+01	1.610137510484907220e-01	3.571705165489282296e-01	3.917859184791274707e-01	-2.398546689304339452e+01	1.610137510484911383e-01	3.571705165489279521e-01	3.917859184791274152e-01	-2.398546689304339807e+01
9.017612524461839600e+11	1.661675773820799895e+00	1.606288612636491697e-02	6.071616212115643840e+00	2.760908360992245569e+00	5.338261746764563082e-02	1.933516455014117064e-02	2.436813709614399670e+01	2.172518571425561618e+01	2.268281176653754450e-01	3.102730708355625477e-01	3.843440821052763745e-01	-2.419321357151502383e+01	2.268281176653772491e-01	3.102730708355611600e-01	3.843440821052763190e-01	-2.419321357151503094e+01
9.080234833659490967e+11	1.662264201724330537e+00	1.627444387578927745e-02	6.194302329744311386e+00	2.762857418810759746e+00	5.410485091539256330e-02	1.958293270837022440e-02	2.242021549998745655e+01	2.115837010273750707e+01	3.001671763262874770e-01	2.288280252212513410e-01	3.774421795061518869e-01	-2.448139217672080292e+01	3.001671763262860337e-01	2.288280252212532839e-01	3.774421795061519425e-01	-2.448139217672079582e+01
9.142857142857142334e+11	1.661169329529306404e+00	1.592351612734354757e-02	6.102532024221310358e+00	2.759229983002987385e+00	5.290331321801675785e-02	1.917321627552040150e-02	2.218334215746927285e+01	2.108610847334875871e+01	3.432887965076007464e-01	1.689936695537537781e-01	3.826304459356053567e-01	-2.467528993530599379e+01	3.432887965076021897e-01	1.689936695537507527e-01	3.826304459356054122e-01	-2.467528993530600090e+01
9.205479452054794922e+11	1.662249983441982382e+00	1.600890971459483295e-02	6.177280599463956356e+00	2.762818722262620597e+00	5.322161981601890302e-02	1.926352220909841734e-02	1.991285917148934814e+01	2.035150330007805053e+01	3.746290587018258900e-01	5.320555263500763299e-02	3.783883751583981270e-01	-2.499166275029531192e+01	3.746290587018260010e-01	5.320555263500703624e-02	3.783883751583981825e-01	-2.499166275029531192e+01
9.268101761252446289e+11	1.661491033702407139e+00	1.572697893018633331e-02	6.109775598181650835e+00	2.760305117207222825e+00	5.226046895946253462e-02	1.893285949936497972e-02	1.985073651600885469e+01	2.033024533473422579e+01	3.812380424904195375e-01	-2.716715209138413981e-02	3.822047869855679236e-01	-2.520388131290059519e+01	3.812380424904194820e-01	-2.716715209138680087e-02	3.822047869855680347e-01	-2.520388131290060230e+01
9.330724070450097656e+11	1.662391820528146713e+00	1.649810397595694728e-02	6.452656462600944387e+00	2.763274377524084446e+00	5.485262620770745001e-02	1.985058981253097141e-02	1.932757194584329952e+01	2.014853675317510096e+01	3.377149062940097979e-01	-1.341161359406491671e-01	3.633710168035179655e-01	-2.551076952626225847e+01	3.377149062940111857e-01	-1.341161359406454201e-01	3.633710168035178545e-01	-2.551076952626224781e+01
9.393346379647749023e+11	1.661305039040713805e+00	1.601685746870692637e-02	6.306476898899229688e+00	2.759677893018894324e+00	5.321777204471941913e-02	1.928405201902128746e-02	1.899409716345102339e+01	2.003012725984920195e+01	3.124622410844876130e-01	-2.006195471924727691e-01	3.713231137691986872e-01	-2.570351455288670195e+01	3.124622410844880016e-01	-2.006195471924721030e-01	3.713231137691986317e-01	-2.570351455288669840e+01
9.455968688845401611e+11	1.661973786110556350e+00	1.652396466045265994e-02	6.549519568599668773e+00	2.761883824310557234e+00	5.492479221657908112e-02	1.988671345735906759e-02	1.826914287460536457e+01	1.976537371110897467e+01	2.324324840778066170e-01	-2.726223656357238956e-01	3.582566313404375036e-01	-2.599754734546442947e+01	2.324324840778071999e-01	-2.726223656357232850e-01	3.582566313404374481e-01	-2.599754734546442592e+01
9.518590998043052979e+11	1.661438132362404785e+00	1.575614219036642130e-02	6.286540512658829627e+00	2.760128411651152636e+00	5.235571090799775312e-02	1.896857794260294397e-02	1.851900636467336980e+01	1.985779212683767270e+01	1.725902827906927173e-01	-3.299974015872944033e-01	3.724052775782552560e-01	-2.622165579664369162e+01	1.725902827906935777e-01	-3.299974015872940702e-01	3.724052775782553670e-01	-2.622165579664368806e+01
9.581213307240704346e+11	1.662276775178866517e+00	1.678052469883173359e-02	6.739306471495778439e+00	2.762882491289883724e+00	5.578775296436666586e-02	2.019186597339560005e-02	1.761517732836178851e+01	1.951737169532871263e+01	6.145588444922428506e-02	-3.429218806179857859e-01	3.483851919069070879e-01	-2.652620751632700902e+01	6.145588444922379934e-02	-3.429218806179860080e-01	3.483851919069072545e-01	-2.652620751632701257e+01
9.643835616438355713e+11	1.661523284686233781e+00	1.630032827472168572e-02	6.589239769043998329e+00	2.760393924852667435e+00	5.416674995295893413e-02	1.962283334464664034e-02	1.786165353603216133e+01	1.961190702702507238e+01	-1.192887954944230229e-02	-3.559952283578500798e-01	3.561950319429833534e-01	-2.673703356033326273e+01	-1.192887954944346456e-02	-3.559952283578500243e-01	3.561950319429832978e-01	-2.673703356033326628e+01
9.706457925636008301e+11	1.661758878733696987e+00	1.722759559153652642e-02	7.009299314487830834e+00	2.761145781000408306e+00	5.725621986693863602e-02	2.073639873016547980e-02	1.752898561064335681e+01	1.948400062150185974e+01	-9.981348041140815364e-02	-3.196343493807348168e-01	3.348564590625126569e-01	-2.700621647063423936e+01	-9.981348041141091532e-02	-3.196343493807338176e-01	3.348564590625125459e-01	-2.700621647063424646e+01
9.769080234833659668e+11	1.661103475467483159e+00	1.620435033805123562e-02	6.635512348098196789e+00	2.759002175240273136e+00	5.383420532845918649e-02	1.951220111806216059e-02	1.697511716545112037e+01	1.926556162640164160e+01	-1.754009286246770716e-01	-3.072636390575406162e-01	3.538028118165281732e-01	-2.722224613145651517e+01	-1.754009286246753230e-01	-3.072636390575415599e-01	3.538028118165281177e-01	-2.722224613145650807e+01
9.831702544031311035e+11	1.661645647989542063e+00	1.710344724760042012e-02	7.048578554012250308e+00	2.760773731574833967e+00	5.683973736918789682e-02	2.058833605924114893e-02	1.734983879018422925e+01	1.941411174417571317e+01	-2.403319198344500696e-01	-2.304036432354782393e-01	3.329343336267590048e-01	-2.751002357723278280e+01	-2.403319198344490426e-01	-2.304036432354793495e-01	3.329343336267590603e-01	-2.751002357723277925e+01
9.894324853228962402e+11	1.661068751079133765e+00	1.617848619411465030e-02	6.709856138919543689e+00	2.758887652396059931e+00	5.374715571361805833e-02	1.948145864763261084e-02	1.385693397512497071e+01	1.788472126662177786e+01	-2.994304984699669436e-01	-1.811436906099572197e-01	3.499595120321332131e-01	-2.773027477375300265e+01	-2.994304984699660555e-01	-1.811436906099588573e-01	3.499595120321333241e-01	-2.773027477375299554e+01
9.956947162426614990e+11	1.661427497448432655e+00	1.763837084544692124e-02	7.361627410224406809e+00	2.760030217151680176e+00	5.860974866563654906e-02	2.123518369524270838e-02	1.536051363805108672e+01	1.858557109322520162e+01	-3.066879202434053542e-01	-8.395882916454575073e-02	3.179725859534225929e-01	-2.800712102411356241e+01	-3.066879202434064089e-01	-8.395882916454204536e-02	3.179725859534226484e-01	-2.800712102411357662e+01
1.001956947162426636e+12	1.660673853170407277e+00	1.640476324395632665e-02	6.889824965614322672e+00	2.757568530346756752e+00	5.448592277337844375e-02	1.975868312020771095e-02	1.499981014721827499e+01	1.842390410021427982e+01	-3.402635470229054548e-01	-1.987884576735490447e-02	3.408437324370968691e-01	-2.821597830513128002e+01	-3.402635470229056214e-01	-1.987884576735584469e-02	3.408437324370970356e-01	-2.821597830513127647e+01
1.008219178082191772e+12	1.661083019307018960e+00	1.751731903280947036e-02	7.403068278668476054e+00	2.758889940564024812e+00	5.819544237836692807e-02	2.109378903548051951e-02	1.501130783024869508e+01	1.842911706940097361e+01	-3.083154914960485882e-01	6.952797377019542813e-02	3.160578767141217771e-01	-2.849613291694353023e+01	-3.083154914960483661e-01	6.952797377019673264e-02	3.160578767141217771e-01	-2.849613291694353379e+01
1.014481409001956909e+12	1.660616542710199317e+00	1.607231028406487169e-02	6.834575759554716967e+00	2.757388982764907848e+00	5.337988867457877512e-02	1.935885325147463504e-02	1.369347137953314508e+01	1.780398800974323237e+01	-3.097266900200655870e-01	1.488220935438081538e-01	3.436257237715881208e-01	-2.872225600303453419e+01	-3.097266900200669193e-01	1.488220935438054060e-01	3.436257237715881208e-01	-2.872225600303452708e+01
1.020743639921722046e+12	1.661246551703598584e+00	1.764792764791452140e-02	7.550914596708134141e+00	2.759428656196831309e+00	5.863511789962519427e-02	2.124900666228448504e-02	1.330363436071980310e+01	1.760749231624610900e+01	-2.279188181874952368e-01	2.090272113599520309e-01	3.092561442767186031e-01	-2.901652339454708240e+01	-2.279188181874943486e-01	2.090272113599529469e-01	3.092561442767185476e-01	-2.901652339454708596e+01
1.027005870841487305e+12	1.660667643247643710e+00	1.618761400665179317e-02	6.968590225573200847e+00	2.757554982482454786e+00	5.376449360445795939e-02	1.949716105245420661e-02	1.210827531855410299e+01	1.696696349604860643e+01	-1.929811356770643194e-01	2.761771275862502373e-01	3.369206501967509926e-01	-2.923523790294416713e+01	-1.929811356770642083e-01	2.761771275862502928e-01	3.369206501967509926e-01	-2.923523790294416713e+01
1.033268101761252441e+12	1.660680889887990119e+00	1.780015223013563241e-02	7.709494447404414252e+00	2.757544172619750711e+00	5.912074529136666923e-02	2.143963671675299526e-02	1.237837958045371778e+01	1.711706207150964332e+01	-1.048532379160077577e-01	2.833804627137165300e-01	3.021567277909115723e-01	-2.949074263357222492e+01	-1.048532379160092565e-01	2.833804627137159748e-01	3.021567277909115168e-01	-2.949074263357221781e+01
1.039530332681017578e+12	1.660549436876424867e+00	1.562649504143238249e-02	6.809071675567622606e+00	2.757180244963331806e+00	5.189713508280557885e-02	1.882253986753621572e-02	1.024338493982063625e+01	1.582904463392608463e+01	-3.703278070461230725e-02	3.429257620999228151e-01	3.449195633166213804e-01	-2.973755642721591030e+01	-3.703278070461221011e-02	3.429257620999227041e-01	3.449195633166212693e-01	-2.973755642721591386e+01
1.045792563600782715e+12	1.660652961245720816e+00	1.755394004044906128e-02	7.695012347055404156e+00	2.757460116883237777e+00	5.830200501940312197e-02	2.114337199745321486e-02	1.111275051958141979e+01	1.638325777821033569e+01	4.634719520550778515e-02	2.992337588685829441e-01	3.028017584989206590e-01	-2.999879542741178184e+01	4.634719520550426713e-02	2.992337588685833327e-01	3.028017584989205480e-01	-2.999879542741177119e+01
1.052054794520547974e+12	1.661323576789658141e+00	1.565725326347873134e-02	6.904672713931106820e+00	2.759750877217426623e+00	5.202352798876806739e-02	1.885080585288981606e-02	9.499015600090627842e+00	1.531576808650114963e+01	1.486255661558110730e-01	3.058696073552019112e-01	3.400673104236289213e-01	-3.029744364508032461e+01	1.486255661558090468e-01	3.058696073552029659e-01	3.400673104236289213e-01	-3.029744364508031751e+01
1.058317025440313110e+12	1.660484984573816103e+00	1.803851782025682818e-02	8.002133522421308598e+00	2.756884995869954391e+00	5.990537596900732953e-02	2.172937066970534459e-02	1.023741050584350099e+01	1.582507539778228534e+01	1.757279282552602073e-01	2.299946521455922821e-01	2.894440270319252884e-01	-3.049756425643505864e+01	1.757279282552592359e-01	2.299946521455930037e-01	2.894440270319252329e-01	-3.049756425643505153e+01
1.064579256360078247e+12	1.661450783264070807e+00	1.589836281385644326e-02	7.094463593333815155e+00	2.760165947268633513e+00	5.282869469939632801e-02	1.913968062379503218e-02	8.981763664682608450e+00	1.493483186866318668e+01	2.729684284047879106e-01	1.866933420403750765e-01	3.307055591730872490e-01	-3.081606231928497053e+01	2.729684284047893539e-01	1.866933420403731891e-01	3.307055591730873600e-01	-3.081606231928497763e+01
1.070841487279843384e+12	1.660310965099625724e+00	1.788369834230682520e-02	8.027340505377553725e+00	2.756312674163651888e+00	5.938500090853204155e-02	2.154508864875108454e-02	9.687952567700104822e+00	1.544976092971454840e+01	2.632992281804684143e-01	1.176313938160524902e-01	2.883810471781000917e-01	-3.099577079697376547e+01	2.632992281804679147e-01	1.176313938160536282e-01	2.883810471781001472e-01	-3.099577079697375837e+01
1.077103718199608643e+12	1.661833656137164272e+00	1.624562575117295335e-02	7.334713091209733804e+00	2.761427180314167451e+00	5.399505527661562637e-02	1.955331491684405426e-02	9.067039094781915054e+00	1.499912072946612440e+01	3.185574294597041667e-01	2.044719250160114549e-02	3.192129752143103016e-01	-3.135182763454851695e+01	3.185574294597041112e-01	2.044719250160144733e-02	3.192129752143103572e-01	-3.135182763454851695e+01
1.083365949119373779e+12	1.660470914193662217e+00	1.829088960120572524e-02	8.306138546563230918e+00	2.756829100240732799e+00	6.074298035505883847e-02	2.203364015192476807e-02	9.624481253056242025e+00	1.540504121464811149e+01	2.754133156747413658e-01	-2.763055607768418603e-02	2.767958491020354739e-01	-3.151591593636182154e+01	2.754133156747417543e-01	-2.763055607768112251e-02	2.767958491020355849e-01	-3.151591593636181088e+01
1.089628180039138916e+12	1.661506308224904638e+00	1.699312245834084037e-02	7.761410872411230066e+00	2.760314446060267546e+00	5.646836032194321037e-02	2.045722015567436047e-02	8.423064444596066735e+00	1.449789917563316166e+01	2.732093044053263697e-01	-1.234914990177002903e-01	2.998224046719673574e-01	-3.184044513364237261e+01	2.732093044053260922e-01	-1.234914990177009841e-01	2.998224046719673574e-01	-3.184044513364237261e+01
1.095890410958904053e+12	1.659864697936166866e+00	1.931829828078357805e-02	8.874117103420928743e+00	2.754777618806257156e+00	6.413152268094721165e-02	2.328010879830571395e-02	5.918190998531292379e+00	1.209668216230278048e+01	2.145875001728378972e-01	-1.371078876458177165e-01	2.546495004611748492e-01	-3.198448522866612009e+01	2.145875001728385911e-01	-1.371078876458167450e-01	2.546495004611749047e-01	-3.198448522866611299e+01
1.102152641878669189e+12	1.664713245931369157e+00	1.876363224937192473e-02	8.668577168369171915e+00	2.770918117284165483e+00	6.247213429462891016e-02	2.254564431368298594e-02	2.041707668245564378e+00	4.856186345321105158e+00	1.065423162201595969e-01	-2.396540106633766876e-01	2.622695368749454192e-01	-3.256839601756901459e+01	1.065423162201611512e-01	-2.396540106633759382e-01	2.622695368749453637e-01	-3.256839601756900748e+01
1.108414872798434326e+12	1.659754104322897161e+00	1.769559269990066824e-02	8.221605219057378733e+00	2.754470552815701634e+00	5.874066522417286523e-02	2.132557386178131689e-02	7.184386404599689691e+00	1.341572348460893060e+01	1.344654110412627779e-01	-2.459257568026963214e-01	2.802863261478780732e-01	-3.248636104876111830e+01	1.344654110412620285e-01	-2.459257568026965712e-01	2.802863261478779067e-01	-3.248636104876112540e+01
1.114677103718199707e+12	1.661770100096766622e+00	1.822387743171446223e-02	8.514889716068084979e+00	2.761147755866971920e+00	6.056778924770269551e-02	2.193572912532710042e-02	5.740286934751555492e+00	1.188903083794101256e+01	2.877954481690895780e-02	-2.668320824580840411e-01	2.683796237212993652e-01	-3.287928180995530880e+01	2.877954481690725777e-02	-2.668320824580843187e-01	2.683796237212994762e-01	-3.287928180995531591e+01
1.120939334637964844e+12	1.659574672287142061e+00	1.784342620574135008e-02	8.383966211291266291e+00	2.753869705038215265e+00	5.922499639574600738e-02	2.150609968488837592e-02	7.050479555847298130e+00	1.328772076481802955e+01	1.005906354670047442e-03	-2.736821294189392129e-01	2.736839779944733042e-01	-3.298304742422975977e+01	1.005906354672711327e-03	-2.736821294189392129e-01	2.736839779944733042e-01	-3.298304742422975266e+01
1.127201565557729980e+12	1.660960552255158484e+00	1.838497822726139000e-02	8.686680820143406478e+00	2.758451948723344316e+00	6.107344717910228454e-02	2.214047890425209497e-02	8.094872848017420353e+00	1.422751219195589378e+01	-8.899767650006693009e-02	-2.461229039691568143e-01	2.617194495650282393e-01	-3.333369283745250300e+01	-8.899767650006765174e-02	-2.461229039691566201e-01	2.617194495650282393e-01	-3.333369283745251010e+01
1.133463796477495117e+12	1.659481928412907648e+00	1.824530084762558332e-02	8.668577634375571606e+00	2.753547379726002386e+00	6.055549407018272212e-02	2.199181118728685963e-02	7.864006742203788924e+00	1.403065782355293578e+01	-1.255490162401445009e-01	-2.305004168098579997e-01	2.624747561735915613e-01	-3.348547261199065161e+01	-1.255490162401427523e-01	-2.305004168098589157e-01	2.624747561735915058e-01	-3.348547261199064451e+01
1.139726027397260254e+12	1.660933908067692588e+00	1.827855023146554569e-02	8.732354816779235307e+00	2.758367341570453934e+00	6.071892773951938910e-02	2.201263291674181513e-02	7.271062709563832271e+00	1.349731236686804969e+01	-1.961902200317674205e-01	-1.705679828632560013e-01	2.599693043690990968e-01	-3.384186909042708180e+01	-1.961902200317686140e-01	-1.705679828632544470e-01	2.599693043690990413e-01	-3.384186909042708891e+01
1.145988258317025391e+12	1.659496091065857160e+00	1.895679651738431046e-02	9.106139044320052278e+00	2.753567916128658144e+00	6.291745943946024100e-02	2.284943075888180852e-02	7.218612206481998861e+00	1.344805741579299330e+01	-2.082341751218325931e-01	-1.312096257331085702e-01	2.461248414396491890e-01	-3.399525648927295407e+01	-2.082341751218332593e-01	-1.312096257331075155e-01	2.461248414396492445e-01	-3.399525648927296118e+01
1.152250489236790527e+12	1.660616680240942999e+00	1.832091645555331688e-02	8.848777124543106609e+00	2.757312102714679192e+00	6.084803892678522508e-02	2.206788229264217138e-02	5.326215605166362721e+00	1.137967117871426836e+01	-2.489469611348903710e-01	-5.780785794952813389e-02	2.555706123540213426e-01	-3.432935329434403116e+01	-2.489469611348902323e-01	-5.780785794952904288e-02	2.555706123540213981e-01	-3.432935329434402405e+01
1.158512720156555664e+12	1.658565825785435655e+00	1.937209175687617732e-02	9.407332300382217127e+00	2.750465320524287272e+00	6.425977872386913481e-02	2.336323902881280029e-02	4.228221311938663796e+00	9.809037731703416085e+00	-2.338106755233420597e-01	-2.815060515895120505e-02	2.354992326091461252e-01	-3.443769680428523117e+01	-2.338106755233420320e-01	-2.815060515895049728e-02	2.354992326091460420e-01	-3.443769680428523827e+01
1.164774951076321045e+12	1.661118356251100492e+00	1.481201288219127256e-02	7.231780977654238107e+00	2.759094797748736116e+00	4.920901298327138434e-02	1.783520197400362273e-02	1.253141641780164850e+00	1.535215917598315993e+00	-3.078503486223263530e-01	1.013785587032089014e-01	3.241133278833621678e-01	-3.487564544009673995e+01	-3.078503486223250207e-01	1.013785587032121349e-01	3.241133278833619458e-01	-3.487564544009674705e+01
1.171037181996086182e+12	1.658851620980750008e+00	1.716516605681923935e-02	8.425736146444343433e+00	2.751494057504703772e+00	5.694892707551668654e-02	2.069745595858672044e-02	3.074944118961411288e+00	7.642186130543113798e+00	-2.495664153920194306e-01	1.082647535325387544e-01	2.720379615955893504e-01	-3.496682942803357719e+01	-2.495664153920190975e-01	1.082647535325398647e-01	2.720379615955894614e-01	-3.496682942803357719e+01
1.177299412915851318e+12	1.661855780611058986e+00	1.991376203773534762e-02	9.827191105881407651e+00	2.761368077631896512e+00	6.618760111224709919e-02	2.396913386824131229e-02	4.158223172075468987e+00	9.695464577564401054e+00	-1.408279990097375534e-01	1.707033493063259966e-01	2.212965403468481473e-01	-3.543852336375860546e+01	-1.408279990097373868e-01	1.707033493063261353e-01	2.212965403468481473e-01	-3.543852336375860546e+01
1.183561643835616455e+12	1.659047452047840210e+00	1.896183855017994496e-02	9.407202394968072312e+00	2.752078896825227883e+00	6.291717986563709342e-02	2.286169191523461028e-02	4.867690428860095508e+00	1.076721828770090816e+01	-1.404559597178596242e-01	1.890134332011463580e-01	2.354866334863811861e-01	-3.548924478871295918e+01	-1.404559597178599850e-01	1.890134332011461638e-01	2.354866334863812138e-01	-3.548924478871295918e+01
1.189823874755381592e+12	1.661288057422528830e+00	2.170322813037935464e-02	1.082420915988300081e+01	2.759406979623439948e+00	7.211062740103180158e-02	2.613265383958415441e-02	4.899355270080547164e+00	1.081133189730186928e+01	-4.189214374154325016e-02	1.865003373478686111e-01	1.911473974139614729e-01	-3.590736055727874998e+01	-4.189214374154297954e-02	1.865003373478686666e-01	1.911473974139614451e-01	-3.590736055727874998e+01
1.196086105675146729e+12	1.657788086298465302e+00	1.987777185562022986e-02	9.965963867552243727e+00	2.747866213259183343e+00	6.590626672881230719e-02	2.398452530577984201e-02	5.293714284116938451e+00	1.133802859198878998e+01	-4.807875353195416313e-02	2.115660276398085016e-01	2.169602511808893797e-01	-3.590485884641021386e+01	-4.807875353195256024e-02	2.115660276398088901e-01	2.169602511808894074e-01	-3.590485884641022096e+01
1.202348336594911865e+12	1.660051262052800736e+00	2.217965290964356989e-02	1.117826017283028506e+01	2.755278255639904472e+00	7.363872160909376574e-02	2.672641917685058405e-02	4.820305108072546751e+00	1.070066487389264154e+01	3.563624477338783736e-02	1.779550928625884543e-01	1.814881732160013028e-01	-3.632595543331712662e+01	3.563624477338554752e-02	1.779550928625888984e-01	1.814881732160012751e-01	-3.632595543331711241e+01
1.208610567514677002e+12	1.656395611289142034e+00	1.928269447262988961e-02	9.768846114459023511e+00	2.743274598791805463e+00	6.387954099658708917e-02	2.328587193739954306e-02	3.780560476535373748e+00	9.047673387459049366e+00	4.010842128307252896e-02	2.197542793112483295e-01	2.233844863311384432e-01	-3.630884331671700949e+01	4.010842128307400001e-02	2.197542793112481074e-01	2.233844863311384710e-01	-3.630884331671701659e+01
1.214872798434442139e+12	1.657906878848534049e+00	2.326253724620566676e-02	1.184614517701459313e+01	2.748114073294156690e+00	7.713424103990922098e-02	2.806806376397927988e-02	3.887904610483287282e+00	9.238155947589905992e+00	8.550018530181684173e-02	1.406180230620278360e-01	1.645712918358424037e-01	-3.667461960079502603e+01	8.550018530181655030e-02	1.406180230620280580e-01	1.645712918358424592e-01	-3.667461960079502603e+01
1.221135029354207520e+12	1.656880248909048170e+00	1.883398593354667847e-02	9.640400850604713412e+00	2.744897440198764471e+00	6.241131860304866691e-02	2.273721330678545038e-02	5.198723237516983176e+00	1.121483868553196572e+01	1.507017609796212909e-01	1.705938626792346535e-01	2.276253209688686718e-01	-3.685188045724945027e+01	1.507017609796204860e-01	1.705938626792354862e-01	2.276253209688687551e-01	-3.685188045724945027e+01
1.227397260273972656e+12	1.657554517652632287e+00	2.243021738511714880e-02	1.154005273022221800e+01	2.746983864338707004e+00	7.435861631726307930e-02	2.706918569220054249e-02	4.470338035249061370e+00	1.018786970687089699e+01	1.473611433404635462e-01	8.900273651952336773e-02	1.721534015771176707e-01	-3.715577323182782976e+01	1.473611433404630189e-01	8.900273651952422815e-02	1.721534015771176707e-01	-3.715577323182782266e+01
1.233659491193737793e+12	1.656834592642937753e+00	1.765137971342979270e-02	9.127737101132192166e+00	2.744789296172502002e+00	5.849083303417253188e-02	2.130977161552460170e-02	3.646997975543463166e+00	8.802968716022141038e+00	2.310917459049755818e-01	8.269394009031041937e-02	2.454418113383896316e-01	-3.735546949117625815e+01	2.310917459049761091e-01	8.269394009030896220e-02	2.454418113383896316e-01	-3.735546949117626525e+01
1.239921722113502930e+12	1.656147446000871160e+00	2.141524160609463087e-02	1.113028815377176173e+01	2.742365750322160789e+00	7.093359538285043397e-02	2.586584060660671383e-02	5.096179322338623585e+00	1.107930133341979229e+01	1.810049864874820891e-01	2.611199717093473996e-02	1.828787618330474096e-01	-3.755583908043645636e+01	1.810049864874818670e-01	2.611199717093606182e-02	1.828787618330473819e-01	-3.755583908043644925e+01
1.246183953033268066e+12	1.656906925522695806e+00	1.788674159298378127e-02	9.343348511300682446e+00	2.745020624320257951e+00	5.927333204089936525e-02	2.159303704888448916e-02	4.962002498363093927e+00	1.089777452643939881e+01	2.344062989784006235e-01	-3.992948067145916241e-02	2.377828345937607613e-01	-3.786783538222697132e+01	2.344062989784005957e-01	-3.992948067145975222e-02	2.377828345937607613e-01	-3.786783538222697842e+01
1.252446183953033203e+12	1.656043356186951865e+00	2.099671255460942507e-02	1.102299315473748287e+01	2.742038735632842616e+00	6.954293265565619775e-02	2.536176157978534129e-02	5.008618410567660106e+00	1.096139137131326180e+01	1.741991041950486097e-01	-6.459135710378953454e-02	1.857885123328852917e-01	-3.805418681512708190e+01	1.741991041950489982e-01	-6.459135710378849371e-02	1.857885123328852639e-01	-3.805418681512707479e+01
1.258708414872798340e+12	1.656802588754070271e+00	1.757840802275268191e-02	9.274571157557934598e+00	2.744685817673574224e+00	5.824790383654392112e-02	2.122206609640861497e-02	4.549195303347927322e+00	1.030683648613716485e+01	1.886360848293220649e-01	-1.487065940466618663e-01	2.402024637939708662e-01	-3.836669340151603791e+01	1.886360848293230918e-01	-1.487065940466605063e-01	2.402024637939708385e-01	-3.836669340151603080e+01
1.264970645792563477e+12	1.655701252320391559e+00	2.048073498540762746e-02	1.085963295304366483e+01	2.740927176429770462e+00	6.781995712756293260e-02	2.474343634911989331e-02	4.278347280086686411e+00	9.889218529144653047e+00	1.277724311862231121e-01	-1.410435598050606421e-01	1.903131102518211548e-01	-3.853383877775999622e+01	1.277724311862224460e-01	-1.410435598050612527e-01	1.903131102518211826e-01	-3.853383877775999622e+01
1.271232876712328857e+12	1.657188720228662371e+00	1.726450269484609834e-02	9.199587409135107308e+00	2.745976391399811423e+00	5.722107825251259577e-02	2.083815375533622574e-02	3.934345925527247267e+00	9.318941717625763843e+00	8.693541037864581378e-02	-2.267565798029048396e-01	2.428503902850780161e-01	-3.890380530404365800e+01	8.693541037864775667e-02	-2.267565798029041180e-01	2.428503902850779883e-01	-3.890380530404365089e+01
1.277495107632093994e+12	1.655618001207884049e+00	2.031626312756247207e-02	1.087908163616402213e+01	2.740658215376120754e+00	6.727194190253682482e-02	2.454590708360349094e-02	3.513041409091165690e+00	8.548369973816374312e+00	4.448684462356781305e-02	-1.844841181262439900e-01	1.897721507107389405e-01	-3.903328379196803866e+01	4.448684462356787550e-02	-1.844841181262439900e-01	1.897721507107389405e-01	-3.903328379196803866e+01
1.283757338551859131e+12	1.657686788216231388e+00	1.730213509994692547e-02	9.310474160173640712e+00	2.747626123947628063e+00	5.736304152622868219e-02	2.087730969882206286e-02	3.514808903744599089e+00	8.551792073010778594e+00	-4.286673708441830072e-02	-2.350293487717259322e-01	2.389065757410754887e-01	-3.945031403923838553e+01	-4.286673708441855746e-02	-2.350293487717259600e-01	2.389065757410755719e-01	-3.945031403923838553e+01
1.290019569471624268e+12	1.655796017522480179e+00	2.010221892764652019e-02	1.086999784799224855e+01	2.741256352437490218e+00	6.657034808752426702e-02	2.428461242901663181e-02	2.883975538991573107e+00	7.205971614525735092e+00	-5.314566799877224607e-02	-1.824372812126295040e-01	1.900205873143533397e-01	-3.955337285444980466e+01	-5.314566799877282199e-02	-1.824372812126294208e-01	1.900205873143534230e-01	-3.955337285444980466e+01
1.296281800391389404e+12	1.658617818220494255e+00	1.719152677914856722e-02	9.341207789844920839e+00	2.750717518325514366e+00	5.702834527662119235e-02	2.073217075061088710e-02	2.908110074664124411e+00	7.262669056810682200e+00	-1.642164314610947418e-01	-1.719890135894786287e-01	2.377966718801974300e-01	-4.003219190143570216e+01	-1.642164314610959075e-01	-1.719890135894773797e-01	2.377966718801973467e-01	-4.003219190143570927e+01
1.302544031311154541e+12	1.656244534201598562e+00	2.035351983842597495e-02	1.111273860805943414e+01	2.742731691302856767e+00	6.742081196831364864e-02	2.458162866681549291e-02	2.713195913212510746e+00	6.790674176464262857e+00	-1.347360124774774626e-01	-1.243492730658816298e-01	1.833481245345698896e-01	-4.009537491604601200e+01	-1.347360124774768519e-01	-1.243492730658821571e-01	1.833481245345698063e-01	-4.009537491604600490e+01
1.308806262230919678e+12	1.658965801744729296e+00	1.813208335898298940e-02	9.947460707841655037e+00	2.751838758911595129e+00	6.016101241387496190e-02	2.186211391167038748e-02	2.883086967019748759e+00	7.203875114200769758e+00	-2.094939272653659479e-01	-5.851393620596485878e-02	2.175122669905818207e-01	-4.056833491522021973e+01	-2.094939272653656981e-01	-5.851393620596551104e-02	2.175122669905818207e-01	-4.056833491522021262e+01
1.315068493150684814e+12	1.655950408661648776e+00	2.050446930446191487e-02	1.130280063636626409e+01	2.741751322685224146e+00	6.790876864822788239e-02	2.476839095010235914e-02	3.000603889745862674e+00	7.475685035837841497e+00	-1.721834014462188533e-01	-4.631936437458126360e-02	1.783048155537449164e-01	-4.057791395902022202e+01	-1.721834014462192697e-01	-4.631936437457971623e-02	1.783048155537448887e-01	-4.057791395902022913e+01
1.321330724070450195e+12	1.659171814213668661e+00	1.872415545036060225e-02	1.037057729136884099e+01	2.752500515083747601e+00	6.213318193638710241e-02	2.257335887709966196e-02	3.006491782907396271e+00	7.489021861990132756e+00	-1.978941085381595577e-01	5.112236377855303854e-02	2.043907392041517945e-01	-4.109350945779605979e+01	-1.978941085381595300e-01	5.112236377855306629e-02	2.043907392041517668e-01	-4.109350945779605979e+01
1.327592954990215332e+12	1.654876342648118115e+00	2.148367062853411349e-02	1.195535800572156049e+01	2.738154161352736260e+00	7.110563655281065820e-02	2.596845625290951018e-02	2.880758659420168399e+00	7.198378629572954601e+00	-1.600714607868804207e-01	2.507354290322753865e-02	1.620233165694549005e-01	-4.099608161212535862e+01	-1.600714607868803652e-01	2.507354290322801743e-02	1.620233165694549005e-01	-4.099608161212536572e+01
1.333855185909980469e+12	1.658812587449724596e+00	1.938855836505805341e-02	1.084035141431139770e+01	2.751283284086174952e+00	6.432396933692390018e-02	2.337962423171148843e-02	3.028520828668209486e+00	7.538689832077200670e+00	-1.419188952951007388e-01	1.274756266335322630e-01	1.907642739807259569e-01	-4.157254012434514578e+01	-1.419188952951003224e-01	1.274756266335326238e-01	1.907642739807259014e-01	-4.157254012434514578e+01
1.340117416829745605e+12	1.654599169718108387e+00	2.115356507043075762e-02	1.188271233073366773e+01	2.737250939116664394e+00	7.000134240422542509e-02	2.557359334647465315e-02	3.294825291163714809e+00	8.112073641120852940e+00	-1.315659223804933886e-01	9.752331584172434231e-02	1.637693166151545643e-01	-4.147858241775271182e+01	-1.315659223804931111e-01	9.752331584172474477e-02	1.637693166151545643e-01	-4.147858241775271892e+01
1.346379647749510742e+12	1.658666244122879219e+00	1.952814756798038065e-02	1.102091740014997612e+01	2.750792360845262241e+00	6.478135836251870672e-02	2.355007207545564002e-02	3.198831200960698506e+00	7.910912633166516272e+00	-6.243344841371831211e-02	1.749665648191621181e-01	1.857719954283919561e-01	-4.206875372213324482e+01	-6.243344841371700066e-02	1.749665648191625622e-01	1.857719954283919284e-01	-4.206875372213325193e+01
1.352641878669275879e+12	1.653992220209437036e+00	2.116005379397319433e-02	1.199744472948597718e+01	2.735242516636779087e+00	6.999712870888968874e-02	2.559083089822591223e-02	3.291463089081040572e+00	8.105127556222635477e+00	-7.413555113031308763e-02	1.429667519535132159e-01	1.610452486276221784e-01	-4.193312279935820186e+01	-7.413555113031354560e-02	1.429667519535129105e-01	1.610452486276220951e-01	-4.193312279935819475e+01
1.358904109589041016e+12	1.658541265162856604e+00	1.971767356835685964e-02	1.123139355856638488e+01	2.750370341597060619e+00	6.540515053226160502e-02	2.378048859205001558e-02	3.085610414204184693e+00	7.665744824334232099e+00	2.781024909006169638e-02	1.779562789755879670e-01	1.801162046604596056e-01	-4.256652269132778343e+01	2.781024909006169291e-02	1.779562789755880226e-01	1.801162046604596612e-01	-4.256652269132778343e+01
1.365166340508806152e+12	1.653220041017169128e+00	2.082624051493559697e-02	1.191751240016252922e+01	2.732702771726824409e+00	6.886071639667051825e-02	2.519875820711986458e-02	3.128520267651170528e+00	7.759704288382291537e+00	-6.292363883365216515e-03	1.628456371722474538e-01	1.629671604627016268e-01	-4.237287998484000440e+01	-6.292363883364875642e-03	1.628456371722473983e-01	1.629671604627015713e-01	-4.237287998484000440e+01
1.371428571428571533e+12	1.659261007317498926e+00	1.935300207189896357e-02	1.112527352289189331e+01	2.752772551715086280e+00	6.422336342487343364e-02	2.333042858366912026e-02	2.647489814085886906e+00	6.623886458585932502e+00	1.211765186834945496e-01	1.370360268935526538e-01	1.829279129794624537e-01	-4.313555568508863303e+01	1.211765186834942165e-01	1.370360268935530146e-01	1.829279129794625092e-01	-4.313555568508862592e+01
1.377690802348336670e+12	1.652219015316647388e+00	2.083895925699300739e-02	1.203419226265424236e+01	2.729393412350997306e+00	6.886104948762544753e-02	2.522943346166836229e-02	2.536864361340770646e+00	6.333495356629979867e+00	5.949856721847273516e-02	1.487627517140936440e-01	1.602199606746930738e-01	-4.279196933905001998e+01	5.949856721847276986e-02	1.487627517140936162e-01	1.602199606746930460e-01	-4.279196933905001998e+01
1.383953033268101807e+12	1.659881852063918029e+00	1.945794637885141579e-02	1.128775345881122583e+01	2.754829151133860510e+00	6.459578414537658908e-02	2.344819972548555301e-02	2.144375116579050999e+00	5.189973051642168045e+00	1.713851684976803458e-01	5.023036508237579273e-02	1.785944163664895667e-01	-4.369719671036480690e+01	1.713851684976807066e-01	5.023036508237445352e-02	1.785944163664895390e-01	-4.369719671036481401e+01
1.390215264187866943e+12	1.651342493213500351e+00	1.942721295582777383e-02	1.132091982049746193e+01	2.726554613289348783e+00	6.416196455733250148e-02	2.353224991151991671e-02	1.996016757196739544e+00	4.702204804865659504e+00	1.287522340683346644e-01	1.228410345238562240e-01	1.779524024577315844e-01	-4.322038972745682628e+01	1.287522340683349142e-01	1.228410345238559326e-01	1.779524024577315566e-01	-4.322038972745683338e+01
1.396477495107632080e+12	1.660858764648019070e+00	1.928834303512552695e-02	1.129062604675472059e+01	2.758079795931103195e+00	6.407042717085160988e-02	2.323008466447288103e-02	1.747265426513183950e+00	3.796659198970629312e+00	1.700838695890051488e-01	-5.414049008646210775e-02	1.784929000301468949e-01	-4.429047216271300158e+01	1.700838695890050933e-01	-5.414049008646217021e-02	1.784929000301468949e-01	-4.429047216271300869e+01
1.402739726027397217e+12	1.651126378409481843e+00	1.782673975729056823e-02	1.048185583249760633e+01	2.725900524829237170e+00	5.886840050860700502e-02	2.159594599010350446e-02	1.368130283943695957e+00	2.132496863398100295e+00	1.936011984104945849e-01	5.519686419036685943e-02	2.013159651950870155e-01	-4.370455995455071729e+01	1.936011984104945571e-01	5.519686419036675534e-02	2.013159651950869877e-01	-4.370455995455071729e+01
1.409001956947162354e+12	1.665121743963144052e+00	1.915973776262522993e-02	1.131593171366824713e+01	2.772263326667729899e+00	6.380659191435805733e-02	2.301606463591386251e-02	1.210640883345986740e+00	1.300471987267009188e+00	6.634487017648493801e-02	-1.648683797718333843e-01	1.777166971539931584e-01	-4.517051027363662996e+01	6.634487017648464657e-02	-1.648683797718334954e-01	1.777166971539931861e-01	-4.517051027363662996e+01
1.415264187866927490e+12	1.652817118021592258e+00	-4.893381876312962765e-03	-2.902924813014515326e+00	2.731780480439014447e+00	-1.617573066037336638e-02	-5.921314240364520393e-03	9.284804908778442056e-02	-1.617029630808783125e+01	1.339091807704818171e+00	-5.278953645966228958e-01	1.439388893046197992e+00	-4.435780994931981525e+01	1.339091807696782599e+00	-5.278953646169110003e-01	1.439388893046163131e+00	-4.435780994933497823e+01
1.421526418786692627e+12	1.651093345619131014e+00	2.893127816127090066e-02	1.723898601462328273e+01	2.725272217091730287e+00	9.553648170466094713e-02	3.505575740489239728e-02	1.206815198476631990e+00	1.278938818617425976e+00	6.643533019417394159e-02	-3.386241237395348075e-02	7.456752691213916484e-02	-4.445367849092724555e+01	6.643533019417421914e-02	-3.386241237395302972e-02	7.456752691213919260e-02	-4.445367849092723844e+01
1.427788649706458008e+12	1.657377221928554745e+00	1.548163523141694864e-02	9.265522541172769522e+00	2.746659574738175014e+00	5.131781918151411687e-02	1.868372027370955937e-02	1.340143155375407735e+00	1.991879719878599797e+00	6.956208191286075704e-02	-2.302211393608234180e-01	2.405008445902991621e-01	-4.525966233104063008e+01	6.956208191286118725e-02	-2.302211393608232515e-01	2.405008445902991066e-01	-4.525966233104063008e+01
1.434050880626223145e+12	1.654788428228492148e+00	2.846430946825619090e-02	1.711017195238843769e+01	2.737514525285419165e+00	9.420481985117010182e-02	3.441253698602680933e-02	1.759359496068230833e+00	3.843588258159833515e+00	2.029224908774295011e-02	-7.318992718355947502e-02	7.595091055526420609e-02	-4.528263232833452889e+01	2.029224908774273500e-02	-7.318992718355951665e-02	7.595091055526417834e-02	-4.528263232833452889e+01
1.440313111545988281e+12	1.655848052750140686e+00	1.718254630802777336e-02	1.037369794523788968e+01	2.741537533898805279e+00	5.690337169087381769e-02	2.075600679810871846e-02	1.720281432250319487e+00	3.690770492511898482e+00	-1.590341656213160870e-02	-2.037783300637450445e-01	2.043979610023478055e-01	-4.563097833637417722e+01	-1.590341656213037011e-02	-2.037783300637452943e-01	2.043979610023479443e-01	-4.563097833637417011e+01
1.446575342465753418e+12	1.653382410895015919e+00	2.639137830971262713e-02	1.600266417222319504e+01	2.732976891807928688e+00	8.727008139311018264e-02	3.193224269649018454e-02	1.781653975922782296e+00	3.929258991200289763e+00	-9.796640528846479318e-03	-8.885788150036502686e-02	8.939629338168529615e-02	-4.566290066532101122e+01	-9.796640528846607687e-03	-8.885788150036504074e-02	8.939629338168532391e-02	-4.566290066532101122e+01
1.452837573385518555e+12	1.655745113506285282e+00	1.770922276756201411e-02	1.078464180373109826e+01	2.741178264328909986e+00	5.864391812277011673e-02	2.139369003683793888e-02	1.929244328828713551e+00	4.470717330191619432e+00	-1.045929506923253399e-01	-1.615113403273730486e-01	1.924203689552426710e-01	-4.612777185386360657e+01	-1.045929506923240493e-01	-1.615113403273739645e-01	1.924203689552427265e-01	-4.612777185386359236e+01
1.459099804305283691e+12	1.653449436325407085e+00	2.676183229584470219e-02	1.636778852191133993e+01	2.733178842816975429e+00	8.849867304919899202e-02	3.237939342380794644e-02	1.779811812382103176e+00	3.922220875150812081e+00	-4.922508485153094526e-02	-6.895719577598712069e-02	8.472428121812683455e-02	-4.617305430020907409e+01	-4.922508485153050117e-02	-6.895719577598746763e-02	8.472428121812684843e-02	-4.617305430020906698e+01
1.465362035225048828e+12	1.655550647488841953e+00	1.844861636072010758e-02	1.133177379343243629e+01	2.740507594955098991e+00	6.108523752252683486e-02	2.228975304975488320e-02	1.927232755550392751e+00	4.463619883797059984e+00	-1.551541915319328835e-01	-8.633483464586684530e-02	1.775571086249629338e-01	-4.661611158835516733e+01	-1.551541915319320231e-01	-8.633483464586828859e-02	1.775571086249629060e-01	-4.661611158835515312e+01
1.471624266144813965e+12	1.653066836510797222e+00	2.727132368142405963e-02	1.682256904922454055e+01	2.731886240876477689e+00	9.016264153102732104e-02	3.300380527635009276e-02	1.728439275129413977e+00	3.722957092358245124e+00	-7.024481392640613553e-02	-3.669219325415527810e-02	7.925055791195226296e-02	-4.664252455295739708e+01	-7.024481392640624655e-02	-3.669219325415509769e-02	7.925055791195227683e-02	-4.664252455295739708e+01
1.477886497064579346e+12	1.655449881900595832e+00	1.808660222857473923e-02	1.120436452166605434e+01	2.740187186304522182e+00	5.988292704655421433e-02	2.185358991015269592e-02	1.737523372696553325e+00	3.758619929094936474e+00	-1.809051876224004318e-01	-1.997740779633565191e-03	1.809162178383090791e-01	-4.711284722621432763e+01	-1.809051876224004596e-01	-1.997740779633247737e-03	1.809162178383091069e-01	-4.711284722621432763e+01
1.484148727984344482e+12	1.652207118088503179e+00	2.777831366584232117e-02	1.728114295520941468e+01	2.729016726352198940e+00	9.179105513439965447e-02	3.363521163063526442e-02	1.534050715413414867e+00	2.911261443643100133e+00	-7.397780124752000031e-02	-4.155407610408046008e-03	7.409441605024097433e-02	-4.706777776159198368e+01	-7.397780124752004194e-02	-4.155407610407422375e-03	7.409441605024098820e-02	-4.706777776159199078e+01
1.490410958904109619e+12	1.655071154787185472e+00	1.672743639443739772e-02	1.045019954944026708e+01	2.738980720280257852e+00	5.537019493994139313e-02	2.021562055182184875e-02	1.426806223279712738e+00	2.418195980524539213e+00	-1.811096751237478708e-01	8.976719576497969866e-02	2.021357560129768138e-01	-4.758405218252514857e+01	-1.811096751237485925e-01	8.976719576497835251e-02	2.021357560129768693e-01	-4.758405218252514146e+01
1.496673189823874756e+12	1.649793713724464927e+00	2.854491799428866827e-02	1.790791151843868434e+01	2.721004485501461012e+00	9.418645253151561314e-02	3.461458922003862043e-02	1.293976410741715544e+00	1.753375964840482082e+00	-6.590132112794455654e-02	1.504923653283050944e-02	6.759780800166195758e-02	-4.734840018841789799e+01	-6.590132112794441777e-02	1.504923653283117904e-02	6.759780800166197146e-02	-4.734840018841790510e+01
1.502935420743639893e+12	1.654668548449360399e+00	1.599841563629589986e-02	1.007874497992232143e+01	2.737672055924641690e+00	5.294415035679857218e-02	1.933911340557436381e-02	1.214143324434708848e+00	1.320126171615911836e+00	-1.278928307419756882e-01	1.709445157644353397e-01	2.134914603096173535e-01	-4.805236748096674404e+01	-1.278928307419786303e-01	1.709445157644330637e-01	2.134914603096172980e-01	-4.805236748096672983e+01
