freq_roi_Hz	n_opt	k_opt	alpha_cm	eps_r	eps_i	loss_tan	DR	alpha_max	H_meas_real	H_meas_imag	H_meas_mag	H_meas_phase	H_model_real	H_model_imag	H_model_mag	H_model_phase
3.005870841487279663e+11	1.666454262070762748e+00	6.242019033246979515e-03	7.864743537877414425e-01	2.777030844772199192e+00	2.080407844376250259e-02	7.491482668594222349e-03	7.655570711280181229e+01	2.961408112351612942e+01	8.059500049378187647e-01	2.202796862977832726e-01	8.355109518460663853e-01	2.668006923713479583e-01	8.059500049378188757e-01	2.202796862977813852e-01	8.355109518460660523e-01	2.668006923713457379e-01
3.068493150684931641e+11	1.670008025715910005e+00	5.544993814279123960e-03	7.132066522903530714e-01	2.788896058999151162e+00	1.852036834478242716e-02	6.640752452936097248e-03	7.884747011304553155e+01	2.981544341119091968e+01	8.427279087036063654e-01	-4.768164389870031827e-02	8.440757473549611589e-01	-5.651985614800222879e-02	8.427279087036065874e-01	-4.768164389869841702e-02	8.440757473549613810e-01	-5.651985614799996671e-02
3.131115459882583008e+11	1.671629875117694342e+00	6.758889052713760136e-03	8.870815796511218876e-01	2.794300756804771524e+00	2.259672172624450914e-02	8.086717820626946815e-03	7.184352025003005338e+01	2.918039679179864621e+01	7.741339738116838065e-01	-2.783290235511292066e-01	8.226484393472059953e-01	-3.451447448495469916e-01	7.741339738116826963e-01	-2.783290235511320931e-01	8.226484393472058843e-01	-3.451447448495507664e-01
3.193737769080234985e+11	1.670879682388872745e+00	1.011090353625864260e-02	1.353562713473462908e+00	2.791736682649621049e+00	3.378820657865674176e-02	1.210293463156724043e-02	7.753072438666623611e+01	2.970047650950732532e+01	6.392722953684720766e-01	-4.263457509422030611e-01	7.684007853797041321e-01	-5.881804272591317773e-01	6.392722953684721876e-01	-4.263457509422026170e-01	7.684007853797039100e-01	-5.881804272591312222e-01
3.256360078277886353e+11	1.667922237184820133e+00	9.105813034802054395e-03	1.242911801900907998e+00	2.781881673464590587e+00	3.037557609678747869e-02	1.091907552593973305e-02	7.403954168761724475e+01	2.938593915842264437e+01	5.514893506514308985e-01	-5.534389347797531444e-01	7.813034995519249071e-01	-7.871626056068139476e-01	5.514893506514315646e-01	-5.534389347797524783e-01	7.813034995519250181e-01	-7.871626056068127264e-01
3.318982387475538330e+11	1.667621294706748802e+00	7.486815812147714494e-03	1.041576703822682415e+00	2.780904730148407999e+00	2.497034695576946101e-02	8.979216973907938604e-03	7.551960872368788102e+01	2.952105908952171731e+01	4.086873598378236716e-01	-6.932219401703569872e-01	8.047248078845120611e-01	-1.038097835706444316e+00	4.086873598378233940e-01	-6.932219401703569872e-01	8.047248078845118391e-01	-1.038097835706444538e+00
3.381604696673189697e+11	1.670155914425481392e+00	5.767337809198019340e-03	8.174992993382135253e-01	2.789387516305010362e+00	1.926470670504354041e-02	6.906428953465284203e-03	6.983212778548957544e+01	2.898654597624415530e+01	1.839228818841004420e-01	-8.106576428521459210e-01	8.312601520553900558e-01	-1.347692167892807102e+00	1.839228818841001922e-01	-8.106576428521459210e-01	8.312601520553898338e-01	-1.347692167892807324e+00
3.444227005870841675e+11	1.671275444676879829e+00	8.176910800385401093e-03	1.180511409817534441e+00	2.793094750109665014e+00	2.733174046799458426e-02	9.785468418828777507e-03	7.649307951540878037e+01	2.960849420001722621e+01	-4.559884063858778147e-02	-7.867600086475378118e-01	7.880803039504648000e-01	-1.628689312914765264e+00	-4.559884063858971742e-02	-7.867600086475372567e-01	7.880803039504643559e-01	-1.628689312914767706e+00
3.506849315068493042e+11	1.670499771530627786e+00	9.979434844603207386e-03	1.466939535146277729e+00	2.790469897564061608e+00	3.334128725582889002e-02	1.194826981826040829e-02	7.247436011598516359e+01	2.924007813590359106e+01	-2.226533157835838550e-01	-7.222468277977573958e-01	7.557876548961008911e-01	-1.869830850675959333e+00	-2.226533157835841603e-01	-7.222468277977573958e-01	7.557876548961011132e-01	-1.869830850675959777e+00
3.569471624266145020e+11	1.668056797112853040e+00	9.669629532046497902e-03	1.446781445479236261e+00	2.782319976659102689e+00	3.225898253298667417e-02	1.159427485106222580e-02	7.312140104567453136e+01	2.930075494331462238e+01	-3.657798276321065356e-01	-6.642477820133688704e-01	7.583007307211655501e-01	-2.074152056567475366e+00	-3.657798276321070907e-01	-6.642477820133685373e-01	7.583007307211654391e-01	-2.074152056567476254e+00
3.632093933463796387e+11	1.668246896888233355e+00	7.717265530226603137e-03	1.174923732398684306e+00	2.782988152789955816e+00	2.574860854652611525e-02	9.252144505434937299e-03	7.385682895504099577e+01	2.936907175013764970e+01	-5.463363423266798247e-01	-5.693599520421901428e-01	7.890843769435433863e-01	-2.335561328212092835e+00	-5.463363423266800467e-01	-5.693599520421893656e-01	7.890843769435430533e-01	-2.335561328212093724e+00
3.694716242661448364e+11	1.669802952041074873e+00	6.819649362052519585e-03	1.056166277069789938e+00	2.788195391027667114e+00	2.277494127328066192e-02	8.168344781922303940e-03	7.644141169130480762e+01	2.960388153850106718e+01	-6.991563460045621126e-01	-3.944331618949945550e-01	8.027434928798450331e-01	-2.627946206054788458e+00	-6.991563460045626677e-01	-3.944331618949932228e-01	8.027434928798449221e-01	-2.627946206054790235e+00
3.757338551859099731e+11	1.671583696258339247e+00	9.305741055753120189e-03	1.465616862980876789e+00	2.794105456780095142e+00	3.111065006079756154e-02	1.113438649400485571e-02	6.888924965150421542e+01	2.889374432580727969e+01	-7.383461211605438779e-01	-1.615381481431414634e-01	7.558105370649023103e-01	-2.926202726025548095e+00	-7.383461211605440999e-01	-1.615381481431409916e-01	7.558105370649024213e-01	-2.926202726025548539e+00
3.819960861056751709e+11	1.669792290186639327e+00	1.039099655539640031e-02	1.663815918751839318e+00	2.788098319557327898e+00	3.470161187111367451e-02	1.244633721404176351e-02	7.304759563649395204e+01	2.929386096673682971e+01	-7.343806199501997645e-01	4.870375131861928199e-04	7.343807814505898257e-01	-3.142255848435287380e+00	-7.343806199501995424e-01	4.870375131854415762e-04	7.343807814505896037e-01	-3.142255848435286492e+00
3.882583170254403076e+11	1.667928405409182968e+00	1.034296918164506404e-02	1.683275333681257591e+00	2.781878188559327558e+00	3.450266418867514728e-02	1.240265096098377463e-02	7.414952521106654615e+01	2.939607239974061415e+01	-7.158206260665008758e-01	1.554037461587842173e-01	7.324953877140941705e-01	-3.355373945098996558e+00	-7.158206260665002096e-01	1.554037461587871871e-01	7.324953877140940595e-01	-3.355373945099000554e+00
3.945205479452055054e+11	1.668357553831692153e+00	7.732352159992430390e-03	1.278705148865553864e+00	2.783357138157341648e+00	2.580065627002034456e-02	9.269617583858132809e-03	6.963789532558378426e+01	2.896753177620524866e+01	-6.888407681919977987e-01	3.598412204533165681e-01	7.771662034987586454e-01	-3.622988769222870609e+00	-6.888407681919993530e-01	3.598412204533144032e-01	7.771662034987590895e-01	-3.622988769222867056e+00
4.007827788649706421e+11	1.669826127218197787e+00	8.404551728238479624e-03	1.411928705361781500e+00	2.788248658650772427e+00	2.806828012673894326e-02	1.006663449461538476e-02	7.234659622830459114e+01	2.922803294575773236e+01	-5.446794062472664066e-01	5.328565889834375735e-01	7.619788711066330933e-01	-3.916019171572227897e+00	-5.446794062472668507e-01	5.328565889834371294e-01	7.619788711066330933e-01	-3.916019171572227009e+00
4.070450097847357788e+11	1.671156421330463715e+00	9.362232996876327859e-03	1.597390293361191649e+00	2.792676133147354633e+00	3.129151158144365119e-02	1.120484799867502677e-02	6.966500071136100303e+01	2.897018841367185971e+01	-3.591591095543451018e-01	6.486075709548034807e-01	7.414088258685355148e-01	-4.206679902900131829e+00	-3.591591095543449907e-01	6.486075709548037027e-01	7.414088258685357369e-01	-4.206679902900132717e+00
4.133072407045009766e+11	1.668885331673281680e+00	1.130340504903471453e-02	1.958265015616265758e+00	2.785050483308536773e+00	3.772817376859149280e-02	1.354667500453055409e-02	7.128235924141237945e+01	2.912686541856776046e+01	-2.116283634449180884e-01	6.708878337181305440e-01	7.034749815347951518e-01	-4.406823172382933862e+00	-2.116283634449183104e-01	6.708878337181306550e-01	7.034749815347952628e-01	-4.406823172382933862e+00
4.195694716242661133e+11	1.668392059998818455e+00	1.013381045313571302e-02	1.782238490598987202e+00	2.783429371752801362e+00	3.381433779508930676e-02	1.214844469856100374e-02	7.322016126597470986e+01	2.930996900826008655e+01	-4.393836971154056054e-02	7.205645183054747438e-01	7.219029057800701032e-01	-4.651486685895259932e+00	-4.393836971154390508e-02	7.205645183054744107e-01	7.219029057800701032e-01	-4.651486685895255491e+00
4.258317025440313110e+11	1.667558685966094467e+00	8.707338192062473795e-03	1.554220255801242789e+00	2.780676153402576567e+00	2.903999486763617424e-02	1.044350124414932662e-02	6.929433177463066329e+01	2.893376871540969830e+01	1.296273452300107376e-01	7.351745781512367683e-01	7.465151766650356402e-01	-4.886916934247667932e+00	1.296273452300108486e-01	7.351745781512367683e-01	7.465151766650356402e-01	-4.886916934247667932e+00
4.320939334637964478e+11	1.670499905701992915e+00	8.736464014095036978e-03	1.582351716101354500e+00	2.790493609146897924e+00	2.918852462342922879e-02	1.045998619303509757e-02	6.859570027366898159e+01	2.886459265140511121e+01	3.622807467351231159e-01	6.488261697461311650e-01	7.431169073587235996e-01	-5.221630497618613198e+00	3.622807467351255029e-01	6.488261697461299438e-01	7.431169073587238216e-01	-5.221630497618616751e+00
4.383561643835616455e+11	1.669606058854368413e+00	1.006330192070755726e-02	1.849084601416918883e+00	2.787483121717669654e+00	3.360349971778828215e-02	1.205514015707529439e-02	6.596325802369787539e+01	2.859745291601662842e+01	4.834154121506609725e-01	5.264600821609566328e-01	7.147381889991010206e-01	-5.455189188865293914e+00	4.834154121506621382e-01	5.264600821609556336e-01	7.147381889991010206e-01	-5.455189188865295691e+00
4.446183953033267822e+11	1.669903584993643886e+00	1.162419857324505437e-02	2.166404795225496560e+00	2.788442861182153898e+00	3.882258174027983233e-02	1.392267429278471608e-02	6.645857309989261807e+01	2.864852232404116350e+01	5.770791579605200061e-01	3.639220096633424273e-01	6.822459847223937279e-01	-5.720549452951453340e+00	5.770791579605186739e-01	3.639220096633442592e-01	6.822459847223936169e-01	-5.720549452951449787e+00
4.508806262230919800e+11	1.667136817377877112e+00	1.023937711625294393e-02	1.935192953866643695e+00	2.779240323013108416e+00	3.414088515504359878e-02	1.228425079772512037e-02	6.651236152436325710e+01	2.865404524675743048e+01	6.552986205871148551e-01	2.628267688755768772e-01	7.060412116731935583e-01	-5.901748770734107197e+00	6.552986205871150771e-01	2.628267688755757114e-01	7.060412116731933363e-01	-5.901748770734108973e+00
4.571428571428571167e+11	1.668795552501708634e+00	9.638152320036341703e-03	1.846863868412362608e+00	2.784785702069338953e+00	3.216821145202134608e-02	1.155141360720056756e-02	6.436131843871386593e+01	2.842961946471673684e+01	7.128686704529633156e-01	5.590669317255378412e-02	7.150575498901230453e-01	-6.204920545293210132e+00	7.128686704529634266e-01	5.590669317255436005e-02	7.150575498901231564e-01	-6.204920545293209244e+00
4.634050880626223145e+11	1.669300352524491604e+00	8.688719554291950142e-03	1.687740758982110956e+00	2.786488173090898801e+00	2.900816522993199253e-02	1.041029547875483088e-02	6.355660113490932162e+01	2.834372710742842827e+01	7.182198884772941216e-01	-1.406632478362304373e-01	7.318647125638545470e-01	-6.476587159150119177e+00	7.182198884772938996e-01	-1.406632478362304650e-01	7.318647125638543249e-01	-6.476587159150119177e+00
4.696673189823874512e+11	1.670564728481267913e+00	1.168271830730864026e-02	2.299976548624963701e+00	2.790650026138644435e+00	3.903347427394439351e-02	1.398723376573094562e-02	6.460365919036999571e+01	2.845527564595782977e+01	5.912599181404030180e-01	-3.129210450066912674e-01	6.689602912038021820e-01	-6.769953863182968767e+00	5.912599181404031290e-01	-3.129210450066909344e-01	6.689602912038021820e-01	-6.769953863182967879e+00
4.759295499021526489e+11	1.668485229382479007e+00	1.098599983789432660e-02	2.191651110359136734e+00	2.783722268475065320e+00	3.665995691904998244e-02	1.316940175182506993e-02	6.260964874973024052e+01	2.824124927201416924e+01	5.269585114736535791e-01	-4.295819778369798780e-01	6.798720089081915496e-01	-6.967132222780176853e+00	5.269585114736532461e-01	-4.295819778369801556e-01	6.798720089081915496e-01	-6.967132222780177742e+00
4.821917808219177856e+11	1.667913233249575411e+00	1.182295331927052905e-02	2.389653535987399824e+00	2.781794771423862667e+00	3.943932059460661388e-02	1.417765285913582390e-02	6.507870381712274366e+01	2.850528972516229231e+01	3.980729515977633470e-01	-5.270570799194174150e-01	6.604931795915369719e-01	-7.207113166367313362e+00	3.980729515977644017e-01	-5.270570799194164158e-01	6.604931795915368609e-01	-7.207113166367311585e+00
4.884540117416829834e+11	1.668051497009840123e+00	9.206088088613647094e-03	1.884898496863220529e+00	2.782311044618873463e+00	3.071245803563290439e-02	1.103847037340857651e-02	6.722430283260740680e+01	2.872672854861939840e+01	2.674184959008171214e-01	-6.589699861685223148e-01	7.111639013763266792e-01	-7.468474235137843920e+00	2.674184959008168994e-01	-6.589699861685226479e-01	7.111639013763269013e-01	-7.468474235137843920e+00
4.947162426614481201e+11	1.669510622354363205e+00	1.093369207870399824e-02	2.267316609079157885e+00	2.787146172531581367e+00	3.650783013389616305e-02	1.309864207830043099e-02	6.269145036959719164e+01	2.825016268286610099e+01	5.678656589425477852e-02	-6.698717802906387631e-01	6.722744351050488065e-01	-7.769411538798667749e+00	5.678656589425438300e-02	-6.698717802906389851e-01	6.722744351050489175e-01	-7.769411538798667749e+00
5.009784735812133179e+11	1.669544023038092462e+00	1.087260665758700909e-02	2.283189207815759403e+00	2.787259031286688060e+00	3.630459092003712751e-02	1.302519446973601433e-02	6.543118855735777117e+01	2.854216495916882934e+01	-1.160509283972641081e-01	-6.605934803359829743e-01	6.707097466447566880e-01	-8.027883883923905728e+00	-1.160509283972638861e-01	-6.605934803359834184e-01	6.707097466447571321e-01	-8.027883883923903952e+00
5.072407045009784546e+11	1.668197757324909158e+00	1.279632810229587581e-02	2.720749920625014528e+00	2.782720011530954718e+00	4.269361168448738281e-02	1.534240293941712720e-02	6.728431227742275667e+01	2.873281979795025265e+01	-2.387087319347592496e-01	-5.821571773737097555e-01	6.291969785922575387e-01	-8.243114583000478390e+00	-2.387087319347586112e-01	-5.821571773737101996e-01	6.291969785922576497e-01	-8.243114583000476614e+00
5.135029354207436523e+11	1.667716410393297100e+00	1.083532206064138394e-02	2.332243633054754905e+00	2.781160621290946544e+00	3.614048882485630665e-02	1.299475066207459069e-02	6.875810409483261765e+01	2.888073596165249057e+01	-3.930593669382237976e-01	-5.377550917135102138e-01	6.660902375817281396e-01	-8.485163437407246434e+00	-3.930593669382238531e-01	-5.377550917135102138e-01	6.660902375817281396e-01	-8.485163437407246434e+00
5.197651663405087891e+11	1.667722110815865300e+00	1.102710898733631414e-02	2.402470140296616208e+00	2.781175441771506662e+00	3.678030695311423209e-02	1.322473454953511547e-02	6.595539933230362806e+01	2.859663955968290949e+01	-5.115049025570211905e-01	-4.159366447641272280e-01	6.592727491694977404e-01	-8.742062430026125597e+00	-5.115049025570209684e-01	-4.159366447641278941e-01	6.592727491694980735e-01	-8.742062430026123820e+00
5.260273972602739868e+11	1.669263630626044659e+00	1.044192188062040977e-02	2.302385095165190521e+00	2.786332034798283175e+00	3.486064085831592357e-02	1.251130174829995223e-02	6.630035269757138394e+01	2.863225051643314600e+01	-6.221063842807540434e-01	-2.456619496668648317e-01	6.688543540091508310e-01	-9.048686784509218484e+00	-6.221063842807544875e-01	-2.456619496668633884e-01	6.688543540091507200e-01	-9.048686784509220260e+00
5.322896281800391235e+11	1.668618918198970125e+00	1.244436570695161594e-02	2.776578333372574647e+00	2.784134231933653059e+00	4.152980808721193351e-02	1.491659691220003151e-02	6.402026784674146143e+01	2.839334893218324751e+01	-6.179165150647970561e-01	-8.715492116881741469e-02	6.240326913501937911e-01	-9.284655848596401029e+00	-6.179165150647966120e-01	-8.715492116881951024e-02	6.240326913501937911e-01	-9.284655848596399252e+00
5.385518590998043213e+11	1.668281156959583456e+00	1.212193901928356604e-02	2.736457991135422319e+00	2.783015077260818870e+00	4.044560490336781416e-02	1.453301681109697013e-02	6.498803478091016927e+01	2.849577207671154611e+01	-6.242291625984571768e-01	6.632277497659368193e-02	6.277425889000737280e-01	-9.530628333671380403e+00	-6.242291625984577319e-01	6.632277497658993493e-02	6.277425889000738390e-01	-9.530628333671375074e+00
5.448140900195694580e+11	1.666626170537077956e+00	1.210506402154853077e-02	2.764423540712070082e+00	2.777496259744119289e+00	4.034923298867917896e-02	1.452719615629524154e-02	5.760658870062367498e+01	2.767271016366002456e+01	-5.960080361597676069e-01	1.892458512848169683e-01	6.253315691659409037e-01	-9.732231754118293665e+00	-5.960080361597673848e-01	1.892458512848183561e-01	6.253315691659411257e-01	-9.732231754118295441e+00
5.510763209393345947e+11	1.668041330044765402e+00	1.077995797704139891e-02	2.490106828833424490e+00	2.782245671243523510e+00	3.596283088370162695e-02	1.292582867695793968e-02	5.883581485031590574e+01	2.781684654111105814e+01	-5.327577309287114815e-01	3.738337338576842583e-01	6.508321292271050940e-01	-1.003664097803781452e+01	-5.327577309287121476e-01	3.738337338576834257e-01	6.508321292271052050e-01	-1.003664097803781274e+01
5.573385518590998535e+11	1.667760687509105555e+00	1.149766203993959034e-02	2.686072835749358845e+00	2.781293514568459635e+00	3.835069749695399488e-02	1.378879909512334238e-02	3.668649858450253731e+01	2.459233915686260374e+01	-4.130972412553544082e-01	4.788877456487230511e-01	6.324419369912944733e-01	-1.028380022068852995e+01	-4.130972412553554074e-01	4.788877456487222739e-01	6.324419369912945843e-01	-1.028380022068852817e+01
5.636007827788649902e+11	1.668960147857386112e+00	1.234642718986875450e-02	2.916769085657648919e+00	2.785275540871793520e+00	4.121138989662762042e-02	1.479616263880607734e-02	4.937357530519732762e+01	2.661989533554085696e+01	-2.457107454911429678e-01	5.597630292809606667e-01	6.113169549420421900e-01	-1.058194330529402549e+01	-2.457107454911403865e-01	5.597630292809616659e-01	6.113169549420420790e-01	-1.058194330529403082e+01
5.698630136986301270e+11	1.667197587725566477e+00	1.270665679880107410e-02	3.035225285842449772e+00	2.779386337390945538e+00	4.236901512603563624e-02	1.524401791720977895e-02	5.244146823883561837e+01	2.703142067075668109e+01	-1.300518026416409845e-01	5.867192897172692767e-01	6.009600621477914073e-01	-1.077744181203638085e+01	-1.300518026416377093e-01	5.867192897172698318e-01	6.009600621477912963e-01	-1.077744181203638618e+01
5.761252446183952637e+11	1.667527996953960034e+00	1.222986020168467976e-02	2.953435966251154010e+00	2.780500051144733309e+00	4.078726857028441843e-02	1.466904075527431829e-02	5.616397381259265842e+01	2.749957685759980919e+01	3.050131619163672092e-02	6.074076345422726453e-01	6.081729727550059250e-01	-1.104574770616547852e+01	3.050131619163613111e-02	6.074076345422726453e-01	6.081729727550059250e-01	-1.104574770616547852e+01
5.823874755381605225e+11	1.666993270957512818e+00	1.155324936437855492e-02	2.820365120120270408e+00	2.778733087846751992e+00	3.851837789622642588e-02	1.386184879170040268e-02	5.353421534119146230e+01	2.717220868055896688e+01	1.760540591662085874e-01	5.946807366742358214e-01	6.201936877462642661e-01	-1.128340148733951942e+01	1.760540591662052845e-01	5.946807366742368206e-01	6.201936877462641551e-01	-1.128340148733951409e+01
5.886497064579256592e+11	1.668473805668670096e+00	1.209765463468789881e-02	2.985020203684978224e+00	2.783658486954835087e+00	4.036923973600588939e-02	1.450222429410425069e-02	5.588840888931991913e+01	2.746599996085036466e+01	3.406290928424264841e-01	5.003351813867615849e-01	6.052796648029553639e-01	-1.159329901909605631e+01	3.406290928424260955e-01	5.003351813867616960e-01	6.052796648029552529e-01	-1.159329901909605631e+01
5.949119373776907959e+11	1.667689469021893300e+00	1.269170707079184633e-02	3.164913788514272852e+00	2.781027085658153375e+00	4.233165245174052432e-02	1.522158941566812730e-02	5.239110424316377390e+01	2.702486132070329106e+01	4.335038279955859553e-01	3.996392725155459846e-01	5.896075957987494398e-01	-1.182159683356849200e+01	4.335038279955868434e-01	3.996392725155446524e-01	5.896075957987491067e-01	-1.182159683356849378e+01
6.011741682974559326e+11	1.667447250182653828e+00	1.335705180101230682e-02	3.365891269397828900e+00	2.780201921308878887e+00	4.454435859229047279e-02	1.602198683875436999e-02	5.668071869638385607e+01	2.756209915442501313e+01	5.032364074917987651e-01	2.730136742243776671e-01	5.725236660075689876e-01	-1.206929162623610274e+01	5.032364074917989871e-01	2.730136742243770565e-01	5.725236660075688766e-01	-1.206929162623610452e+01
6.074363992172210693e+11	1.666364453646246302e+00	1.233560561909181376e-02	3.140873531196465951e+00	2.776618325209763150e+00	4.111122943570699045e-02	1.480622275753409184e-02	5.428122860198922695e+01	2.726680867826056698e+01	5.686480233897661662e-01	1.639286662373638792e-01	5.918050203567465362e-01	-1.228570241640597160e+01	5.686480233897661662e-01	1.639286662373644066e-01	5.918050203567466472e-01	-1.228570241640596983e+01
6.136986301369863281e+11	1.667476345851798492e+00	1.242116683010088818e-02	3.195263731268174645e+00	2.780323078589845398e+00	4.142400375414439367e-02	1.489898928406344428e-02	5.804663020088220549e+01	2.772465888327952399e+01	5.869214554027790687e-01	-1.023844858455192491e-02	5.870107500221225516e-01	-1.258381317016397105e+01	5.869214554027791797e-01	-1.023844858455078173e-02	5.870107500221226626e-01	-1.258381317016396927e+01
6.199608610567514648e+11	1.667365988723702452e+00	1.241986737762686664e-02	3.227530776614620400e+00	2.779955087246892109e+00	4.141692889982815512e-02	1.489841655709808754e-02	5.706710034931915487e+01	2.760847714503086081e+01	5.631017327277113571e-01	-1.557796138804568853e-01	5.842523851056964368e-01	-1.283626607722932889e+01	5.631017327277116902e-01	-1.557796138804555253e-01	5.842523851056964368e-01	-1.283626607722932533e+01
6.262230919765166016e+11	1.667698281417198780e+00	1.358898366943603851e-02	3.567017302790790545e+00	2.781032897364710266e+00	4.532464942344972131e-02	1.629777535763747565e-02	5.874332373280704900e+01	2.780610648173120936e+01	4.770389550366710973e-01	-2.853730893850940364e-01	5.558812505991472808e-01	-1.310547848123364645e+01	4.770389550366714304e-01	-2.853730893850936479e-01	5.558812505991473918e-01	-1.310547848123364645e+01
6.324853228962817383e+11	1.666351745714362842e+00	1.339643668610005292e-02	3.551639757884395010e+00	2.776548675929420007e+00	4.464635131646951111e-02	1.607980141083772616e-02	5.622134686928018965e+01	2.750654689771176820e+01	4.101605886131242662e-01	-3.772172276897397536e-01	5.572472927860642189e-01	-1.330995383500571805e+01	4.101605886131249323e-01	-3.772172276897391430e-01	5.572472927860643299e-01	-1.330995383500571805e+01
6.387475538160469971e+11	1.666444778817121275e+00	1.317348325043065684e-02	3.527110246953898631e+00	2.776864660185894618e+00	4.390576476302993775e-02	1.581127283318543505e-02	5.776491285377387896e+01	2.769144654606366274e+01	3.005189729642872565e-01	-4.716392814972975578e-01	5.592452636927710552e-01	-1.356985709743556079e+01	3.005189729642874785e-01	-4.716392814972976133e-01	5.592452636927712772e-01	-1.356985709743556079e+01
6.450097847358121338e+11	1.666403713508532558e+00	1.235080685138994529e-02	3.339264296613011496e+00	2.776748793965146955e+00	4.116286080396566044e-02	1.482412125051681129e-02	5.332659278759416566e+01	2.714568135540035598e+01	1.767617685613036005e-01	-5.469994710897516654e-01	5.748505407472345174e-01	-1.382461105091321940e+01	1.767617685613051826e-01	-5.469994710897509993e-01	5.748505407472342954e-01	-1.382461105091321585e+01
6.512720156555772705e+11	1.667332770093445937e+00	1.318768141660712351e-02	3.600145271984841244e+00	2.779824651286338266e+00	4.397650677492282584e-02	1.581988516958186472e-02	5.580429981010143337e+01	2.745571849641386919e+01	1.067033548716892627e-02	-5.531174341399146543e-01	5.532203467054800372e-01	-1.411787806783610577e+01	1.067033548716973118e-02	-5.531174341399147654e-01	5.532203467054801482e-01	-1.411787806783610399e+01
6.575342465753424072e+11	1.666676528078037345e+00	1.340368715614219039e-02	3.694297118071009578e+00	2.777630990416881218e+00	4.467922154568649412e-02	1.608536976287869291e-02	5.057063175253982479e+01	2.678343180290555026e+01	-1.141735655560427720e-01	-5.336189957576111809e-01	5.456966517261594429e-01	-1.434794963679411772e+01	-1.141735655560398438e-01	-5.336189957576118470e-01	5.456966517261595540e-01	-1.434794963679411239e+01
6.637964774951076660e+11	1.666497078187548997e+00	1.394723328788258394e-02	3.880718756795860980e+00	2.777017986291251184e+00	4.648604704611289384e-02	1.673955562246670983e-02	5.122442429735579594e+01	2.687112301844685547e+01	-2.356144116047342307e-01	-4.758766121988827202e-01	5.310110177705646972e-01	-1.459690020626464246e+01	-2.356144116047333148e-01	-4.758766121988831088e-01	5.310110177705646972e-01	-1.459690020626464069e+01
6.700587084148728027e+11	1.665793214100101949e+00	1.298312099345317813e-02	3.646541171822713867e+00	2.774698470711217446e+00	4.325438969746975976e-02	1.558886133179822157e-02	4.846199589152066523e+01	2.649267775479313869e+01	-3.486511869704359001e-01	-4.248559220535531034e-01	5.496000406476228006e-01	-1.482436352993948780e+01	-3.486511869704346789e-01	-4.248559220535542136e-01	5.496000406476229116e-01	-1.482436352993948603e+01
6.763209393346379395e+11	1.666660781441150707e+00	1.323694995104604880e-02	3.752579671368302616e+00	2.777582943550021000e+00	4.412301069861562092e-02	1.588539805843642086e-02	4.918257934995011027e+01	2.659343606884466027e+01	-4.491041729445605091e-01	-3.017449833720247110e-01	5.410587705105621703e-01	-1.511635877549051088e+01	-4.491041729445626740e-01	-3.017449833720214913e-01	5.410587705105621703e-01	-1.511635877549051798e+01
6.825831702544030762e+11	1.666681109281737960e+00	1.308133957719710520e-02	3.742802895947095809e+00	2.777654798591470797e+00	4.360484311482794306e-02	1.569843853056889990e-02	4.476393120885856547e+01	2.595079843126026731e+01	-5.118208696472114072e-01	-1.778252405592188889e-01	5.418324637619749140e-01	-1.537357403231568398e+01	-5.118208696472110741e-01	-1.778252405592198326e-01	5.418324637619749140e-01	-1.537357403231568043e+01
6.888454011741683350e+11	1.666803508220921159e+00	1.435429722204369096e-02	4.144697689434506671e+00	2.778027889168831255e+00	4.785158593549649481e-02	1.722501999424253319e-02	4.787827508143430322e+01	2.640995224202275082e+01	-5.094834484511661099e-01	-3.728694326428950295e-02	5.108460632946938418e-01	-1.563490773510912035e+01	-5.094834484511658879e-01	-3.728694326429182748e-02	5.108460632946938418e-01	-1.563490773510911502e+01
6.951076320939334717e+11	1.665817784436161242e+00	1.368640467657252641e-02	3.987774528612437308e+00	2.774761573270830173e+00	4.559811263044952212e-02	1.643316422920598416e-02	4.375004290744909952e+01	2.579439938249538500e+01	-5.175862899483362201e-01	7.366198245798771804e-02	5.228017360358743204e-01	-1.584933218186083081e+01	-5.175862899483364421e-01	7.366198245798696864e-02	5.228017360358744314e-01	-1.584933218186083081e+01
7.013698630136986084e+11	1.666053856220215845e+00	1.400858417214870602e-02	4.118418782935879818e+00	2.775539211395743333e+00	4.667811136038766545e-02	1.681767318175069609e-02	4.671301356483417777e+01	2.624175027418548112e+01	-4.708763214821994891e-01	2.032609993280614369e-01	5.128738090217221934e-01	-1.611546596660840791e+01	-4.708763214822000442e-01	2.032609993280608540e-01	5.128738090217223045e-01	-1.611546596660840436e+01
7.076320939334637451e+11	1.666149367842640228e+00	1.307927370323226472e-02	3.879540686688569551e+00	2.775882648561825317e+00	4.358404722496261180e-02	1.570096893236583649e-02	4.382010879023932404e+01	2.580532352681859365e+01	-4.170032948328615818e-01	3.289486160421171701e-01	5.311298710273096857e-01	-1.637586180217505216e+01	-4.170032948328624145e-01	3.289486160421158933e-01	5.311298710273095747e-01	-1.637586180217504861e+01
7.138943248532290039e+11	1.666677906063805059e+00	1.434823234702800251e-02	4.293599101456306855e+00	2.777609370789745569e+00	4.782776368772317238e-02	1.721903885790985675e-02	4.619745427864251752e+01	2.616598760539049451e+01	-2.919554126526163751e-01	4.057039554217796717e-01	4.998336347446387107e-01	-1.665498241339206231e+01	-2.919554126526170967e-01	4.057039554217790611e-01	4.998336347446386552e-01	-1.665498241339206231e+01
7.201565557729941406e+11	1.666248120201927030e+00	1.403209121880208757e-02	4.235829580621275348e+00	2.776185898492482540e+00	4.676189123166189093e-02	1.684393370669248421e-02	4.359474263783370418e+01	2.577012363984960075e+01	-1.899725509653377442e-01	4.669486397058749128e-01	5.041136798812791975e-01	-1.689237214047598101e+01	-1.899725509653359956e-01	4.669486397058756899e-01	5.041136798812793085e-01	-1.689237214047598457e+01
7.264187866927592773e+11	1.665819481104616306e+00	1.488708000043797303e-02	4.533000330265632982e+00	2.774732918476713994e+00	4.959837576298498779e-02	1.787500895409196294e-02	4.662290445010823703e+01	2.622856901514924033e+01	-7.186831196513898679e-02	4.772908797147842330e-01	4.826713562286777948e-01	-1.712930686035186056e+01	-7.186831196513647491e-02	4.772908797147847326e-01	4.826713562286779058e-01	-1.712930686035186412e+01
7.326810176125244141e+11	1.665688939553633396e+00	1.376381327855392966e-02	4.227103419519719019e+00	2.774330200795341206e+00	4.585246308833742374e-02	1.652739932513891050e-02	4.515008939882476824e+01	2.600943618733283103e+01	5.082766407840258460e-02	5.022352560550168432e-01	5.048006575474275337e-01	-1.737961909431825802e+01	5.082766407840087070e-02	5.022352560550166212e-01	5.048006575474272006e-01	-1.737961909431825447e+01
7.389432485322896729e+11	1.665915542633057189e+00	1.447203079401252271e-02	4.482597293169704677e+00	2.775065155511090786e+00	4.821836206641937073e-02	1.737557836098405778e-02	4.544096983620890740e+01	2.605327588088583113e+01	1.744718547954879628e-01	4.538610911232592859e-01	4.862410082987378979e-01	-1.764576047411138049e+01	1.744718547954918764e-01	4.538610911232578982e-01	4.862410082987380089e-01	-1.764576047411138759e+01
7.452054794520548096e+11	1.666230365993382367e+00	1.407055503572930168e-02	4.395177612023384306e+00	2.776125652039427294e+00	4.688957213382653061e-02	1.689029172702611811e-02	4.276334935156615558e+01	2.563867571540939849e+01	2.931285919419838737e-01	3.957478105133602764e-01	4.924842138992970852e-01	-1.791627913044740694e+01	2.931285919419839847e-01	3.957478105133601654e-01	4.924842138992970852e-01	-1.791627913044740694e+01
7.514677103718199463e+11	1.665689321676231405e+00	1.528799767028389198e-02	4.815596533911305599e+00	2.774287193473457425e+00	5.093010893840596576e-02	1.835790795495853209e-02	3.650847563760552816e+01	2.455913194444152836e+01	3.535325462031664867e-01	2.991380749193310873e-01	4.631078158391816468e-01	-1.814730698277022114e+01	3.535325462031667643e-01	2.991380749193311428e-01	4.631078158391818689e-01	-1.814730698277022114e+01
7.577299412915850830e+11	1.665846419933676881e+00	1.430360466893949856e-02	4.543066646549997145e+00	2.774839701699322703e+00	4.765521725979898066e-02	1.717404332603960498e-02	3.360194807228815250e+01	2.399279136860694805e+01	4.362929130069393979e-01	2.047727814973617222e-01	4.819578798839656564e-01	-1.841072999813334476e+01	4.362929130069386208e-01	2.047727814973629989e-01	4.819578798839654898e-01	-1.841072999813334121e+01
7.639921722113503418e+11	1.665136852278604307e+00	1.479811047575132696e-02	4.738974100461367023e+00	2.772461752742645835e+00	4.928175819452720874e-02	1.777545105744937279e-02	4.232959954917552636e+01	2.556907938884452847e+01	4.574738174878084096e-01	1.004564319450837323e-01	4.683735564760310721e-01	-1.863339723037321249e+01	4.574738174878085206e-01	1.004564319450829968e-01	4.683735564760310721e-01	-1.863339723037321249e+01
7.702544031311154785e+11	1.666081262561460052e+00	1.405540317634309914e-02	4.538022642693375630e+00	2.775629219099939426e+00	4.683488773970412994e-02	1.687361100590063778e-02	3.854701624200397703e+01	2.493005220551739143e+01	4.805813827709504160e-01	-4.064390451174061669e-02	4.822969960926547506e-01	-1.893392751408301677e+01	4.805813827709507491e-01	-4.064390451173829216e-02	4.822969960926548616e-01	-1.893392751408301322e+01
7.765166340508806152e+11	1.665617943382254662e+00	1.508539855527460567e-02	4.910172087123215512e+00	2.774055564067360091e+00	5.025302103347625143e-02	1.811536210175781342e-02	3.992083174846157334e+01	2.516911824834292588e+01	4.338063576979794833e-01	-1.429138495594816094e-01	4.567409817118422977e-01	-1.916779981332322791e+01	4.338063576979785396e-01	-1.429138495594848568e-01	4.567409817118424642e-01	-1.916779981332323501e+01
7.827788649706457520e+11	1.665991195801083791e+00	1.492080599942328424e-02	4.895764693134727175e+00	2.775304034035052325e+00	4.971586285859036503e-02	1.791366360186051263e-02	3.631541479065592171e+01	2.452293614372045027e+01	3.797574996579588524e-01	-2.554514313264608649e-01	4.576802293230527452e-01	-1.944170308793826507e+01	3.797574996579584639e-01	-2.554514313264615866e-01	4.576802293230529117e-01	-1.944170308793826862e+01
7.890410958904110107e+11	1.664963939927029513e+00	1.526819649788110043e-02	5.049827289746898984e+00	2.771871803433039183e+00	5.084199319338437995e-02	1.834211565282895667e-02	3.655993590795400650e+01	2.456874760910466904e+01	3.123116306984993207e-01	-3.205464923405560995e-01	4.475361532003755416e-01	-1.964796552718977907e+01	3.123116306984994317e-01	-3.205464923405559885e-01	4.475361532003754861e-01	-1.964796552718977907e+01
7.953033268101761475e+11	1.665695096376859308e+00	1.469892705623828538e-02	4.900129920693458097e+00	2.774324095637310084e+00	4.896786143915451278e-02	1.765037528101263617e-02	3.350012720341232608e+01	2.397207383650611234e+01	2.115905558978000700e-01	-4.055260562761456855e-01	4.574078548341991013e-01	-1.993944220510928744e+01	2.115905558978002088e-01	-4.055260562761455745e-01	4.574078548341990458e-01	-1.993944220510928744e+01
8.015655577299412842e+11	1.665204472149474091e+00	1.493127594123563190e-02	5.016780856562571778e+00	2.772682991065375191e+00	4.972725494448684141e-02	1.793470624111256559e-02	3.268924477080584268e+01	2.380479992975507031e+01	1.108733122072642213e-01	-4.358090239515653996e-01	4.496914461243682881e-01	-2.017122917989325614e+01	1.108733122072674826e-01	-4.358090239515645115e-01	4.496914461243682326e-01	-2.017122917989324904e+01
8.078277886497064209e+11	1.666109389057909729e+00	1.511926218717186444e-02	5.119629677192105710e+00	2.775691904217836736e+00	5.038068937135053993e-02	1.815067778048202671e-02	3.208125675739888294e+01	2.367663554603103648e+01	-2.280563149582533894e-02	-4.423197284250430239e-01	4.429072577661459231e-01	-2.047186578883316344e+01	-2.280563149582625487e-02	-4.423197284250429684e-01	4.429072577661458676e-01	-2.047186578883316344e+01
8.140900195694715576e+11	1.665136703101018689e+00	1.550704737578432676e-02	5.291645051994477100e+00	2.772439771495815553e+00	5.164270748428963220e-02	1.862717019689369771e-02	2.985164436986297432e+01	2.318489897319820869e+01	-1.106129670253727382e-01	-4.175467352723832293e-01	4.319496551807650575e-01	-2.067931536258914349e+01	-1.106129670253753750e-01	-4.175467352723825631e-01	4.319496551807651130e-01	-2.067931536258915060e+01
8.203522504892368164e+11	1.665605021540288222e+00	1.546147635974094887e-02	5.316679680171404243e+00	2.774001030529000822e+00	5.150542533042196114e-02	1.856719761946155553e-02	3.004377766994418053e+01	2.322869627366675260e+01	-2.206294297015132522e-01	-3.694775805325009044e-01	4.303382713245078039e-01	-2.095866533031123424e+01	-2.206294297015164996e-01	-3.694775805324990170e-01	4.303382713245078039e-01	-2.095866533031124135e+01
8.266144814090019531e+11	1.664892476797700027e+00	1.526534162222501975e-02	5.289306066721364274e+00	2.771633928642736944e+00	5.083030484517846864e-02	1.833947272757984956e-02	2.958525451093412784e+01	2.312370603675120861e+01	-2.971001687150198189e-01	-3.137729335426196475e-01	4.321133694696733807e-01	-2.117846384988650854e+01	-2.971001687150194859e-01	-3.137729335426200361e-01	4.321133694696734362e-01	-2.117846384988650854e+01
8.328767123287670898e+11	1.665847913790136525e+00	1.533886269543569859e-02	5.355043957742079641e+00	2.774813991170160588e+00	5.110442484220981824e-02	1.841724346382536681e-02	2.911240638166310646e+01	2.301371757832981402e+01	-3.738374626601574380e-01	-2.082147202462121816e-01	4.279109933331849414e-01	-2.148297299712869091e+01	-3.738374626601577155e-01	-2.082147202462118762e-01	4.279109933331849969e-01	-2.148297299712869446e+01
8.391389432485322266e+11	1.665309665624480351e+00	1.565617050156632023e-02	5.506917622410806068e+00	2.773011166747544110e+00	5.214474412584652052e-02	1.880437581757268134e-02	2.914946994292515470e+01	2.302240317339674291e+01	-4.022390436997634877e-01	-1.156343186514029037e-01	4.185302186538917280e-01	-2.171122035251248406e+01	-4.022390436997632102e-01	-1.156343186514035004e-01	4.185302186538916169e-01	-2.171122035251248406e+01
8.454011741682974854e+11	1.665684126591526315e+00	1.599931345189275697e-02	5.669612206499810014e+00	2.774247631548043991e+00	5.329960490636009157e-02	1.921227373513828898e-02	2.909605004373063863e+01	2.300988106383218579e+01	-4.086462694471034163e-01	-1.929520257642980624e-03	4.086508247654215831e-01	-2.198642687310244170e+01	-4.086462694471033053e-01	-1.929520257646408872e-03	4.086508247654214721e-01	-2.198642687310243105e+01
8.516634050880626221e+11	1.664828425030251635e+00	1.596422104595924402e-02	5.699081664322322105e+00	2.771398828435103656e+00	5.315537796155824640e-02	1.917998139285240558e-02	2.935606163650457745e+01	2.307061510941496607e+01	-3.982969468697667437e-01	8.343817751922297243e-02	4.069427322775370226e-01	-2.219764973520942775e+01	-3.982969468697675763e-01	8.343817751921900339e-02	4.069427322775369671e-01	-2.219764973520941709e+01
8.579256360078277588e+11	1.665403034018538619e+00	1.583118227648552465e-02	5.693143828430049069e+00	2.773316639385882354e+00	5.273059799071901782e-02	1.901355122666251868e-02	2.902806060393925236e+01	2.299391042897864423e+01	-3.588744860542301129e-01	1.925388086129470322e-01	4.072616966555789864e-01	-2.248357378386271321e+01	-3.588744860542298909e-01	1.925388086129475873e-01	4.072616966555790419e-01	-2.248357378386271677e+01
8.641878669275928955e+11	1.664956732679906182e+00	1.586403659473891239e-02	5.746600796267352429e+00	2.771829254039069212e+00	5.282586907178193208e-02	1.905812524159085364e-02	2.920952396210056534e+01	2.303645301007103541e+01	-3.025861246272270599e-01	2.678585674403111683e-01	4.041120821852515754e-01	-2.271574373495577248e+01	-3.025861246272279481e-01	2.678585674403102246e-01	4.041120821852515754e-01	-2.271574373495576893e+01
8.704500978473581543e+11	1.665687722001902626e+00	1.622726587312033411e-02	5.920772736261920244e+00	2.774252263070170699e+00	5.405911505303404724e-02	1.948601277996567585e-02	2.767244559200920406e+01	2.266742106110777399e+01	-2.063851037970579894e-01	3.354904816961641334e-01	3.938891650934900346e-01	-2.301044251993513612e+01	-2.063851037970558522e-01	3.354904816961654102e-01	3.938891650934899791e-01	-2.301044251993513967e+01
8.767123287671232910e+11	1.664615212447752901e+00	1.640646731152291607e-02	6.029223073782934428e+00	2.770674633342833371e+00	5.462091013857566651e-02	1.971393879355485754e-02	2.805330706981263589e+01	2.276073675885726999e+01	-1.341566734256320059e-01	3.637953616975289073e-01	3.877435727607455584e-01	-2.320864764884105114e+01	-1.341566734256290083e-01	3.637953616975298510e-01	3.877435727607453364e-01	-2.320864764884106179e+01
8.829745596868884277e+11	1.665214788019241388e+00	1.625209297370230205e-02	6.015152607295388698e+00	2.772676159711941146e+00	5.412645111214536148e-02	1.952137501617522836e-02	2.601594561036433362e+01	2.224602957805022641e+01	-2.531850257865656331e-02	3.876827236235911855e-01	3.885085851934693690e-01	-2.349673023524153592e+01	-2.531850257865431858e-02	3.876827236235912411e-01	3.885085851934692580e-01	-2.349673023524154303e+01
8.892367906066535645e+11	1.664412433243048106e+00	1.612684708406019948e-02	6.011129048533298658e+00	2.770008672737171551e+00	5.368344959143838552e-02	1.938024603308961119e-02	2.633957583466056107e+01	2.233042695646492248e+01	5.686099822822385241e-02	3.846037947049528727e-01	3.887843258426960102e-01	-2.370872469886262834e+01	5.686099822822211075e-02	3.846037947049532613e-01	3.887843258426961213e-01	-2.370872469886262479e+01
8.954990215264188232e+11	1.665466430955143240e+00	1.625291886316388920e-02	6.100783931229642576e+00	2.773514275266890206e+00	5.413738154327417396e-02	1.951941694551567741e-02	2.453605773842715010e+01	2.184622166107038765e+01	1.703863623557106965e-01	3.437393485793443504e-01	3.836512116995898780e-01	-2.402213437725932721e+01	1.703863623557103357e-01	3.437393485793446279e-01	3.836512116995899335e-01	-2.402213437725932721e+01
9.017612524461839600e+11	1.664508949537393478e+00	1.638643607204791700e-02	6.193914974628418335e+00	2.770321527802933836e+00	5.455073898589225811e-02	1.969112192878021486e-02	2.436813709614399670e+01	2.179934069843234568e+01	2.329758439760135913e-01	2.983119102475570994e-01	3.785072518088423155e-01	-2.422498064115914929e+01	2.329758439760138411e-01	2.983119102475568218e-01	3.785072518088422600e-01	-2.422498064115914929e+01
9.080234833659490967e+11	1.665265715247747469e+00	1.675071229861676420e-02	6.375577378134305917e+00	2.772829316017080714e+00	5.578877379373057416e-02	2.011980090929870596e-02	2.242021549998745655e+01	2.123059036454840154e+01	3.020383146144113851e-01	2.111499993721188406e-01	3.685260719812913921e-01	-2.452263063598034165e+01	3.020383146144102193e-01	2.111499993721209500e-01	3.685260719812916141e-01	-2.452263063598033455e+01
9.142857142857142334e+11	1.664035494866004994e+00	1.633612245218564810e-02	6.260659368120024659e+00	2.768747259277177353e+00	5.436777521782879680e-02	1.963623622042783012e-02	2.218334215746927285e+01	2.115808208318372508e+01	3.417651734890951865e-01	1.539803980415987428e-01	3.748511661861017585e-01	-2.470943463968987430e+01	3.417651734890942428e-01	1.539803980416002971e-01	3.748511661861015920e-01	-2.470943463968987075e+01
9.205479452054794922e+11	1.665198845405371220e+00	1.653093651465370809e-02	6.378712557160867824e+00	2.772613922877329884e+00	5.505459279534169470e-02	1.985656652052291554e-02	1.991285917148934814e+01	2.042096946828667114e+01	3.664365026532873104e-01	3.759933458523761346e-02	3.683604490686062660e-01	-2.503049102193963193e+01	3.664365026532873659e-01	3.759933458523749550e-02	3.683604490686063215e-01	-2.503049102193963549e+01
9.268101761252446289e+11	1.664379565160074792e+00	1.608056956950567468e-02	6.247142060580361367e+00	2.769900752204760064e+00	5.352834277524037149e-02	1.932500387699211813e-02	1.985073651600885469e+01	2.039963894273072498e+01	3.734278242271963366e-01	-4.009961518681261217e-02	3.755746517607229662e-01	-2.523971382332814528e+01	3.734278242271965031e-01	-4.009961518681258441e-02	3.755746517607231327e-01	-2.523971382332814528e+01
9.330724070450097656e+11	1.665447461061934087e+00	1.707592086266536066e-02	6.678649332669684746e+00	2.773423658484334364e+00	5.687809809204107114e-02	2.050826166353709665e-02	1.932757194584329952e+01	2.021731013185952364e+01	3.213759392398874426e-01	-1.448562424896633893e-01	3.525135817391210624e-01	-2.555620843360852845e+01	3.213759392398893855e-01	-1.448562424896590317e-01	3.525135817391210624e-01	-2.555620843360851424e+01
9.393346379647749023e+11	1.664210128851257631e+00	1.645853888096090317e-02	6.480384522694658145e+00	2.769324469469023775e+00	5.478093422357475928e-02	1.978133470003902439e-02	1.899409716345102339e+01	2.009849646918753052e+01	2.979075015881953448e-01	-2.073581431581913437e-01	3.629687025578563486e-01	-2.574081041984560159e+01	2.979075015881968436e-01	-2.073581431581893453e-01	3.629687025578564041e-01	-2.574081041984559803e+01
9.455968688845401611e+11	1.665064172084916638e+00	1.716854315671803577e-02	6.805007858579646296e+00	2.772143938286704579e+00	5.717345219428975750e-02	2.062427257281064172e-02	1.826914287460536457e+01	1.983283923219000755e+01	2.115922265161315208e-01	-2.738470870542609181e-01	3.460686310692690504e-01	-2.604568756059968848e+01	2.115922265161301608e-01	-2.738470870542616398e-01	3.460686310692688283e-01	-2.604568756059969559e+01
9.518590998043052979e+11	1.664320173306938822e+00	1.632876266536638366e-02	6.515010259312054686e+00	2.769695010786256795e+00	5.435257821822090524e-02	1.962403008510001101e-02	1.851900636467336980e+01	1.992557310143179095e+01	1.556063969456882856e-01	-3.258816738393515156e-01	3.611263160097261671e-01	-2.625805667407027499e+01	1.556063969456882023e-01	-3.258816738393517931e-01	3.611263160097263336e-01	-2.625805667407027499e+01
9.581213307240704346e+11	1.665229445112812012e+00	1.739561857628582620e-02	6.986337254102497951e+00	2.772686497325071997e+00	5.793539253836513941e-02	2.089503901514212433e-02	1.761517732836178851e+01	1.958399070647432438e+01	4.592610619048893839e-02	-3.338449511740780307e-01	3.369891076195826174e-01	-2.656682846693497879e+01	4.592610619049161680e-02	-3.338449511740776976e-01	3.369891076195826174e-01	-2.656682846693496813e+01
9.643835616438355713e+11	1.664444900726518961e+00	1.674121845906342484e-02	6.767465083742167486e+00	2.770096559159017868e+00	5.572967139227357619e-02	2.011831364073197320e-02	1.786165353603216133e+01	1.967884871739277841e+01	-2.528590149332540435e-02	-3.470893260457794116e-01	3.480091623351941332e-01	-2.677626036242822849e+01	-2.528590149332822848e-02	-3.470893260457793561e-01	3.480091623351943553e-01	-2.677626036242823560e+01
9.706457925636008301e+11	1.664889045412994761e+00	1.784547934705437225e-02	7.260694360359007504e+00	2.771537072403067015e+00	5.942148615010933027e-02	2.143990305660526882e-02	1.752898561064335681e+01	1.955050572653480501e+01	-1.123786948251736945e-01	-3.035997668086640733e-01	3.237310449383634658e-01	-2.705805300138045766e+01	-1.123786948251732365e-01	-3.035997668086641843e-01	3.237310449383634658e-01	-2.705805300138045411e+01
9.769080234833659668e+11	1.664078462686815696e+00	1.683442470863891899e-02	6.893521227135897433e+00	2.768873732122844711e+00	5.602760717873759427e-02	2.023480035537129906e-02	1.697511716545112037e+01	1.933132112951254911e+01	-1.819787215772535327e-01	-2.891640784665369113e-01	3.416608250623607290e-01	-2.726524227193213790e+01	-1.819787215772528943e-01	-2.891640784665372998e-01	3.416608250623607845e-01	-2.726524227193213790e+01
9.831702544031311035e+11	1.664580920413573750e+00	1.779323947417171814e-02	7.332851930282460629e+00	2.770513041233915175e+00	5.923657388211178015e-02	2.138108465850402026e-02	1.734983879018422925e+01	1.948037829619187988e+01	-2.400822374272982007e-01	-2.120837457774626400e-01	3.203419984190287173e-01	-2.755077758882195127e+01	-2.400822374272979787e-01	-2.120837457774628620e-01	3.203419984190287173e-01	-2.755077758882195127e+01
9.894324853228962402e+11	1.663889266848006754e+00	1.657248379237240624e-02	6.873262478157331046e+00	2.768252845112949334e+00	5.514955581428199194e-02	1.992215267172670404e-02	1.385693397512497071e+01	1.794576752141449560e+01	-2.991018870405459662e-01	-1.672472584241829763e-01	3.426858390444825209e-01	-2.776448156726864269e+01	-2.991018870405456331e-01	-1.672472584241836424e-01	3.426858390444825209e-01	-2.776448156726863914e+01
9.956947162426614990e+11	1.664540047330040684e+00	1.808145531812066498e-02	7.546555078865745614e+00	2.770366630139072583e+00	6.019461298204117211e-02	2.172803134689050078e-02	1.536051363805108672e+01	1.864900957188590525e+01	-3.033219271327909361e-01	-6.624367065305789004e-02	3.104712794786998464e-01	-2.805931600821478256e+01	-3.033219271327912137e-01	-6.624367065305673818e-02	3.104712794786998464e-01	-2.805931600821478611e+01
1.001956947162426636e+12	1.663736967163216507e+00	1.683745579974986473e-02	7.071551207499592095e+00	2.767737195987649113e+00	5.602619529404109788e-02	2.024259939681466447e-02	1.499981014721827499e+01	1.848679075789327442e+01	-3.328703214624479378e-01	-2.900395697024113397e-03	3.328829572172669060e-01	-2.826562081264515314e+01	-3.328703214624481599e-01	-2.900395697024168041e-03	3.328829572172671281e-01	-2.826562081264515314e+01
1.008219178082191772e+12	1.664206138242436683e+00	1.802285561610788428e-02	7.616715232092872156e+00	2.769257247239245157e+00	5.998749388996783144e-02	2.166194345063866822e-02	1.501130783024869508e+01	1.849202152060554027e+01	-2.957341083654036473e-01	8.355885852682136405e-02	3.073121307221465259e-01	-2.854970308235730059e+01	-2.957341083654035363e-01	8.355885852682244652e-02	3.073121307221466370e-01	-2.854970308235730414e+01
1.014481409001956909e+12	1.663715597914246169e+00	1.657276107827564821e-02	7.047387035999152616e+00	2.767674934333399950e+00	5.514472221286663423e-02	1.992456611460707849e-02	1.369347137953314508e+01	1.786475869619489742e+01	-2.931006032566185748e-01	1.602840990053413239e-01	3.340642992349643348e-01	-2.877476079311104229e+01	-2.931006032566189634e-01	1.602840990053409076e-01	3.340642992349644458e-01	-2.877476079311104229e+01
1.020743639921722046e+12	1.664269298852414147e+00	1.820788636250168097e-02	7.790500825521223582e+00	2.769460771976916647e+00	6.060565254021021281e-02	2.188355695572761009e-02	1.330363436071980310e+01	1.766759230025896699e+01	-2.108417797098588731e-01	2.128305441404124698e-01	2.995848737675597673e-01	-2.906442612108303791e+01	-2.108417797098579849e-01	2.128305441404135523e-01	2.995848737675598783e-01	-2.906442612108304147e+01
1.027005870841487305e+12	1.663823882309236613e+00	1.655632411490954789e-02	7.127315881832315014e+00	2.768035799474382497e+00	5.509361493127767906e-02	1.990350520095849479e-02	1.210827531855410299e+01	1.702487715101686305e+01	-1.734542531162959478e-01	2.809379136160227719e-01	3.301703942376661982e-01	-2.929200653004869537e+01	-1.734542531162949486e-01	2.809379136160233270e-01	3.301703942376661982e-01	-2.929200653004869892e+01
1.033268101761252441e+12	1.663981135253628230e+00	1.840670790915056865e-02	7.972202180402921279e+00	2.768494411583900749e+00	6.125682944590059992e-02	2.212640530881713682e-02	1.237837958045371778e+01	1.717548806076284507e+01	-8.291022878390764961e-02	2.796991312562508436e-01	2.917288296732110098e-01	-2.955695508972644348e+01	-8.291022878390720552e-02	2.796991312562510101e-01	2.917288296732110098e-01	-2.955695508972644703e+01
1.039530332681017578e+12	1.663855335815585867e+00	1.627188402528782774e-02	7.090292757969135273e+00	2.768149804312263651e+00	5.414812211849508866e-02	1.956112419715954828e-02	1.024338493982063625e+01	1.588307420908370204e+01	-1.346581798367423900e-02	3.316909685627553173e-01	3.319641951778357081e-01	-2.980455500915580203e+01	-1.346581798367261183e-02	3.316909685627555948e-01	3.319641951778359301e-01	-2.980455500915580558e+01
1.045792563600782715e+12	1.663731335890714202e+00	1.830984370065008929e-02	8.026373168900986954e+00	2.767666707648358315e+00	6.092532144006550243e-02	2.201324360035850081e-02	1.111275051958141979e+01	1.643917905949583158e+01	5.932110199242899423e-02	2.832895278112810833e-01	2.894338434066320298e-01	-3.005154860594634769e+01	5.932110199242807136e-02	2.832895278112814164e-01	2.894338434066320853e-01	-3.005154860594634414e+01
1.052054794520547974e+12	1.664532141549911914e+00	1.612557732325042847e-02	7.111198360694812592e+00	2.770407216008727858e+00	5.368308351119746580e-02	1.937732590392889781e-02	9.499015600090627842e+00	1.536804568518532221e+01	1.626096638742736689e-01	2.882068510918942006e-01	3.309155357513598461e-01	-3.035881896521730994e+01	1.626096638742740574e-01	2.882068510918942006e-01	3.309155357513600682e-01	-3.035881896521731349e+01
1.058317025440313110e+12	1.663721006743686059e+00	1.872944656777828648e-02	8.308638976319366876e+00	2.767616796111489030e+00	6.232114739899233258e-02	2.251798279536161226e-02	1.023741050584350099e+01	1.587909142467166923e+01	1.823051557727226046e-01	2.094952531215683034e-01	2.777110564989925257e-01	-3.056124163177219799e+01	1.823051557727202454e-01	2.094952531215701352e-01	2.777110564989924146e-01	-3.056124163177218733e+01
1.064579256360078247e+12	1.664818036215079511e+00	1.655706992433597646e-02	7.388404149898180506e+00	2.771344957142554577e+00	5.512901727381755435e-02	1.989251360850412612e-02	8.981763664682608450e+00	1.498580921060490034e+01	2.745531518130476245e-01	1.599231914628377049e-01	3.177339458385550208e-01	-3.088848500577013922e+01	2.745531518130486792e-01	1.599231914628362339e-01	3.177339458385551874e-01	-3.088848500577014278e+01
1.070841487279843384e+12	1.663417170570270054e+00	1.880989312955944764e-02	8.443075594914043691e+00	2.766602871268457609e+00	6.257739841660187041e-02	2.261885833578666447e-02	9.687952567700104822e+00	1.550249588868548578e+01	2.544417333059912356e-01	9.701065998251746925e-02	2.723080310934673509e-01	-3.105167140791313329e+01	2.544417333059904029e-01	9.701065998251981459e-02	2.723080310934674064e-01	-3.105167140791312264e+01
1.077103718199608643e+12	1.665118602431528316e+00	1.694263958597431313e-02	7.649406817211806597e+00	2.772332907127386115e+00	5.642300869779727501e-02	2.035217651990475426e-02	9.067039094781915054e+00	1.505031750978310789e+01	3.057996764704445369e-01	-1.113543359054267696e-03	3.058017039001598714e-01	-3.141956793424773409e+01	3.057996764704445924e-01	-1.113543359054557178e-03	3.058017039001599269e-01	-3.141956793424773409e+01
1.083365949119373779e+12	1.663619819524616350e+00	1.928285861656717573e-02	8.756604994895356597e+00	2.767259075278690528e+00	6.415869154322435819e-02	2.318492407031421190e-02	9.624481253056242025e+00	1.545762353097622999e+01	2.567822026548440273e-01	-4.126539005541626781e-02	2.600767810026474169e-01	-3.157526611128253435e+01	2.567822026548443048e-01	-4.126539005541474819e-02	2.600767810026474725e-01	-3.157526611128252725e+01
1.089628180039138916e+12	1.664661074166682075e+00	1.772689992101030704e-02	8.096555186862852693e+00	2.770782248864962050e+00	5.901856052830858207e-02	2.130032432266565010e-02	8.423064444596066735e+00	1.454738512701259978e+01	2.534795389977232971e-01	-1.333874310326646773e-01	2.864333839621217015e-01	-3.190033386308520136e+01	2.534795389977239077e-01	-1.333874310326637058e-01	2.864333839621217570e-01	-3.190033386308519781e+01
1.095890410958904053e+12	1.662808081259094850e+00	2.020020340726421532e-02	9.279231945978322571e+00	2.764522666882857749e+00	6.717812293735288265e-02	2.430008035097780059e-02	5.918190998531292379e+00	1.213797199458015896e+01	1.968030990781454159e-01	-1.389965433872886458e-01	2.409387865835982967e-01	-3.203084958948403482e+01	1.968030990781447220e-01	-1.389965433872895617e-01	2.409387865835982967e-01	-3.203084958948404193e+01
1.102152641878669189e+12	1.668427044585579333e+00	1.893132149339830234e-02	8.746047624666180909e+00	2.783290408171084529e+00	6.317105753865996653e-02	2.269653836811445780e-02	2.041707668245564378e+00	4.872762057323431151e+00	8.202065347001166740e-02	-2.470308349394588210e-01	2.602914155452190070e-01	-3.266614939321117816e+01	8.202065347001231965e-02	-2.470308349394585712e-01	2.602914155452190070e-01	-3.266614939321117816e+01
1.108414872798434326e+12	1.662822522733939268e+00	1.808270128551009437e-02	8.401460961770434110e+00	2.764651758025480799e+00	6.013664593883228521e-02	2.175197862235711890e-02	7.184386404599689691e+00	1.346151562538993218e+01	1.179086984868857463e-01	-2.473297214426500856e-01	2.739971756930538738e-01	-3.254186658253378539e+01	1.179086984868860655e-01	-2.473297214426498913e-01	2.739971756930538183e-01	-3.254186658253378539e+01
1.114677103718199707e+12	1.665238754546400246e+00	1.842563121925582317e-02	8.609156770768754185e+00	2.772680605757418260e+00	6.136615036656967170e-02	2.213242673503180644e-02	5.740286934751555492e+00	1.192961189005536404e+01	6.554453790464979945e-03	-2.656096019115087858e-01	2.656904618010995089e-01	-3.296205084868211799e+01	6.554453790466727679e-03	-2.656096019115087303e-01	2.656904618010995089e-01	-3.296205084868211799e+01
1.120939334637964844e+12	1.662886453857697955e+00	1.828872806899738482e-02	8.593197091746407779e+00	2.764856880849047904e+00	6.082415632844560827e-02	2.199902524783394278e-02	7.050479555847298130e+00	1.333307599151297573e+01	-1.843154770262254993e-02	-2.657677924384815871e-01	2.664061588033164729e-01	-3.305596406902567708e+01	-1.843154770262235564e-02	-2.657677924384815871e-01	2.664061588033164729e-01	-3.305596406902567708e+01
1.127201565557729980e+12	1.664640447412696789e+00	1.891773810424958804e-02	8.938403446516334228e+00	2.770669938347362304e+00	6.298246404378851637e-02	2.273185382787097294e-02	8.094872848017420353e+00	1.427607522636882642e+01	-1.090918789768602903e-01	-2.284969717323387106e-01	2.532032862139650953e-01	-3.343215402364083388e+01	-1.090918789768609426e-01	-2.284969717323383498e-01	2.532032862139650953e-01	-3.343215402364083388e+01
1.133463796477495117e+12	1.662793557632068708e+00	1.894676555937394383e-02	9.001852561566311195e+00	2.764523435377550076e+00	6.300911942018430634e-02	2.279203663599226048e-02	7.864006742203788924e+00	1.407854893125527340e+01	-1.359282130282367940e-01	-2.109253788502253590e-01	2.509302583192405955e-01	-3.355917773363759693e+01	-1.359282130282356560e-01	-2.109253788502260529e-01	2.509302583192405955e-01	-3.355917773363759693e+01
1.139726027397260254e+12	1.664738649406384052e+00	1.879673628901456367e-02	8.979911896434080276e+00	2.771001453532273118e+00	6.258330676604414999e-02	2.258508622803768670e-02	7.271062709563832271e+00	1.354338299651227473e+01	-2.066579444502021912e-01	-1.436230642734135643e-01	2.516646391443739250e-01	-3.395017054560278069e+01	-2.066579444502028573e-01	-1.436230642734127039e-01	2.516646391443739250e-01	-3.395017054560278780e+01
1.145988258317025391e+12	1.663024575404174588e+00	1.992442269327628079e-02	9.570950622189528190e+00	2.765253755778575240e+00	6.626960917931817852e-02	2.396510954585415187e-02	7.218612206481998861e+00	1.349395992258820520e+01	-2.055556876930720034e-01	-1.050694659847858370e-01	2.308521895614157327e-01	-3.408499266932164318e+01	-2.055556876930716981e-01	-1.050694659847864754e-01	2.308521895614157604e-01	-3.408499266932164318e+01
1.152250489236790527e+12	1.664513356979756553e+00	1.903635531663820310e-02	9.194325287667785673e+00	2.770242332740277202e+00	6.337253538551378129e-02	2.287617030342133789e-02	5.326215605166362721e+00	1.141851362394318059e+01	-2.423600173170715744e-01	-2.728834213339821624e-02	2.438914340650787105e-01	-3.444539716513257588e+01	-2.423600173170717409e-01	-2.728834213339696030e-02	2.438914340650787105e-01	-3.444539716513257588e+01
1.158512720156555664e+12	1.661918032191592509e+00	2.091487418059867140e-02	1.015652692062734275e+01	2.761534113761584752e+00	6.951761308351057933e-02	2.517354854936705577e-02	4.228221311938663796e+00	9.842519104307109856e+00	-2.117285975460392322e-01	-8.792495070360659137e-03	2.119110827407924280e-01	-3.451601583966824194e+01	-2.117285975460393710e-01	-8.792495070358443895e-03	2.119110827407924558e-01	-3.451601583966824904e+01
1.164774951076321045e+12	1.664358847235476002e+00	1.581181676737600933e-02	7.719922783617488626e+00	2.769840358821517690e+00	5.263307425529700767e-02	1.900220497822869767e-02	1.253141641780164850e+00	1.540456098905611526e+00	-2.801543918943256717e-01	1.146153902286039528e-01	3.026931961160253537e-01	-3.494585862473095972e+01	-2.801543918943257272e-01	1.146153902286040221e-01	3.026931961160254092e-01	-3.494585862473095972e+01
1.171037181996086182e+12	1.662934281865419139e+00	1.795720004134073247e-02	8.814515919998815008e+00	2.765027964769932733e+00	5.972328711012125230e-02	2.159952371949720729e-02	3.074944118961411288e+00	7.668271347905108115e+00	-2.210696676391099014e-01	1.328292911606895610e-01	2.579058326992969552e-01	-3.509856206400439049e+01	-2.210696676391104842e-01	1.328292911606886451e-01	2.579058326992969552e-01	-3.509856206400439049e+01
1.177299412915851318e+12	1.666631618353373812e+00	2.217725151059811786e-02	1.094419469233697839e+01	2.777169120810621283e+00	7.392261715147589729e-02	2.661797461218307070e-02	4.158223172075468987e+00	9.728558288789320940e+00	-9.181698270743189616e-02	1.648387623782190392e-01	1.886853886655769086e-01	-3.562010561785672991e+01	-9.181698270743354762e-02	1.648387623782182065e-01	1.886853886655769641e-01	-3.562010561785672280e+01
1.183561643835616455e+12	1.662431413839632777e+00	2.118206153300353223e-02	1.050868244955818831e+01	2.763229525990052338e+00	7.042744900469832814e-02	2.548736843692508622e-02	4.867690428860095508e+00	1.080397023598128214e+01	-1.063788789549846153e-01	1.708262543587714122e-01	2.012413353810964534e-01	-3.557134919022779229e+01	-1.063788789549850872e-01	1.708262543587710791e-01	2.012413353810963978e-01	-3.557134919022779229e+01
1.189823874755381592e+12	1.664614668552149457e+00	2.493293799250668324e-02	1.243498590071579457e+01	2.770320343362044024e+00	8.300746862485561262e-02	2.996313001265342793e-02	4.899355270080547164e+00	1.084823441939390065e+01	-2.166886880023827580e-02	1.501605567450586265e-01	1.517159605218512120e-01	-3.598500017859097255e+01	-2.166886880023902867e-02	1.501605567450585710e-01	1.517159605218512397e-01	-3.598500017859097255e+01
1.196086105675146729e+12	1.659911410345356941e+00	2.193884118358022800e-02	1.099930616568119035e+01	2.754824577442233746e+00	7.283306562075891888e-02	2.643836787908364003e-02	5.293714284116938451e+00	1.137672889779480911e+01	-4.320950990571205408e-02	1.823059626796340593e-01	1.873566806250579475e-01	-3.589559350780917413e+01	-4.320950990571247735e-02	1.823059626796340038e-01	1.873566806250579475e-01	-3.589559350780917413e+01
1.202348336594911865e+12	1.661727114075913780e+00	2.461981451248185584e-02	1.240807027722633471e+01	2.760730866388436233e+00	8.182282663782154686e-02	2.963810331314962673e-02	4.820305108072546751e+00	1.073718965415646664e+01	2.347424058236970493e-02	1.505621643936110032e-01	1.523811186394420647e-01	-3.628298095043593463e+01	2.347424058236935798e-02	1.505621643936109755e-01	1.523811186394420092e-01	-3.628298095043593463e+01
1.208610567514677002e+12	1.657952821869827176e+00	2.016383126841355886e-02	1.021524066663201147e+01	2.748400979454701964e+00	6.686136190234663601e-02	2.432736795036810964e-02	3.780560476535373748e+00	9.078555980855846030e+00	2.718654235778059092e-02	2.084553033737275574e-01	2.102206497706735622e-01	-3.625800258268314735e+01	2.718654235778153461e-02	2.084553033737274741e-01	2.102206497706736177e-01	-3.625800258268314735e+01
1.214872798434442139e+12	1.658896928786914415e+00	2.445209890832294314e-02	1.245191401457983105e+01	2.751341115197634579e+00	8.112702356282158744e-02	2.948635598643102596e-02	3.887904610483287282e+00	9.269688718684523820e+00	6.621974239350862657e-02	1.362277488556755956e-01	1.514696465994017638e-01	-3.658077805581020669e+01	6.621974239351034741e-02	1.362277488556747629e-01	1.514696465994017915e-01	-3.658077805581022091e+01
1.221135029354207520e+12	1.658666871383341013e+00	1.914651196986317735e-02	9.800371038379742217e+00	2.750809201303988871e+00	6.351537021391329141e-02	2.308970399830150705e-02	5.198723237516983176e+00	1.125311850491801913e+01	1.420720040705525378e-01	1.723627131005108504e-01	2.233682144083891652e-01	-3.681767617399673043e+01	1.420720040705515663e-01	1.723627131005116275e-01	2.233682144083891374e-01	-3.681767617399672332e+01
1.227397260273972656e+12	1.659422694405849219e+00	2.309711291366165972e-02	1.188316173504441409e+01	2.753150202084222009e+00	7.665574668836913630e-02	2.784292212983451031e-02	4.470338035249061370e+00	1.022264415376604596e+01	1.384306653715154933e-01	8.908143045021901796e-02	1.646163733237301918e-01	-3.712731299551106190e+01	1.384306653715156599e-01	8.908143045021880979e-02	1.646163733237302196e-01	-3.712731299551106900e+01
1.233659491193737793e+12	1.659096741311063772e+00	1.793443320606333616e-02	9.274107408057860269e+00	2.752280353134568092e+00	5.950991937888122640e-02	2.162204126883566363e-02	3.646997975543463166e+00	8.833016054370853354e+00	2.272678312880128670e-01	8.094590277032021053e-02	2.412527850899525428e-01	-3.735695128893483741e+01	2.272678312880138662e-01	8.094590277031729619e-02	2.412527850899524873e-01	-3.735695128893485162e+01
1.239921722113502930e+12	1.658198449848208078e+00	2.182030359296247696e-02	1.134081375590624141e+01	2.749145973430111134e+00	7.236478718613532923e-02	2.632264269905091117e-02	5.096179322338623585e+00	1.111711852061786843e+01	1.760482240108117991e-01	2.799497715888864258e-02	1.782601916398825759e-01	-3.754141343625293104e+01	1.760482240108118823e-01	2.799497715888822277e-02	1.782601916398826036e-01	-3.754141343625293814e+01
1.246183953033268066e+12	1.659501275366588979e+00	1.800721395835257546e-02	9.406278659297170108e+00	2.753620223188793403e+00	5.976598905937028500e-02	2.170451413599768994e-02	4.962002498363093927e+00	1.093497210477997861e+01	2.320985255009525294e-01	-4.599733234360638828e-02	2.366125104943618551e-01	-3.789475698502396739e+01	2.320985255009526127e-01	-4.599733234360607603e-02	2.366125104943618829e-01	-3.789475698502396739e+01
1.252446183953033203e+12	1.658298132760922750e+00	2.148706727193483781e-02	1.128042282037743149e+01	2.749491003058414318e+00	7.126392707111575686e-02	2.591895263226715734e-02	5.008618410567660106e+00	1.099880609422452871e+01	1.685531602245809168e-01	-6.271161661265764464e-02	1.798413597587223689e-01	-3.805530107258309158e+01	1.685531602245807226e-01	-6.271161661265804710e-02	1.798413597587223411e-01	-3.805530107258309869e+01
1.258708414872798340e+12	1.659503057992390840e+00	1.748604805323369926e-02	9.225840970597603885e+00	2.753644637609576229e+00	5.803630043308643377e-02	2.107617651182014037e-02	4.549195303347927322e+00	1.034201700457296980e+01	1.853422944247958282e-01	-1.570756750739269181e-01	2.429496528142766620e-01	-3.840214670957909959e+01	1.853422944247961612e-01	-1.570756750739265850e-01	2.429496528142766898e-01	-3.840214670957909959e+01
1.264970645792563477e+12	1.658274837114987577e+00	2.117176012394884205e-02	1.122603969436571525e+01	2.749427191981992813e+00	7.021719414195770614e-02	2.553884472617727261e-02	4.278347280086686411e+00	9.922973584369232825e+00	1.181811860173741097e-01	-1.374618112678417103e-01	1.812802865330616076e-01	-3.855978761001882305e+01	1.181811860173749146e-01	-1.374618112678409887e-01	1.812802865330616076e-01	-3.855978761001881594e+01
1.271232876712328857e+12	1.659853590998487949e+00	1.729059057325233253e-02	9.213488633048651621e+00	2.754814979028203936e+00	5.739969770699497598e-02	2.083613532813134717e-02	3.934345925527247267e+00	9.350750236305580998e+00	7.960003095913797955e-02	-2.299915602213779831e-01	2.433768327137146581e-01	-3.893671214061332364e+01	7.960003095913989468e-02	-2.299915602213772892e-01	2.433768327137146303e-01	-3.893671214061330943e+01
1.277495107632093994e+12	1.658263965558816722e+00	2.097155985177513379e-02	1.122998408873900900e+01	2.749399573148235909e+00	6.955276400751740640e-02	2.529743755211073461e-02	3.513041409091165690e+00	8.577548285499538849e+00	3.683044817153322686e-02	-1.773927591650439062e-01	1.811758066539328749e-01	-3.906519565485986334e+01	3.683044817153348360e-02	-1.773927591650437952e-01	1.811758066539328194e-01	-3.906519565485986334e+01
1.283757338551859131e+12	1.660531971987049937e+00	1.733704460622896917e-02	9.329259359474528779e+00	2.757065856875522414e+00	5.757743373681767363e-02	2.088359028248530300e-02	3.514808903744599089e+00	8.580982065409356707e+00	-5.401336600608127453e-02	-2.330835007380678003e-01	2.392600301421441977e-01	-3.949762278860922748e+01	-5.401336600608027533e-02	-2.330835007380680779e-01	2.392600301421442255e-01	-3.949762278860922038e+01
1.290019569471624268e+12	1.658424323972165215e+00	2.080487389751266292e-02	1.124994883936373924e+01	2.749938395564641702e+00	6.900661785761716405e-02	2.509387772792201488e-02	2.883975538991573107e+00	7.230567892692530307e+00	-5.583484075422854437e-02	-1.717967642808816975e-01	1.806423473591695916e-01	-3.958414476701106821e+01	-5.583484075422804477e-02	-1.717967642808818363e-01	1.806423473591695916e-01	-3.958414476701106821e+01
1.296281800391389404e+12	1.661486712769782104e+00	1.714802326070945238e-02	9.317569667963738311e+00	2.760244042008786369e+00	5.698242559587181344e-02	2.064398101350577164e-02	2.908110074664124411e+00	7.287458861421431067e+00	-1.738457939422396459e-01	-1.649331782994578055e-01	2.396357931849255052e-01	-4.008160832083435565e+01	-1.738457939422415610e-01	-1.649331782994558626e-01	2.396357931849255607e-01	-4.008160832083436986e+01
1.302544031311154541e+12	1.658603235228451878e+00	2.084825239133654071e-02	1.138285569763592697e+01	2.750530042282514742e+00	6.915795773026019166e-02	2.514350204038119652e-02	2.713195913212510746e+00	6.813852912090657021e+00	-1.313104875664728166e-01	-1.189174381503641797e-01	1.771547381279724720e-01	-4.010479294105664394e+01	-1.313104875664729276e-01	-1.189174381503641242e-01	1.771547381279724998e-01	-4.010479294105665105e+01
1.308806262230919678e+12	1.661870729136712743e+00	1.808609084878554443e-02	9.922228710007416908e+00	2.761487213679198582e+00	6.011348997220811868e-02	2.176852012003974157e-02	2.883086967019748759e+00	7.228464236343655536e+00	-2.140405296455968609e-01	-4.779066387842200586e-02	2.193109570562034871e-01	-4.062102913675837357e+01	-2.140405296455964446e-01	-4.779066387842358099e-02	2.193109570562034594e-01	-4.062102913675836646e+01
1.315068493150684814e+12	1.657747463930198561e+00	2.121140605289714015e-02	1.169248958717200715e+01	2.747676730420264057e+00	7.032630918116779262e-02	2.559482649562316164e-02	3.000603889745862674e+00	7.501201931888079599e+00	-1.618291277520286231e-01	-4.980839271203657548e-02	1.693208273471956959e-01	-4.054212193797517472e+01	-1.618291277520285121e-01	-4.980839271203685997e-02	1.693208273471956959e-01	-4.054212193797517472e+01
1.321330724070450195e+12	1.661202247082123051e+00	1.863511661843770748e-02	1.032126216520266837e+01	2.759245638139312007e+00	6.191339520237226779e-02	2.243852245214505645e-02	3.006491782907396271e+00	7.514584280879406997e+00	-2.011935880967416768e-01	4.817140843651799426e-02	2.068800243667792693e-01	-4.107570870117331907e+01	-2.011935880967416490e-01	4.817140843651793874e-02	2.068800243667792416e-01	-4.107570870117331907e+01
1.327592954990215332e+12	1.657228164066990361e+00	2.128267909569689711e-02	1.184350906832460915e+01	2.745952235347357107e+00	7.054051040837736042e-02	2.568890656594182906e-02	2.880758659420168399e+00	7.222948990461691032e+00	-1.633822554356776369e-01	2.718884503747320477e-02	1.656290876800350642e-01	-4.100560583952672999e+01	-1.633822554356773871e-01	2.718884503747459949e-02	1.656290876800350642e-01	-4.100560583952673710e+01
1.333855185909980469e+12	1.661539699686580329e+00	1.954041092079782452e-02	1.092525381068281121e+01	2.760332345975617940e+00	6.493433698618958361e-02	2.352410103111661835e-02	3.028520828668209486e+00	7.564421783581032344e+00	-1.358083759488099840e-01	1.319497266317038453e-01	1.893532290087356351e-01	-4.161169270496913697e+01	-1.358083759488099285e-01	1.319497266317038731e-01	1.893532290087356074e-01	-4.161169270496913697e+01
1.340117416829745605e+12	1.656614568571197488e+00	2.103584625318591361e-02	1.181658547048210472e+01	2.743929321974747371e+00	6.969657873050325025e-02	2.540028205986884224e-02	3.294825291163714809e+00	8.139762734342415484e+00	-1.353590596110937627e-01	9.660850743305901545e-02	1.662987634567469064e-01	-4.146057948069699250e+01	-1.353590596110939015e-01	9.660850743305897381e-02	1.662987634567469897e-01	-4.146057948069699250e+01
1.346379647749510742e+12	1.661490924554136495e+00	1.925539895129247878e-02	1.086698882269231348e+01	2.760181321986985736e+00	6.398534121248337925e-02	2.318157169704413573e-02	3.198831200960698506e+00	7.937915099743869440e+00	-5.553502306030910773e-02	1.827246432037697432e-01	1.909775746527691553e-01	-4.211644482914446996e+01	-5.553502306031057184e-02	1.827246432037692714e-01	1.909775746527691553e-01	-4.211644482914446286e+01
1.352641878669275879e+12	1.656304221763539308e+00	2.124500613875719354e-02	1.204561148138131266e+01	2.742892324745887844e+00	7.037638671803170265e-02	2.565772855285219575e-02	3.291463089081040572e+00	8.132792940242238089e+00	-7.308723541301478943e-02	1.432523160552482411e-01	1.608196817417264224e-01	-4.193972708393986437e+01	-7.308723541301434534e-02	1.432523160552484354e-01	1.608196817417264224e-01	-4.193972708393987148e+01
1.358904109589041016e+12	1.661231604130147588e+00	1.958376727129809355e-02	1.115511912806506700e+01	2.759306918620286986e+00	6.506634623802003137e-02	2.358068462733917472e-02	3.085610414204184693e+00	7.691910455027937132e+00	3.493122074823826195e-02	1.797288971020375437e-01	1.830919622388622325e-01	-4.260346271210324431e+01	3.493122074823701295e-02	1.797288971020377379e-01	1.830919622388621770e-01	-4.260346271210323721e+01
1.365166340508806152e+12	1.655155706489980449e+00	2.071133974406201561e-02	1.185176210976844224e+01	2.739111453132352381e+00	6.856098433287395599e-02	2.503037408516911588e-02	3.128520267651170528e+00	7.786190632678235524e+00	-1.045959349498839543e-02	1.651490819522987430e-01	1.654799757244588554e-01	-4.234825105140880197e+01	-1.045959349498884298e-02	1.651490819522987152e-01	1.654799757244588554e-01	-4.234825105140879486e+01
1.371428571428571533e+12	1.661439629803710627e+00	1.877315105150130503e-02	1.079194016300873038e+01	2.760029212281888800e+00	6.238091426651094090e-02	2.260154131301267411e-02	2.647489814085886906e+00	6.646495894564313112e+00	1.270452882616586454e-01	1.454071763747477875e-01	1.930900106446860054e-01	-4.312960591476945638e+01	1.270452882616593393e-01	1.454071763747472046e-01	1.930900106446860054e-01	-4.312960591476946348e+01
1.377690802348336670e+12	1.654499465841730244e+00	2.025986027686183660e-02	1.169977112481997672e+01	2.736958020532132885e+00	6.703985601219199231e-02	2.449429458152879366e-02	2.536864361340770646e+00	6.355113595209460620e+00	6.357444911375061125e-02	1.568259786382347754e-01	1.692220380327483786e-01	-4.279663833888319857e+01	6.357444911375120800e-02	1.568259786382345811e-01	1.692220380327484064e-01	-4.279663833888319857e+01
1.383953033268101807e+12	1.662173912708343915e+00	1.879212661574142934e-02	1.090150461283032257e+01	2.762468972065422967e+00	6.247156524999507993e-02	2.261439526804414832e-02	2.144375116579050999e+00	5.207688084074302282e+00	1.825096134081172494e-01	5.280426054651621987e-02	1.899948655049519541e-01	-4.370066416234087825e+01	1.825096134081176935e-01	5.280426054651461698e-02	1.899948655049519264e-01	-4.370066416234088535e+01
1.390215264187866943e+12	1.653819617528682340e+00	1.878002335560088540e-02	1.094377969291006636e+01	2.734766638045480036e+00	6.211754208627915524e-02	2.271401925930841351e-02	1.996016757196739544e+00	4.718254928785739821e+00	1.395949311309176710e-01	1.274992354813281326e-01	1.890576627533748499e-01	-4.324215432568930595e+01	1.395949311309171437e-01	1.274992354813287987e-01	1.890576627533748777e-01	-4.324215432568930595e+01
1.396477495107632080e+12	1.663176294157785451e+00	1.897408111262495131e-02	1.110666966225727492e+01	2.765795369694356243e+00	6.311448381988959966e-02	2.281965054662170658e-02	1.747265426513183950e+00	3.809618407077161706e+00	1.753562953675409652e-01	-5.685248070422559141e-02	1.843421679574497596e-01	-4.429581547107635231e+01	1.753562953675414926e-01	-5.685248070422400934e-02	1.843421679574497596e-01	-4.429581547107634520e+01
1.402739726027397217e+12	1.652983490480383733e+00	1.669140554697594314e-02	9.814296330522292777e+00	2.732075816781579292e+00	5.518123560412786788e-02	2.019754915481521140e-02	1.368130283943695957e+00	2.139775754968562538e+00	2.125319545439958713e-01	6.785544978639636293e-02	2.231013083063505265e-01	-4.367325494632233074e+01	2.125319545439959268e-01	6.785544978639583558e-02	2.231013083063504432e-01	-4.367325494632233784e+01
1.409001956947162354e+12	1.666200670422451902e+00	1.872225809078221365e-02	1.105755186765853715e+01	2.775874151168210346e+00	6.239007796536699679e-02	2.247583087983671610e-02	1.210640883345986740e+00	1.304910912710798954e+00	8.661988912481451142e-02	-1.641350093472524196e-01	1.855890796502256690e-01	-4.506750436602274590e+01	8.661988912481724534e-02	-1.641350093472509208e-01	1.855890796502256135e-01	-4.506750436602273169e+01
1.415264187866927490e+12	1.658443326247595495e+00	-7.395292292144107875e-03	-4.387145339765652352e+00	2.750379576027102146e+00	-2.452934629511335785e-02	-8.918531285251097424e-03	9.284804908778442056e-02	-1.622549068399010253e+01	1.397722644073477127e+00	-1.110014280102893380e+00	1.784869824885864542e+00	-4.465346646069922798e+01	1.397722644073471798e+00	-1.110014280102900264e+00	1.784869824885864764e+00	-4.465346646069922798e+01
1.421526418786692627e+12	1.659808938975606996e+00	2.948076023004102958e-02	1.756640029773971179e+01	2.754096598679589114e+00	9.786485871523734059e-02	3.553428690996430356e-02	1.206815198476631990e+00	1.283304244492490032e+00	3.636551920030481333e-02	-6.167489950203147026e-02	7.159779476557513733e-02	-4.502033208856035884e+01	3.636551920030426516e-02	-6.167489950203176863e-02	7.159779476557512345e-02	-4.502033208856036595e+01
1.427788649706458008e+12	1.661776996750075508e+00	1.539532116576453231e-02	9.213864889447465956e+00	2.761265771013903247e+00	5.116718114169411386e-02	1.853033550005081520e-02	1.340143155375407735e+00	1.998678640313725108e+00	2.535723463072097131e-02	-2.419677772875791499e-01	2.432928165680378896e-01	-4.544867868315608206e+01	2.535723463072214398e-02	-2.419677772875789001e-01	2.432928165680378063e-01	-4.544867868315607495e+01
1.434050880626223145e+12	1.659421475678915403e+00	3.018835478158146332e-02	1.814651227877514117e+01	2.752768297179970958e+00	1.001904084799411093e-01	3.639623741038414129e-02	1.759359496068230833e+00	3.856707650104947316e+00	3.915739046686605648e-03	-6.565217140534829188e-02	6.576884233829098647e-02	-4.549352034182179949e+01	3.915739046687074891e-03	-6.565217140534826412e-02	6.576884233829098647e-02	-4.549352034182179239e+01
1.440313111545988281e+12	1.659757959291386697e+00	1.645379890041591756e-02	9.933727911145297185e+00	2.754525755932852871e+00	5.461864737109037304e-02	1.982869365205594883e-02	1.720281432250319487e+00	3.703368268709161359e+00	-4.903211215924128258e-02	-2.134513372104665518e-01	2.190105508411243629e-01	-4.577888733228126483e+01	-4.903211215924238586e-02	-2.134513372104662743e-01	2.190105508411243629e-01	-4.577888733228127194e+01
1.446575342465753418e+12	1.659005794157220270e+00	2.830556925633186116e-02	1.716335212571989999e+01	2.751499019796304069e+00	9.391820680634607732e-02	3.413346911288339669e-02	1.781653975922782296e+00	3.942670804666516648e+00	-3.034152075411851446e-02	-6.963827812568784692e-02	7.596115890363482059e-02	-4.596399358500283938e+01	-3.034152075411806690e-02	-6.963827812568802733e-02	7.596115890363480672e-02	-4.596399358500283228e+01
1.452837573385518555e+12	1.659091242392177756e+00	1.725640953932963337e-02	1.050888557577160043e+01	2.752285966912230819e+00	5.725991588366925733e-02	2.080449363621496642e-02	1.929244328828713551e+00	4.485977313569411429e+00	-1.255886691689401813e-01	-1.573630997020371292e-01	2.013346939090696897e-01	-4.622666385831839619e+01	-1.255886691689396817e-01	-1.573630997020375455e-01	2.013346939090696897e-01	-4.622666385831838909e+01
1.459099804305283691e+12	1.657991746227406749e+00	2.759695905453167508e-02	1.687855990796849071e+01	2.748175038409148119e+00	9.151106066677842932e-02	3.329884719415542038e-02	1.779811812382103176e+00	3.935608665283423235e+00	-5.828754963618254514e-02	-5.363419186688057200e-02	7.920899557375918332e-02	-4.638004459666043999e+01	-5.828754963618189289e-02	-5.363419186688123813e-02	7.920899557375915556e-02	-4.638004459666042578e+01
1.465362035225048828e+12	1.658633197472817900e+00	1.771495891882835308e-02	1.088113619488132500e+01	2.750750263989408140e+00	5.876523790927176694e-02	2.136334900284428059e-02	1.927232755550392751e+00	4.478855641327855963e+00	-1.731750989380907157e-01	-7.976746221310591911e-02	1.906632185822341174e-01	-4.669224161611707302e+01	-1.731750989380884675e-01	-7.976746221311083185e-02	1.906632185822341452e-01	-4.669224161611704460e+01
1.471624266144813965e+12	1.656903019443952907e+00	2.793912773726317522e-02	1.723451017727319012e+01	2.744547020983769237e+00	9.258485021700330053e-02	3.373410967607205074e-02	1.728439275129413977e+00	3.735664731680900630e+00	-7.098568485472858680e-02	-2.481183919319767880e-02	7.519703995799265073e-02	-4.678763108305907537e+01	-7.098568485472879497e-02	-2.481183919319720349e-02	7.519703995799269236e-02	-4.678763108305908247e+01
1.477886497064579346e+12	1.658108186469707368e+00	1.699842038756664911e-02	1.053025305183731319e+01	2.749033811742189748e+00	5.637044000335567073e-02	2.050554626231793076e-02	1.737523372696553325e+00	3.771449297047611005e+00	-2.006599757530814210e-01	5.484170001967536394e-03	2.007349047620709814e-01	-4.715121366401648118e+01	-2.006599757530814210e-01	5.484170001966898883e-03	2.007349047620709814e-01	-4.715121366401647407e+01
1.484148727984344482e+12	1.657463762915082350e+00	2.749790223625366015e-02	1.710669644059052885e+01	2.746429990749229777e+00	9.115355302554409289e-02	3.318983310427559008e-02	1.534050715413414867e+00	2.921198506972598530e+00	-7.476379795918476623e-02	1.672509034139322767e-02	7.661171015066538248e-02	-4.734397200479577350e+01	-7.476379795918496052e-02	1.672509034139268297e-02	7.661171015066545187e-02	-4.734397200479576640e+01
1.490410958904109619e+12	1.657953421019042084e+00	1.590950266680282374e-02	9.939208476424363781e+00	2.748556433993639914e+00	5.275442874627463141e-02	1.919350394040215957e-02	1.426806223279712738e+00	2.426450054254015498e+00	-1.900224850728479964e-01	1.086548871360357021e-01	2.188936484501215196e-01	-4.764331599294911257e+01	-1.900224850728471637e-01	1.086548871360371454e-01	2.188936484501215474e-01	-4.764331599294911967e+01
1.496673189823874756e+12	1.655298586680563400e+00	2.725359582672020470e-02	1.709778892067044254e+01	2.739270652581184518e+00	9.022567730786651419e-02	3.293784687644787934e-02	1.293976410741715544e+00	1.759360795931858679e+00	-6.633437084684527807e-02	3.857772347575082889e-02	7.673649395312696908e-02	-4.765064357801141881e+01	-6.633437084684462581e-02	3.857772347575198074e-02	7.673649395312699684e-02	-4.765064357801143302e+01
1.502935420743639893e+12	1.658071003096710738e+00	1.444845783993057436e-02	9.102296454371616719e+00	2.748990693376180516e+00	4.791313796770844263e-02	1.742935619358674040e-02	1.214143324434708848e+00	1.324632183056045687e+00	-1.260089530716044237e-01	2.129495477900490152e-01	2.474384088176048990e-01	-4.816036860136171782e+01	-1.260089530716054784e-01	2.129495477900483491e-01	2.474384088176048990e-01	-4.816036860136171072e+01
