freq_roi_Hz	n_opt	k_opt	alpha_cm	eps_r	eps_i	loss_tan	DR	alpha_max	H_meas_real	H_meas_imag	H_meas_mag	H_meas_phase	H_model_real	H_model_imag	H_model_mag	H_model_phase
3.030303030303031616e+11	1.670592641432942171e+00	5.219972860726641677e-03	6.630457051440493688e-01	2.790852525493228153e+00	1.744089649921918422e-02	6.249307815409146406e-03	2.182357965216076991e+04	6.774076210903672290e+01	8.496537821100713650e-01	3.813232594085879182e-03	8.496623389304512886e-01	4.487953885029568983e-03	8.496537821100785814e-01	3.813232596582828877e-03	8.496623389304698293e-01	4.487953887968256471e-03
3.128054740957968140e+11	1.674011415478249054e+00	8.119486984438763558e-03	1.064613810495403268e+00	2.802248293082600483e+00	2.718422779955510793e-02	9.700863362700535078e-03	2.654331718541846567e+04	6.906826652352931717e+01	7.148918527747245566e-01	-3.599390221567861370e-01	8.003914422548893404e-01	-4.664336152133848890e-01	7.148918527758910679e-01	-3.599390221545141766e-01	8.003914422549095464e-01	-4.664336152101941635e-01
3.225806451612904663e+11	1.670451081151929973e+00	8.963358426334796722e-03	1.211987750825964660e+00	2.790326472727373108e+00	2.994570354804644563e-02	1.073197127315942898e-02	2.402484636769204371e+04	6.839233711315057462e+01	5.444657503101338891e-01	-5.635509265742991714e-01	7.836023226761953397e-01	-8.026210893258978185e-01	5.444657503119955111e-01	-5.635509265725269223e-01	7.836023226762142135e-01	-8.026210893226177756e-01
3.323558162267841187e+11	1.670546376741693484e+00	5.257148272128087975e-03	7.323904461725365689e-01	2.790697559236845038e+00	1.756461999599486304e-02	6.293989091672890467e-03	2.606018176317686084e+04	6.894371512662472412e+01	2.966629256422289584e-01	-7.869627273833762482e-01	8.410227260551814688e-01	-1.210297887916987891e+00	2.966629256446184359e-01	-7.869627273824923996e-01	8.410227260551973449e-01	-1.210297887913958759e+00
3.421309872922777710e+11	1.672848531138028783e+00	7.871188656262453551e-03	1.128812716857199527e+00	2.798360252519798141e+00	2.633461276387791955e-02	9.410729994526179781e-03	2.894845927567723265e+04	6.965638716751558945e+01	-7.365682528706965493e-02	-7.895592560410890082e-01	7.929874820648356026e-01	-1.663815642613589940e+00	-7.365682528455812228e-02	-7.895592560413391414e-01	7.929874820648512568e-01	-1.663815642610407153e+00
3.519061583577714233e+11	1.670322769585122158e+00	9.997932490188633781e-03	1.474776565820821395e+00	2.789878195940434846e+00	3.339954857427391427e-02	1.197168701589687925e-02	2.645360294822053402e+04	6.904531067792477472e+01	-3.240579153102731702e-01	-6.806197149462330787e-01	7.538280499216858388e-01	-2.015159591064302536e+00	-3.240579153080407893e-01	-6.806197149473157681e-01	7.538280499217038244e-01	-2.015159591061011390e+00
3.616813294232650757e+11	1.670195812993969131e+00	6.599783245997991633e-03	1.000564117100968486e+00	2.789510496603690992e+00	2.204586068826718329e-02	7.903128780160049993e-03	2.825553363659235401e+04	6.949211511905443217e+01	-6.058341982379683577e-01	-5.353114689955296157e-01	8.084512629669111661e-01	-2.417915929927326957e+00	-6.058341982363600886e-01	-5.353114689973739182e-01	8.084512629669272643e-01	-2.417915929924300045e+00
3.714565004887587280e+11	1.672411636868864848e+00	7.722815802193505261e-03	1.202465986451862756e+00	2.796901041250481335e+00	2.583145403396635079e-02	9.235741148144887419e-03	3.085860545878632547e+04	7.008964257799111408e+01	-7.564771033956657620e-01	-2.076969891618672959e-01	7.844715719953154753e-01	-2.873637230306949508e+00	-7.564771033950498103e-01	-2.076969891641590737e-01	7.844715719953283539e-01	-2.873637230303924373e+00
3.812316715542523804e+11	1.670430328407967568e+00	1.035801779133281239e-02	1.655216424212750281e+00	2.790230193532584835e+00	3.460469412166328196e-02	1.240209291759252104e-02	2.890236198588863044e+04	6.964558158711979274e+01	-7.309627864904195693e-01	6.692327167103975794e-02	7.340199721567489677e-01	-3.232893082543540686e+00	-7.309627864906383943e-01	6.692327166878830891e-02	7.340199721567616242e-01	-3.232893082540458707e+00
3.910068426197460327e+11	1.669730259867526323e+00	7.939742722577566858e-03	1.301307547268136355e+00	2.787936101202776129e+00	2.651445735890148314e-02	9.510425058688602024e-03	3.224838527143669489e+04	7.038833272446473188e+01	-6.860678917965856716e-01	3.570794997458343056e-01	7.734306182799766116e-01	-3.621483836930139422e+00	-6.860678917976164026e-01	3.570794997438809237e-01	7.734306182799890461e-01	-3.621483836927283928e+00
4.007820136852396851e+11	1.672339811325162184e+00	8.153086829694790663e-03	1.369681064062134412e+00	2.796653971718226384e+00	2.726946338097890193e-02	9.750746304958462368e-03	3.152651549546891692e+04	7.023483223712173640e+01	-4.456759483876819861e-01	6.222254834653196953e-01	7.653702393253285496e-01	-4.090832648835108998e+00	-4.456759483893997231e-01	6.222254834641077759e-01	7.653702393253435377e-01	-4.090832648832362750e+00
4.105571847507333374e+11	1.670952431222150869e+00	1.052815701300129428e-02	1.811820507474149355e+00	2.791971185317126292e+00	3.518409911432610060e-02	1.260188475416866224e-02	3.293651091805504984e+04	7.053149185191361425e+01	-1.780108383266817418e-01	6.947622332913030441e-01	7.172045868297879379e-01	-4.461566362578781586e+00	-1.780108383285948781e-01	6.947622332908257592e-01	7.172045868298004834e-01	-4.461566362576032674e+00
4.203323558162269897e+11	1.669160664791770943e+00	8.565693103404700692e-03	1.509191995629470151e+00	2.786023953789765084e+00	2.859503598976255445e-02	1.026374376676316043e-02	3.379849690005446610e+04	7.070665905054535472e+01	8.114022075126643696e-02	7.457404448011138998e-01	7.501416842408688002e-01	-4.820767550394790213e+00	8.114022074935561823e-02	7.457404448013326137e-01	7.501416842408796803e-01	-4.820767550392226042e+00
4.301075268817206421e+11	1.671287832399285911e+00	8.714008036894900847e-03	1.571028848634248298e+00	2.793127084789836623e+00	2.912723120698407220e-02	1.042817971498625693e-02	3.343185354673107213e+04	7.063270450206297824e+01	4.005578209783189347e-01	6.258930233671893273e-01	7.430939675751783158e-01	-5.281686627165449011e+00	4.005578209767821085e-01	6.258930233681857525e-01	7.430939675751889739e-01	-5.281686627162985204e+00
4.398826979472142944e+11	1.670852370262035036e+00	1.121906254728253539e-02	2.068629007978298961e+00	2.791621775845820608e+00	3.749079449849009732e-02	1.342975428221501559e-02	3.496241297471601865e+04	7.093622299490480998e+01	5.667858143346443667e-01	3.944940108776168186e-01	6.905589648605651165e-01	-5.675135780250938566e+00	5.667858143336894639e-01	3.944940108790062072e-01	6.905589648605751085e-01	-5.675135780248496964e+00
4.496578690127079468e+11	1.669455972885221406e+00	9.685142864793692269e-03	1.825481308236874156e+00	2.786989443409829903e+00	3.233783920775303022e-02	1.160314377373036776e-02	3.441759822741814423e+04	7.082973379617818921e+01	6.951917625977435122e-01	1.710324399360869940e-01	7.159215615514374909e-01	-6.041954171994508016e+00	6.951917625973663695e-01	1.710324399376546844e-01	7.159215615514455955e-01	-6.041954171992256484e+00
4.594330400782015991e+11	1.671099870939798393e+00	8.979906085492315657e-03	1.729351122078233605e+00	2.792494139941706699e+00	3.001263980103543658e-02	1.074761066523203211e-02	3.647196242407992395e+04	7.122283006153264751e+01	7.099965430532123589e-01	-1.514233241260397878e-01	7.259642651239053279e-01	-6.493310497845595108e+00	7.099965430535353228e-01	-1.514233241245570849e-01	7.259642651239118782e-01	-6.493310497843505225e+00
4.692082111436951904e+11	1.670562095560890414e+00	1.123182968939547173e-02	2.209048618597406310e+00	2.790651561126622049e+00	3.752693788579904849e-02	1.344737494588860161e-02	3.635601303232257487e+04	7.120124005629551789e+01	5.583839088116180349e-01	-3.817992682902195956e-01	6.764342324917393956e-01	-6.882926985671661058e+00	5.583839088124027406e-01	-3.817992682890838374e-01	6.764342324917460569e-01	-6.882926985669620024e+00
4.789833822091888428e+11	1.668956911761781514e+00	1.083768253257276840e-02	2.175935574357540148e+00	2.785299717954746068e+00	3.617525034043449911e-02	1.298792015352591769e-02	3.842932454107052035e+04	7.157728655157917785e+01	3.913331614294707772e-01	-5.559993990249120221e-01	6.799095343870739105e-01	-7.240684885667539206e+00	3.913331614305289863e-01	-5.559993990241755002e-01	6.799095343870805719e-01	-7.240684885665643833e+00
4.887585532746824951e+11	1.670500794972513026e+00	9.901378799666809075e-03	2.028519596064477959e+00	2.790474868701663169e+00	3.308052231233478413e-02	1.185480030061202700e-02	3.832657762187904154e+04	7.155913392680554352e+01	1.122192887111841675e-01	-6.855682964550626757e-01	6.946920597380833451e-01	-7.691732531902230718e+00	1.122192887123879407e-01	-6.855682964548714953e-01	6.946920597380892293e-01	-7.691732531900476566e+00
4.985337243401761475e+11	1.670825724026600456e+00	1.141749592579134262e-02	2.385912809306732552e+00	2.791528240855797982e+00	3.815329179356215933e-02	1.366752850111432709e-02	4.107954074368275178e+04	7.202946390765289664e+01	-1.647789213242698558e-01	-6.380579681516047597e-01	6.589917022501452504e-01	-8.106710467096727157e+00	-1.647789213231965755e-01	-6.380579681518872004e-01	6.589917022501504684e-01	-8.106710467095043171e+00
5.083088954056697998e+11	1.668827720338492249e+00	1.125864175425122897e-02	2.398848778647916458e+00	2.784859203156018204e+00	3.757746690570968467e-02	1.349348895740365949e-02	4.089528255224481109e+04	7.199898290916158317e+01	-3.689716782890429259e-01	-5.447346023359233014e-01	6.579330409407248004e-01	-8.449338551764123295e+00	-3.689716782882008772e-01	-5.447346023364982859e-01	6.579330409407286862e-01	-8.449338551762572536e+00
5.180840664711634521e+11	1.669460070866673362e+00	1.041637384155210365e-02	2.262069558002051117e+00	2.786988427374150756e+00	3.477944042338267788e-02	1.247921953380740252e-02	4.298802581483040558e+04	7.233736913227339471e+01	-5.719704633354565360e-01	-3.513705050697311649e-01	6.712759810697347396e-01	-8.873898567670092774e+00	-5.719704633349577128e-01	-3.513705050705511201e-01	6.712759810697388474e-01	-8.873898567668662807e+00
5.278592375366571045e+11	1.670525033103637425e+00	1.219174297875839919e-02	2.697572251947290667e+00	2.790505247629048835e+00	4.073322368636282664e-02	1.459707833230981626e-02	4.299299274991788843e+04	7.233815250426927435e+01	-6.254838745115879339e-01	-7.024183840881909058e-02	6.294155965155919796e-01	-9.312946504218235333e+00	-6.254838745114957854e-01	-7.024183840966957693e-02	6.294155965155954213e-01	-9.312946504216876420e+00
5.376344086021507568e+11	1.669068407589942682e+00	1.221373363873422442e-02	2.752483101740315519e+00	2.785640173925429064e+00	4.077111391025969866e-02	1.463617386476963322e-02	4.531790684706268803e+04	7.269524038376735575e+01	-6.058332246561269896e-01	1.514456412194460644e-01	6.244755226120639602e-01	-9.669736948503757645e+00	-6.058332246563221668e-01	1.514456412186872547e-01	6.244755226120691782e-01	-9.669736948502503537e+00
5.474095796676444092e+11	1.669331918531382186e+00	1.065663902679113428e-02	2.445241790580701124e+00	2.786555490272318192e+00	3.557893534337928931e-02	1.276806992273543835e-02	4.249403792285708187e+04	7.225900302338337156e+01	-5.168041509397575117e-01	3.998010549437975847e-01	6.533968273283373707e-01	-1.008321442857202221e+01	-5.168041509402108158e-01	3.998010549432160499e-01	6.533968273283400352e-01	-1.008321442857089423e+01
5.571847507331380615e+11	1.669707449521615539e+00	1.164107241214645296e-02	2.718825745679459782e+00	2.787787452421073287e+00	3.887437065396298630e-02	1.394452457995040869e-02	3.116460402695741141e+04	7.015654638414329725e+01	-2.981411854075857737e-01	5.521741949798715243e-01	6.275225159609092440e-01	-1.050048712791608452e+01	-2.981411854081700286e-01	5.521741949795586635e-01	6.275225159609114645e-01	-1.050048712791502936e+01
5.669599217986317139e+11	1.668525481746914396e+00	1.271954317446162205e-02	3.022825204563643897e+00	2.783815496460205541e+00	4.244576380553850836e-02	1.524733368986232532e-02	4.237050198747851391e+04	7.223926291663937604e+01	-7.896387760161503733e-02	5.948981165775258928e-01	6.001158747053525477e-01	-1.086361055767776662e+01	-7.896387760219318597e-02	5.948981165774507307e-01	6.001158747053542131e-01	-1.086361055767679495e+01
5.767350928641253662e+11	1.668949760942385563e+00	1.197055035213551687e-02	2.893874259173344399e+00	2.785250010473912852e+00	3.995649429709072220e-02	1.434574783119454619e-02	4.384509087850389187e+04	7.247122106609815262e+01	1.732897497242303075e-01	5.865354700727883897e-01	6.115988840841628527e-01	-1.128284818142452828e+01	1.732897497237155249e-01	5.865354700729431547e-01	6.115988840841652951e-01	-1.128284818142364898e+01
5.865102639296190186e+11	1.670132949968181180e+00	1.256073349717354813e-02	3.088017685878349461e+00	2.789186298543432141e+00	4.195618977879721212e-02	1.504244797154910725e-02	4.381174866048937110e+04	7.246606295320817992e+01	3.981916809774070920e-01	4.410810657498996923e-01	5.942298556641870677e-01	-1.172991383165863155e+01	3.981916809770619792e-01	4.410810657502145515e-01	5.942298556641895102e-01	-1.172991383165784640e+01
5.962854349951126709e+11	1.668837839396717371e+00	1.295232426602239972e-02	3.237360556157319103e+00	2.784851971498411682e+00	4.323065768654898999e-02	1.552350291110388657e-02	4.366446299392291257e+04	7.244323047397168125e+01	5.158883912872989086e-01	2.681094205472062120e-01	5.813978789530934721e-01	-1.208708410382243947e+01	5.158883912871115029e-01	2.681094205475708647e-01	5.813978789530952485e-01	-1.208708410382173426e+01
6.060606060606063232e+11	1.668283615816030796e+00	1.211266904766823867e-02	3.077124500133782359e+00	2.783023506048751816e+00	4.041473463205377814e-02	1.452188044557098726e-02	4.437382703082461376e+04	7.255249749683139271e+01	5.926240557581784474e-01	5.691079766912277710e-02	5.953504097207025225e-01	-1.247063232507969488e+01	5.926240557581431423e-01	5.691079766950330604e-02	5.953504097207037438e-01	-1.247063232507905362e+01
6.158357771260999756e+11	1.669022428369944189e+00	1.301279675283752678e-02	3.359113848786947631e+00	2.785466533522574561e+00	4.343729927261082840e-02	1.559426356405685214e-02	4.465095056028261024e+04	7.259471048053768527e+01	5.390836580845098647e-01	-1.883348993188350140e-01	5.710352219567654819e-01	-1.290247620981746479e+01	5.390836580846155579e-01	-1.883348993185348097e-01	5.710352219567662591e-01	-1.290247620981690702e+01
6.256109481915936279e+11	1.668522059996872198e+00	1.396053654190854490e-02	3.660965288306059495e+00	2.783770968115668154e+00	4.658692637913371126e-02	1.673518651955349310e-02	4.532687498494424653e+04	7.269658204111452449e+01	4.103179332152869785e-01	-3.605378202693477196e-01	5.462127114619699242e-01	-1.328728059523559324e+01	4.103179332154703873e-01	-3.605378202691409961e-01	5.462127114619712565e-01	-1.328728059523508698e+01
6.353861192570872803e+11	1.668350530246723418e+00	1.300965666171053671e-02	3.464916070114422819e+00	2.783224240608067390e+00	4.340933517978518008e-02	1.559677964370606573e-02	4.529028931444566115e+04	7.269110705883564094e+01	2.458169822809398719e-01	-5.056675604443009453e-01	5.622505406519398008e-01	-1.368468187403600922e+01	2.458169822811621386e-01	-5.056675604441944749e-01	5.622505406519412441e-01	-1.368468187403557046e+01
6.451612903225809326e+11	1.668952468478718698e+00	1.304209528105472124e-02	3.526994899434589215e+00	2.785232245791888328e+00	4.353327422690184828e-02	1.563003383027565182e-02	4.430933713092382823e+04	7.254263622927079780e+01	1.369716420149405187e-02	-5.569074827384872250e-01	5.570758984530573832e-01	-1.411257685438186549e+01	1.369716420170940564e-02	-5.569074827384825621e-01	5.570758984530580493e-01	-1.411257685438148002e+01
6.549364613880745850e+11	1.668175887015203696e+00	1.399645240406020494e-02	3.842432984231137993e+00	2.782614889339062536e+00	4.669708880841842713e-02	1.678172893680954236e-02	4.498803982099837594e+04	7.264570601532788885e+01	-1.813991890759126813e-01	-4.999221175211341350e-01	5.318155595544505898e-01	-1.448524757220307357e+01	-1.813991890757443159e-01	-4.999221175211956969e-01	5.318155595544510339e-01	-1.448524757220273607e+01
6.647116324535682373e+11	1.667647527043542910e+00	1.367788364635144291e-02	3.811021028095249452e+00	2.780861189953401258e+00	4.561977767605460143e-02	1.640491004760257290e-02	4.377032163691830647e+04	7.245964863206216933e+01	-3.564077911010891109e-01	-3.980943462959558032e-01	5.343272612457293791e-01	-1.486737080743985473e+01	-3.564077911009743138e-01	-3.980943462960593870e-01	5.343272612457300452e-01	-1.486737080743956518e+01
6.744868035190618896e+11	1.668472145880476321e+00	1.373635879643732120e-02	3.883597781084302092e+00	2.783610614026017060e+00	4.583746407535187195e-02	1.646690950393231087e-02	4.288142370439845399e+04	7.232053427301107718e+01	-4.862800177938473301e-01	-2.071740358535487658e-01	5.285729248054917839e-01	-1.530521328449044915e+01	-4.862800177937961488e-01	-2.071740358536697801e-01	5.285729248054920060e-01	-1.530521328449020046e+01
6.842619745845555420e+11	1.668141358417526643e+00	1.442886128738076965e-02	4.138506348213456754e+00	2.782487399625020341e+00	4.813876053669884081e-02	1.730062121509920448e-02	4.241698509769890370e+04	7.224669731112577153e+01	-5.090534724120671095e-01	-6.557293018522964909e-03	5.090957040346283380e-01	-1.569508263609353094e+01	-5.090534724120663324e-01	-6.557293018626135853e-03	5.090957040346288931e-01	-1.569508263609332843e+01
6.940371456500491943e+11	1.667386256861091987e+00	1.405696479449886245e-02	4.089436163967420157e+00	2.779979331310009627e+00	4.687677982305521462e-02	1.686227638281233981e-02	4.071714660592244036e+04	7.196938383727641053e+01	-4.802385912428668857e-01	1.799650523397545721e-01	5.128513669500978089e-01	-1.606650678177458502e+01	-4.802385912428979164e-01	1.799650523396723323e-01	5.128513669500980310e-01	-1.606650678177441449e+01
7.038123167155428467e+11	1.667851835262885718e+00	1.403850975188031952e-02	4.141589317878970000e+00	2.781532664633722174e+00	4.682830850805901751e-02	1.683543360948646858e-02	3.963366144896241167e+04	7.178651437607915398e+01	-3.610170475959837977e-01	3.586527944972084936e-01	5.088861716097006216e-01	-1.649007625187221393e+01	-3.610170475960338687e-01	3.586527944971585891e-01	5.088861716097010657e-01	-1.649007625187207537e+01
7.135874877810364990e+11	1.667864907832830035e+00	1.487185529773474985e-02	4.448376508670281559e+00	2.781552178700217759e+00	4.960849113091910650e-02	1.783482312889794405e-02	3.927328327400294802e+04	7.172458047779468870e+01	-1.825000514728093159e-01	4.508357866213529852e-01	4.863734936096663075e-01	-1.689411886015753339e+01	-1.825000514728559453e-01	4.508357866213343890e-01	4.863734936096665851e-01	-1.689411886015742681e+01
7.233626588465301514e+11	1.667346291412513892e+00	1.463225014939939679e-02	4.436662207296611093e+00	2.779829552742629328e+00	4.879405604324257156e-02	1.755289492303637247e-02	3.907150916311454785e+04	7.168965531723513607e+01	-2.045139669743562330e-03	4.872480200243414772e-01	4.872523120662536900e-01	-1.727456229157237999e+01	-2.045139669785433351e-03	4.872480200243416992e-01	4.872523120662540230e-01	-1.727456229157229473e+01
7.331378299120238037e+11	1.667541270367470130e+00	1.426096696460455587e-02	4.382518566126665682e+00	2.780490513199990854e+00	4.756150193765040779e-02	1.710543578978558285e-02	3.929194823757084669e+04	7.172780213184775278e+01	1.948647512760502132e-01	4.508329571348570486e-01	4.911442013592716704e-01	-1.768674042864227047e+01	1.948647512760201539e-01	4.508329571348702602e-01	4.911442013592718370e-01	-1.768674042864220297e+01
7.429130009775174561e+11	1.667403235264366845e+00	1.502785116492915025e-02	4.679764567259460328e+00	2.780007712659442021e+00	5.011497530294849873e-02	1.802691952066814637e-02	3.865651635159394209e+04	7.161725354314448566e+01	3.388309440214655188e-01	3.258471712881829130e-01	4.700880637316671162e-01	-1.808368919958316212e+01	3.388309440214516965e-01	3.258471712881973459e-01	4.700880637316671717e-01	-1.808368919958311949e+01
7.526881720430111084e+11	1.666768143404440350e+00	1.512908423573173892e-02	4.773279810215533381e+00	2.777887154678073234e+00	5.043335128599995415e-02	1.815529158593363543e-02	3.082392620723120126e+04	7.008201845814467390e+01	4.285006258282776925e-01	1.771967913184494814e-01	4.636933137201568189e-01	-1.845744257516176390e+01	4.285006258282715863e-01	1.771967913184641086e-01	4.636933137201567634e-01	-1.845744257516172837e+01
7.624633431085047607e+11	1.667210227420861779e+00	1.497379347568091740e-02	4.785639374834013360e+00	2.779365727925669383e+00	4.992892325188599822e-02	1.796414295183439841e-02	3.927783322390820831e+04	7.172536596008255572e+01	4.625857694201150339e-01	-1.466138153711868050e-02	4.628180529955339129e-01	-1.888123972197203315e+01	4.625857694201156445e-01	-1.466138153710841267e-02	4.628180529955342459e-01	-1.888123972197201184e+01
7.722385141739984131e+11	1.667481452338210435e+00	1.540475279570706867e-02	4.986494589327537419e+00	2.780257087483250622e+00	5.137427912939346308e-02	1.847824769899196126e-02	4.023814961458117614e+04	7.188914682837754810e+01	4.049974230870446723e-01	-1.945236437468803037e-01	4.492909532627046842e-01	-1.929732647552325631e+01	4.049974230870466707e-01	-1.945236437468760848e-01	4.492909532627046287e-01	-1.929732647552324565e+01
7.820136852394920654e+11	1.666864434025237873e+00	1.539645055335498065e-02	5.046893333016504002e+00	2.778199990728634550e+00	5.132759167523122390e-02	1.847512484577095229e-02	3.967716258296749584e+04	7.179395227552855374e+01	3.033988357749723419e-01	-3.260118590691211127e-01	4.453477133693549694e-01	-1.967086593327274358e+01	3.033988357749743403e-01	-3.260118590691194473e-01	4.453477133693550805e-01	-1.967086593327273647e+01
7.917888563049857178e+11	1.666761287338719644e+00	1.515584581751261602e-02	5.030124388696353144e+00	2.777863489308582068e+00	5.052235417100895548e-02	1.818748630573783359e-02	3.978605030572358373e+04	7.181253439335385735e+01	1.537201111946864540e-01	-4.191589518254353885e-01	4.464572762102824166e-01	-2.006884752972967334e+01	1.537201111946869259e-01	-4.191589518254351665e-01	4.464572762102824166e-01	-2.006884752972967334e+01
8.015640273704793701e+11	1.666951452805229161e+00	1.573120512156701151e-02	5.285540119948459292e+00	2.778479675194887033e+00	5.244631046354638476e-02	1.887590214597042668e-02	3.868943279238571267e+04	7.162302462807335246e+01	-2.610885077804272689e-02	-4.291466112878242756e-01	4.299400959072938178e-01	-2.048111635198188551e+01	-2.610885077804802473e-02	-4.291466112878241645e-01	4.299400959072940953e-01	-2.048111635198189617e+01
8.113391984359730225e+11	1.666520200495759330e+00	1.606102760719928940e-02	5.462166676270001631e+00	2.777031622052626769e+00	5.353205389623537369e-02	1.927671743855313702e-02	3.908830658075419342e+04	7.169256966345005821e+01	-1.792386209896438265e-01	-3.786303038324073111e-01	4.189121509749869632e-01	-2.086248360703354976e+01	-1.792386209896448535e-01	-3.786303038324069226e-01	4.189121509749870187e-01	-2.086248360703355331e+01
8.211143695014666748e+11	1.666530949822258689e+00	1.574901109311464820e-02	5.420584293282420418e+00	2.777077375365068601e+00	5.249242883153928951e-02	1.890204043185464075e-02	3.701458219127566554e+04	7.132296319803262463e+01	-3.154037362993239446e-01	-2.795941102665063238e-01	4.214882956468575248e-01	-2.126586236639158045e+01	-3.154037362993265536e-01	-2.795941102665030487e-01	4.214882956468573028e-01	-2.126586236639159111e+01
8.308895405669603271e+11	1.666728738613187266e+00	1.598691477268330066e-02	5.567972899567935841e+00	2.777729106675157045e+00	5.329170058678193295e-02	1.918534836918284192e-02	3.768378483220870112e+04	7.144445313327140923e+01	-3.924554216233751558e-01	-1.267404412611946030e-01	4.124128967584106964e-01	-2.167877895475015748e+01	-3.924554216233718806e-01	-1.267404412612046505e-01	4.124128967584106409e-01	-2.167877895475013261e+01
8.406647116324539795e+11	1.666345313048840815e+00	1.635068832344343734e-02	5.761665201608659359e+00	2.776439357311188960e+00	5.449178570578476488e-02	1.962649951719338745e-02	3.518882156412788754e+04	7.097998943587144538e+01	-3.998241222277748030e-01	2.825917347528256532e-02	4.008215433340837075e-01	-2.206171024462795671e+01	-3.998241222277776341e-01	2.825917347524746492e-02	4.008215433340840406e-01	-2.206171024462787145e+01
8.504398826979476318e+11	1.666189627601760925e+00	1.609898823740347346e-02	5.738935755535496952e+00	2.775928697705426718e+00	5.364793443208884516e-02	1.932612119195786446e-02	3.602579467823004234e+04	7.113937335797470496e+01	-3.594570771054647063e-01	1.803793779148000764e-01	4.021767152112790678e-01	-2.245624362900534976e+01	-3.594570771054798608e-01	1.803793779147703780e-01	4.021767152112792898e-01	-2.245624362900526449e+01
8.602150537634412842e+11	1.666390210517964876e+00	1.624389678541064350e-02	5.857151004696746988e+00	2.776592469527332074e+00	5.413734116774507332e-02	1.949776272963854931e-02	3.444900072952755727e+04	7.083591734495935555e+01	-2.523202878961532392e-01	3.041847523173090151e-01	3.952137285398120703e-01	-2.286947506762927063e+01	-2.523202878961757767e-01	3.041847523172903633e-01	3.952137285398121258e-01	-2.286947506762919602e+01
8.699902248289349365e+11	1.666025631732283019e+00	1.663280978732498486e-02	6.065535585241940808e+00	2.775364755227531344e+00	5.542137486682201242e-02	1.996904182141580331e-02	3.562468472892652062e+04	7.106345776056852515e+01	-1.167121630049076930e-01	3.650707982488031744e-01	3.832732924784904571e-01	-2.325251652820626802e+01	-1.167121630049284819e-01	3.650707982487966241e-01	3.832732924784906237e-01	-2.325251652820621118e+01
8.797653958944285889e+11	1.665804583728925703e+00	1.663356372484210005e-02	6.133965700297901336e+00	2.774628235730111303e+00	5.541653339317830634e-02	1.997259765454527033e-02	3.488112908249028260e+04	7.092044104812858052e+01	3.071475167037737014e-02	3.781919770755658439e-01	3.794371719988676728e-01	-2.364298175562052506e+01	3.071475167036157028e-02	3.781919770755673427e-01	3.794371719988678393e-01	-2.364298175562048243e+01
8.895405669599222412e+11	1.666148929492270003e+00	1.684200584370718068e-02	6.279842236083188034e+00	2.775768602087397507e+00	5.612258001399055007e-02	2.021875309483145422e-02	3.486116754691162350e+04	7.091655972448826617e+01	1.787783246465584064e-01	3.254736210467202850e-01	3.713418470367894630e-01	-2.406424029318439750e+01	1.787783246465503295e-01	3.254736210467247259e-01	3.713418470367894630e-01	-2.406424029318437263e+01
8.993157380254158936e+11	1.665999686373869526e+00	1.707061715555852413e-02	6.435030019188797468e+00	2.775263549027759957e+00	5.687928565473779341e-02	2.049509340280995795e-02	3.441533990811021795e+04	7.082928888718639371e+01	2.835209225196337890e-01	2.265980819088253551e-01	3.629473849349832415e-01	-2.445847071760200819e+01	2.835209225196311245e-01	2.265980819088288523e-01	3.629473849349833525e-01	-2.445847071760199398e+01
9.090909090909095459e+11	1.665688846804458834e+00	1.684132316075032457e-02	6.417600601734209320e+00	2.774235704202963060e+00	5.610480830858286666e-02	2.022351894021988394e-02	3.375170011357196927e+04	7.069726459482271252e+01	3.487830946964292633e-01	1.037902383743223855e-01	3.638984208921728913e-01	-2.484350776618731871e+01	3.487830946964278755e-01	1.037902383743270762e-01	3.638984208921729468e-01	-2.484350776618730450e+01
9.188660801564031982e+11	1.665604761349783081e+00	1.687024901942749469e-02	6.497748148751755437e+00	2.773954615729090190e+00	5.619833418382989138e-02	2.025928393534983871e-02	3.235937152601639536e+04	7.041162795987196432e+01	3.575210346812877082e-01	-3.886066571003318759e-02	3.596268087601444119e-01	-2.524101094514923460e+01	3.575210346812879303e-01	-3.886066571003016917e-02	3.596268087601443009e-01	-2.524101094514922394e+01
9.286412512218968506e+11	1.665457881193940448e+00	1.741913494690957090e-02	6.780531163621849267e+00	2.773446527768710812e+00	5.802167116182267020e-02	2.092042178599426080e-02	3.285014986011246947e+04	7.051369010986896058e+01	3.023878019089653590e-01	-1.659767606413712071e-01	3.449444416371116318e-01	-2.563472959666845696e+01	3.023878019089667468e-01	-1.659767606413684315e-01	3.449444416371115207e-01	-2.563472959666844986e+01
9.384164222873903809e+11	1.665347105339252787e+00	1.750411764989273644e-02	6.885333553582972499e+00	2.773074587127126733e+00	5.830086331953318601e-02	2.102390739512427151e-02	3.079518201360939565e+04	7.007569263718984587e+01	2.117487586585030668e-01	-2.655766594920899171e-01	3.396593865336190454e-01	-2.603043479296905005e+01	2.117487586585040937e-01	-2.655766594920892509e-01	3.396593865336192120e-01	-2.603043479296904650e+01
9.481915933528840332e+11	1.665612007357124780e+00	1.747280461444004895e-02	6.944610333057146256e+00	2.773958060151135996e+00	5.820582633603264833e-02	2.098295110231816751e-02	3.076478794338104490e+04	7.006899729710113434e+01	8.508896918894372219e-02	-3.257601577455214725e-01	3.366894905577303976e-01	-2.644804461392707751e+01	8.508896918894554018e-02	-3.257601577455209174e-01	3.366894905577303421e-01	-2.644804461392707395e+01
9.579667644183776855e+11	1.665511056198952788e+00	1.758583833124324758e-02	7.061592940159449050e+00	2.773617816611138487e+00	5.857881634642594232e-02	2.112000290580722667e-02	2.900593299119307267e+04	6.966983539985068319e+01	-4.642523399219605079e-02	-3.276628520238979991e-01	3.309354120484312989e-01	-2.684428668787116123e+01	-4.642523399219363606e-02	-3.276628520238983322e-01	3.309354120484313544e-01	-2.684428668787115413e+01
9.677419354838713379e+11	1.665101756686591772e+00	1.763776010810063494e-02	7.154711945988520228e+00	2.772252769539143014e+00	5.873733068003011287e-02	2.118758120667133676e-02	2.805995963719346400e+04	6.944502095270024711e+01	-1.617577262229234480e-01	-2.835463696214701179e-01	3.264415808660496299e-01	-2.722196881493187348e+01	-1.617577262229215607e-01	-2.835463696214712837e-01	3.264415808660496854e-01	-2.722196881493186638e+01
9.775171065493649902e+11	1.665093055911406772e+00	1.769126308735165590e-02	7.248904335027080315e+00	2.772221904054761321e+00	5.891519863410207836e-02	2.125197789828093403e-02	2.665288457281614683e+04	6.909619732763752609e+01	-2.561009354199171306e-01	-1.950812280163518875e-01	3.219384640693380151e-01	-2.762336413033305149e+01	-2.561009354199176302e-01	-1.950812280163510548e-01	3.219384640693379040e-01	-2.762336413033305504e+01
9.872922776148586426e+11	1.665103071012836500e+00	1.801139594943604316e-02	7.453877905066763176e+00	2.772243826712331938e+00	5.998166141726823941e-02	2.163650283546735345e-02	2.379840394184544493e+04	6.832812690201619432e+01	-3.027580645940683990e-01	-7.681766219926211559e-02	3.123514029142593906e-01	-2.802585126607087318e+01	-3.027580645940686765e-01	-7.681766219926124128e-02	3.123514029142595017e-01	-2.802585126607087318e+01
9.970674486803522949e+11	1.664962337702139639e+00	1.816393210497821084e-02	7.591429602133464627e+00	2.771769657537059395e+00	6.048452571873493694e-02	2.182162776559157247e-02	2.579703913960472346e+04	6.887490254800975720e+01	-3.028841225160242567e-01	4.415122443703428656e-02	3.060851552943908982e-01	-2.841908373802439058e+01	-3.028841225160242012e-01	4.415122443703415472e-02	3.060851552943907317e-01	-2.841908373802439058e+01
1.006842619745845947e+12	1.664941610928897697e+00	1.816339072807054630e-02	7.665626901342268873e+00	2.771700659039772585e+00	6.048197003744956030e-02	2.182124892895285356e-02	2.706691674692342349e+04	6.920071517006698514e+01	-2.588461129231252045e-01	1.570324830691980367e-01	3.027548693486022957e-01	-2.881963859818935703e+01	-2.588461129231250935e-01	1.570324830691983697e-01	3.027548693486024067e-01	-2.881963859818936058e+01
1.016617790811339600e+12	1.665036472491200126e+00	1.838199499363758413e-02	7.833205319451480797e+00	2.772008556985992911e+00	6.121338420311444456e-02	2.208268226620187930e-02	2.660528633992850155e+04	6.908407776796600785e+01	-1.710683708773147460e-01	2.407758734910690201e-01	2.953597954529454395e-01	-2.922739993985147677e+01	-1.710683708773108047e-01	2.407758734910716014e-01	2.953597954529452729e-01	-2.922739993985149454e+01
1.026392961876833252e+12	1.664815294171485993e+00	1.854758562559112936e-02	7.979767009335022365e+00	2.771265950774752795e+00	6.175660843887863932e-02	2.228461993032952032e-02	2.679971781807158914e+04	6.913344839995309599e+01	-6.586942367674954169e-02	2.814483618507556684e-01	2.890535614103051376e-01	-2.961523073111444049e+01	-6.586942367675094334e-02	2.814483618507552243e-01	2.890535614103049711e-01	-2.961523073111443694e+01
1.036168132942326904e+12	1.664775290261274687e+00	1.838817303163039693e-02	7.986527187838997399e+00	2.771138642157070286e+00	6.122435219221407376e-02	2.209357238963572181e-02	2.664967481910395873e+04	6.909538073437806815e+01	4.866018328097856255e-02	2.846377843771857319e-01	2.887671756486385743e-01	-3.001444815923976606e+01	4.866018328097887480e-02	2.846377843771855654e-01	2.887671756486384633e-01	-3.001444815923976606e+01
1.045943304007820557e+12	1.664700885340273828e+00	1.857837118340828139e-02	8.145259791586903830e+00	2.770883881776863067e+00	6.185486191439999032e-02	2.232315194483531010e-02	2.662522067433692064e+04	6.908915612581201060e+01	1.513229737697781019e-01	2.380659192167337568e-01	2.820886815932843183e-01	-3.041134046790410039e+01	1.513229737697773802e-01	2.380659192167342286e-01	2.820886815932843739e-01	-3.041134046790409684e+01
1.055718475073314209e+12	1.664513558972656737e+00	1.893360396428224110e-02	8.378582910153905772e+00	2.770246906644743490e+00	6.303048103753247644e-02	2.275265821481359599e-02	2.638398960140467898e+04	6.902744449045158603e+01	2.225872256579827235e-01	1.572922735345247958e-01	2.725544575672492753e-01	-3.080074838569956341e+01	2.225872256579812802e-01	1.572922735345267109e-01	2.725544575672492198e-01	-3.080074838569955276e+01
1.065493646138807861e+12	1.664589039910337354e+00	1.909891468169527123e-02	8.529993770036934819e+00	2.770491903247600085e+00	6.358368810666516213e-02	2.295032446481135371e-02	2.591397251062124633e+04	6.890556721968755483e+01	2.607514772546291604e-01	5.521133352338583600e-02	2.665325950796673671e-01	-3.120726909556346129e+01	2.607514772546294934e-01	5.521133352338347677e-02	2.665325950796672561e-01	-3.120726909556347195e+01
1.075268817204301514e+12	1.664761067748932621e+00	1.930317510306569714e-02	8.700314719918688766e+00	2.771056800123506747e+00	6.427034879104852327e-02	2.319344330588386793e-02	2.497800445477876929e+04	6.865614058901658723e+01	2.545052509511182004e-01	-5.274873670767186301e-02	2.599141242525056517e-01	-3.162029293803059460e+01	2.545052509511180339e-01	-5.274873670767225159e-02	2.599141242525055406e-01	-3.162029293803059815e+01
1.085043988269795166e+12	1.664590256487904707e+00	1.933566188873177966e-02	8.794184026267780396e+00	2.770486854173793034e+00	6.437190876545487161e-02	2.323487248043690223e-02	2.354424538130274959e+04	6.825532570839456525e+01	2.123470608956317673e-01	-1.436056840724801165e-01	2.563471606414592374e-01	-3.201055377991890794e+01	2.123470608956310457e-01	-1.436056840724813100e-01	2.563471606414592929e-01	-3.201055377991890794e+01
1.094819159335288818e+12	1.663949666920489845e+00	1.932086484297566506e-02	8.866620334128260339e+00	2.768355198226528202e+00	6.429789324017032293e-02	2.322602723861483948e-02	1.580149912942453375e+04	6.555148046325545863e+01	1.469448376484766561e-01	-2.067468145330896290e-01	2.536474534291974781e-01	-3.236881999111123065e+01	1.469448376484772389e-01	-2.067468145330889906e-01	2.536474534291973115e-01	-3.236881999111123065e+01
1.104594330400782471e+12	1.664404113518890949e+00	1.919029628001114179e-02	8.885331814058718081e+00	2.769872785627290224e+00	6.388081613619363275e-02	2.306272564850901999e-02	1.317880714145472302e+04	6.432088211519781851e+01	4.667948984203757617e-02	-2.485863996758643502e-01	2.529311623262769371e-01	-3.280110468566555681e+01	4.667948984204088603e-02	-2.485863996758637950e-01	2.529311623262769926e-01	-3.280110468566554260e+01
1.114369501466276123e+12	1.664370712475178760e+00	1.977183681483817360e-02	9.235605976553340923e+00	2.769738943014101729e+00	6.581533225291036349e-02	2.376228720721542537e-02	1.528735099026645003e+04	6.532719281815971613e+01	-5.089382283987048394e-02	-2.347442021064833628e-01	2.401978801444043243e-01	-3.320022406329872666e+01	-5.089382283986875616e-02	-2.347442021064838069e-01	2.401978801444044076e-01	-3.320022406329871956e+01
1.124144672531769775e+12	1.664408466206092507e+00	2.010464544606922754e-02	9.473441688696954799e+00	2.769851345610005122e+00	6.692468418101876759e-02	2.416183247057250572e-02	2.199420859800052858e+04	6.779356851300018150e+01	-1.342915787804271066e-01	-1.890803960145509555e-01	2.319172789775679477e-01	-3.360428520071884861e+01	-1.342915787804281613e-01	-1.890803960145502893e-01	2.319172789775680033e-01	-3.360428520071885572e+01
1.133919843597263428e+12	1.664702533817075558e+00	2.036876179911950233e-02	9.681355015289321742e+00	2.770819639639762411e+00	6.781585875542138486e-02	2.447501735054765509e-02	2.299589905827138864e+04	6.809554312099088236e+01	-1.939177939856052690e-01	-1.139194169924634681e-01	2.249038558854570269e-01	-3.402636950624488321e+01	-1.939177939856056299e-01	-1.139194169924630518e-01	2.249038558854571102e-01	-3.402636950624488321e+01
1.143695014662757080e+12	1.664582582275756950e+00	2.074279388378333019e-02	9.944126514986434628e+00	2.770404909717721686e+00	6.905618681336365972e-02	2.492638768114218903e-02	2.261469908507074797e+04	6.798220412811436120e+01	-2.143016337732477072e-01	-2.976253809217137627e-02	2.163584962777545528e-01	-3.441952038860750918e+01	-2.143016337732479848e-01	-2.976253809216952012e-02	2.163584962777545806e-01	-3.441952038860751628e+01
1.153470185728250732e+12	1.664257627384402305e+00	2.108134731392178815e-02	1.019280927707186635e+01	2.769309027102589749e+00	7.016958612546803087e-02	2.533830115697975616e-02	1.789505761837024693e+04	6.639508996167539578e+01	-2.025793506644573416e-01	4.965920225403845645e-02	2.085771552307219279e-01	-3.479791340926409049e+01	-2.025793506644570641e-01	4.965920225403946259e-02	2.085771552307219001e-01	-3.479791340926409049e+01
1.163245356793744385e+12	1.663695138079654523e+00	2.111058863983102107e-02	1.029344698189617091e+01	2.767435855517160537e+00	7.024316736417290929e-02	2.538203992122748526e-02	8.049522811070405623e+03	6.097818822610904022e+01	-1.694663285816144782e-01	1.162766659334594083e-01	2.055215306568463629e-01	-3.515887859322268838e+01	-1.694663285816152276e-01	1.162766659334581454e-01	2.055215306568462796e-01	-3.515887859322268127e+01
1.173020527859238037e+12	1.664670441316179916e+00	2.156469628284594930e-02	1.060322847021762627e+01	2.770662642066033854e+00	7.179622495602910881e-02	2.591301584897825680e-02	1.740287658999054474e+04	6.620599242500858850e+01	-9.372179959916709935e-02	1.724979864551741127e-01	1.963143679183871615e-01	-3.563061449964053651e+01	-9.372179959916711323e-02	1.724979864551741959e-01	1.963143679183872170e-01	-3.563061449964053651e+01
1.182795698924731689e+12	1.664543953118044595e+00	2.314359847052440203e-02	1.147439466859072255e+01	2.770170945711682098e+00	7.704707377500684407e-02	2.781311164001568428e-02	2.106166419998672427e+04	6.749981221417520771e+01	-1.818369427516205311e-02	1.716877999144724720e-01	1.726480448107203247e-01	-3.602279748845008100e+01	-1.818369427516117881e-02	1.716877999144725830e-01	1.726480448107203247e-01	-3.602279748845008811e+01
1.192570869990225342e+12	1.663490209049694801e+00	2.416541600628251477e-02	1.208001946138683103e+01	2.766615708273440610e+00	8.039786584812748382e-02	2.906000483106535581e-02	2.118307891673474296e+04	6.753878684376319086e+01	3.419086728636005351e-02	1.541752216846629941e-01	1.579209118112875621e-01	-3.634654994588947829e+01	3.419086728636045597e-02	1.541752216846629386e-01	1.579209118112875898e-01	-3.634654994588948540e+01
1.202346041055718994e+12	1.662179434212214479e+00	2.459231846480122372e-02	1.239418895918397467e+01	2.762235689390562854e+00	8.175369198357979039e-02	2.959692842199763974e-02	2.030223589900456136e+04	6.725081399310242602e+01	7.515174131112042910e-02	1.307399512982847511e-01	1.508002622264677517e-01	-3.665001337537399451e+01	7.515174131112101197e-02	1.307399512982844736e-01	1.508002622264678072e-01	-3.665001337537400161e+01
1.212121212121212646e+12	1.660845894158119895e+00	2.406377748688251494e-02	1.222641169823895702e+01	2.757830018754946710e+00	7.993245207404685304e-02	2.898382116753274451e-02	1.296072084972483390e+04	6.420774037685332303e+01	1.132539548176614980e-01	1.052496349383192920e-01	1.546090034134182944e-01	-3.695032974782201052e+01	1.132539548176610816e-01	1.052496349383196528e-01	1.546090034134182667e-01	-3.695032974782200341e+01
1.221896383186706299e+12	1.659558483051960076e+00	2.306528582948324038e-02	1.181360324672901640e+01	2.753602351259327286e+00	7.655638152467415802e-02	2.780226472775272281e-02	1.905565433729055076e+04	6.682116250547250047e+01	1.482324142872226136e-01	7.096978899829126108e-02	1.643458536011200566e-01	-3.725258897093890909e+01	1.482324142872219752e-01	7.096978899829278764e-02	1.643458536011201399e-01	-3.725258897093890198e+01
1.231671554252199951e+12	1.659097887332102506e+00	2.199442239336378904e-02	1.135524826229344697e+01	2.752122045133428063e+00	7.298179945183949635e-02	2.651837318802524254e-02	1.257779973233137571e+04	6.400439782294371582e+01	1.752483543845763658e-01	1.455334696834977362e-02	1.758516011371043519e-01	-3.761625782776395255e+01	1.752483543845764213e-01	1.455334696834828349e-02	1.758516011371042964e-01	-3.761625782776395965e+01
1.241446725317693604e+12	1.659422594196991563e+00	2.177944750672243177e-02	1.133350151124813010e+01	2.753209001797775279e+00	7.228261456356507852e-02	2.625395112262322861e-02	1.840856605148710514e+04	6.658691651042819615e+01	1.662858787317017806e-01	-5.889609806091289368e-02	1.764078905048606372e-01	-3.803951078820231402e+01	1.662858787317018083e-01	-5.889609806091306715e-02	1.764078905048607204e-01	-3.803951078820231402e+01
1.251221896383187256e+12	1.659898075807972218e+00	2.164335930684405107e-02	1.135136703476006481e+01	2.754793187068923732e+00	7.185154093490202232e-02	2.608237208955473119e-02	1.791542748491887323e+04	6.640280361594365388e+01	1.256033153124060386e-01	-1.231891735870936228e-01	1.759311379674979026e-01	-3.847480687608262429e+01	1.256033153124057888e-01	-1.231891735870938032e-01	1.759311379674978193e-01	-3.847480687608262429e+01
1.260997067448680908e+12	1.660288184745872808e+00	2.127420542009534135e-02	1.124492559298783689e+01	2.756104264590488739e+00	7.064262379768181110e-02	2.563133213255926190e-02	1.812754281192124472e+04	6.648261018377624509e+01	6.393036700194219824e-02	-1.668775514254937642e-01	1.787042500747291485e-01	-3.890405731909851994e+01	6.393036700194110189e-02	-1.668775514254942083e-01	1.787042500747291762e-01	-3.890405731909852705e+01
1.270772238514174561e+12	1.660261341716385841e+00	2.111734227929674967e-02	1.124853953094585712e+01	2.756021780652953002e+00	7.012061405221876875e-02	2.544269226914668350e-02	1.777193787568140033e+04	6.634827927193063601e+01	-5.551022311358093896e-03	-1.785234140471219089e-01	1.786096951784569564e-01	-3.930099224022027471e+01	-5.551022311357987210e-03	-1.785234140471218811e-01	1.786096951784569287e-01	-3.930099224022027471e+01
1.280547409579668213e+12	1.659892087356229062e+00	2.120054820265647802e-02	1.137972885068844420e+01	2.754792278423725982e+00	7.038124441840762358e-02	2.554865750483347256e-02	1.780070398252153245e+04	6.635924524580786965e+01	-6.836105606863515649e-02	-1.613092705942350269e-01	1.751967886876446834e-01	-3.967075244058376171e+01	-6.836105606863455975e-02	-1.613092705942352767e-01	1.751967886876446556e-01	-3.967075244058376171e+01
1.290322580645161865e+12	1.659913162236097861e+00	2.142405680805994916e-02	1.158748459643419260e+01	2.754852715954527298e+00	7.112414776838518748e-02	2.581776780895577578e-02	1.787197460489792866e+04	6.638633827415995370e+01	-1.220362205924683391e-01	-1.182218901447344567e-01	1.699095478361568046e-01	-4.007118096918421912e+01	-1.220362205924684917e-01	-1.182218901447343179e-01	1.699095478361568046e-01	-4.007118096918421912e+01
1.300097751710655518e+12	1.660174710295091893e+00	2.161950274662233218e-02	1.178177892226984547e+01	2.755712665804381345e+00	7.178430341819534710e-02	2.604927005234117937e-02	1.761354145756831713e+04	6.628757694807762846e+01	-1.551084536930156244e-01	-5.657296912374008141e-02	1.651034016685120065e-01	-4.049096642470512819e+01	-1.551084536930156799e-01	-5.657296912374010917e-02	1.651034016685120620e-01	-4.049096642470512819e+01
1.309872922776149170e+12	1.660262180411089084e+00	2.139805279880083524e-02	1.174877483219684038e+01	2.756012631039803207e+00	7.105275559257735740e-02	2.578099780543102737e-02	1.731464928030409646e+04	6.617153067348507989e+01	-1.656436417560152030e-01	9.340534982396890562e-03	1.659067860214056278e-01	-4.089703417837231569e+01	-1.656436417560151475e-01	9.340534982397261793e-03	1.659067860214056278e-01	-4.089703417837231569e+01
1.319648093841642822e+12	1.659981994481884549e+00	2.139565104456696287e-02	1.183512371256712470e+01	2.755082448120434790e+00	7.103279098839736239e-02	2.578245563462435233e-02	1.689866096399251546e+04	6.600664247124942108e+01	-1.487318929872057938e-01	6.865795295981007296e-02	1.638141950387362600e-01	-4.127318135480302175e+01	-1.487318929872064044e-01	6.865795295980869906e-02	1.638141950387362600e-01	-4.127318135480301464e+01
1.329423264907136475e+12	1.659849191727841067e+00	2.151428177817848314e-02	1.198889863094803232e+01	2.754636474959136105e+00	7.142092644022915437e-02	2.592753239473773175e-02	1.584450767423778416e+04	6.556991016224239388e+01	-1.092091357715739147e-01	1.171301182244843253e-01	1.601439974874354633e-01	-4.166108444521238852e+01	-1.092091357715726935e-01	1.171301182244855049e-01	1.601439974874355188e-01	-4.166108444521239562e+01
1.339198435972630127e+12	1.659804168992918827e+00	2.186896538339337670e-02	1.227615410764527581e+01	2.754471627759333963e+00	7.259639982983630280e-02	2.635583503500848329e-02	1.615192221451551450e+04	6.570020235372274442e+01	-5.341947654254342037e-02	1.439072045698176205e-01	1.535021954278787681e-01	-4.205605896124507126e+01	-5.341947654254124156e-02	1.439072045698184810e-01	1.535021954278787959e-01	-4.205605896124508547e+01
1.348973607038123779e+12	1.659827447458900984e+00	2.175409760191902159e-02	1.230080932338720778e+01	2.754553914575456730e+00	7.221609658873009985e-02	2.621698424801401778e-02	1.577841380401588503e+04	6.554156741334254832e+01	6.917505736495515624e-03	1.527879543046850308e-01	1.529444698778774647e-01	-4.245674512933733524e+01	6.917505736493302984e-03	1.527879543046851141e-01	1.529444698778774647e-01	-4.245674512933732103e+01
1.358748778103617432e+12	1.659804699360946101e+00	2.160141148181506793e-02	1.230298394967662290e+01	2.754485019042673954e+00	7.170824858069230201e-02	2.603326868178598014e-02	1.574720762268926410e+04	6.552814411457347887e+01	6.541449759742040682e-02	1.381958790391293324e-01	1.528959040632566491e-01	-4.285359896301045524e+01	6.541449759742240522e-02	1.381958790391283054e-01	1.528959040632565936e-01	-4.285359896301046945e+01
1.368523949169111084e+12	1.659599153296887009e+00	2.170594359093476824e-02	1.245145871956100336e+01	2.753798201636571630e+00	7.204633121005066254e-02	2.616253114234507252e-02	1.563164874579118259e+04	6.547820391109191007e+01	1.097197301927394508e-01	1.016779253124574650e-01	1.495888354437363288e-01	-4.323492177880619636e+01	1.097197301927395896e-01	1.016779253124573817e-01	1.495888354437363565e-01	-4.323492177880619636e+01
1.378299120234604736e+12	1.659399611614135850e+00	2.193350276926416334e-02	1.267186781153964859e+01	2.753125992481415540e+00	7.279289195330905515e-02	2.644008743228645764e-02	1.543755793282963532e+04	6.539348846389256664e+01	1.352274595355344167e-01	5.179861466245441054e-02	1.448087093146818716e-01	-4.361648939159555027e+01	1.352274595355342501e-01	5.179861466245459095e-02	1.448087093146817883e-01	-4.361648939159555027e+01
1.388074291300098389e+12	1.659485273900100699e+00	2.211476321063696876e-02	1.286720337615801668e+01	2.753402311539429714e+00	7.339824776767951697e-02	2.665729140273819658e-02	1.551548818276976817e+04	6.542763021052866179e+01	1.405821333734401934e-01	-5.626162756605510538e-03	1.406946691640857394e-01	-4.402229627257176503e+01	1.405821333734401657e-01	-5.626162756606102947e-03	1.406946691640857394e-01	-4.402229627257177214e+01
1.397849462365592041e+12	1.659515335176505735e+00	2.199658936978518900e-02	1.288857527521579982e+01	2.753507297742087356e+00	7.300735476147805769e-02	2.651431315302671052e-02	1.533677455884213668e+04	6.534907813929250153e+01	1.268237807996658306e-01	-5.988436410541402022e-02	1.402512332945115014e-01	-4.442344669244298672e+01	1.268237807996663580e-01	-5.988436410541289612e-02	1.402512332945114737e-01	-4.442344669244297961e+01
1.407624633431085693e+12	1.659119399316154375e+00	2.189137873468196757e-02	1.291662746596845679e+01	2.752197948724291798e+00	7.264082227297596894e-02	2.639374915116359660e-02	1.239452069822545491e+04	6.390487015466242582e+01	9.678743675304950222e-02	-1.007115192855001784e-01	1.396804139098221098e-01	-4.478756157705367968e+01	9.678743675304966876e-02	-1.007115192854999147e-01	1.396804139098220543e-01	-4.478756157705367968e+01
1.417399804496579346e+12	1.659154637071960758e+00	2.175369050101970056e-02	1.292452154861732794e+01	2.752320886666975941e+00	7.218547293639020201e-02	2.622712827057235158e-02	7.869818171907960277e+03	6.082510246597175296e+01	4.968449409153265911e-02	-1.303705361099400384e-01	1.395171159346577094e-01	-4.518898372201045532e+01	4.968449409153326279e-02	-1.303705361099398441e-01	1.395171159346577372e-01	-4.518898372201045532e+01
1.427174975562072998e+12	1.659136532684196474e+00	2.210080684846438964e-02	1.322131072944786645e+01	2.752245588423984479e+00	7.333651208816870104e-02	2.664606399829431982e-02	1.485258029047995115e+04	6.513156514948323661e+01	-4.349541059975433645e-03	-1.334714975611590859e-01	1.335423497196709941e-01	-4.558566973815914736e+01	-4.349541059976432845e-03	-1.334714975611590027e-01	1.335423497196709386e-01	-4.558566973815916157e+01
1.436950146627566650e+12	1.659110107149293523e+00	2.228758649375583295e-02	1.342436969506469424e+01	2.752149611133223761e+00	7.395512003150878089e-02	2.687176588523363524e-02	1.574010030750377337e+04	6.552508319305484008e+01	-5.385384479053280382e-02	-1.178841061628864845e-01	1.296028513750584477e-01	-4.598161865150506600e+01	-5.385384479053280382e-02	-1.178841061628864012e-01	1.296028513750583644e-01	-4.598161865150506600e+01
1.446725317693060303e+12	1.659114163464108449e+00	2.214736249473146443e-02	1.343065696231371753e+01	2.752169301741735019e+00	7.349000559676552302e-02	2.670257442020616823e-02	1.531706384907064967e+04	6.534035847825920484e+01	-9.530574314094242272e-02	-8.765023544574218617e-02	1.294826183290302968e-01	-4.638031068621189235e+01	-9.530574314094246435e-02	-8.765023544574200576e-02	1.294826183290302135e-01	-4.638031068621189235e+01
1.456500488758553955e+12	1.658946120885605335e+00	2.224911147982384929e-02	1.358352442060154708e+01	2.751607209039755642e+00	7.382015436521033314e-02	2.682801314180732408e-02	1.503812775651724041e+04	6.521574468916092826e+01	-1.184653158531153994e-01	-4.464671913885067539e-02	1.265992124384737738e-01	-4.676347554914235616e+01	-1.184653158531150385e-01	-4.464671913885166071e-02	1.265992124384737738e-01	-4.676347554914234905e+01
1.466275659824047607e+12	1.658733619710687224e+00	2.248987156987097488e-02	1.382266433256503291e+01	2.750891426835289533e+00	7.460941215184110908e-02	2.712190362150137049e-02	1.445089933114446285e+04	6.494566857004679150e+01	-1.221949660558227790e-01	2.260472172610155251e-03	1.222158723890920118e-01	-4.714238659178363378e+01	-1.221949660558227929e-01	2.260472172610066780e-03	1.222158723890920257e-01	-4.714238659178363378e+01
1.476050830889541260e+12	1.658754554652352553e+00	2.259451768782420877e-02	1.397956152557823728e+01	2.750956160350379154e+00	7.495751824970309229e-02	2.724780544672730440e-02	1.415262456619700606e+04	6.480425377212472426e+01	-1.091152736011882646e-01	4.852807358597795162e-02	1.194199181838116464e-01	-4.754236203371382175e+01	-1.091152736011878066e-01	4.852807358597903409e-02	1.194199181838116464e-01	-4.754236203371383596e+01
1.485826001955034912e+12	1.658691065831869427e+00	2.239408085010594074e-02	1.394730689418076786e+01	2.750754557013342261e+00	7.428972366717455367e-02	2.700703466173125927e-02	1.345373495058077606e+04	6.446087424466104210e+01	-8.266681571870278245e-02	8.697072525556495681e-02	1.199904557560680651e-01	-4.793465373472498925e+01	-8.266681571870194978e-02	8.697072525556581724e-02	1.199904557560681206e-01	-4.793465373472499635e+01
1.495601173020528564e+12	1.658547274068062460e+00	2.239580563965906310e-02	1.404014677939190747e+01	2.750277488208351606e+00	7.428900478842935529e-02	2.701145797358229031e-02	1.341571036263055430e+04	6.444168365812652155e+01	-4.338245298782811288e-02	1.101242164052079614e-01	1.183612278835522585e-01	-4.831941384632160918e+01	-4.338245298782918147e-02	1.101242164052074896e-01	1.183612278835522169e-01	-4.831941384632160208e+01
1.505376344086022217e+12	1.658231371978100332e+00	2.263357334692622791e-02	1.428194555685743339e+01	2.749219004369922281e+00	7.506340276768089237e-02	2.730353698572814819e-02	1.294711863221157910e+04	6.420062069314091957e+01	-7.696322928088131319e-04	1.142174894818745873e-01	1.142200824610465210e-01	-4.868794792751462808e+01	-7.696322928087943752e-04	1.142174894818745873e-01	1.142200824610465210e-01	-4.868794792751462808e+01
1.515151515151515869e+12	1.658276163610946208e+00	2.285267439625168068e-02	1.451383753686871536e+01	2.749357590073176816e+00	7.579209045213267104e-02	2.756719996183377291e-02	1.299234992414614499e+04	6.422426684649569495e+01	4.249531762497214815e-02	1.018709004243635308e-01	1.103790395560581838e-01	-4.908988793965413322e+01	4.249531762497443799e-02	1.018709004243626010e-01	1.103790395560582255e-01	-4.908988793965415454e+01
1.524926686217009521e+12	1.658526983485937523e+00	2.290417858065507684e-02	1.464039677611865997e+01	2.750187153554509045e+00	7.597439642119417635e-02	2.762517318975919386e-02	1.269861707849318191e+04	6.406921636139503562e+01	7.895929299762953490e-02	7.417307020445353116e-02	1.083338095621136227e-01	-4.951132958436254228e+01	7.895929299762999287e-02	7.417307020445312871e-02	1.083338095621136643e-01	-4.951132958436254938e+01
1.534701857282503174e+12	1.658396483599933413e+00	2.273174546017816405e-02	1.462331934191395000e+01	2.749762164564958145e+00	7.539649347449643713e-02	2.741927809106536537e-02	1.260305770966039927e+04	6.401800006013179711e+01	1.013159754054193951e-01	3.912810066559636868e-02	1.086090932383131091e-01	-4.989693005293025152e+01	1.013159754054197281e-01	3.912810066559582051e-02	1.086090932383132202e-01	-4.989693005293025863e+01
1.544477028347996826e+12	1.657986250570703701e+00	2.261997692177260613e-02	1.464410289823877420e+01	2.748406743725558599e+00	7.500722144905122568e-02	2.729116482496196650e-02	1.202608063666889939e+04	6.370026075039170621e+01	1.082780720447267253e-01	1.064138145086762329e-03	1.082833010011925029e-01	-5.025565494696636648e+01	1.082780720447266837e-01	1.064138145086684483e-03	1.082833010011924613e-01	-5.025565494696637359e+01
1.554252199413490479e+12	1.657758598129041916e+00	2.291447341580622743e-02	1.492864989487136462e+01	2.747638496578842737e+00	7.597333065330426349e-02	2.765040988758188725e-02	1.212208243601671529e+04	6.375417203795267795e+01	9.696349042867667689e-02	-3.715014525797171591e-02	1.038366590795393035e-01	-5.063136638350308516e+01	9.696349042867673240e-02	-3.715014525797162570e-02	1.038366590795393174e-01	-5.063136638350308516e+01
1.564027370478984131e+12	1.657945999835747308e+00	2.340873800243284397e-02	1.534657658262211122e+01	2.748236969356489201e+00	7.762084706467314854e-02	2.824386977184445077e-02	1.175056809986485132e+04	6.354311873972405067e+01	6.930670916805832527e-02	-6.875762647330874167e-02	9.762700002534578647e-02	-5.104690363577599754e+01	6.930670916805764525e-02	-6.875762647330944943e-02	9.762700002534580035e-02	-5.104690363577601175e+01
1.573802541544477783e+12	1.658204653230674896e+00	2.324958576968800053e-02	1.533750167009212895e+01	2.749102128757400454e+00	7.710514261796465318e-02	2.804739111413671881e-02	1.147724305665296197e+04	6.338354062564317104e+01	3.503757734712056870e-02	-9.125898445117293367e-02	9.775394656695389484e-02	-5.146969722677076930e+01	3.503757734712011074e-02	-9.125898445117308633e-02	9.775394656695389484e-02	-5.146969722677077641e+01
1.583577712609971436e+12	1.657915538172468395e+00	2.293372208026425371e-02	1.522309954172576063e+01	2.748157976105250810e+00	7.604434836999826586e-02	2.767102511252645183e-02	1.089387643278532960e+04	6.302984110379968996e+01	-2.906412868312251239e-04	-9.942111298445342749e-02	9.942153780456759737e-02	-5.183920211158310565e+01	-2.906412868313291531e-04	-9.942111298445341361e-02	9.942153780456758350e-02	-5.183920211158310565e+01
1.593352883675465088e+12	1.657342456089524685e+00	2.308786646594906608e-02	1.542001988274400759e+01	2.746250967178908375e+00	7.652900262908600426e-02	2.786671849867405557e-02	1.020556356351893373e+04	6.258730242379777309e+01	-3.257685044063146629e-02	-9.092411378847127523e-02	9.658387884554101022e-02	-5.218031631608977960e+01	-3.257685044063138996e-02	-9.092411378847131687e-02	9.658387884554101022e-02	-5.218031631608977960e+01
1.603128054740958740e+12	1.657121120891701160e+00	2.361114385956460116e-02	1.586625400701305111e+01	2.745492923191011236e+00	7.825305035619380123e-02	2.850236826152238723e-02	6.902395240085786099e+03	5.993574781565462217e+01	-5.958149545376432987e-02	-6.803353611442536364e-02	9.043515155480064127e-02	-5.255554277322466561e+01	-5.958149545376430212e-02	-6.803353611442539139e-02	9.043515155480062739e-02	-5.255554277322466561e+01
1.612903225806452393e+12	1.657468432522318569e+00	2.370907504320948420e-02	1.602920867883531386e+01	2.746639484568587086e+00	7.859408689684489746e-02	2.861463520728117077e-02	9.018460686668413473e+03	6.174884864842763932e+01	-8.061709210463831321e-02	-3.598304145597970571e-02	8.828303807544510273e-02	-5.298726478289486863e+01	-8.061709210463852138e-02	-3.598304145597927550e-02	8.828303807544511661e-02	-5.298726478289487574e+01
1.622678396871946045e+12	1.657873504080121574e+00	2.334675565509899270e-02	1.587991426913902870e+01	2.747999484531281844e+00	7.741193521364271579e-02	2.817028738520547387e-02	9.404115351870499580e+03	6.203276723626559175e+01	-9.022801548101556934e-02	1.641818001063721994e-03	9.024295176904954807e-02	-5.342526942487645414e+01	-9.022801548101555547e-02	1.641818001063641763e-03	9.024295176904953419e-02	-5.342526942487645414e+01
1.632453567937439697e+12	1.657326750225714074e+00	2.310703075377901899e-02	1.581153890131866646e+01	2.746198022143470308e+00	7.659180037305242383e-02	2.789012291009909661e-02	9.694187845968375768e+03	6.223874830503062583e+01	-8.530130903607550941e-02	3.216743247340100864e-02	9.116499895902412109e-02	-5.376768877464558472e+01	-8.530130903607538451e-02	3.216743247340122375e-02	9.116499895902409334e-02	-5.376768877464559182e+01
1.642228739002933350e+12	1.656737092126329580e+00	2.359175025854386154e-02	1.623988581205749426e+01	2.744221221746944384e+00	7.817065544302108371e-02	2.848555168349671540e-02	9.541518005592157351e+03	6.213111755003633618e+01	-6.557913464776195245e-02	5.500246521677898404e-02	8.559143696113691302e-02	-5.410498339731890383e+01	-6.557913464776270185e-02	5.500246521677811667e-02	8.559143696113692690e-02	-5.410498339731888962e+01
1.652003910068427002e+12	1.657158980483424804e+00	2.413943709462181009e-02	1.671580786393731444e+01	2.745593174173618589e+00	8.000576993033449436e-02	2.913970310055676721e-02	8.789958562126610559e+03	6.157483999363874005e+01	-3.347801590758047591e-02	7.242115230009249505e-02	7.978471563890796037e-02	-5.454486201032166548e+01	-3.347801590758012202e-02	7.242115230009267546e-02	7.978471563890797424e-02	-5.454486201032167259e+01
1.661779081133920654e+12	1.657695767936265163e+00	2.295139532743591809e-02	1.598716813187641250e+01	2.747428492486327478e+00	7.609286180504538921e-02	2.769602994696469464e-02	3.454690996695786907e+03	5.524282669861440809e+01	1.726903358078227344e-03	8.881219404795574757e-02	8.882898179546970530e-02	-5.499731342758958164e+01	1.726903358078697888e-03	8.881219404795577532e-02	8.882898179546973305e-02	-5.499731342758958874e+01
1.671554252199414307e+12	1.656230613882876845e+00	2.091320648061893023e-02	1.465312529408101305e+01	2.742662484157549763e+00	6.927418561530969410e-02	2.525800604903388411e-02	1.149684007770173594e+03	4.778277389393817742e+01	2.841324282030255333e-02	1.043688597607578261e-01	1.081673298890483276e-01	-5.524366868319368962e+01	2.841324282030095044e-02	1.043688597607582424e-01	1.081673298890483276e-01	-5.524366868319367541e+01
1.681329423264907959e+12	1.658165303330664697e+00	2.368455492868404635e-02	1.669195488883844902e+01	2.748951215027505501e+00	7.854581441514633944e-02	2.857301140368197559e-02	4.420867304709989185e+03	5.691488069029146146e+01	6.082682658383471719e-02	5.204522939361485440e-02	8.005378651190643569e-02	-5.584091453033811803e+01	6.082682658383428004e-02	5.204522939361537481e-02	8.005378651190643569e-02	-5.584091453033811092e+01
1.691104594330401611e+12	1.656518570886317487e+00	2.349477968552897769e-02	1.665447731948732013e+01	2.743501771018776125e+00	7.783907773592269042e-02	2.837216237954816658e-02	8.394745506424018458e+03	6.126291659594717487e+01	7.133853547327885514e-02	3.733421330118177200e-02	8.051726601351044676e-02	-5.606652402961791637e+01	7.133853547327964617e-02	3.733421330118015524e-02	8.051726601351039125e-02	-5.606652402961793769e+01
1.700879765395895264e+12	1.656499799062114864e+00	2.444057203953905674e-02	1.742505438168754495e+01	2.743394242731207022e+00	8.097160534491917860e-02	2.951511820054972604e-02	8.585070007014064686e+03	6.141492306249376298e+01	7.159271016980099656e-02	6.281590726609372587e-03	7.186775724560877376e-02	-5.646115123789684986e+01	7.159271016980106594e-02	6.281590726608717729e-03	7.186775724560877376e-02	-5.646115123789686407e+01
1.710654936461388916e+12	1.657295785359485407e+00	2.399507295252755953e-02	1.720575168096072716e+01	2.746053556644316274e+00	7.953386654723461346e-02	2.896296991542480354e-02	6.726704164816510456e+03	5.976092877089511290e+01	6.854999838021376413e-02	-2.845534965788536208e-02	7.422135273679553169e-02	-5.694212628378078023e+01	6.854999838021351433e-02	-2.845534965788606291e-02	7.422135273679557332e-02	-5.694212628378078733e+01
1.720430107526882568e+12	1.648629762439264290e+00	1.814468152685947550e-02	1.308505477951555740e+01	2.717650864132833632e+00	5.982772399032489086e-02	2.201449964744280063e-02	3.417206170421180218e+02	3.955652096129676210e+01	1.353115302715000023e-01	1.771123709981889047e-02	1.364657398178057979e-01	-5.641851539241258706e+01	1.353115302714999191e-01	1.771123709982001804e-02	1.364657398178058534e-01	-5.641851539241257996e+01
1.730205278592376221e+12	1.656850508527934140e+00	2.363310415525102584e-02	1.713987154326018114e+01	2.744595083997261042e+00	7.831304127544258531e-02	2.853355007886501649e-02	6.064143441087805513e+03	5.905786067447802878e+01	3.127806851718933218e-02	-6.811261570050450298e-02	7.495095721690686608e-02	-5.768897667619607006e+01	3.127806851718926279e-02	-6.811261570050451686e-02	7.495095721690685220e-02	-5.768897667619607006e+01
1.739980449657869873e+12	1.655870796718707183e+00	2.351296974430425527e-02	1.714908743890969234e+01	2.741355235679649116e+00	7.786887988744788103e-02	2.840524966409261470e-02	8.092651431507221787e+03	6.101441975929473216e+01	1.036540695545200806e-02	-7.413899057822288807e-02	7.486008005145301791e-02	-5.798055404353815590e+01	1.036540695545162989e-02	-7.413899057822292971e-02	7.486008005145301791e-02	-5.798055404353816300e+01
1.749755620723363525e+12	1.655672982336113819e+00	2.429669545531123326e-02	1.782024901536721728e+01	2.740662695027713536e+00	8.045476445081491124e-02	2.935595270325717931e-02	8.686656596767665178e+03	6.149468354594563380e+01	-1.584945547652700376e-02	-6.592863547676446057e-02	6.780700712117072870e-02	-5.835539028546856599e+01	-1.584945547652716336e-02	-6.592863547676441893e-02	6.780700712117072870e-02	-5.835539028546856599e+01
1.759530791788857178e+12	1.656579437166620039e+00	2.453277859068777461e-02	1.809392441663429452e+01	2.743653574417896035e+00	8.128099309978971398e-02	2.962509329080826107e-02	8.395464638750327140e+03	6.126349740693414958e+01	-4.345874904567956221e-02	-4.849132694979266939e-02	6.511583262131448446e-02	-5.885018517329088894e+01	-4.345874904568087366e-02	-4.849132694979148978e-02	6.511583262131448446e-02	-5.885018517329091736e+01
1.769305962854350830e+12	1.656560504573500570e+00	2.429422626885162015e-02	1.801752669986515087e+01	2.743602495882808689e+00	8.048971145230326973e-02	2.933723510351455080e-02	7.079674683634614667e+03	6.010769391458735811e+01	-5.943096998197009567e-02	-2.836700183529630367e-02	6.585383045899102783e-02	-5.924492894106295182e+01	-5.943096998197040098e-02	-2.836700183529569305e-02	6.585383045899104171e-02	-5.924492894106295893e+01
1.779081133919844482e+12	1.655685413707723042e+00	2.402287337778058821e-02	1.791471351688575453e+01	2.740717090719189120e+00	7.954864209387779717e-02	2.902475500417429563e-02	8.250169277990951741e+03	6.114512660719790205e+01	-6.616921274971743205e-02	-9.646700096096036750e-03	6.686870373097855702e-02	-5.954549197055039400e+01	-6.616921274971730715e-02	-9.646700096096661250e-03	6.686870373097854314e-02	-5.954549197055038690e+01
1.788856304985338135e+12	1.655147220717166689e+00	2.448128318434271769e-02	1.835687686256036244e+01	2.738912989021409228e+00	8.104025564430951400e-02	2.958847395632839203e-02	7.852360828280670830e+03	6.081004514370032155e+01	-6.150237663962299789e-02	1.194836815943112716e-02	6.265226120416846067e-02	-5.988214506390510650e+01	-6.150237663962318524e-02	1.194836815943025633e-02	6.265226120416847455e-02	-5.988214506390509229e+01
1.798631476050831787e+12	1.655595543141168413e+00	2.495130832748806982e-02	1.881155398686203029e+01	2.740374034681646975e+00	8.261854972506073314e-02	3.014863981319931135e-02	4.496673862384048334e+03	5.703016076730566652e+01	-4.707525618998213007e-02	3.487266184826157828e-02	5.858482986008962945e-02	-6.032783804364035518e+01	-4.707525618998201211e-02	3.487266184826177257e-02	5.858482986008964333e-02	-6.032783804364035518e+01
1.808406647116325439e+12	1.655642308592605971e+00	2.463120094309319622e-02	1.867114032851533167e+01	2.740544757941954845e+00	8.156091678566237957e-02	2.976084099677742123e-02	7.240360152663503868e+03	6.025986526755638550e+01	-3.032676939255418355e-02	5.155146197237658878e-02	5.981025140624766229e-02	-6.072929837925934748e+01	-3.032676939255477336e-02	5.155146197237622102e-02	5.981025140624764841e-02	-6.072929837925933327e+01
1.818181818181819092e+12	1.655683481769894438e+00	2.405289020794796478e-02	1.833132007486477022e+01	2.740709250278324571e+00	7.964794601224857440e-02	2.906107096335014753e-02	7.421052437243258282e+03	6.042700046789019552e+01	-8.203731665728334135e-03	6.234635459313734446e-02	6.288377488904821344e-02	-6.113022518727448329e+01	-8.203731665728315053e-03	6.234635459313733752e-02	6.288377488904821344e-02	-6.113022518727448329e+01
1.827956989247312744e+12	1.655043542568206183e+00	2.433972654869016525e-02	1.864965613519435550e+01	2.738576705508252385e+00	8.056661450457118512e-02	2.941915570322461634e-02	7.418068198535805095e+03	6.042427332720399136e+01	1.151205931228932271e-02	5.889074129529940638e-02	6.000539075716072868e-02	-6.145410398717183398e+01	1.151205931229017446e-02	5.889074129529922597e-02	6.000539075716071480e-02	-6.145410398717184819e+01
1.837732160312806396e+12	1.654953504697710853e+00	2.501495732123689905e-02	1.926953092843998405e+01	2.738245354621452687e+00	8.279718257728933828e-02	3.023731326250550522e-02	7.112168416092341431e+03	6.013874263461556069e+01	2.994618533581632283e-02	4.585068315771694686e-02	5.476366644223529950e-02	-6.183962502247906201e+01	2.994618533581626732e-02	4.585068315771696768e-02	5.476366644223528563e-02	-6.183962502247906201e+01
1.847507331378300049e+12	1.655465028489573998e+00	2.497961781966032829e-02	1.934466089400709876e+01	2.739940479245569716e+00	8.270576745096530624e-02	3.018524237203063995e-02	6.888293389350793404e+03	5.992188113688320783e+01	4.650562162640378000e-02	2.775080093409703491e-02	5.415606886898380323e-02	-6.229384935938515611e+01	4.650562162640374531e-02	2.775080093409715981e-02	5.415606886898383099e-02	-6.229384935938514900e+01
1.857282502443793701e+12	1.655219035641348313e+00	2.450399681898880744e-02	1.907673539137739382e+01	2.739149610089369968e+00	8.111896396817064314e-02	2.961465254375936912e-02	6.373630972595701678e+03	5.939535951159724902e+01	5.552805333110612945e-02	9.535855054709175757e-03	5.634090200171264912e-02	-6.266178159655203217e+01	5.552805333110601149e-02	9.535855054709756889e-03	5.634090200171264218e-02	-6.266178159655201796e+01
1.867057673509287354e+12	1.653944765182458365e+00	2.419027730917224644e-02	1.893161838731055013e+01	2.734948116758162406e+00	8.001876504763488773e-02	2.925787314111251078e-02	4.348752597281322778e+03	5.680336524876265969e+01	5.739174852606749450e-02	-4.534959012358968748e-03	5.757064053945506327e-02	-6.291070684253531908e+01	5.739174852606743205e-02	-4.534959012359538605e-03	5.757064053945504245e-02	-6.291070684253533329e+01
1.876832844574780762e+12	1.654047786818139132e+00	2.413955108281321676e-02	1.899082997079176138e+01	2.735291363151504562e+00	7.985594208662123716e-02	2.919467489365158014e-02	3.866050262514485894e+03	5.600561861105538242e+01	5.046101875383959823e-02	-2.665667664413126983e-02	5.706919329537718522e-02	-6.331785440527304587e+01	5.046101875384014640e-02	-2.665667664413026022e-02	5.706919329537721297e-02	-6.331785440527303166e+01
1.886608015640274414e+12	1.654367697401885273e+00	2.548700297824356073e-02	2.015531574793540415e+01	2.736282890886002850e+00	8.432974886158357830e-02	3.081909006647984978e-02	5.706358078909526739e+03	5.864553198364631470e+01	2.917908700930633981e-02	-3.818979301638688456e-02	4.806120482604595012e-02	-6.375021385896330628e+01	2.917908700930653756e-02	-3.818979301638672497e-02	4.806120482604594318e-02	-6.375021385896329917e+01
1.896383186705768066e+12	1.655072882409279300e+00	2.517572829694085870e-02	2.001231361892358152e+01	2.738632428791278883e+00	8.333533039834152556e-02	3.042954195759755773e-02	5.951140927298764836e+03	5.893031991487070087e+01	8.510244159537992334e-03	-4.833697700976645473e-02	4.908041974247613626e-02	-6.422837469334017158e+01	8.510244159538358361e-03	-4.833697700976637146e-02	4.908041974247611544e-02	-6.422837469334015736e+01
1.906158357771261719e+12	1.654817304468331196e+00	2.435662425786837629e-02	1.946100369886256232e+01	2.737827066022594291e+00	8.061152660070743103e-02	2.944361519437260766e-02	5.989177717256771757e+03	5.897351870203225843e+01	-1.013839801741530863e-02	-5.226558272553595563e-02	5.323981829419943690e-02	-6.459424838278270897e+01	-1.013839801741515251e-02	-5.226558272553597645e-02	5.323981829419942302e-02	-6.459424838278270897e+01
1.915933528836755371e+12	1.653683639158663121e+00	2.462839578389135198e-02	1.977906341672649404e+01	2.734063020542151889e+00	8.145515033309065622e-02	2.979271133148148065e-02	5.271311050719637933e+03	5.810783731785177508e+01	-2.223706536565970768e-02	-4.568407009398870594e-02	5.080867383064721632e-02	-6.485564702362486855e+01	-2.223706536565968686e-02	-4.568407009398873370e-02	5.080867383064723714e-02	-6.485564702362486855e+01
1.925708699902249023e+12	1.652492212885508849e+00	2.517513765617572855e-02	2.032130562253747286e+01	2.730096726091238768e+00	8.320343787030226590e-02	3.047636996709164950e-02	2.511165888520481531e+03	5.307999065463481969e+01	-3.044015164584685726e-02	-3.569497371590008711e-02	4.691198120737335997e-02	-6.510875829716849239e+01	-3.044015164584783564e-02	-3.569497371589926138e-02	4.691198120737336691e-02	-6.510875829716852081e+01
1.935483870967742676e+12	1.654053927666855106e+00	2.572925034287483481e-02	2.087400822567594005e+01	2.735232401306943562e+00	8.511513517111179983e-02	3.111806336106659465e-02	5.849496838079723602e+03	5.881351273649602263e+01	-4.150280808201529253e-02	-1.209620321519390244e-02	4.322963348116499321e-02	-6.568984664851400623e+01	-4.150280808201542437e-02	-1.209620321519349478e-02	4.322963348116500015e-02	-6.568984664851402044e+01
1.945259042033236328e+12	1.654567830226175040e+00	2.504861667212709281e-02	2.042444905816547873e+01	2.736967271622165576e+00	8.288927067473703114e-02	3.028507923136750449e-02	6.244676744895927186e+03	5.925676956296256748e+01	-4.549555043671642957e-02	7.976230058150537289e-03	4.618945069472414622e-02	-6.614700080324695364e+01	-4.549555043671648508e-02	7.976230058150296162e-03	4.618945069472415316e-02	-6.614700080324693943e+01
1.955034213098729980e+12	1.654047918492968838e+00	2.453667850593853339e-02	2.010755640348000739e+01	2.735272468078818964e+00	8.116968401895760521e-02	2.967517311939639468e-02	6.308757553418708085e+03	5.932599271075838487e+01	-4.232935809553860229e-02	2.347530666592480275e-02	4.840314638367584910e-02	-6.647980371154358181e+01	-4.232935809553878964e-02	2.347530666592448703e-02	4.840314638367585603e-02	-6.647980371154355339e+01
1.964809384164223633e+12	1.653280827620490001e+00	2.485631828285169917e-02	2.047134541225694093e+01	2.732719658418913955e+00	8.218894892454274570e-02	3.007588014794583889e-02	6.195477562123894131e+03	5.920313848465337969e+01	-3.168772048664916796e-02	3.317906600673208029e-02	4.587986541740384644e-02	-6.678183073487518584e+01	-3.168772048664901531e-02	3.317906600673224682e-02	4.587986541740386726e-02	-6.678183073487518584e+01
1.974584555229717285e+12	1.653373686845491353e+00	2.572556550470904771e-02	2.129265547758973298e+01	2.732982743632515810e+00	8.506794616941198983e-02	3.112641174468039687e-02	6.170924788888029980e+03	5.917621446529939533e+01	-1.418202122156951572e-02	3.809083001842952787e-02	4.064530793857933783e-02	-6.718782203823920440e+01	-1.418202122156956256e-02	3.809083001842953481e-02	4.064530793857935170e-02	-6.718782203823919019e+01
1.984359726295210938e+12	1.654035914822338915e+00	2.557285243383419782e-02	2.127104066573400232e+01	2.735180836740568999e+00	8.459683274002724462e-02	3.092915525133566393e-02	6.036778612423424420e+03	5.902719467293118072e+01	4.867925582128340700e-03	4.047939903195706124e-02	4.077104910916012209e-02	-6.766392418811487630e+01	4.867925582127814212e-03	4.047939903195713063e-02	4.077104910916012209e-02	-6.766392418811484788e+01
1.994134897360704590e+12	1.653796060238587939e+00	2.468677001915699568e-02	2.063516595650852636e+01	2.734431972246696763e+00	8.165376599539585223e-02	2.986132652929248191e-02	5.972146771008709038e+03	5.895421049518472500e+01	2.089667132506689909e-02	3.960661589987699710e-02	4.478118908099987944e-02	-6.802972944924074739e+01	2.089667132506715930e-02	3.960661589987689996e-02	4.478118908099991413e-02	-6.802972944924074739e+01
2.003910068426198242e+12	1.652988606354812706e+00	2.470582614966491605e-02	2.075232544191726092e+01	2.731760954893088567e+00	8.167689827195780128e-02	2.989899175682242047e-02	5.984202236778606675e+03	5.896788361756342312e+01	3.097518675708060137e-02	3.127684047520650629e-02	4.401934739120444418e-02	-6.832479456844713184e+01	3.097518675708027872e-02	3.127684047520680466e-02	4.401934739120443030e-02	-6.832479456844710342e+01
2.013685239491691895e+12	1.652479864054372971e+00	2.571798944790393282e-02	2.170789746383781704e+01	2.730028286123916903e+00	8.499691941324817590e-02	3.113408012849802967e-02	5.829794629249383433e+03	5.879063668969877199e+01	3.427633917251647622e-02	1.694449124359115322e-02	3.823588903861822180e-02	-6.865592137650641291e+01	3.427633917251680234e-02	1.694449124359049402e-02	3.823588903861821486e-02	-6.865592137650641291e+01
2.023460410557185547e+12	1.653463411757342350e+00	2.588339366423960883e-02	2.195356681294105172e+01	2.733271303952652609e+00	8.559448879186400128e-02	3.131576754495012799e-02	5.412821056628792576e+03	5.828745762737547409e+01	3.680750346364029119e-02	-2.144338343555673466e-03	3.686991318348247643e-02	-6.917323078805962666e+01	3.680750346364029119e-02	-2.144338343555277516e-03	3.686991318348245561e-02	-6.917323078805959824e+01
2.033235581622679199e+12	1.653924003775185225e+00	2.506750241087120704e-02	2.136426359578090484e+01	2.734836230586620065e+00	8.291948790406443448e-02	3.031972700108564664e-02	5.449425507349513282e+03	5.833315571485645279e+01	3.507568492801203114e-02	-1.967076021631503080e-02	4.021495344591279053e-02	-6.962614236255694777e+01	3.507568492801223237e-02	-1.967076021631468039e-02	4.021495344591278359e-02	-6.962614236255691935e+01
2.043010752688172852e+12	1.652538282654588464e+00	2.402611712433930929e-02	2.057516863366919679e+01	2.730305521334904117e+00	7.940815666302736275e-02	2.908398200953094676e-02	3.518776415879641718e+03	5.536745159871841082e+01	3.362989024344158889e-02	-3.018195850072477593e-02	4.518761043389438181e-02	-6.984645625162615090e+01	3.362989024344148481e-02	-3.018195850072488001e-02	4.518761043389437487e-02	-6.984645625162613669e+01
2.052785923753666504e+12	1.651914363688534504e+00	2.474235868125921126e-02	2.128991465772556069e+01	2.728208880647383872e+00	8.174451539421159763e-02	2.996270409280913510e-02	5.237009461934394494e+03	5.806357189561597920e+01	2.036085028108336817e-02	-3.520689109403435380e-02	4.067049796444454496e-02	-7.016150891567414760e+01	2.036085028108269163e-02	-3.520689109403473543e-02	4.067049796444454496e-02	-7.016150891567414760e+01
2.062561094819160156e+12	1.652229304991533310e+00	2.632808570819161753e-02	2.276225402710745627e+01	2.729168508175747299e+00	8.700006950280592122e-02	3.187786655246113710e-02	5.365572758140307087e+03	5.822801239204390811e+01	2.956275253530375475e-03	-3.259685179034357838e-02	3.273063259419623644e-02	-7.059539008645576530e+01	2.956275253530425348e-03	-3.259685179034357838e-02	3.273063259419624338e-02	-7.059539008645575109e+01
2.072336265884653809e+12	1.653433766671236871e+00	2.594948004236365818e-02	2.254125274023998315e+01	2.733169845254165065e+00	8.581149305921086101e-02	3.139632657963523088e-02	5.013218299033474068e+03	5.776745677798385969e+01	-1.495086161716911721e-02	-3.032353586232287151e-02	3.380894985487307297e-02	-7.114390268802732464e+01	-1.495086161716896976e-02	-3.032353586232293050e-02	3.380894985487306603e-02	-7.114390268802731043e+01
2.082111436950147461e+12	1.653872300928937333e+00	2.484262556582743017e-02	2.168156487876117566e+01	2.734676431734973434e+00	8.217306061134210804e-02	3.004854967767015689e-02	3.845147874994962422e+03	5.596886015687436355e+01	-3.028807667054298283e-02	-2.356690473143102649e-02	3.837664116387775465e-02	-7.159539222040207562e+01	-3.028807667054275038e-02	-2.356690473143136649e-02	3.837664116387777546e-02	-7.159539222040204720e+01
2.091886608015641113e+12	1.652092393673409765e+00	2.451176107862757664e-02	2.149323640524901435e+01	2.728808450802360674e+00	8.099138806708110205e-02	2.968012945110417439e-02	5.026785571395593252e+03	5.778578165509026832e+01	-3.470756279773195424e-02	-1.879107704889470057e-02	3.946795525506742452e-02	-7.176040550741333846e+01	-3.470756279773214159e-02	-1.879107704889437097e-02	3.946795525506743146e-02	-7.176040550741333846e+01
2.101661779081134766e+12	1.651038207782965284e+00	2.573066180302643197e-02	2.266746448103613076e+01	2.725265096602364601e+00	8.496461149667672297e-02	3.117664098168049236e-02	5.027837322988686537e+03	5.778720015573169633e+01	-3.225124275302328897e-02	-7.868655790415386361e-03	3.319726499370806438e-02	-7.201732629856161338e+01	-3.225124275302329591e-02	-7.868655790415382892e-03	3.319726499370807132e-02	-7.201732629856159917e+01
2.111436950146628418e+12	1.652034204717904187e+00	2.675718885450800028e-02	2.368142121099236164e+01	2.728501066402522213e+00	8.840758241948779017e-02	3.240152020026568908e-02	4.724415987245539327e+03	5.736515056924912415e+01	-2.743725945045689604e-02	8.008055783105186634e-03	2.858202518326878258e-02	-7.254061060468774258e+01	-2.743725945045683012e-02	8.008055783105479802e-03	2.858202518326879646e-02	-7.254061060468774258e+01
2.121212121212122070e+12	1.653290534406832046e+00	2.541649042715372897e-02	2.259898027640176466e+01	2.732723593173594701e+00	8.404168608211023961e-02	3.075381875139083718e-02	4.497027777547034930e+03	5.703069440050037997e+01	-2.230140607952050408e-02	2.502876267610260747e-02	3.352300216598061433e-02	-7.309958960425015562e+01	-2.230140607952077816e-02	2.502876267610237501e-02	3.352300216598062127e-02	-7.309958960425012719e+01
2.130987292277615723e+12	1.652440961416142162e+00	2.460270605934906929e-02	2.197621518393732032e+01	2.729955837820461362e+00	8.130903850829904189e-02	2.978401239384679752e-02	4.336892897653821819e+03	5.678484895752240647e+01	-1.581528289953691713e-02	3.317559856579256616e-02	3.675246268471001748e-02	-7.338258122156624097e+01	-1.581528289953681998e-02	3.317559856579260086e-02	3.675246268471001748e-02	-7.338258122156622676e+01
2.140762463343109375e+12	1.650694575708534284e+00	2.489765697947165721e-02	2.234169514383633626e+01	2.724172688950510679e+00	8.219685464773118788e-02	3.017314393508496034e-02	4.089457105269592375e+03	5.638653085485710648e+01	-9.684267344827537927e-03	3.345963897631436951e-02	3.483292227808899855e-02	-7.354569458490315981e+01	-9.684267344827534457e-03	3.345963897631437645e-02	3.483292227808899855e-02	-7.354569458490314560e+01
2.150537634408603027e+12	1.650864938952300909e+00	2.686741016880755256e-02	2.421932380861476375e+01	2.724633188932805261e+00	8.870893089626981365e-02	3.255811874295477804e-02	3.775822044819796247e+03	5.584549885204579311e+01	3.523895232150555269e-03	2.617057035177840218e-02	2.640675273759642006e-02	-7.396127338433760201e+01	3.523895232150454655e-03	2.617057035177842300e-02	2.640675273759643046e-02	-7.396127338433758780e+01
2.160312805474096680e+12	1.653675390680805490e+00	2.599964205705826772e-02	2.354361623361929645e+01	2.733966316356219117e+00	8.598993647253386219e-02	3.145244912422318767e-02	3.012171901602957405e+03	5.431343295614173172e+01	2.289090077986581998e-02	1.806685327718631287e-02	2.916169621014935709e-02	-7.473006643261318516e+01	2.289090077986591018e-02	1.806685327718620532e-02	2.916169621014936056e-02	-7.473006643261317095e+01
2.170087976539590332e+12	1.667657534840202294e+00	2.011777252580186637e-02	1.829980217988800462e+01	2.780676928737900511e+00	6.709910987370938662e-02	2.413049469366600197e-02	2.895820123143819842e+02	3.843400038246889494e+01	-2.063775357509490226e-03	-6.302943795755537593e-02	6.306321604526354818e-02	-7.700175135832365925e+01	-2.063775357508818020e-03	-6.302943795755538980e-02	6.306321604526353430e-02	-7.700175135832364504e+01
2.179863147605083984e+12	1.652594931828878844e+00	2.420666814888139395e-02	2.211838467477005210e+01	2.730484045923626812e+00	8.000763419860988657e-02	2.930163035307027999e-02	3.056058079220666968e+03	5.441150730641355437e+01	3.597912121927598905e-02	8.436577725205207960e-04	3.598901113046160810e-02	-7.537477944485502235e+01	3.597912121927600293e-02	8.436577725208563566e-04	3.598901113046163586e-02	-7.537477944485500814e+01
2.189638318670577637e+12	1.649772383887833094e+00	2.529637147509257097e-02	2.321773104088168438e+01	2.721109012229137925e+00	8.346651014435130245e-02	3.067371052362777989e-02	3.201600960716854843e+03	5.472696385329629010e+01	3.061331078986351956e-02	3.461419859634463632e-04	3.061526762566711690e-02	-7.538691725678883415e+01	3.061331078986351956e-02	3.461419859634943391e-04	3.061526762566711690e-02	-7.538691725678881994e+01
2.199413489736071289e+12	1.654485265827105867e+00	3.083718307684163440e-02	2.842959969616329019e+01	2.736370562978874155e+00	1.020393300804949277e-01	3.729002623439006681e-02	1.084024233690561459e+03	4.738404269961558413e+01	7.407452370271556605e-03	-1.209647218459550776e-02	1.418432197641235695e-02	-7.641955840560207491e+01	7.407452370271546196e-03	-1.209647218459551990e-02	1.418432197641236042e-02	-7.641955840560206070e+01
2.209188660801564941e+12	1.650831300056206041e+00	2.770902110465445559e-02	2.565920225151080913e+01	2.724476191394685554e+00	9.148583866696313738e-02	3.357923954554018625e-02	2.723310594939719067e+03	5.362988473186928928e+01	1.296616710738206224e-02	-1.696751457823728743e-02	2.135457890990247187e-02	-7.631650783707219432e+01	1.296616710738170142e-02	-1.696751457823757539e-02	2.135457890990248228e-02	-7.631650783707220853e+01
2.218963831867058594e+12	1.652481509345426591e+00	2.427466470762498427e-02	2.257837201848288800e+01	2.730105879381871770e+00	8.022686914982057882e-02	2.938599186050062234e-02	2.737055357732580887e+03	5.366401962594910202e+01	1.086877486175742442e-03	-3.361145351013822280e-02	3.362902183730800965e-02	-7.693669475537146241e+01	1.086877486175248262e-03	-3.361145351013824362e-02	3.362902183730800965e-02	-7.693669475537146241e+01
2.228739002932552246e+12	1.655722169697241508e+00	2.190277353477329894e-02	2.046197205198836144e+01	2.740936171738425742e+00	7.252981543876432791e-02	2.646169443368053334e-02	7.514572763305930039e+02	4.489957864451826453e+01	-3.322690252290413232e-02	-3.170494077464293403e-02	4.592635758244048572e-02	-7.777785325902398483e+01	-3.322690252290366741e-02	-3.170494077464343363e-02	4.592635758244049959e-02	-7.777785325902395641e+01
2.238514173998045898e+12	1.649889600059604611e+00	2.427547361019590302e-02	2.277805941233961562e+01	2.721546393765842620e+00	8.010370289196720728e-02	2.943315722100425802e-02	3.248960876475636724e+03	5.482652808003498279e+01	-1.264827168557098279e-02	-3.011754244391122784e-02	3.266565688139166923e-02	-7.736661706609929468e+01	-1.264827168557069483e-02	-3.011754244391132498e-02	3.266565688139164841e-02	-7.736661706609928046e+01
2.248289345063539551e+12	1.649933680452477791e+00	2.737382719411778076e-02	2.579745625612549276e+01	2.721531823476205592e+00	9.032999890092174855e-02	3.319086630614646871e-02	3.361525539808972553e+03	5.505746468876159128e+01	-1.495318655682035223e-02	-1.463946212536173207e-02	2.092633841652603854e-02	-7.776501921049005261e+01	-1.495318655682012846e-02	-1.463946212536193503e-02	2.092633841652602120e-02	-7.776501921049002419e+01
2.258064516129033203e+12	1.652734515832863904e+00	2.616544937330136586e-02	2.476587662665400558e+01	2.730846749084384406e+00	8.648908260306509277e-02	3.167115936918236258e-02	3.110610078641982000e+03	5.453147203241689311e+01	-2.435384898810125792e-02	2.222401243583762035e-04	2.435486298890050111e-02	-7.854894154848820165e+01	-2.435384898810126139e-02	2.222401243586740881e-04	2.435486298890050458e-02	-7.854894154848818744e+01
2.267839687194526855e+12	1.648634678534494968e+00	1.920688593194007018e-02	1.825822141563028822e+01	2.717627398799335126e+00	6.333027642810545865e-02	2.330351705170663826e-02	5.640871125011607319e+02	4.295493571794038701e+01	-6.271243493303733929e-02	-1.077634328689246537e-02	6.363158861656209586e-02	-7.836964091226978724e+01	-6.271243493303728378e-02	-1.077634328689299793e-02	6.363158861656212362e-02	-7.836964091226974460e+01
2.277614858260020508e+12	1.651789984871573358e+00	2.390475936671808063e-02	2.282200649909584556e+01	2.727838716601652003e+00	7.897128422541971338e-02	2.895012954570947913e-02	2.417547023343997807e+03	5.282237975635761984e+01	-2.552422971361845150e-02	2.003044868420495589e-02	3.244541842794034653e-02	-7.920519658550868769e+01	-2.552422971361870477e-02	2.003044868420465058e-02	3.244541842794036041e-02	-7.920519658550865927e+01
2.287390029325514160e+12	1.649062964702168399e+00	2.470728707367058491e-02	2.368942099885117258e+01	2.718798211517764241e+00	8.148774414290956003e-02	2.997197210065074072e-02	3.336155131437668388e+03	5.500609732940270646e+01	-2.232392163579137445e-02	1.781468593942367798e-02	2.856082128233104409e-02	-7.921334195640213238e+01	-2.232392163579136057e-02	1.781468593942369880e-02	2.856082128233104409e-02	-7.921334195640211817e+01
2.297165200391007812e+12	1.649108201040467181e+00	2.758243026570574366e-02	2.655913451405976389e+01	2.718797068279563245e+00	9.097282391160427251e-02	3.346068927798692694e-02	3.531598444312791344e+03	5.539211353373157465e+01	-8.951892025490725338e-03	1.642388578955839007e-02	1.870509008971895856e-02	-7.961157528985943088e+01	-8.951892025490492885e-03	1.642388578955853926e-02	1.870509008971897938e-02	-7.961157528985943088e+01
2.306940371456501465e+12	1.651846937862722298e+00	2.638327787013510645e-02	2.551257426100917769e+01	2.727902228775279880e+00	8.716227352112800031e-02	3.195212519044731553e-02	3.569631171633722715e+03	5.546474255801360442e+01	6.113182863432779258e-03	2.094412063641976421e-02	2.181804743680498121e-02	-8.039460394145402233e+01	6.113182863432380272e-03	2.094412063641987523e-02	2.181804743680497774e-02	-8.039460394145397970e+01
2.316715542521995117e+12	1.650784523827107053e+00	2.456096977743562823e-02	2.385104347885742371e+01	2.724486302870680277e+00	8.108973759755208621e-02	2.976331263332509039e-02	3.500047894638271828e+03	5.533126712252935420e+01	1.399894834439864739e-02	2.411172507879648028e-02	2.788092252821998754e-02	-8.063663540853403333e+01	1.399894834439835423e-02	2.411172507879663293e-02	2.788092252821997019e-02	-8.063663540853400491e+01
2.326490713587488770e+12	1.648912599008388158e+00	2.458981323308094893e-02	2.397980872327524438e+01	2.718308100253759463e+00	8.109290569458073306e-02	2.983212450678808178e-02	3.232871922327788525e+03	5.479286816425678808e+01	1.656181710753769701e-02	2.178296446932513966e-02	2.736405172805024891e-02	-8.076067991902104382e+01	1.656181710753769701e-02	2.178296446932512578e-02	2.736405172805023503e-02	-8.076067991902102960e+01
2.336265884652982422e+12	1.648725949030200866e+00	2.697640173669621499e-02	2.641772706220061195e+01	2.717569528754876895e+00	8.895338710950885519e-02	3.273269963041759018e-02	3.226300795269557057e+03	5.477907241602599697e+01	1.622437501686257305e-02	1.007933505375511324e-02	1.910034920658915808e-02	-8.112551342923818254e+01	1.622437501686241346e-02	1.007933505375536998e-02	1.910034920658915808e-02	-8.112551342923815412e+01
2.346041055718476074e+12	1.652328177207638360e+00	2.698674603962377197e-02	2.653843394525268096e+01	2.729460120732509765e+00	8.918192178483400068e-02	3.267383212798145170e-02	2.313435933144227874e+03	5.252391168832430424e+01	1.756051155053633614e-02	-6.581309767792272065e-03	1.875327182590168923e-02	-8.203998583665438105e+01	1.756051155053624246e-02	-6.581309767792481100e-03	1.875327182590167535e-02	-8.203998583665438105e+01
2.355816226783969727e+12	1.651962585729608302e+00	2.531401468786783487e-02	2.499721339642674067e+01	2.728339585310835869e+00	8.363561031793485812e-02	3.065439902284244900e-02	2.613849311681930885e+03	5.335172557129274651e+01	1.800798528583067923e-02	-1.516151917576141414e-02	2.354058618156470647e-02	-8.238120113344103856e+01	1.800798528583077290e-02	-1.516151917576126669e-02	2.354058618156468566e-02	-8.238120113344102435e+01
2.365591397849463379e+12	1.649022787363445097e+00	2.367900693954802169e-02	2.347969105415577218e+01	2.718715457874262498e+00	7.809444405090368302e-02	2.872475816647799413e-02	2.417155992116307971e+03	5.282128296559519498e+01	2.319742423759487207e-02	-1.815665782951677090e-02	2.945818587077464468e-02	-8.234551268297298066e+01	2.319742423759485472e-02	-1.815665782951680907e-02	2.945818587077464815e-02	-8.234551268297296645e+01
2.375366568914957031e+12	1.647130398549391028e+00	2.450376906719291953e-02	2.439791375894969150e+01	2.712438115126977412e+00	8.072180581921542530e-02	2.975987004792424173e-02	1.887015206661100819e+03	5.114249994223148832e+01	1.832563593796402227e-02	-1.806745582352174348e-02	2.573444952715538830e-02	-8.245971306906686493e+01	1.832563593796418880e-02	-1.806745582352154919e-02	2.573444952715537096e-02	-8.245971306906685072e+01
2.385141739980450684e+12	1.649951984806590222e+00	2.809101630197735622e-02	2.808476572716974573e+01	2.721552446970328720e+00	9.269765620536364603e-02	3.406058050013183180e-02	2.402399269588537209e+03	5.277976209536562635e+01	-2.103634624110754456e-04	-1.493286428774255083e-02	1.493434593889047396e-02	-8.326629166983218511e+01	-2.103634624110616762e-04	-1.493286428774254562e-02	1.493434593889046876e-02	-8.326629166983215669e+01
2.394916911045944336e+12	1.653036045315042557e+00	2.088745634683762675e-02	2.096839392846415606e+01	2.732091881278154055e+00	6.905543647253410688e-02	2.527566402350564859e-02	6.311353238107399193e+02	4.371644776645845809e+01	-3.243897162842553084e-02	-2.767165769156842980e-02	4.263809939137924027e-02	-8.411674682650456703e+01	-3.243897162842560716e-02	-2.767165769156838123e-02	4.263809939137926108e-02	-8.411674682650455281e+01
2.404692082111437988e+12	1.652582448828378237e+00	2.585829219293568626e-02	2.606444447763271555e+01	2.730360098900463939e+00	8.546591966944278029e-02	3.130206880178938028e-02	1.664547203174810875e+03	5.029195115017979134e+01	-1.867733998167360118e-02	-7.455391749513829054e-03	2.011034298389120442e-02	-8.444321293378713733e+01	-1.867733998167362547e-02	-7.455391749513742318e-03	2.011034298389119401e-02	-8.444321293378712312e+01
2.414467253176931641e+12	1.649339787829908754e+00	2.337500869550320978e-02	2.365714118533583843e+01	2.719775344687293650e+00	7.710666376472707917e-02	2.835037971623072597e-02	2.378813668586592030e+03	5.271286696149902440e+01	-2.559645607153324121e-02	-1.297204121550742453e-02	2.869586061993531501e-02	-8.435393639261673115e+01	-2.559645607153315100e-02	-1.297204121550758413e-02	2.869586061993530460e-02	-8.435393639261671694e+01
2.424242424242425293e+12	1.647028378557797046e+00	2.546633707706677519e-02	2.587805856500071044e+01	2.712053945450603187e+00	8.388755972769519620e-02	3.093137578196565596e-02	2.420404232544055958e+03	5.283038846962568158e+01	-1.886128977455827846e-02	-8.499445011077870829e-03	2.068789059948339046e-02	-8.439962472905604329e+01	-1.886128977455831315e-02	-8.499445011077791032e-03	2.068789059948338699e-02	-8.439962472905602908e+01
2.434017595307918945e+12	1.649245910113432245e+00	2.967290203731567239e-02	3.027421544754688298e+01	2.719131590910567553e+00	9.787582465247880725e-02	3.599525119698333830e-02	2.172747868104131612e+03	5.209850455381936030e+01	-1.032903706435317655e-02	3.202847535478746399e-03	1.081421467385884627e-02	-8.512368204329789023e+01	-1.032903706435323553e-02	3.202847535478577264e-03	1.081421467385885148e-02	-8.512368204329786181e+01
2.443792766373412598e+12	1.651436991999012616e+00	2.528927924681100003e-02	2.590538124055466085e+01	2.726604590897923508e+00	8.352730249835323140e-02	3.063418244698476109e-02	2.327184120476805219e+03	5.256408640683361710e+01	-1.069415409036893541e-02	1.759636212363302130e-02	2.059118480550794703e-02	-8.584770087477758693e+01	-1.069415409036862316e-02	1.759636212363320865e-02	2.059118480550794703e-02	-8.584770087477758693e+01
2.453567937438906250e+12	1.649073293530078255e+00	2.324350387215792443e-02	2.390500538157847288e+01	2.718902466961884645e+00	7.666048296727719091e-02	2.819537806111081443e-02	2.088443969863135862e+03	5.183018310773930892e+01	-1.352198751783788809e-02	2.413735792557488227e-02	2.766687900829936653e-02	-8.588314985577426341e+01	-1.352198751783773890e-02	2.413735792557496207e-02	2.766687900829936653e-02	-8.588314985577424920e+01
2.463343108504399902e+12	1.643294068492308302e+00	2.590950798161301138e-02	2.675304586074138413e+01	2.699744092938153983e+00	8.515388156747756565e-02	3.154146416699957906e-02	1.289524569816417170e+03	4.856106640603702118e+01	-1.529823220564169826e-02	9.846924083880629827e-03	1.819334555631375167e-02	-8.539490996128002109e+01	-1.529823220564170694e-02	9.846924083880635031e-03	1.819334555631376207e-02	-8.539490996128000688e+01
2.473118279569893555e+12	1.646022166380699758e+00	2.097582181809727955e-02	2.174468064500016240e+01	2.708948987115667784e+00	6.905333534128006712e-02	2.549082159528004432e-02	9.355635907474605801e+02	4.638538914837580052e+01	-7.275271053079008024e-03	3.736348206484457757e-02	3.806519881605416322e-02	-8.620148822278092382e+01	-7.275271053079389663e-03	3.736348206484449430e-02	3.806519881605415628e-02	-8.620148822278090961e+01
2.482893450635387207e+12	1.647392862567203853e+00	2.965582895380403095e-02	3.086436257499298463e+01	2.713023775446428587e+00	9.770960190402118439e-02	3.601501866232006965e-02	2.148782850747843440e+03	5.202330301309520166e+01	3.926870659193810488e-03	9.104766876976972192e-03	9.915497620297945500e-03	-8.680099123684757956e+01	3.926870659193899826e-03	9.104766876976930559e-03	9.915497620297943765e-03	-8.680099123684756535e+01
2.492668621700880859e+12	1.651905016089843414e+00	2.518860427730183066e-02	2.631829868141924678e+01	2.728155716397347330e+00	8.321836350795396020e-02	3.050352405025016922e-02	2.196809057399181256e+03	5.217317800455585797e+01	1.931675199617640531e-02	1.478685436330826703e-03	1.937326555595111910e-02	-8.788819391610972787e+01	1.931675199617639144e-02	1.478685436331123124e-03	1.937326555595112604e-02	-8.788819391610969944e+01
2.502443792766374512e+12	1.649320359772629363e+00	2.310121535099449869e-02	2.423194760854427443e+01	2.719723983009822543e+00	7.620260962777447578e-02	2.801850853388575605e-02	2.196359372256582901e+03	5.217178992988457509e+01	2.627492895460059250e-02	2.159042818124112199e-03	2.636348530562303977e-02	-8.788260728352908302e+01	2.627492895460055433e-02	2.159042818124496006e-03	2.636348530562303630e-02	-8.788260728352905460e+01
