freq_roi_Hz	n_opt	k_opt	alpha_cm	eps_r	eps_i	loss_tan	DR	alpha_max	H_meas_real	H_meas_imag	H_meas_mag	H_meas_phase	H_model_real	H_model_imag	H_model_mag	H_model_phase
3.030303030303031616e+11	1.668886293912106744e+00	5.728921434024225080e-03	7.276928162819374935e-01	2.785148641466889785e+00	1.912183692028464332e-02	6.865643231958169952e-03	2.182357965216076991e+04	6.797119637821056415e+01	8.394948512122036854e-01	6.646780928262084609e-02	8.421220664978628090e-01	7.901113082645142005e-02	8.394948512116222616e-01	6.646780929068381305e-02	8.421220664979195414e-01	7.901113083605063037e-02
3.128054740957968140e+11	1.673024838532452652e+00	8.025060510374295436e-03	1.052232766156261601e+00	2.798947708750344265e+00	2.685225112916423545e-02	9.593695175231784986e-03	2.654331718541846567e+04	6.930321657463495910e+01	7.380366082956700824e-01	-3.148656020249133158e-01	8.023954028551555373e-01	-4.032470729292653711e-01	7.380366082988840670e-01	-3.148656020175222281e-01	8.023954028552114925e-01	-4.032470729192211278e-01
3.225806451612904663e+11	1.669892364723278178e+00	9.614259854143630823e-03	1.299999913229473503e+00	2.788448075768558798e+00	3.210955824579997397e-02	1.151520751805638725e-02	2.402484636769204371e+04	6.862498785000518353e+01	5.684324986728149787e-01	-5.254149185042953363e-01	7.740648177861432222e-01	-7.460915626501675169e-01	5.684324986782073319e-01	-5.254149184985416055e-01	7.740648177861976231e-01	-7.460915626399804434e-01
3.323558162267841187e+11	1.668878876704813941e+00	6.090376998639309911e-03	8.484702535480854735e-01	2.785119612419535873e+00	2.032820304839601591e-02	7.298861764409521162e-03	2.606018176317686084e+04	6.917824149028980685e+01	3.534865463295754906e-01	-7.479848334012618727e-01	8.273052939721372567e-01	-1.129320110755158479e+00	3.534865463365734484e-01	-7.479848333980166908e-01	8.273052939721934340e-01	-1.129320110745834826e+00
3.421309872922777710e+11	1.671854079021785955e+00	7.803532698051738985e-03	1.119110128171480367e+00	2.795035166419214789e+00	2.609273594403536609e-02	9.335387353091296331e-03	2.894845927567723265e+04	6.989333783311926140e+01	-1.892841828881571334e-02	-7.944609274400035170e-01	7.946863848385392615e-01	-1.594617306856008332e+00	-1.892841828139411528e-02	-7.944609274402256727e-01	7.946863848385845586e-01	-1.594617306846665361e+00
3.519061583577714233e+11	1.669708552846099758e+00	1.046918243526477783e-02	1.544289775309349633e+00	2.787817047666553805e+00	3.496096690693551584e-02	1.254062454930404691e-02	2.645360294822053402e+04	6.928018263995465986e+01	-2.780631819983179764e-01	-6.930860642512184366e-01	7.467847250997262654e-01	-1.952333095953668218e+00	-2.780631819917883663e-01	-6.930860642538876348e-01	7.467847250997722286e-01	-1.952333095944222441e+00
3.616813294232650757e+11	1.668450688968185824e+00	7.724805563721915888e-03	1.171123803698995047e+00	2.783668028897416491e+00	2.577691432987421274e-02	9.260053304590416118e-03	2.825553363659235401e+04	6.972850697917299101e+01	-5.420162363274864115e-01	-5.734094826845037574e-01	7.890374105675369565e-01	-2.328057285998994530e+00	-5.420162363225540236e-01	-5.734094826892244257e-01	7.890374105675793670e-01	-2.328057285990341896e+00
3.714565004887587280e+11	1.671161550483897029e+00	7.858006404728661021e-03	1.223515575798572952e+00	2.792719179551085951e+00	2.626399633407748568e-02	9.404453024274096740e-03	3.085860545878632547e+04	7.032806705184215446e+01	-7.355008305312009664e-01	-2.675895642837811117e-01	7.826657310919332700e-01	-2.792659887487088266e+00	-7.355008305290264836e-01	-2.675895642898695748e-01	7.826657310919713506e-01	-2.792659887478828207e+00
3.812316715542523804e+11	1.669748827358883636e+00	1.078866988906669599e-02	1.724034844846016545e+00	2.787944751068391902e+00	3.602873779206242771e-02	1.292304583089587747e-02	2.890236198588863044e+04	6.988249549529790272e+01	-7.271383158656991030e-01	1.575332429113362673e-02	7.273089423527162589e-01	-3.163254089876230690e+00	-7.271383158658615287e-01	1.575332428519020042e-02	7.273089423527498987e-01	-3.163254089868055896e+00
3.910068426197460327e+11	1.668004122230983599e+00	9.043782283305289160e-03	1.482257366809792032e+00	2.782155961781566322e+00	3.017013225822551964e-02	1.084415563781188432e-02	3.224838527143669489e+04	7.062777325487417102e+01	-6.991282042284254761e-01	2.818862804734287852e-01	7.538170342110925848e-01	-3.524851882919735946e+00	-6.991282042305891897e-01	2.818862804681489531e-01	7.538170342111250033e-01	-3.524851882912166445e+00
4.007820136852396851e+11	1.670731721694524108e+00	8.405579334573995073e-03	1.412098642823969907e+00	2.791273832112398878e+00	2.808693606698544482e-02	1.006240797440128773e-02	3.152651549546891692e+04	7.047375060374800171e+01	-5.007278554140658366e-01	5.734783821975715234e-01	7.613184879112772085e-01	-3.994612472798259706e+00	-5.007278554180735197e-01	5.734783821941167314e-01	7.613184879113107373e-01	-3.994612472791309710e+00
4.105571847507333374e+11	1.670026226374527134e+00	1.079006913135056693e-02	1.856893709421574501e+00	2.788871171186884101e+00	3.603939686749931676e-02	1.292257499731037061e-02	3.293651091805504984e+04	7.077141936782309983e+01	-2.324762932692039652e-01	6.742617185582853168e-01	7.132139174506910706e-01	-4.380366292611470591e+00	-2.324762932737547694e-01	6.742617185567421068e-01	7.132139174507156065e-01	-4.380366292604732870e+00
4.203323558162269897e+11	1.667648642457671082e+00	9.619202813694157500e-03	1.694810182376645935e+00	2.780959465628142446e+00	3.208290102756414242e-02	1.153663022568273723e-02	3.379849690005446610e+04	7.094718243405573332e+01	7.390098613948899858e-03	7.306322326267025158e-01	7.306696058483640455e-01	-4.722503298206006228e+00	7.390098609470923709e-03	7.306322326267751244e-01	7.306696058483914680e-01	-4.722503298199876909e+00
4.301075268817206421e+11	1.669455909134975213e+00	8.960053217163262140e-03	1.615387779063551354e+00	2.787002749992032236e+00	2.991682757911410737e-02	1.073440906335655295e-02	3.343185354673107213e+04	7.087297631381949259e+01	3.282343772338217613e-01	6.621591572533764847e-01	7.390484124416861755e-01	-5.172593201272103869e+00	3.282343772301234419e-01	6.621591572552373295e-01	7.390484124417108225e-01	-5.172593201266502128e+00
4.398826979472142944e+11	1.669815332587424983e+00	1.149100225446793126e-02	2.118770663248871866e+00	2.788151201811240654e+00	3.837570350261444024e-02	1.376385307858655170e-02	3.496241297471601865e+04	7.117752728784253691e+01	5.257791488608891672e-01	4.411013993014723522e-01	6.863047120941236923e-01	-5.585142555986047697e+00	5.257791488585746853e-01	4.411013993042586234e-01	6.863047120941413448e-01	-5.585142555980770140e+00
4.496578690127079468e+11	1.667938181792277375e+00	1.076691079679631576e-02	2.029375785302279134e+00	2.781901851912421897e+00	3.591708323585617729e-02	1.291098146081787017e-02	3.441759822741814423e+04	7.107067584399320026e+01	6.542299693677406935e-01	2.362445260517463119e-01	6.955776943723318562e-01	-5.936653454003146813e+00	6.542299693666244753e-01	2.362445260548828585e-01	6.955776943723473993e-01	-5.936653453998360419e+00
4.594330400782015991e+11	1.669076781713806357e+00	9.232462165243381785e-03	1.777988394645126036e+00	2.785732064898484683e+00	3.081937647611780740e-02	1.106329530555225961e-02	3.647196242407992395e+04	7.146510930792354088e+01	7.188306990870778623e-01	-6.356730260308042502e-02	7.216359025923313464e-01	-6.371387402876984574e+00	7.188306990873650770e-01	-6.356730259999376909e-02	7.216359025923454462e-01	-6.371387402872689343e+00
4.692082111436951904e+11	1.669290395646703562e+00	1.139636920764244485e-02	2.241409846067881073e+00	2.786400547767211133e+00	3.804769932712273595e-02	1.365478461365182694e-02	3.635601303232257487e+04	7.144344585980027773e+01	5.925387785350558767e-01	-3.214107790391348418e-01	6.740972429481963957e-01	-6.780198006503247221e+00	5.925387785363132043e-01	-3.214107790368437856e-01	6.740972429482091632e-01	-6.780198006499370322e+00
4.789833822091888428e+11	1.667490498594882409e+00	1.162210778396272244e-02	2.333428544353087997e+00	2.780389489514867751e+00	3.875950860680692917e-02	1.394031618698494783e-02	3.842932454107052035e+04	7.182077155532641655e+01	4.405554652042725783e-01	-4.984275221435167103e-01	6.652211006511135061e-01	-7.130138309031279320e+00	4.405554652060266752e-01	-4.984275221419827706e-01	6.652211006511258296e-01	-7.130138309027776344e+00
4.887585532746824951e+11	1.668487021348957100e+00	1.027320932448947885e-02	2.104697421524817091e+00	2.783743401580090371e+00	3.428143285102356469e-02	1.231486811304697074e-02	3.832657762187904154e+04	7.180255718063008885e+01	1.977686299548772897e-01	-6.588187866654500180e-01	6.878623588026639979e-01	-7.562353574355673125e+00	1.977686299569076100e-01	-6.588187866648508306e-01	6.878623588026738789e-01	-7.562353574352595587e+00
4.985337243401761475e+11	1.669299511749355425e+00	1.143411390408843875e-02	2.389385466318525886e+00	2.786430120965864621e+00	3.817392151476269729e-02	1.369993858002454060e-02	4.107954074368275178e+04	7.227448708657472309e+01	-8.927036185472793373e-02	-6.535239955855346450e-01	6.595929125693786865e-01	-7.989739863210623128e+00	-8.927036185296738369e-02	-6.535239955857828908e-01	6.595929125693863471e-01	-7.989739863207928394e+00
5.083088954056697998e+11	1.667478842609991352e+00	1.191781454900995088e-02	2.539296968415373890e+00	2.780343656248331463e+00	3.974540722124726005e-02	1.429514194474718058e-02	4.089528255224481109e+04	7.224390240063745239e+01	-2.990384378456064085e-01	-5.719354933076798986e-01	6.453946047297264288e-01	-8.335744394467397456e+00	-2.990384378442542124e-01	-5.719354933083923287e-01	6.453946047297312028e-01	-8.335744394465029572e+00
5.180840664711634521e+11	1.667430841072118364e+00	1.089397339317881713e-02	2.365787360673507145e+00	2.780206931102180867e+00	3.632989443521086881e-02	1.306733467526760735e-02	4.298802581483040558e+04	7.258343971475552792e+01	-5.112867420235355231e-01	-4.206218611982912581e-01	6.620701493701071083e-01	-8.736364028720837283e+00	-5.112867420226743231e-01	-4.206218611993471357e-01	6.620701493701128815e-01	-8.736364028718778485e+00
5.278592375366571045e+11	1.668853318422190535e+00	1.209698377311658329e-02	2.676605618693842725e+00	2.784925061392350187e+00	4.037618302533000497e-02	1.449812190104086441e-02	4.299299274991788843e+04	7.258422575155393019e+01	-6.141894068932043371e-01	-1.505396765180118668e-01	6.323692131547627993e-01	-9.184413506931409898e+00	-6.141894068929482087e-01	-1.505396765190777086e-01	6.323692131547677953e-01	-9.184413506929676174e+00
5.376344086021507568e+11	1.667707485177656990e+00	1.270160601904516198e-02	2.862429865140573071e+00	2.781086925322122205e+00	4.236512686347839590e-02	1.523329834739754231e-02	4.531790684706268803e+04	7.294252833962600846e+01	-6.106798633730950998e-01	7.637323922053670944e-02	6.154370538068205665e-01	-9.549194636488621768e+00	-6.106798633732096748e-01	7.637323921965546991e-02	6.154370538068248964e-01	-9.549194636487179366e+00
5.474095796676444092e+11	1.667250363945571134e+00	1.116749535213689207e-02	2.562461416072142395e+00	2.779599063124199354e+00	3.723802138042141274e-02	1.339690384647302876e-02	4.249403792285708187e+04	7.250480702727281823e+01	-5.609394568195213981e-01	3.147731121003853882e-01	6.432225014086039305e-01	-9.936143934928143295e+00	-5.609394568199077558e-01	3.147731120997059873e-01	6.432225014086083714e-01	-9.936143934926930044e+00
5.571847507331380615e+11	1.667951536605217999e+00	1.146057398341918804e-02	2.676669511468054985e+00	2.781930983707678440e+00	3.823136397204363740e-02	1.374274351015349928e-02	3.116460402695741141e+04	7.039519844518403602e+01	-3.744124304190376007e-01	5.097121532674303568e-01	6.324485332742982857e-01	-1.036203043435080140e+01	-3.744124304195453612e-01	5.097121532670618738e-01	6.324485332743018384e-01	-1.036203043434981197e+01
5.669599217986317139e+11	1.667100076249637075e+00	1.308978639657951831e-02	3.110814256394053068e+00	2.779051321723637447e+00	4.364396779965835221e-02	1.570462821557007740e-02	4.237050198747851391e+04	7.248499977045656806e+01	-1.532739285949158425e-01	5.732918782279191605e-01	5.934277334511883772e-01	-1.073432696425341959e+01	-1.532739285953522435e-01	5.732918782278046965e-01	5.934277334511904867e-01	-1.073432696425265931e+01
5.767350928641253662e+11	1.666827720115981792e+00	1.245012942178990063e-02	3.009812247326373313e+00	2.778159642824422626e+00	4.150444167854193400e-02	1.493954524382419720e-02	4.384509087850389187e+04	7.271774697372850937e+01	7.864429542292972197e-02	5.971713198036213699e-01	6.023275773186613780e-01	-1.112651546071432129e+01	7.864429542257571348e-02	5.971713198036705528e-01	6.023275773186639315e-01	-1.112651546071372977e+01
5.865102639296190186e+11	1.668219200901353449e+00	1.233774045397417751e-02	3.033195532269052475e+00	2.782803082416440699e+00	4.116411104211421118e-02	1.479231904773134314e-02	4.381174866048937110e+04	7.271257131444642141e+01	3.303154486388413247e-01	5.010532434236921739e-01	6.001355249898815414e-01	-1.157841925625064405e+01	3.303154486386212230e-01	5.010532434238391675e-01	6.001355249898832067e-01	-1.157841925625020529e+01
5.962854349951126709e+11	1.667380901705214802e+00	1.317312337006455725e-02	3.292548049581653036e+00	2.779985540191972415e+00	4.392922864610455946e-02	1.580196299980431499e-02	4.366446299392291257e+04	7.268966116579048276e+01	4.714233381239764098e-01	3.340186351860807146e-01	5.777615532202926563e-01	-1.194994123621554749e+01	4.714233381238740472e-01	3.340186351862272085e-01	5.777615532202937665e-01	-1.194994123621523840e+01
6.060606060606063232e+11	1.666290304010541456e+00	1.246999015360972934e-02	3.167899004512660710e+00	2.776367876585111638e+00	4.155724736813362630e-02	1.496820638165875274e-02	4.437382703082461376e+04	7.279929988311853606e+01	5.694931401213909616e-01	1.485175195985125318e-01	5.885404746260164410e-01	-1.231126370134192705e+01	5.694931401213599864e-01	1.485175195986348229e-01	5.885404746260174402e-01	-1.231126370134171388e+01
6.158357771260999756e+11	1.667070374513495379e+00	1.274211643416119089e-02	3.289240629037974095e+00	2.778961272049343734e+00	4.248400963198332297e-02	1.528773000879336125e-02	4.465095056028261024e+04	7.284165646305473274e+01	5.691662630582287052e-01	-1.010630471125828767e-01	5.780691779496195393e-01	-1.274210233749208676e+01	5.691662630582418059e-01	-1.010630471125114754e-01	5.780691779496199834e-01	-1.274210233749196419e+01
6.256109481915936279e+11	1.667052179981730831e+00	1.396564229557717939e-02	3.662304204392514695e+00	2.778867931617113207e+00	4.656290886737399909e-02	1.675607118193541897e-02	4.532687498494424653e+04	7.294387456089923205e+01	4.587518290643523566e-01	-2.983347326829821067e-01	5.472265101353507299e-01	-1.314296959875409421e+01	4.587518290643697871e-01	-2.983347326829561275e-01	5.472265101353511740e-01	-1.314296959875403914e+01
6.353861192570872803e+11	1.666446172745101872e+00	1.335998309334916583e-02	3.558219968467335459e+00	2.776864357508543435e+00	4.452738538770197041e-02	1.603513159269068580e-02	4.529028931444566115e+04	7.293838095433122248e+01	3.211170110781844667e-01	-4.535424540818458472e-01	5.557129586921382147e-01	-1.352107885420932476e+01	3.211170110781932929e-01	-4.535424540818402406e-01	5.557129586921386588e-01	-1.352107885420930877e+01
6.451612903225809326e+11	1.666950464885595062e+00	1.279048246868066431e-02	3.458950840044469288e+00	2.778560255940520030e+00	4.264220139455657255e-02	1.534686940957576476e-02	4.430933713092382823e+04	7.278940507040856289e+01	1.090214928130179978e-01	-5.531974772404730789e-01	5.638378620848397693e-01	-1.394258528281317666e+01	1.090214928130172345e-01	-5.531974772404737450e-01	5.638378620848401024e-01	-1.394258528281318021e+01
6.549364613880745850e+11	1.666720965988904624e+00	1.382907202616444169e-02	3.796482205678625821e+00	2.777767535233882423e+00	4.609840857235787681e-02	1.659548827885501399e-02	4.498803982099837594e+04	7.289282546974612842e+01	-1.053800326728810965e-01	-5.261164166026420785e-01	5.365663380281532335e-01	-1.433484896211239601e+01	-1.053800326728800002e-01	-5.261164166026428557e-01	5.365663380281537886e-01	-1.433484896211239601e+01
6.647116324535682373e+11	1.665855726012546389e+00	1.392913469784698779e-02	3.881026232506823881e+00	2.774881279095357645e+00	4.640785758961688684e-02	1.672426778732183025e-02	4.377032163691830647e+04	7.270613517365505629e+01	-2.832263235213845487e-01	-4.479866662355726503e-01	5.300086824386015527e-01	-1.470094163586626301e+01	-2.832263235213969832e-01	-4.479866662355654339e-01	5.300086824386019968e-01	-1.470094163586629321e+01
6.744868035190618896e+11	1.666484903927861971e+00	1.350415411629988897e-02	3.817947953942846251e+00	2.776989572841058518e+00	4.500893795025812105e-02	1.620781669129955221e-02	4.288142370439845399e+04	7.256654758822354268e+01	-4.474805746000244389e-01	-2.930419780834623289e-01	5.348948172897513009e-01	-1.512817152685019018e+01	-4.474805746000434792e-01	-2.930419780834334631e-01	5.348948172897514119e-01	-1.512817152685025590e+01
6.842619745845555420e+11	1.666674704193760626e+00	1.422012951597347204e-02	4.078637607095372708e+00	2.777602357515908338e+00	4.740066030926410462e-02	1.706531540809027442e-02	4.241698509769890370e+04	7.249245945457961682e+01	-5.073084421548321732e-01	-8.734313407006712160e-02	5.147724531778526957e-01	-1.553746512843635763e+01	-5.073084421548431644e-01	-8.734313407000499074e-02	5.147724531778529178e-01	-1.553746512843648198e+01
6.940371456500491943e+11	1.665751884009741390e+00	1.421528090683015465e-02	4.135493306783889267e+00	2.774527264870743082e+00	4.735826190456007140e-02	1.706894810664848564e-02	4.071714660592244036e+04	7.221420264136280309e+01	-5.012204750073220305e-01	9.720415773410563676e-02	5.105591178770216843e-01	-1.589952028614682789e+01	-5.012204750073042669e-01	9.720415773419807670e-02	5.105591178770217953e-01	-1.589952028614701263e+01
7.038123167155428467e+11	1.665885491930235718e+00	1.386762880128821450e-02	4.091176650714888119e+00	2.774982161095073341e+00	4.620376325507984799e-02	1.665011181075367816e-02	3.963366144896241167e+04	7.203071111171911411e+01	-4.246028509559990893e-01	2.894657488626887210e-01	5.138852019708288754e-01	-1.630632396696194775e+01	-4.246028509559222619e-01	2.894657488628011310e-01	5.138852019708286534e-01	-1.630632396696221065e+01
7.135874877810364990e+11	1.666348707397505180e+00	1.457248975662018067e-02	4.358832157011462982e+00	2.776505657187629428e+00	4.856569893901484247e-02	1.749166215933731575e-02	3.927328327400294802e+04	7.196856653241862034e+01	-2.587006321776464390e-01	4.208758878984572571e-01	4.940268516016398936e-01	-1.672762163765939647e+01	-2.587006321774817930e-01	4.208758878985584539e-01	4.940268516016397826e-01	-1.672762163765978727e+01
7.233626588465301514e+11	1.665752400985675008e+00	1.480663796857601029e-02	4.489538548177477217e+00	2.774511824861608744e+00	4.932838549336229089e-02	1.777912245727147553e-02	3.907150916311454785e+04	7.193352256667294853e+01	-8.506771402826186768e-02	4.771459247474203469e-01	4.846697323673772040e-01	-1.710232883173198459e+01	-8.506771402801799331e-02	4.771459247474635901e-01	4.846697323673769819e-01	-1.710232883173249618e+01
7.331378299120238037e+11	1.665633325533828257e+00	1.416921367807049553e-02	4.354321987119317505e+00	2.774133608512625138e+00	4.720142899760793043e-02	1.701483621869076882e-02	3.929194823757084669e+04	7.197179914559693259e+01	1.075298648107877592e-01	4.825721549187791393e-01	4.944072779896959702e-01	-1.749800430910454807e+01	1.075298648110736000e-01	4.825721549187149129e-01	4.944072779896954151e-01	-1.749800430910513782e+01
7.429130009775174561e+11	1.665824423449713709e+00	1.470802439169919401e-02	4.580168558182966976e+00	2.774754683780064290e+00	4.900197250477326960e-02	1.765992964755269679e-02	3.865651635159394209e+04	7.186087450291297785e+01	2.812940455576664056e-01	3.867784902092237242e-01	4.782509179862858284e-01	-1.790755689261905559e+01	2.812940455579685528e-01	3.867784902090027344e-01	4.782509179862847737e-01	-1.790755689261984074e+01
7.526881720430111084e+11	1.665229358475077692e+00	1.518697129676418664e-02	4.791543383568261483e+00	2.772758172230150198e+00	5.057958093938009353e-02	1.824161279045065712e-02	3.082392620723120126e+04	7.032041699696885928e+01	3.906916054444250497e-01	2.496853116822665142e-01	4.636622536228421909e-01	-1.828089181692281784e+01	3.906916054446651354e-01	2.496853116818882334e-01	4.636622536228408586e-01	-1.828089181692378418e+01
7.624633431085047607e+11	1.665301986373885823e+00	1.492060042562036101e-02	4.768638822819538881e+00	2.773008081503748556e+00	4.969461105335326589e-02	1.792083167186618586e-02	3.927783322390820831e+04	7.196935468668759484e+01	4.589350725978477707e-01	7.621582236177203151e-02	4.652206491963495893e-01	-1.868498683385652370e+01	4.589350725979310930e-01	7.621582236125978849e-02	4.652206491963478685e-01	-1.868498683385763925e+01
7.722385141739984131e+11	1.665838556291328709e+00	1.508132904070195145e-02	4.881802821417932314e+00	2.774790649141144261e+00	5.024611879223485345e-02	1.810807557960708927e-02	4.023814961458117614e+04	7.213369268961636749e+01	4.419413783234044657e-01	-1.183341200589019121e-01	4.575097221311314466e-01	-1.911117856373146395e+01	4.419413783232497006e-01	-1.183341200594733578e-01	4.575097221311297813e-01	-1.911117856373275714e+01
7.820136852394920654e+11	1.665371495238727073e+00	1.539516712560914762e-02	5.046472630666218429e+00	2.773225205982848163e+00	5.127734499085160463e-02	1.849014817845584871e-02	3.967716258296749584e+04	7.203817431272801741e+01	3.581942887107818496e-01	-2.667375031333305002e-01	4.466005419195395731e-01	-1.948963882200200715e+01	3.581942887103773954e-01	-2.667375031338704572e-01	4.466005419195376858e-01	-1.948963882200351705e+01
7.917888563049857178e+11	1.664865030845838589e+00	1.510187526746632411e-02	5.012211922224470761e+00	2.771547504296721254e+00	5.028516806600065447e-02	1.814335420484177938e-02	3.978605030572358373e+04	7.205681964148581642e+01	2.364043972675240468e-01	-3.815945646789337675e-01	4.488891297858819129e-01	-1.986570533760435353e+01	2.364043972668865845e-01	-3.815945646793270085e-01	4.488891297858804141e-01	-1.986570533760601975e+01
8.015640273704793701e+11	1.665235929110875146e+00	1.540084883217678752e-02	5.174543447541240404e+00	2.772773513457007954e+00	5.129209362829209584e-02	1.849847936708783058e-02	3.868943279238571267e+04	7.186666521938563790e+01	5.940145586207538908e-02	-4.342369800136602342e-01	4.382810602454981774e-01	-2.028440105148996508e+01	5.940145586127713873e-02	-4.342369800137677593e-01	4.382810602454966231e-01	-2.028440105149180539e+01
8.113391984359730225e+11	1.665005011191015294e+00	1.596919592484066786e-02	5.430935800670221525e+00	2.771986672072706881e+00	5.317758247910170377e-02	1.918392430052308015e-02	3.908830658075419342e+04	7.193644682664171341e+01	-1.056800886511081727e-01	-4.086423809508351046e-01	4.220863379054970999e-01	-2.067342036395488236e+01	-1.056800886519955601e-01	-4.086423809506021243e-01	4.220863379054937692e-01	-2.067342036395705662e+01
8.211143695014666748e+11	1.664713273835937812e+00	1.575226119144506123e-02	5.421702930627793293e+00	2.771022150352922431e+00	5.244599659665859920e-02	1.892658872827089611e-02	3.701458219127566554e+04	7.156558306808069858e+01	-2.520313400763931067e-01	-3.393181610953692195e-01	4.226779043548946624e-01	-2.105920245945060998e+01	-2.520313400771829748e-01	-3.393181610947794136e-01	4.226779043548921089e-01	-2.105920245945294056e+01
8.308895405669603271e+11	1.664992172396984271e+00	1.562830523150855050e-02	5.443075242003683201e+00	2.771954690218819906e+00	5.204201175658515477e-02	1.877448139402196695e-02	3.768378483220870112e+04	7.168748627656246697e+01	-3.662023637323489900e-01	-2.083712895291724154e-01	4.213345054742251294e-01	-2.147383072141070670e+01	-3.662023637328731263e-01	-2.083712895282456568e-01	4.213345054742222984e-01	-2.147383072141323268e+01
8.406647116324539795e+11	1.664810142756451894e+00	1.619080780274833806e-02	5.705326409364466222e+00	2.771330669167451966e+00	5.390924209887146962e-02	1.945247555574686898e-02	3.518882156412788754e+04	7.122144260944654093e+01	-4.021829862606152162e-01	-5.107962962332067425e-02	4.054137183174266745e-01	-2.186481898783156907e+01	-4.021829862606151607e-01	-5.107962962332111834e-02	4.054137183174267300e-01	-2.186481898783156907e+01
8.504398826979476318e+11	1.664410643898526443e+00	1.605764991635667827e-02	5.724199551916310469e+00	2.770004943401871422e+00	5.345304687356067924e-02	1.929709439720870764e-02	3.602579467823004234e+04	7.138136870905806575e+01	-3.914286429106588194e-01	1.012622816979112383e-01	4.043147686958110110e-01	-2.224429782608209294e+01	-3.914286429106599297e-01	1.012622816979062840e-01	4.043147686958108444e-01	-2.224429782608207873e+01
8.602150537634412842e+11	1.664595523552818701e+00	1.593618956919527069e-02	5.746199325157203219e+00	2.770624294894097339e+00	5.305461963874313902e-02	1.914897654529195900e-02	3.444900072952755727e+04	7.107688042739960110e+01	-3.175940295606282104e-01	2.480758320180619092e-01	4.029982457083539638e-01	-2.265426454536453704e+01	-3.175940295606312636e-01	2.480758320180580789e-01	4.029982457083540193e-01	-2.265426454536452283e+01
8.699902248289349365e+11	1.664487008939032009e+00	1.637535869729926999e-02	5.971650140270382323e+00	2.770248850554340336e+00	5.451314363674285290e-02	1.967806741471420789e-02	3.562468472892652062e+04	7.130519486898288051e+01	-1.914473718677814074e-01	3.396260447527449933e-01	3.898691401861323347e-01	-2.304864395550791656e+01	-1.914473718678128822e-01	3.396260447527272852e-01	3.898691401861323902e-01	-2.304864395550782419e+01
8.797653958944285889e+11	1.664104955975636901e+00	1.653977595332183775e-02	6.099379547677252766e+00	2.768971740314090546e+00	5.504784626929906666e-02	1.988024849363571531e-02	3.488112908249028260e+04	7.116169165549710840e+01	-5.105881592045601741e-02	3.792179839033475441e-01	3.826398855306626379e-01	-2.342810739920831509e+01	-5.105881592048926165e-02	3.792179839033432698e-01	3.826398855306627489e-01	-2.342810739920822627e+01
8.895405669599222412e+11	1.664314897735744481e+00	1.649603150844173097e-02	6.150839535136343628e+00	2.769671959769614222e+00	5.490918198603563644e-02	1.982515719681224309e-02	3.486116754691162350e+04	7.115779712872846119e+01	1.040833514913375862e-01	3.652021665502805381e-01	3.797446069540529878e-01	-2.383958591796398707e+01	1.040833514913093449e-01	3.652021665502888093e-01	3.797446069540531544e-01	-2.383958591796390891e+01
8.993157380254158936e+11	1.664473435925476696e+00	1.675007409715247378e-02	6.314196414610309560e+00	2.770191253919301655e+00	5.576010676898741220e-02	2.012861266892576606e-02	3.441533990811021795e+04	7.107022942155107614e+01	2.349731854537695230e-01	2.867502673496752363e-01	3.707264675032007628e-01	-2.424842457878030544e+01	2.349731854537555065e-01	2.867502673496867827e-01	3.707264675032008183e-01	-2.424842457878025925e+01
9.090909090909095459e+11	1.664047622251711323e+00	1.672138386032985882e-02	6.371896204330099955e+00	2.768774884443369722e+00	5.565035810708008485e-02	2.009927149359705054e-02	3.375170011357196927e+04	7.093775602114111223e+01	3.212005077111827478e-01	1.788127938477087064e-01	3.676190710471163303e-01	-2.462476750100086065e+01	3.212005077111766971e-01	1.788127938477196699e-01	3.676190710471163303e-01	-2.462476750100082867e+01
9.188660801564031982e+11	1.663858892234242548e+00	1.656451841278807832e-02	6.379992893270919119e+00	2.768152029996713281e+00	5.512204251339056921e-02	1.991293899903901626e-02	3.235937152601639536e+04	7.065114773386207503e+01	3.646082366957492105e-01	4.348447032841031012e-02	3.671921369339570806e-01	-2.501403836781434364e+01	3.646082366957474896e-01	4.348447032842541610e-02	3.671921369339571362e-01	-2.501403836781430101e+01
9.286412512218968506e+11	1.663897687395972769e+00	1.703280845266644597e-02	6.630150628564739357e+00	2.768265397557880814e+00	5.668170118850055644e-02	2.047552999741435176e-02	3.285014986011246947e+04	7.075355706945623524e+01	3.398291264661635891e-01	-9.892160073823690059e-02	3.539340592361392979e-01	-2.541600580790353447e+01	3.398291264661658095e-01	-9.892160073822897637e-02	3.539340592361392424e-01	-2.541600580790350961e+01
9.384164222873903809e+11	1.663750346686388548e+00	1.737746921353406498e-02	6.835515748092244159e+00	2.767763239662810903e+00	5.782354085709869029e-02	2.089179451062554704e-02	3.079518201360939565e+04	7.031406965742044690e+01	2.682082285778660258e-01	-2.144762980552011034e-01	3.434177285818836300e-01	-2.580727687987957708e+01	2.682082285778678021e-01	-2.144762980551990494e-01	3.434177285818837411e-01	-2.580727687987956998e+01
9.481915933528840332e+11	1.663835775956524765e+00	1.719136825582781927e-02	6.832752741374284788e+00	2.768053946210343508e+00	5.720722708337929591e-02	2.066694804185443407e-02	3.076478794338104490e+04	7.030735154174207935e+01	1.621361635449225236e-01	-3.028866960187572843e-01	3.435527414447815953e-01	-2.621204798939100300e+01	1.621361635449242167e-01	-3.028866960187565627e-01	3.435527414447817063e-01	-2.621204798939099945e+01
9.579667644183776855e+11	1.663978408743134629e+00	1.721557340929824945e-02	6.912913070053384956e+00	2.768527768795523869e+00	5.729268489440944578e-02	2.069427857656461547e-02	2.900593299119307267e+04	6.990683181240927979e+01	2.823958309247260462e-02	-3.383449393738765520e-01	3.395213867389635931e-01	-2.662026667376808575e+01	2.823958309247184828e-02	-3.383449393738765520e-01	3.395213867389634821e-01	-2.662026667376808575e+01
9.677419354838713379e+11	1.663542673251634962e+00	1.739103550514452257e-02	7.054628746459764344e+00	2.767071777613254735e+00	5.786145938968443453e-02	2.091071863686636695e-02	2.805995963719346400e+04	6.968125261223251243e+01	-9.528705465039698230e-02	-3.185999563740362084e-01	3.325440647274966466e-01	-2.699415061743592403e+01	-9.528705465039692679e-02	-3.185999563740359863e-01	3.325440647274964245e-01	-2.699415061743592403e+01
9.775171065493649902e+11	1.663351754015522044e+00	1.740590589171534669e-02	7.131980687333541624e+00	2.766436092026602456e+00	5.790428819042766490e-02	2.093100518653544587e-02	2.665288457281614683e+04	6.933124239117337595e+01	-2.064211442977810229e-01	-2.559214846650489372e-01	3.287940010498491827e-01	-2.738227781846586240e+01	-2.064211442977818278e-01	-2.559214846650481601e-01	3.287940010498491272e-01	-2.738227781846586595e+01
9.872922776148586426e+11	1.663523366122444447e+00	1.763115651009165841e-02	7.296518732933698459e+00	2.766999131955464986e+00	5.865968165259865391e-02	2.119974703828088683e-02	2.379840394184544493e+04	6.856055921450392532e+01	-2.843452343510067259e-01	-1.488069799807019700e-01	3.209294775945425449e-01	-2.779219531791842712e+01	-2.843452343510056157e-01	-1.488069799807041071e-01	3.209294775945425449e-01	-2.779219531791842002e+01
9.970674486803522949e+11	1.663433744300224504e+00	1.797127870410968400e-02	7.510912084128418265e+00	2.766688854818403875e+00	5.978806284928011444e-02	2.160996989059848702e-02	2.579703913960472346e+04	6.910919483139925035e+01	-3.097726737396235830e-01	-2.735525133042024382e-02	3.109781651035096739e-01	-2.818625485814047593e+01	-3.097726737396235830e-01	-2.735525133041982748e-02	3.109781651035096739e-01	-2.818625485814047593e+01
1.006842619745845947e+12	1.663274072886909760e+00	1.789243201374164649e-02	7.551272239219477989e+00	2.766160502414442668e+00	5.952003653869639838e-02	2.151720281116889164e-02	2.706691674692342349e+04	6.943611577274775470e+01	-2.951929684596897863e-01	9.182841562905558197e-02	3.091461572541149838e-01	-2.857592390482801292e+01	-2.951929684596886205e-01	9.182841562905902366e-02	3.091461572541148728e-01	-2.857592390482802713e+01
1.016617790811339600e+12	1.663419716839365847e+00	1.797046943344083811e-02	7.657840011804560199e+00	2.766642216598298010e+00	5.978486635288927931e-02	2.160917880679102260e-02	2.660528633992850155e+04	6.931908160430293719e+01	-2.307629483500470979e-01	1.984141301315041073e-01	3.043348572987457645e-01	-2.898450024220255017e+01	-2.307629483500463763e-01	1.984141301315049954e-01	3.043348572987458200e-01	-2.898450024220255372e+01
1.026392961876833252e+12	1.663261545592317869e+00	1.827491185830715931e-02	7.862453997474246670e+00	2.766104996642717140e+00	6.079191628602268610e-02	2.197744350261728388e-02	2.679971781807158914e+04	6.936862018074688763e+01	-1.340447186888306386e-01	2.631521617446233030e-01	2.953253237350906835e-01	-2.937400597286493920e+01	-1.340447186888285847e-01	2.631521617446241357e-01	2.953253237350905169e-01	-2.937400597286494630e+01
1.036168132942326904e+12	1.663124257587315524e+00	1.814679129704940136e-02	7.881687964140006386e+00	2.765652990140980982e+00	6.036073760699448704e-02	2.182513056488607356e-02	2.664967481910395873e+04	6.933042302010238700e+01	-2.365535935588589100e-02	2.935459982178297844e-01	2.944975875893692252e-01	-2.976471912268261022e+01	-2.365535935588344157e-02	2.935459982178299509e-01	2.944975875893692252e-01	-2.976471912268262088e+01
1.045943304007820557e+12	1.663134431867165919e+00	1.820033504303976424e-02	7.979518535611767049e+00	2.765684886266441822e+00	6.053920776319601793e-02	2.188940904432587140e-02	2.662522067433692064e+04	6.932417723723770564e+01	9.120947415658002544e-02	2.755915200350362859e-01	2.902927041645064765e-01	-3.016474227906036631e+01	9.120947415657759683e-02	2.755915200350370631e-01	2.902927041645064210e-01	-3.016474227906035566e+01
1.055718475073314209e+12	1.663027445112987834e+00	1.863681254959777267e-02	8.247245449010915053e+00	2.765312952417022796e+00	6.198706151881450827e-02	2.241592998168062331e-02	2.638398960140467898e+04	6.926225567693472840e+01	1.823405009931439169e-01	2.112967682373784739e-01	2.790956512917948662e-01	-3.055709984033972049e+01	1.823405009931450826e-01	2.112967682373773914e-01	2.790956512917948107e-01	-3.055709984033972759e+01
1.065493646138807861e+12	1.662917381675991013e+00	1.885653047811990807e-02	8.421739673879587329e+00	2.764938649538461135e+00	6.271370458033735662e-02	2.268177074771835292e-02	2.591397251062124633e+04	6.913996381532550117e+01	2.429329599127270090e-01	1.224153708910362959e-01	2.720329870481677514e-01	-3.094915902868426727e+01	2.429329599127259820e-01	1.224153708910381277e-01	2.720329870481676404e-01	-3.094915902868426016e+01
1.075268817204301514e+12	1.663115679774616495e+00	1.893536655152397441e-02	8.534536285127293453e+00	2.765595216205744222e+00	6.298341002823866497e-02	2.277390764171507986e-02	2.497800445477876929e+04	6.888968870817505774e+01	2.671564372112923968e-01	1.454541828375469775e-02	2.675521091983402711e-01	-3.136153491558254203e+01	2.671564372112923413e-01	1.454541828375601094e-02	2.675521091983402711e-01	-3.136153491558253847e+01
1.085043988269795166e+12	1.663109701193055345e+00	1.903167081278784104e-02	8.655923775360513162e+00	2.765571673708527634e+00	6.330351271732036211e-02	2.288984708627447504e-02	2.354424538130274959e+04	6.848751037250448803e+01	2.473730772250597176e-01	-8.877751125737320947e-02	2.628210148387080669e-01	-3.176049119714106439e+01	2.473730772250601340e-01	-8.877751125737222415e-02	2.628210148387081224e-01	-3.176049119714106084e+01
1.094819159335288818e+12	1.662392685415811977e+00	1.901829649223138116e-02	8.727767404252903205e+00	2.763187744922528388e+00	6.323175395550928446e-02	2.288362565001246865e-02	1.580149912942453375e+04	6.577446743629099046e+01	1.996668233826086325e-01	-1.666703655589068522e-01	2.600881602750141908e-01	-3.211149582287637827e+01	1.996668233826066619e-01	-1.666703655589089894e-01	2.600881602750140242e-01	-3.211149582287639248e+01
1.104594330400782471e+12	1.662794236628587718e+00	1.873447492498893363e-02	8.674281190962041421e+00	2.764533692814532984e+00	6.230315386306878311e-02	2.253658692060967958e-02	1.317880714145472302e+04	6.453968295240977682e+01	1.137609459434365394e-01	-2.361524980486586489e-01	2.621250754059352150e-01	-3.253780052900921760e+01	1.137609459434353737e-01	-2.361524980486590930e-01	2.621250754059351040e-01	-3.253780052900922470e+01
1.114369501466276123e+12	1.662846471952287963e+00	1.932796153884942802e-02	9.028267771703834654e+00	2.764684819186923992e+00	6.427886530981057056e-02	2.324997947820850452e-02	1.528735099026645003e+04	6.554941683019549714e+01	1.150398292246864254e-02	-2.485674681958746357e-01	2.488335344530306636e-01	-3.294047473569135320e+01	1.150398292246813253e-02	-2.485674681958746635e-01	2.488335344530306914e-01	-3.294047473569135320e+01
1.124144672531769775e+12	1.662826160149161403e+00	1.981381558750096999e-02	9.336400738938895216e+00	2.764598251588268774e+00	6.589386178253567317e-02	2.383487790483824684e-02	2.199420859800052858e+04	6.802418241412274824e+01	-8.187723479443909103e-02	-2.232768224268450175e-01	2.378159393535525523e-01	-3.333820345071863755e+01	-8.187723479443767549e-02	-2.232768224268454615e-01	2.378159393535524968e-01	-3.333820345071863045e+01
1.133919843597263428e+12	1.663066673853130562e+00	2.000199804056238678e-02	9.507030714757378931e+00	2.765390681755300228e+00	6.652931270346984505e-02	2.405783498960845784e-02	2.299589905827138864e+04	6.832718425144973651e+01	-1.610209367511017953e-01	-1.669069657166126486e-01	2.319173932177766573e-01	-3.375417379763415227e+01	-1.610209367511032941e-01	-1.669069657166112886e-01	2.319173932177767405e-01	-3.375417379763415937e+01
1.143695014662757080e+12	1.663039172708882241e+00	2.028854850190786943e-02	9.726360597264553931e+00	2.765287664763929065e+00	6.748130183215378386e-02	2.440299528038961455e-02	2.261469908507074797e+04	6.821345971245328599e+01	-2.063073237450935571e-01	-8.868457872430800248e-02	2.245610525767343102e-01	-3.415153392079152184e+01	-2.063073237450935293e-01	-8.868457872430771105e-02	2.245610525767341714e-01	-3.415153392079152184e+01
1.153470185728250732e+12	1.662619423005044617e+00	2.069877252583742638e-02	1.000783476898694246e+01	2.763874906569550927e+00	6.882836246764098553e-02	2.490285009066092042e-02	1.789505761837024693e+04	6.662094664760141427e+01	-2.153297307008405215e-01	-7.874263252159927756e-03	2.154736571960962910e-01	-3.452096707894915539e+01	-2.153297307008405492e-01	-7.874263252159284174e-03	2.154736571960963187e-01	-3.452096707894915539e+01
1.163245356793744385e+12	1.661858065594522094e+00	2.080855387550876318e-02	1.014617591872104363e+01	2.761339234267176757e+00	6.916172618274478434e-02	2.504644316224311981e-02	8.049522811070405623e+03	6.118561819592265749e+01	-2.012276652874395999e-01	6.400159691415381602e-02	2.111605495460637805e-01	-3.486545740176727293e+01	-2.012276652874396832e-01	6.400159691415313601e-02	2.111605495460636417e-01	-3.486545740176727293e+01
1.173020527859238037e+12	1.662813534083848799e+00	2.103585963982753174e-02	1.034320274688723629e+01	2.764506341741632678e+00	6.995742422038683794e-02	2.530557559738271997e-02	1.740287658999054474e+04	6.643120585639616138e+01	-1.464487994981290286e-01	1.435977353882070540e-01	2.051037797873669910e-01	-3.533308799122551846e+01	-1.464487994981302776e-01	1.435977353882057217e-01	2.051037797873669355e-01	-3.533308799122551136e+01
1.182795698924731689e+12	1.662709405140587071e+00	2.244498311586986053e-02	1.112802725683956062e+01	2.764098788675893204e+00	7.463896904995699633e-02	2.700300342221554836e-02	2.106166419998672427e+04	6.772942684224668142e+01	-7.181587875694757372e-02	1.680591840697212014e-01	1.827605258030656488e-01	-3.572447728304176451e+01	-7.181587875694589451e-02	1.680591840697218675e-01	1.827605258030655933e-01	-3.572447728304177872e+01
1.192570869990225342e+12	1.661775638292382506e+00	2.307628118237294024e-02	1.153557322195601387e+01	2.760965757268847298e+00	7.669520378250457848e-02	2.777839731644177537e-02	2.118307891673474296e+04	6.776853405213059034e+01	-1.262764422169572465e-02	1.716945772565742490e-01	1.721583145186530717e-01	-3.605490056265231402e+01	-1.262764422169661456e-02	1.716945772565741657e-01	1.721583145186530439e-01	-3.605490056265230692e+01
1.202346041055718994e+12	1.660770556943928833e+00	2.336064070267980866e-02	1.177344037289646117e+01	2.757613123277808054e+00	7.759332854071311625e-02	2.813785874665501036e-02	2.030223589900456136e+04	6.747958160201864075e+01	4.124058984962528790e-02	1.610724923587011914e-01	1.662682592853755303e-01	-3.637896836160388858e+01	4.124058984962355318e-02	1.610724923587016910e-01	1.662682592853755859e-01	-3.637896836160388148e+01
1.212121212121212646e+12	1.659911756718342124e+00	2.298805995705420144e-02	1.167985721825911583e+01	2.754778589191183791e+00	7.631630197372082924e-02	2.770324347414347341e-02	1.296072084972483390e+04	6.442615633894759242e+01	9.303102948713086462e-02	1.406012664195525619e-01	1.685926705590056474e-01	-3.671284788724274506e+01	9.303102948713237730e-02	1.406012664195514794e-01	1.685926705590055918e-01	-3.671284788724275217e+01
1.221896383186706299e+12	1.658920235126667420e+00	2.236896085624849942e-02	1.145695876265896196e+01	2.751515976102929084e+00	7.421664360637396374e-02	2.697300115679853935e-02	1.905565433729055076e+04	6.704846856563331414e+01	1.372818205575364880e-01	1.072891216329351360e-01	1.742333317030883011e-01	-3.703573834347273674e+01	1.372818205575357386e-01	1.072891216329360242e-01	1.742333317030882733e-01	-3.703573834347272964e+01
1.231671554252199951e+12	1.658467893230590073e+00	2.163543898316516723e-02	1.116991283170355231e+01	2.750047660656717685e+00	7.176336181905783318e-02	2.609531567242750344e-02	1.257779973233137571e+04	6.422212207311531529e+01	1.735959616017063167e-01	5.384136432472649836e-02	1.817538181078159065e-01	-3.739836629874964302e+01	1.735959616017060114e-01	5.384136432472768491e-02	1.817538181078159620e-01	-3.739836629874963592e+01
1.241446725317693604e+12	1.658646409507006148e+00	2.145184405381300383e-02	1.116302454081565720e+01	2.750647730157174120e+00	7.116204823432231708e-02	2.587101483556968062e-02	1.840856605148710514e+04	6.681342573419398434e+01	1.808432609093157395e-01	-1.988314690560569198e-02	1.819330221460214725e-01	-3.780861885511053089e+01	1.808432609093154619e-01	-1.988314690560772854e-02	1.819330221460214170e-01	-3.780861885511053799e+01
1.251221896383187256e+12	1.658928556570840041e+00	2.148312173957638363e-02	1.126732668718623920e+01	2.751582431286533126e+00	7.127792827614216897e-02	2.590434052263350731e-02	1.791542748491887323e+04	6.662868654146647884e+01	1.547654531222801277e-01	-9.025013291494675405e-02	1.791575618591362828e-01	-3.822704302674276988e+01	1.547654531222795171e-01	-9.025013291494800305e-02	1.791575618591363661e-01	-3.822704302674277699e+01
1.260997067448680908e+12	1.659255354392340287e+00	2.113605054928973867e-02	1.117190095061739186e+01	2.752681598446828470e+00	7.014021008923232436e-02	2.548068404598926445e-02	1.812754281192124472e+04	6.670876458791195773e+01	1.056470895949004757e-01	-1.478039782475921993e-01	1.816791774686566385e-01	-3.864933252874239145e+01	1.056470895949011279e-01	-1.478039782475916719e-01	1.816791774686566108e-01	-3.864933252874238434e+01
1.270772238514174561e+12	1.659249892209517796e+00	2.101742876442301219e-02	1.119531876543149451e+01	2.752668472485428897e+00	6.974633282378020493e-02	2.533771629999638508e-02	1.777193787568140033e+04	6.657397672157490831e+01	4.020744321461052623e-02	-1.765340727821225753e-01	1.810550119242764211e-01	-3.904596804719199810e+01	4.020744321461032500e-02	-1.765340727821226863e-01	1.810550119242765044e-01	-3.904596804719200520e+01
1.280547409579668213e+12	1.658861547482754828e+00	2.112106760645125064e-02	1.133706638625305629e+01	2.751375534220043662e+00	7.007385378825120581e-02	2.546866209890743041e-02	1.780070398252153245e+04	6.658497999848945881e+01	-2.517528937263419780e-02	-1.755359946374298041e-01	1.773321195055979071e-01	-3.941235631777169601e+01	-2.517528937263468353e-02	-1.755359946374296931e-01	1.773321195055978516e-01	-3.941235631777170312e+01
1.290322580645161865e+12	1.658759759743225759e+00	2.138554000819918241e-02	1.156665227559556186e+01	2.751026599221961799e+00	7.094694641195924134e-02	2.578926224560106756e-02	1.787197460489792866e+04	6.661216518940354092e+01	-8.684029591725549169e-02	-1.478310579739051112e-01	1.714504555161070198e-01	-3.980103323362169476e+01	-8.684029591725683783e-02	-1.478310579739043618e-01	1.714504555161070476e-01	-3.980103323362170897e+01
1.300097751710655518e+12	1.658929116698872663e+00	2.152753632911081141e-02	1.173166084082770055e+01	2.751582379410900447e+00	7.142531365430937473e-02	2.595790487275949354e-02	1.761354145756831713e+04	6.651306790616204978e+01	-1.352747593809907056e-01	-9.850245120030889923e-02	1.673379616765250377e-01	-4.021132435106729730e+01	-1.352747593809904558e-01	-9.850245120030923229e-02	1.673379616765250377e-01	-4.021132435106729019e+01
1.309872922776149170e+12	1.659152430408832091e+00	2.143213512089402195e-02	1.176748800819450480e+01	2.752327450915694307e+00	7.111835814936361133e-02	2.583935211840533708e-02	1.731464928030409646e+04	6.639662687606862335e+01	-1.626390320480838869e-01	-3.543032097395756169e-02	1.664534841625590900e-01	-4.062620933441252191e+01	-1.626390320480839424e-01	-3.543032097395754781e-02	1.664534841625591455e-01	-4.062620933441252902e+01
1.319648093841642822e+12	1.658812962161855920e+00	2.139335642383217648e-02	1.183385443030910622e+01	2.751202767737113586e+00	7.097515388000284753e-02	2.579786365160590539e-02	1.689866096399251546e+04	6.623117777237283121e+01	-1.628724430119041777e-01	2.543167835913819758e-02	1.648459976973315200e-01	-4.099559850405314165e+01	-1.628724430119042055e-01	2.543167835913794084e-02	1.648459976973315477e-01	-4.099559850405314165e+01
1.329423264907136475e+12	1.658630745883429958e+00	2.143099220990912074e-02	1.194248526696534007e+01	2.750596663762722383e+00	7.109220518828708590e-02	2.584610318367629167e-02	1.584450767423778416e+04	6.579295982772607942e+01	-1.394249404701354833e-01	8.295931948799177558e-02	1.622392144797659974e-01	-4.137744725432276027e+01	-1.394249404701339567e-01	8.295931948799424582e-02	1.622392144797659419e-01	-4.137744725432277448e+01
1.339198435972630127e+12	1.658489549581212863e+00	2.186609107231394372e-02	1.227454061175528643e+01	2.750109460131311412e+00	7.252936706724746885e-02	2.637326554405014858e-02	1.615192221451551450e+04	6.592369523515186813e+01	-9.339910426402411869e-02	1.230905067420136195e-01	1.545142890716834361e-01	-4.176240163122247395e+01	-9.339910426402459054e-02	1.230905067420132171e-01	1.545142890716833806e-01	-4.176240163122246685e+01
1.348973607038123779e+12	1.658521146772631516e+00	2.183759068892326613e-02	1.234802031608632866e+01	2.750215513924907818e+00	7.243621190428871370e-02	2.633837658813618227e-02	1.577841380401588503e+04	6.576452066508028338e+01	-3.779953217384832143e-02	1.481062301771059742e-01	1.528537210859967632e-01	-4.216161617216224755e+01	-3.779953217384796754e-02	1.481062301771060574e-01	1.528537210859967632e-01	-4.216161617216225466e+01
1.358748778103617432e+12	1.658472536571432787e+00	2.169910784366663181e-02	1.235862646048261482e+01	2.750060303280471352e+00	7.197474885364574249e-02	2.617206203361760464e-02	1.574720762268926410e+04	6.575105170417299405e+01	2.170002972147217282e-02	1.510660850654621523e-01	1.526166876423355745e-01	-4.255417081330270435e+01	2.170002972147311998e-02	1.510660850654620413e-01	1.526166876423356022e-01	-4.255417081330271145e+01
1.368523949169111084e+12	1.658289033742863294e+00	2.170957557437581953e-02	1.245354218078888664e+01	2.749451213760219392e+00	7.200150220439868742e-02	2.618759039769525537e-02	1.563164874579118259e+04	6.570094161871885774e+01	7.527556814363622895e-02	1.303294673225485478e-01	1.505064158497121107e-01	-4.293527115743163591e+01	7.527556814363609017e-02	1.303294673225486033e-01	1.505064158497120830e-01	-4.293527115743163591e+01
1.378299120234604736e+12	1.657999269096706918e+00	2.197159308550204748e-02	1.269387412112657820e+01	2.748478825422499217e+00	7.285777055330530660e-02	2.650839798342107673e-02	1.543755793282963532e+04	6.561593799433407526e+01	1.134092022430952668e-01	9.081421298536776487e-02	1.452889136636619782e-01	-4.330708941819541025e+01	1.134092022430950447e-01	9.081421298536805631e-02	1.452889136636619782e-01	-4.330708941819540314e+01
1.388074291300098389e+12	1.657980571973930450e+00	2.211443269845421791e-02	1.286701107170360103e+01	2.748410528909427164e+00	7.333059954852422235e-02	2.668109395492015631e-02	1.551548818276976817e+04	6.565019588121114680e+01	1.361014304581578405e-01	3.921600591297647043e-02	1.416386052336134072e-01	-4.370175805521095924e+01	1.361014304581580903e-01	3.921600591297580429e-02	1.416386052336134627e-01	-4.370175805521096635e+01
1.397849462365592041e+12	1.658083786061707032e+00	2.205622108007637694e-02	1.292351559136924699e+01	2.748755364712391458e+00	7.314212510933414124e-02	2.660917957571214132e-02	1.533677455884213668e+04	6.557137659879276725e+01	1.393753493962151535e-01	-1.746173629936639132e-02	1.404649431491916955e-01	-4.410693342601088318e+01	1.393753493962152645e-01	-1.746173629936523253e-02	1.404649431491916955e-01	-4.410693342601087608e+01
1.407624633431085693e+12	1.657703447217990123e+00	2.191255148111030671e-02	1.292912007693466414e+01	2.747500559005995324e+00	7.264902425515645801e-02	2.644185968116410240e-02	1.239452069822545491e+04	6.412225584080272256e+01	1.239727916159911875e-01	-6.580953665252098350e-02	1.403572163284862173e-01	-4.447031015766977902e+01	1.239727916159899246e-01	-6.580953665252325946e-02	1.403572163284861618e-01	-4.447031015766979323e+01
1.417399804496579346e+12	1.657822754346559346e+00	2.176872676654223113e-02	1.293345504602769047e+01	2.747902407364176014e+00	7.217738113345342765e-02	2.626635536255704159e-02	7.869818171907960277e+03	6.103201168278289401e+01	8.778628359215530363e-02	-1.093979733962311962e-01	1.402652778492411711e-01	-4.487686108490096615e+01	8.778628359215807919e-02	-1.093979733962290452e-01	1.402652778492412267e-01	-4.487686108490094483e+01
1.427174975562072998e+12	1.657591332030309506e+00	2.201929327439750700e-02	1.317254706670941822e+01	2.747124174745711578e+00	7.299797933814919371e-02	2.657250808289591745e-02	1.485258029047995115e+04	6.535312369338051042e+01	4.007759061148404717e-02	-1.293602247378582426e-01	1.354262936561836939e-01	-4.525265763583258405e+01	4.007759061148472024e-02	-1.293602247378580761e-01	1.354262936561837494e-01	-4.525265763583257694e+01
1.436950146627566650e+12	1.657537852754091157e+00	2.222288291758891046e-02	1.338539711598795456e+01	2.746937876787474586e+00	7.367053926645178441e-02	2.681915011220020392e-02	1.574010030750377337e+04	6.574798037029420072e+01	-1.190722888555709874e-02	-1.307148530943309517e-01	1.312560662186916527e-01	-4.564393592047336057e+01	-1.190722888555647598e-02	-1.307148530943311460e-01	1.312560662186917915e-01	-4.564393592047336057e+01
1.446725317693060303e+12	1.657596152612089035e+00	2.219353680615648514e-02	1.345865809957636117e+01	2.747132452078433484e+00	7.357584244547955843e-02	2.678277939959295903e-02	1.531706384907064967e+04	6.556262727602175744e+01	-6.134558890029442185e-02	-1.144443553029719091e-01	1.298491114264429813e-01	-4.604514780489127901e+01	-6.134558890029449818e-02	-1.144443553029718258e-01	1.298491114264429258e-01	-4.604514780489127901e+01
1.456500488758553955e+12	1.657477160388226567e+00	2.213891062506557691e-02	1.351624461020832868e+01	2.746740405844954491e+00	7.338947743384485745e-02	2.671875262681357166e-02	1.503812775651724041e+04	6.543758958724291119e+01	-9.902688026598450988e-02	-8.229231827002216060e-02	1.287569363625442054e-01	-4.643052429957071325e+01	-9.902688026598568949e-02	-8.229231827002082833e-02	1.287569363625442609e-01	-4.643052429957072036e+01
1.466275659824047607e+12	1.657249553438410183e+00	2.231013415280854936e-02	1.371219460505514043e+01	2.745978340285893715e+00	7.394691972378598932e-02	2.692917079458358176e-02	1.445089933114446285e+04	6.516659474812634301e+01	-1.188340916304995026e-01	-3.911387615975995408e-02	1.251057018760015904e-01	-4.680591173464121368e+01	-1.188340916304990030e-01	-3.911387615976121696e-02	1.251057018760015349e-01	-4.680591173464119947e+01
1.476050830889541260e+12	1.657115285997495358e+00	2.246874663180327414e-02	1.390174511718775996e+01	2.745526226511356693e+00	7.446660700153188983e-02	2.712289042532803687e-02	1.415262456619700606e+04	6.502469889840332939e+01	-1.214087986911247530e-01	7.978957179794314916e-03	1.216707037758023580e-01	-4.718951519239356429e+01	-1.214087986911247252e-01	7.978957179794455429e-03	1.216707037758023302e-01	-4.718951519239356429e+01
1.485826001955034912e+12	1.657124350401553370e+00	2.233497062027544472e-02	1.391049232154660587e+01	2.745562261781161695e+00	7.402364736072344908e-02	2.696119785413323561e-02	1.345373495058077606e+04	6.468015129417173625e+01	-1.087624204719005588e-01	5.418884767168183347e-02	1.215141774398824370e-01	-4.758612149275403880e+01	-1.087624204719014193e-01	5.418884767168017508e-02	1.215141774398824509e-01	-4.758612149275402459e+01
1.495601173020528564e+12	1.657077614776886199e+00	2.235512492989896044e-02	1.401464364968487608e+01	2.745406469784022807e+00	7.408835419375255082e-02	2.698629693241051328e-02	1.341571036263055430e+04	6.466089542687205949e+01	-7.864772892758921385e-02	9.019531580732682852e-02	1.196689611346692245e-01	-4.797757406425805016e+01	-7.864772892758967182e-02	9.019531580732648157e-02	1.196689611346692661e-01	-4.797757406425804305e+01
1.505376344086022217e+12	1.656736198444635599e+00	2.249289958391289049e-02	1.419317941313635778e+01	2.744268900705090886e+00	7.452960189729754270e-02	2.715827223715157682e-02	1.294711863221157910e+04	6.441901243615258466e+01	-4.030880131004528633e-02	1.093847709704212912e-01	1.165754158615967817e-01	-4.834162210157761308e+01	-4.030880131004647982e-02	1.093847709704210414e-01	1.165754158615969482e-01	-4.834162210157759887e+01
1.515151515151515869e+12	1.656792941595001789e+00	2.259279683894734742e-02	1.434878811723439718e+01	2.744452416850013066e+00	7.486317266731566666e-02	2.727799986900155890e-02	1.299234992414614499e+04	6.444273902680829735e+01	5.438061175046806153e-03	1.138085548104599692e-01	1.139384029087165268e-01	-4.874243234946228398e+01	5.438061175047467083e-03	1.138085548104599137e-01	1.139384029087164990e-01	-4.874243234946229109e+01
1.524926686217009521e+12	1.657020827732099466e+00	2.277545763931727862e-02	1.455811809286683989e+01	2.745199302067291569e+00	7.547881533895776929e-02	2.749483991275894490e-02	1.269861707849318191e+04	6.428716110528522165e+01	4.951235090751669732e-02	9.876679789700430756e-02	1.104823662817590174e-01	-4.915937769048567674e+01	4.951235090751527484e-02	9.876679789700507084e-02	1.104823662817590590e-01	-4.915937769048566253e+01
1.534701857282503174e+12	1.656899334946430269e+00	2.257794722616264863e-02	1.452438102262953024e+01	2.744805642444975380e+00	7.481877148696898516e-02	2.725831305867000565e-02	1.260305770966039927e+04	6.423577058113778548e+01	8.333911431447560414e-02	7.336923490289856686e-02	1.110335652177211890e-01	-4.954361926672198280e+01	8.333911431447459106e-02	7.336923490289981586e-02	1.110335652177212445e-01	-4.954361926672196859e+01
1.544477028347996826e+12	1.656586386915616549e+00	2.244090208140233841e-02	1.452817040202372567e+01	2.743774863227909755e+00	7.435058579631487197e-02	2.709791783311450014e-02	1.202608063666889939e+04	6.391695041515475140e+01	1.040186601729443383e-01	3.867802394387100107e-02	1.109768948942847916e-01	-4.990948739190598360e+01	1.040186601729444354e-01	3.867802394387061943e-02	1.109768948942847500e-01	-4.990948739190598360e+01
1.554252199413490479e+12	1.656350282794605278e+00	2.271204851056073115e-02	1.479677121341198642e+01	2.742980422166223065e+00	7.523821594662412349e-02	2.742936673503706610e-02	1.212208243601671529e+04	6.397104509315542487e+01	1.066696258034743328e-01	-1.791536415868587870e-03	1.066846693381135330e-01	-5.028227606648588477e+01	1.066696258034743744e-01	-1.791536415868814468e-03	1.066846693381135747e-01	-5.028227606648588477e+01
1.564027370478984131e+12	1.656411405397597791e+00	2.316494318355479323e-02	1.518674669952590683e+01	2.743162129338547750e+00	7.674135218925499935e-02	2.797550730541743802e-02	1.175056809986485132e+04	6.375927385330612651e+01	9.207068960846190309e-02	-4.088583397020461446e-02	1.007405742708312735e-01	-5.068339408888150643e+01	9.207068960846190309e-02	-4.088583397020475324e-02	1.007405742708313429e-01	-5.068339408888151354e+01
1.573802541544477783e+12	1.656725192187724405e+00	2.306612521565452531e-02	1.521647471581610667e+01	2.744206316296988302e+00	7.642846146186271783e-02	2.785084379697613799e-02	1.147724305665296197e+04	6.359915290113265485e+01	6.666863171565641510e-02	-7.493134601317019694e-02	1.002966254177241195e-01	-5.110916703669094829e+01	6.666863171565758084e-02	-7.493134601316921162e-02	1.002966254177241612e-01	-5.110916703669093408e+01
1.583577712609971436e+12	1.656549473568432518e+00	2.291767447522324516e-02	1.521244735504230050e+01	2.743630938576498313e+00	7.592852317468753998e-02	2.767446674663983502e-02	1.089387643278532960e+04	6.324425019691734917e+01	3.429129056005256193e-02	-9.431839602640600118e-02	1.003586191478734319e-01	-5.148756685093256635e+01	3.429129056005213866e-02	-9.431839602640615383e-02	1.003586191478734457e-01	-5.148756685093256635e+01
1.593352883675465088e+12	1.655990067170603597e+00	2.282434007609240867e-02	1.524401478598850801e+01	2.741782152067790967e+00	7.559376091146594034e-02	2.757103107351355914e-02	1.020556356351893373e+04	6.280020612969904903e+01	8.189427602564259764e-04	-9.989900542559869423e-02	9.990236209553993163e-02	-5.182808126101766533e+01	8.189427602569920384e-04	-9.989900542559869423e-02	9.990236209553994551e-02	-5.182808126101765822e+01
1.603128054740958740e+12	1.655578060038575661e+00	2.316764580579028579e-02	1.556823147940269259e+01	2.740401973068911090e+00	7.671169219762224989e-02	2.799286124864179895e-02	6.902395240085786099e+03	6.013963170794177415e+01	-3.231816588686318298e-02	-8.960932130497650805e-02	9.525909043775993013e-02	-5.218241524161770428e+01	-3.231816588686327318e-02	-8.960932130497650805e-02	9.525909043775995788e-02	-5.218241524161770428e+01
1.612903225806452393e+12	1.655905236654909629e+00	2.351792595311312864e-02	1.589997678563239880e+01	2.741469059940015995e+00	7.788691348204487830e-02	2.841064837104127772e-02	9.018460686668413473e+03	6.195890017970098995e+01	-6.337702989358474925e-02	-6.491288335348320560e-02	9.072116811083978660e-02	-5.260970577972354789e+01	-6.337702989358501293e-02	-6.491288335348296967e-02	9.072116811083980048e-02	-5.260970577972355500e+01
1.622678396871946045e+12	1.656344923943569691e+00	2.334958380731947877e-02	1.588183791178406423e+01	2.742933304009654627e+00	7.734992923089717420e-02	2.819971200824535756e-02	9.404115351870499580e+03	6.224378457557322264e+01	-8.517917289360382727e-02	-3.190221859156043560e-02	9.095736938754415968e-02	-5.304871591090834926e+01	-8.517917289360331379e-02	-3.190221859156191359e-02	9.095736938754420131e-02	-5.304871591090832794e+01
1.632453567937439697e+12	1.656036915229561313e+00	2.298783079913326033e-02	1.572997347908852461e+01	2.741929824238191760e+00	7.613739280883148608e-02	2.776781233997673015e-02	9.694187845968375768e+03	6.245046633171712358e+01	-9.301306345859253200e-02	5.589268744509558271e-04	9.301474277340740504e-02	-5.341308416100592638e+01	-9.301306345859250424e-02	5.589268744500949706e-04	9.301474277340737729e-02	-5.341308416100591927e+01
1.642228739002933350e+12	1.655524622135854829e+00	2.333171142972373380e-02	1.606088252317643139e+01	2.740217405739824752e+00	7.725244549695238494e-02	2.819208626845984972e-02	9.541518005592157351e+03	6.234246944835941662e+01	-8.325710956289721076e-02	3.031876172076276854e-02	8.860571993414793901e-02	-5.375630695651982194e+01	-8.325710956289737730e-02	3.031876172076232098e-02	8.860571993414793901e-02	-5.375630695651982194e+01
1.652003910068427002e+12	1.655572524615591012e+00	2.402142334594460291e-02	1.663408702096742431e+01	2.740343355482476539e+00	7.953841698741080657e-02	2.902498215352540545e-02	8.789958562126610559e+03	6.178429959833867002e+01	-5.965941454850371556e-02	5.544526500382623152e-02	8.144582957779197829e-02	-5.415587816644031705e+01	-5.965941454850386128e-02	5.544526500382618989e-02	8.144582957779204768e-02	-5.415587816644031705e+01
1.661779081133920654e+12	1.656301248543953220e+00	2.317804021419630697e-02	1.614504131819798971e+01	2.742796604380087544e+00	7.677963389115059767e-02	2.799319270285589509e-02	3.454690996695786907e+03	5.543074664520288763e+01	-3.020545590269986189e-02	8.212778745419591075e-02	8.750624571087210757e-02	-5.462544026262073515e+01	-3.020545590270035802e-02	8.212778745419568871e-02	8.750624571087207981e-02	-5.462544026262073515e+01
1.671554252199414307e+12	1.656133664448276033e+00	2.118375878810930396e-02	1.484269148346154310e+01	2.742329962882482430e+00	7.016627213707966881e-02	2.558637111025377844e-02	1.149684007770173594e+03	4.794531692177753968e+01	2.741566735472625478e-03	1.059346837736728220e-01	1.059701534130866041e-01	-5.500374544637857355e+01	2.741566735472203507e-03	1.059346837736728220e-01	1.059701534130865763e-01	-5.500374544637856644e+01
1.681329423264907959e+12	1.656574851577226504e+00	2.370773520487290398e-02	1.670829144764735830e+01	2.743678182169565716e+00	7.854727585648903221e-02	2.862845809211403761e-02	4.420867304709989185e+03	5.710848847574674636e+01	3.621874569738455646e-02	7.194819491272132217e-02	8.055023458122732849e-02	-5.544423561629314179e+01	3.621874569738559729e-02	7.194819491272076706e-02	8.055023458122730073e-02	-5.544423561629315600e+01
1.691104594330401611e+12	1.655169932801041854e+00	2.330499302119513894e-02	1.651994540478135676e+01	2.739044383748887590e+00	7.714744746564061728e-02	2.816582598053781958e-02	8.394745506424018458e+03	6.147131512843670009e+01	5.433374554973773030e-02	6.251742082023969971e-02	8.282864125095006080e-02	-5.569334873768391247e+01	5.433374554973765397e-02	6.251742082023976910e-02	8.282864125095004693e-02	-5.569334873768391247e+01
1.700879765395895264e+12	1.655010457606391316e+00	2.426205295420585592e-02	1.729777811478725269e+01	2.738470967572964376e+00	8.030790272442146771e-02	2.932581855910500190e-02	8.585070007014064686e+03	6.162383867654449432e+01	6.561507854905634929e-02	3.395905916099737493e-02	7.388204269035171523e-02	-5.607107923002105565e+01	6.561507854905686277e-02	3.395905916099639654e-02	7.388204269035172911e-02	-5.607107923002106986e+01
1.710654936461388916e+12	1.655822637833556543e+00	2.412254063776493943e-02	1.729715283418415339e+01	2.741166710995256661e+00	7.988529774014220541e-02	2.914280894325381108e-02	6.726704164816510456e+03	5.996421797989907532e+01	7.387962730533334521e-02	-1.861925663851944775e-04	7.387986192763716653e-02	-5.655118797457100754e+01	7.387962730533330358e-02	-1.861925663858290882e-04	7.387986192763712490e-02	-5.655118797457102175e+01
1.720430107526882568e+12	1.648335306377007869e+00	1.802825634001941138e-02	1.300109464247691982e+01	2.716684264222322565e+00	5.943322287533826104e-02	2.187711824228186566e-02	3.417206170421180218e+02	3.969108068154474012e+01	1.283519820465745254e-01	5.354558675492262360e-02	1.390732222831309040e-01	-5.615344127334741842e+01	1.283519820465734429e-01	5.354558675492527425e-02	1.390732222831309040e-01	-5.615344127334739710e+01
1.730205278592376221e+12	1.655643386142199969e+00	2.376608543153112957e-02	1.723631600430629263e+01	2.740590195259671180e+00	7.869632431841001863e-02	2.871510102259325001e-02	6.064143441087805513e+03	5.925875825135484831e+01	5.333907800080404937e-02	-5.207648754944094183e-02	7.454540762154927835e-02	-5.732208923296852277e+01	5.333907800080431305e-02	-5.207648754944067815e-02	7.454540762154927835e-02	-5.732208923296852277e+01
1.739980449657869873e+12	1.654535750789291271e+00	2.342229035551098362e-02	1.708295080095057727e+01	2.736939946954386027e+00	7.750603351712027911e-02	2.831849986455402257e-02	8.092651431507221787e+03	6.122197297819221973e+01	3.796975124049062345e-02	-6.613243848543193248e-02	7.625746802310039152e-02	-5.759827098537910217e+01	3.796975124049118550e-02	-6.613243848543159942e-02	7.625746802310037764e-02	-5.759827098537908796e+01
1.749755620723363525e+12	1.654156813670679238e+00	2.421826336400425064e-02	1.776272352180957625e+01	2.735648239932765957e+00	8.012161071767723297e-02	2.928797991939430939e-02	8.686656596767665178e+03	6.170387048184367274e+01	1.153652345128598072e-02	-6.803926663086842797e-02	6.901038455919859815e-02	-5.795150467239550096e+01	1.153652345128677523e-02	-6.803926663086830307e-02	6.901038455919861203e-02	-5.795150467239549386e+01
1.759530791788857178e+12	1.654902243819721397e+00	2.471394487188940253e-02	1.822754193520389165e+01	2.738090657528418070e+00	8.179832564425333630e-02	2.987422108152179220e-02	8.395464638750327140e+03	6.147189791517286039e+01	-1.946020570390044960e-02	-6.143752427816380479e-02	6.444586096459636870e-02	-5.842621422276810250e+01	-1.946020570390039409e-02	-6.143752427816381173e-02	6.444586096459636870e-02	-5.842621422276810250e+01
1.769305962854350830e+12	1.655223932053201397e+00	2.444867704480032516e-02	1.813207329824925296e+01	2.739168527432420230e+00	8.093607070318648011e-02	2.954767838949014930e-02	7.079674683634614667e+03	6.031216271723587852e+01	-4.388716555818214515e-02	-4.842502984186400350e-02	6.535339942127500745e-02	-5.885574399560837122e+01	-4.388716555818273496e-02	-4.842502984186346920e-02	6.535339942127500745e-02	-5.885574399560837833e+01
1.779081133919844482e+12	1.654342836177080667e+00	2.393734068938396450e-02	1.785092874039969857e+01	2.736277223331147646e+00	7.920113617322500910e-02	2.894485087180071609e-02	8.250169277990951741e+03	6.135312445258075087e+01	-5.855242302332007431e-02	-3.481211442205349449e-02	6.811952401797863321e-02	-5.915386079345471870e+01	-5.855242302332045595e-02	-3.481211442205284223e-02	6.811952401797863321e-02	-5.915386079345472581e+01
1.788856304985338135e+12	1.653718889736735420e+00	2.433996031546422148e-02	1.825090829537653292e+01	2.734193732603942273e+00	8.050290429825138205e-02	2.944301398188908792e-02	7.852360828280670830e+03	6.101690313990300041e+01	-6.280967616868196601e-02	-1.346224082385061999e-02	6.423618410533150913e-02	-5.947912104605075712e+01	-6.280967616868206316e-02	-1.346224082385008222e-02	6.423618410533150913e-02	-5.947912104605076422e+01
1.798631476050831787e+12	1.653563189719492454e+00	2.514125941970283065e-02	1.895476392115332231e+01	2.733639139470093404e+00	8.314532223921809739e-02	3.041561742320368286e-02	4.496673862384048334e+03	5.722416070188165804e+01	-5.713560568150671121e-02	9.525522402086308502e-03	5.792420058684685791e-02	-5.985545884521756221e+01	-5.713560568150676672e-02	9.525522402085824514e-03	5.792420058684683709e-02	-5.985545884521755511e+01
1.808406647116325439e+12	1.654006322146058139e+00	2.477377383046498391e-02	1.877921457115215631e+01	2.735123173829326682e+00	8.195195707801129770e-02	2.996280308768468903e-02	7.240360152663503868e+03	6.046485171266151326e+01	-4.877496453817189298e-02	3.396232534555519711e-02	5.943430582228807768e-02	-6.029850322675129348e+01	-4.877496453817154604e-02	3.396232534555575916e-02	5.943430582228811238e-02	-6.029850322675130059e+01
1.818181818181819092e+12	1.654269617959267302e+00	2.422887117277845725e-02	1.846543964908231317e+01	2.736020930704793130e+00	8.016217091715305276e-02	2.929881493870862066e-02	7.421052437243258282e+03	6.063255545808609526e+01	-3.194996341815593832e-02	5.341027882030276869e-02	6.223711148570429397e-02	-6.072196272664285743e+01	-3.194996341815669466e-02	5.341027882030233848e-02	6.223711148570431478e-02	-6.072196272664284322e+01
1.827956989247312744e+12	1.653776259215132161e+00	2.423304350682799549e-02	1.856791314427759332e+01	2.734388675145992043e+00	8.015206408023910212e-02	2.931260826552380822e-02	7.418068198535805095e+03	6.062981904046453963e+01	-1.221759050831549946e-02	6.008158484115579123e-02	6.131122535762829895e-02	-6.106044211256450183e+01	-1.221759050831600774e-02	6.008158484115570797e-02	6.131122535762830589e-02	-6.106044211256449472e+01
1.837732160312806396e+12	1.653384825731109897e+00	2.467088977367843869e-02	1.900448869134923413e+01	2.733072729155667790e+00	8.158094957816949822e-02	2.984953481401587949e-02	7.112168416092341431e+03	6.034331705593275785e+01	8.521974886009238068e-03	5.686888420377211179e-02	5.750386114462065212e-02	-6.140980295830664204e+01	8.521974886009942365e-03	5.686888420377199382e-02	5.750386114462064518e-02	-6.140980295830665625e+01
1.847507331378300049e+12	1.653718972884537619e+00	2.510367767845472775e-02	1.944073505800200152e+01	2.734156246645306432e+00	8.302885613207729165e-02	3.036726823273182274e-02	6.888293389350793404e+03	6.012571785878299835e+01	2.956497037232192968e-02	4.510350333293768749e-02	5.392970875149053628e-02	-6.184128285419125604e+01	2.956497037232207192e-02	4.510350333293763891e-02	5.392970875149057097e-02	-6.184128285419125604e+01
1.857282502443793701e+12	1.653783971925991247e+00	2.465077358533776519e-02	1.919100334341496605e+01	2.734393765160952228e+00	8.153410850201639470e-02	2.981798362066449479e-02	6.373630972595701678e+03	5.959740516085260253e+01	4.650747837050494410e-02	3.109584614589935500e-02	5.594548410651595943e-02	-6.224249914231848635e+01	4.650747837050585309e-02	3.109584614589797416e-02	5.594548410651593862e-02	-6.224249914231851477e+01
1.867057673509287354e+12	1.652821914216216825e+00	2.410300750278105905e-02	1.886331992796605661e+01	2.731239325142679863e+00	7.967595799822885239e-02	2.917208948507893362e-02	4.348752597281322778e+03	5.699659369128659847e+01	5.598353953246531373e-02	1.769804097081408706e-02	5.871437092218327602e-02	-6.252566515789878565e+01	5.598353953246514719e-02	1.769804097081461788e-02	5.871437092218327602e-02	-6.252566515789877855e+01
1.876832844574780762e+12	1.652795480753751933e+00	2.398690835692359261e-02	1.887074438826773815e+01	2.731157529427502340e+00	7.929090745915544358e-02	2.903197878731520257e-02	3.866050262514485894e+03	5.619613335273329113e+01	5.844402917851281715e-02	-4.917559392247923544e-03	5.865054933242435514e-02	-6.291579669191649771e+01	5.844402917851278245e-02	-4.917559392248535034e-03	5.865054933242437596e-02	-6.291579669191651192e+01
1.886608015640274414e+12	1.652716203139294793e+00	2.521207373680346003e-02	1.993789961335513183e+01	2.730835199457056550e+00	8.333680555911548993e-02	3.051696622911718657e-02	5.706358078909526739e+03	5.884502693885822566e+01	4.475246605246083892e-02	-2.260345501913638491e-02	5.013680680476950008e-02	-6.329955427132978940e+01	4.475246605246081810e-02	-2.260345501913640573e-02	5.013680680476950008e-02	-6.329955427132978940e+01
1.896383186705768066e+12	1.653262797399278172e+00	2.539169263951953845e-02	2.018398476595904967e+01	2.732633139209386552e+00	8.395828160782946303e-02	3.072431509489800122e-02	5.951140927298764836e+03	5.913078363536894955e+01	2.911353111958227616e-02	-3.860439359603420884e-02	4.835180347379415544e-02	-6.375649711902404704e+01	2.911353111958195350e-02	-3.860439359603443782e-02	4.835180347379414850e-02	-6.375649711902405414e+01
1.906158357771261719e+12	1.653375853044167343e+00	2.465016404661777780e-02	1.969554272422729468e+01	2.733044080842002899e+00	8.151197201651066981e-02	2.982460933868225778e-02	5.989177717256771757e+03	5.917412937217557811e+01	1.231471683875849481e-02	-5.046914480628514332e-02	5.194984916529191143e-02	-6.416332112646166763e+01	1.231471683875884696e-02	-5.046914480628500455e-02	5.194984916529185592e-02	-6.416332112646165342e+01
1.915933528836755371e+12	1.652565152326314735e+00	2.441611401259275588e-02	1.960857993686150635e+01	2.730375436059819805e+00	8.069843834487402945e-02	2.955580294163839133e-02	5.271311050719637933e+03	5.830550319300179751e+01	-3.077542211417848457e-03	-5.253440999637514625e-02	5.262447624186201295e-02	-6.446116397890330063e+01	-3.077542211417623810e-03	-5.253440999637512543e-02	5.262447624186198519e-02	-6.446116397890328642e+01
1.925708699902249023e+12	1.651402185519430077e+00	2.445014377686115931e-02	1.973609244923805051e+01	2.726531368807640909e+00	8.075404173874561886e-02	2.961786637138921069e-02	2.511165888520481531e+03	5.326055326529112222e+01	-1.593257998989485932e-02	-4.913782720664941484e-02	5.165629843228156104e-02	-6.471619616062159253e+01	-1.593257998989497035e-02	-4.913782720664940790e-02	5.165629843228157492e-02	-6.471619616062159253e+01
1.935483870967742676e+12	1.652193000298244785e+00	2.526727210455652350e-02	2.049920766140648354e+01	2.729103275194910250e+00	8.349282021555877453e-02	3.059349969436234856e-02	5.849496838079723602e+03	5.901357911312117466e+01	-3.312167520709613511e-02	-3.216552066149565986e-02	4.616996954676785142e-02	-6.520269187594439586e+01	-3.312167520709629470e-02	-3.216552066149547945e-02	4.616996954676783754e-02	-6.520269187594439586e+01
1.945259042033236328e+12	1.652753732072131054e+00	2.538782789558483716e-02	2.070103927646604092e+01	2.730950357073101742e+00	8.391965460726559523e-02	3.072910292562276713e-02	6.244676744895927186e+03	5.945834376972843671e+01	-4.266978069308699495e-02	-1.370486893135722424e-02	4.481666673037855431e-02	-6.566266874564384182e+01	-4.266978069308682842e-02	-1.370486893135762323e-02	4.481666673037851961e-02	-6.566266874564384182e+01
1.955034213098729980e+12	1.652645298148126551e+00	2.472909585554108891e-02	2.026524044817273307e+01	2.730624953309277458e+00	8.173684798622860015e-02	2.993338498835979716e-02	6.308757553418708085e+03	5.952780239443616495e+01	-4.766709700713025327e-02	3.312936389390726960e-03	4.778208539408168587e-02	-6.604283567495465945e+01	-4.766709700713035042e-02	3.312936389390226926e-03	4.778208539408175526e-02	-6.604283567495463103e+01
1.964809384164223633e+12	1.651907761707439137e+00	2.460788567908791732e-02	2.026673950137980995e+01	2.728193705151686466e+00	8.129991470498933170e-02	2.979990553877078646e-02	6.195477562123894131e+03	5.940453025416949373e+01	-4.448824568418107556e-02	1.741889789530592578e-02	4.777679361304135869e-02	-6.634663721030922545e+01	-4.448824568418155434e-02	1.741889789530481555e-02	4.777679361304140032e-02	-6.634663721030918282e+01
1.974584555229717285e+12	1.651643802705562658e+00	2.525605516441011000e-02	2.090404897961707675e+01	2.727289382693223629e+00	8.342801398617555320e-02	3.059008498166396195e-02	6.170924788888029980e+03	5.937751464717271688e+01	-3.231502827835819325e-02	2.912965770493341003e-02	4.350629851685473143e-02	-6.670704898519470305e+01	-3.231502827835831121e-02	2.912965770493324003e-02	4.350629851685470367e-02	-6.670704898519468884e+01
1.984359726295210938e+12	1.651988522367797030e+00	2.572111060487146036e-02	2.139435915722103942e+01	2.728404502504189644e+00	8.498195900360056010e-02	3.114712606785476762e-02	6.036778612423424420e+03	5.922798793303572040e+01	-1.586231361615789148e-02	3.724176325151439676e-02	4.047915418260608633e-02	-6.714158555490250535e+01	-1.586231361615795740e-02	3.724176325151436900e-02	4.047915418260609327e-02	-6.714158555490249114e+01
1.994134897360704590e+12	1.652256188015115201e+00	2.502363337359485296e-02	2.091674314210620622e+01	2.729324328607023897e+00	8.269090617628729878e-02	3.029720774096883798e-02	5.972146771008709038e+03	5.915475548445296283e+01	9.986678766240586740e-04	4.340973191281868870e-02	4.342121788101515473e-02	-6.756724361666898915e+01	9.986678766243759116e-04	4.340973191281866095e-02	4.342121788101513391e-02	-6.756724361666898915e+01
2.003910068426198242e+12	1.651753051287103258e+00	2.472381785368620022e-02	2.076743805927490527e+01	2.727676875266993761e+00	8.167528315858547938e-02	2.994316661887997180e-02	5.984202236778606675e+03	5.916847511879675636e+01	1.537712272535687180e-02	4.163933885927145057e-02	4.438795381573609061e-02	-6.789800009619635546e+01	1.537712272535617097e-02	4.163933885927170730e-02	4.438795381573609061e-02	-6.789800009619632704e+01
2.013685239491691895e+12	1.651061135645418343e+00	2.524174548014412531e-02	2.130591210487952836e+01	2.725365727923854120e+00	8.335132991623872556e-02	3.058353932546683043e-02	5.829794629249383433e+03	5.899062524870036128e+01	2.515851215409807204e-02	3.239189377145106075e-02	4.101445496296238918e-02	-6.820460809921223699e+01	2.515851215409847449e-02	3.239189377145069992e-02	4.101445496296235449e-02	-6.820460809921223699e+01
2.023460410557185547e+12	1.651310998487971915e+00	2.582391427861055119e-02	2.190311807027079638e+01	2.726161139178673753e+00	8.528662734456037009e-02	3.128451437403115265e-02	5.412821056628792576e+03	5.848573451830779391e+01	3.319438070005982511e-02	1.758870518653837117e-02	3.756633413309670017e-02	-6.862778132699945388e+01	3.319438070005997082e-02	1.758870518653811443e-02	3.756633413309670017e-02	-6.862778132699945388e+01
2.033235581622679199e+12	1.652143656056750620e+00	2.554201713426812112e-02	2.176867794327227301e+01	2.728926265609279422e+00	8.439816314254780516e-02	3.092724204613292102e-02	5.449425507349513282e+03	5.853158805732288528e+01	3.830960621157893098e-02	-3.582699664681043123e-04	3.831128143843690742e-02	-6.912439006795840157e+01	3.830960621157893098e-02	-3.582699664686264641e-04	3.831128143843690742e-02	-6.912439006795840157e+01
2.043010752688172852e+12	1.651573145566999079e+00	2.413498981900340581e-02	2.066840359297298235e+01	2.727111357424508498e+00	7.972140210719790010e-02	2.923291045309092673e-02	3.518776415879641718e+03	5.555579548278385005e+01	4.260222914368076014e-02	-1.461673398860667029e-02	4.503996936615711766e-02	-6.944555112200256985e+01	4.260222914368083647e-02	-1.461673398860644998e-02	4.503996936615712460e-02	-6.944555112200255564e+01
2.052785923753666504e+12	1.650889686313690152e+00	2.462033460312893288e-02	2.118491730306554999e+01	2.724830595500943975e+00	8.129091293979523458e-02	2.983338232990237829e-02	5.237009461934394494e+03	5.826108719274022718e+01	3.357768027226274571e-02	-2.481369843315983995e-02	4.175141006478825384e-02	-6.975145824459093546e+01	3.357768027226273877e-02	-2.481369843315985729e-02	4.175141006478825384e-02	-6.975145824459092125e+01
2.062561094819160156e+12	1.650505028557273990e+00	2.559876998748279384e-02	2.213171560191644360e+01	2.723511552267976032e+00	8.450179717844275018e-02	3.102678125527859668e-02	5.365572758140307087e+03	5.842608706766401383e+01	2.025437002283967530e-02	-3.015934014551484299e-02	3.632939998176366175e-02	-7.009443917861403861e+01	2.025437002283969612e-02	-3.015934014551481870e-02	3.632939998176366175e-02	-7.009443917861402440e+01
2.072336265884653809e+12	1.651271578495235426e+00	2.617511124898783473e-02	2.273724934773646211e+01	2.726012689497249397e+00	8.644443453880906736e-02	3.171094355938297582e-02	5.013218299033474068e+03	5.796396477804503888e+01	3.378307247028239542e-03	-3.305973223598605848e-02	3.323189515165241026e-02	-7.058400020930993435e+01	3.378307247028603400e-03	-3.305973223598600991e-02	3.323189515165240332e-02	-7.058400020930990593e+01
2.082111436950147461e+12	1.652125506791237708e+00	2.547291893526552539e-02	2.223165756304343432e+01	2.728869820591121709e+00	8.416891821075533908e-02	3.084387447713532113e-02	3.845147874994962422e+03	5.615924985703721717e+01	-1.393928166790760204e-02	-3.296499165910719148e-02	3.579097998801194364e-02	-7.108588377463134123e+01	-1.393928166790768357e-02	-3.296499165910714291e-02	3.579097998801193670e-02	-7.108588377463134123e+01
2.091886608015641113e+12	1.651156658147101775e+00	2.452827957896492814e-02	2.150772071878617808e+01	2.725716673244401367e+00	8.100006427940306675e-02	2.971697868472487208e-02	5.026785571395593252e+03	5.798235199102621351e+01	-2.466444987115275905e-02	-3.125550365229159966e-02	3.981509256557142634e-02	-7.135390830946438712e+01	-2.466444987115264803e-02	-3.125550365229167599e-02	3.981509256557141246e-02	-7.135390830946435869e+01
2.101661779081134766e+12	1.649771191976459050e+00	2.514379463788874239e-02	2.215046298598401719e+01	2.721112775466634215e+00	8.296301610112201408e-02	3.048863569680421506e-02	5.027837322988686537e+03	5.798377531699213705e+01	-2.794383576551171325e-02	-2.306507416478158212e-02	3.623334932788806889e-02	-7.156658808714128384e+01	-2.794383576551172366e-02	-2.306507416478153008e-02	3.623334932788804114e-02	-7.156658808714126963e+01
2.111436950146628418e+12	1.649797951141258157e+00	2.629399781228890925e-02	2.327147447736527042e+01	2.721141905268940508e+00	8.675956743605393873e-02	3.188351451574854972e-02	4.724415987245539327e+03	5.756029004119948667e+01	-2.939799256677695649e-02	-8.945887706399289346e-03	3.072899077112327057e-02	-7.196123152156069125e+01	-2.939799256677701200e-02	-8.945887706399082914e-03	3.072899077112326363e-02	-7.196123152156069125e+01
2.121212121212122070e+12	1.651474704014208816e+00	2.601795853569351460e-02	2.313377346355452957e+01	2.726691763832453486e+00	8.593600074357680974e-02	3.151658059904467735e-02	4.497027777547034930e+03	5.722469615034049895e+01	-2.980572721109227968e-02	9.716279685260268209e-03	3.134944123113278525e-02	-7.257175538292702299e+01	-2.980572721109219295e-02	9.716279685260552704e-03	3.134944123113278525e-02	-7.257175538292700878e+01
2.130987292277615723e+12	1.651362523879681188e+00	2.483868637628976195e-02	2.218700314408090080e+01	2.726381224933370984e+00	8.203535164841142813e-02	3.008946470808250909e-02	4.336892897653821819e+03	5.697801441303665371e+01	-2.772120157515185757e-02	2.301623911670943809e-02	3.603071300776251873e-02	-7.294956206842115876e+01	-2.772120157515193042e-02	2.301623911670936523e-02	3.603071300776253261e-02	-7.294956206842113033e+01
2.140762463343109375e+12	1.649813150822081020e+00	2.440419961104654811e-02	2.189889548196761027e+01	2.721287867666826621e+00	8.052473890718342409e-02	2.959067280751286055e-02	4.089457105269592375e+03	5.657834134863148989e+01	-2.392845439610782193e-02	2.900056869890032044e-02	3.759792433959950608e-02	-7.313756606873047872e+01	-2.392845439610811337e-02	2.900056869890008104e-02	3.759792433959950608e-02	-7.313756606873045030e+01
2.150537634408603027e+12	1.649066315386231052e+00	2.598422503196543693e-02	2.342318653011486518e+01	2.718744532591008234e+00	8.569942046325983165e-02	3.152168930766984650e-02	3.775822044819796247e+03	5.603546891311340516e+01	-1.163983281579058365e-02	2.770906745273633495e-02	3.005458579118746101e-02	-7.342973726285514147e+01	-1.163983281579088896e-02	2.770906745273622393e-02	3.005458579118747489e-02	-7.342973726285511304e+01
2.160312805474096680e+12	1.651327966387801993e+00	2.702372612053050363e-02	2.447096139200428766e+01	2.726153770801036380e+00	8.925006939767311798e-02	3.273845751241259705e-02	3.012171901602957405e+03	5.449819137691984139e+01	7.465804643429808929e-03	2.465038851520879801e-02	2.575616223206780159e-02	-7.412151292232221067e+01	7.465804643429508822e-03	2.465038851520887780e-02	2.575616223206779465e-02	-7.412151292232218225e+01
2.170087976539590332e+12	1.625231153002082651e+00	2.328697246572601978e-02	2.118261298286050121e+01	2.640834017601859873e+00	7.569342622079930361e-02	2.866269735859297563e-02	2.895820123143819842e+02	3.856474161586845639e+01	-1.395535783480825534e-02	-3.953318889900121064e-02	4.192403888965919728e-02	-7.102518282432575347e+01	-1.395535783480824840e-02	-3.953318889900121064e-02	4.192403888965919728e-02	-7.102518282432575347e+01
2.179863147605083984e+12	1.604527302771737052e+00	2.476541943083352890e-02	2.262893307885966365e+01	2.573894539340360499e+00	7.947358328273218531e-02	3.087678304919972902e-02	3.056058079220666968e+03	5.459659934745996424e+01	2.993143204457157300e-02	1.612295158117005300e-02	3.399764980006059201e-02	-6.862094093229161729e+01	2.993143204457176729e-02	1.612295158116967483e-02	3.399764980006058507e-02	-6.862094093229163150e+01
2.189638318670577637e+12	1.602372275445477223e+00	2.447461388009427447e-02	2.246349848858626075e+01	2.566997902391736641e+00	7.843488546739224576e-02	3.055510306195127410e-02	3.201600960716854843e+03	5.491312898529375985e+01	3.180700733986474571e-02	1.423062081625846124e-02	3.484531940927416277e-02	-6.869434437587595710e+01	3.180700733986470408e-02	1.423062081625857400e-02	3.484531940927416971e-02	-6.869434437587595710e+01
2.199413489736071289e+12	1.600382442249548731e+00	3.244662150978441795e-02	2.991338277291732695e+01	2.560171178213231258e+00	1.038540067491510593e-01	4.056525892992506738e-02	1.084024233690561459e+03	4.754522936049804116e+01	1.103624379661422364e-02	3.764095656966220862e-03	1.166049283920272094e-02	-6.878634398328502186e+01	1.103624379661418027e-02	3.764095656966372216e-03	1.166049283920272614e-02	-6.878634398328500765e+01
2.209188660801564941e+12	1.601725242765181578e+00	2.692589131486244902e-02	2.493400573195274816e+01	2.564798749688080193e+00	8.625575960593390157e-02	3.363061511801811176e-02	2.723310594939719067e+03	5.381231792141879566e+01	2.367165575264354102e-02	-5.205482908584878332e-03	2.423725104840132941e-02	-6.933149675625369923e+01	2.367165575264350980e-02	-5.205482908585082162e-03	2.423725104840134328e-02	-6.933149675625371344e+01
2.218963831867058594e+12	1.605322716982837461e+00	2.509566724101237531e-02	2.334200360104867045e+01	2.576431233146887934e+00	8.057328943967835555e-02	3.127321560267884437e-02	2.737055357732580887e+03	5.384656893242917874e+01	1.467204660206954635e-02	-2.686591406185334652e-02	3.061121183279403787e-02	-7.018597429756488282e+01	1.467204660206967819e-02	-2.686591406185324937e-02	3.061121183279401706e-02	-7.018597429756488282e+01
2.228739002932552246e+12	1.609711992215744125e+00	2.381130771651101402e-02	2.224495962773903912e+01	2.590605719508009663e+00	7.665869516321413557e-02	2.959103138928166968e-02	7.514572763305930039e+02	4.505231388500035195e+01	-1.620173610525343921e-02	-3.208598534635756505e-02	3.594449482842880517e-02	-7.115343242763150045e+01	-1.620173610525345309e-02	-3.208598534635757893e-02	3.594449482842882598e-02	-7.115343242763150045e+01
2.238514173998045898e+12	1.603391774352384891e+00	2.412572312326696430e-02	2.263754617074166120e+01	2.570283131544668365e+00	7.736597201229876430e-02	3.010017498181376608e-02	3.248960876475636724e+03	5.501303190042493441e+01	1.252860681584013793e-03	-3.393704708908092116e-02	3.396016526776562960e-02	-7.064893426545735622e+01	1.252860681584191819e-03	-3.393704708908090728e-02	3.396016526776562267e-02	-7.064893426545735622e+01
2.248289345063539551e+12	1.602248139210162847e+00	2.629195956428521594e-02	2.477788991424688803e+01	2.566507832464699490e+00	8.425248657612965930e-02	3.282767561056663952e-02	3.361525539808972553e+03	5.524475408798178222e+01	-4.140930407169597649e-03	-2.444974741044034228e-02	2.479793243541396700e-02	-7.085360759201184067e+01	-4.140930407169336573e-03	-2.444974741044039085e-02	2.479793243541397046e-02	-7.085360759201182645e+01
2.258064516129033203e+12	1.605358060546491883e+00	2.707764164660534170e-02	2.562927633281326223e+01	2.576441303884451806e+00	8.693862055593454263e-02	3.374368374892097733e-02	3.110610078641982000e+03	5.471697215839034811e+01	-1.795457108093337015e-02	-1.248932762994875260e-02	2.187121229718394511e-02	-7.164885939265290915e+01	-1.795457108093338403e-02	-1.248932762994874046e-02	2.187121229718394858e-02	-7.164885939265290915e+01
2.267839687194526855e+12	1.604467080034873927e+00	1.959964887732462691e-02	1.863158505438450874e+01	2.573930464679520469e+00	6.289398280781967332e-02	2.443499685437329483e-02	5.640871125011607319e+02	4.310105585168852116e+01	-5.711589879168157968e-02	-2.192967513053751399e-02	6.118117803795976306e-02	-7.189003657359249644e+01	-5.711589879168169764e-02	-2.192967513053717399e-02	6.118117803795973531e-02	-7.189003657359249644e+01
2.277614858260020508e+12	1.606264580463262925e+00	2.472388644177141506e-02	2.360403166586995027e+01	2.579474631890036562e+00	7.942620616562663660e-02	3.079162135718673324e-02	2.417547023343997807e+03	5.300206605004866844e+01	-2.854272593590308563e-02	7.256143512804776562e-03	2.945061667487615734e-02	-7.250557788562223038e+01	-2.854272593590314808e-02	7.256143512804514618e-03	2.945061667487615387e-02	-7.250557788562221617e+01
2.287390029325514160e+12	1.603444592577107475e+00	2.404131320767662061e-02	2.305088325738558552e+01	2.570456576724016617e+00	7.709782732260334059e-02	2.999382600769806215e-02	3.336155131437668388e+03	5.519321199188324556e+01	-3.121025081080465099e-02	6.873221188697864296e-03	3.195811204032706493e-02	-7.247339421981290286e+01	-3.121025081080460936e-02	6.873221188698067259e-03	3.195811204032706493e-02	-7.247339421981290286e+01
2.297165200391007812e+12	1.602985706150270362e+00	2.648065529768840048e-02	2.549823490159235817e+01	2.568861949017085866e+00	8.489622386337387916e-02	3.304818458456181690e-02	3.531598444312791344e+03	5.558054131049019020e+01	-1.941229813564441381e-02	1.098358925304427497e-02	2.230418238328258501e-02	-7.277152811285213829e+01	-1.941229813564441034e-02	1.098358925304428711e-02	2.230418238328259195e-02	-7.277152811285213829e+01
2.306940371456501465e+12	1.605602551014397195e+00	2.717491439285521851e-02	2.627808511500680666e+01	2.577221075851680698e+00	8.726422374553240158e-02	3.385981302232469320e-02	3.569631171633722715e+03	5.565341739748026129e+01	-6.271050333198233129e-03	1.886619141128891355e-02	1.988112800242725769e-02	-7.350652046196758249e+01	-6.271050333198397927e-03	1.886619141128884763e-02	1.988112800242724382e-02	-7.350652046196756828e+01
2.316715542521995117e+12	1.605944250358936509e+00	2.501995927237676484e-02	2.429676604190692046e+01	2.578430936898935322e+00	8.036131947537644704e-02	3.116675274305642784e-02	3.500047894638271828e+03	5.551948791758506729e+01	2.467916044973394486e-03	2.648604666110802516e-02	2.660077587852333059e-02	-7.392033706363021395e+01	2.467916044973116063e-03	2.648604666110804598e-02	2.660077587852333059e-02	-7.392033706363019974e+01
2.326490713587488770e+12	1.604305490392349709e+00	2.413003975384710523e-02	2.353144093847117446e+01	2.573213847684515443e+00	7.742391052096514459e-02	3.008840893291258797e-02	3.232871922327788525e+03	5.497925748345349461e+01	6.587316035457739354e-03	2.903711446371671015e-02	2.977493491059190686e-02	-7.405051003671320586e+01	6.587316035457429705e-03	2.903711446371678648e-02	2.977493491059191380e-02	-7.405051003671319165e+01
2.336265884652982422e+12	1.603063722591827833e+00	2.577210822900832810e-02	2.523837417817231099e+01	2.569149097127401138e+00	8.262866351326714209e-02	3.216187943535675497e-02	3.226300795269557057e+03	5.496541480612031449e+01	9.195397520977187725e-03	2.126968063918917295e-02	2.317228193471441641e-02	-7.423548527209042902e+01	9.195397520976722819e-03	2.126968063918940541e-02	2.317228193471444764e-02	-7.423548527209040060e+01
2.346041055718476074e+12	1.605666912119663170e+00	2.843864980945407309e-02	2.796621824477254492e+01	2.577357475872909198e+00	9.132599804879713845e-02	3.543396634099679754e-02	2.313435933144227874e+03	5.270258268090287856e+01	1.414092046875704313e-02	6.377028081825442118e-03	1.551232151742936750e-02	-7.497456944248484945e+01	1.414092046875705527e-02	6.377028081825416965e-03	1.551232151742937097e-02	-7.497456944248484945e+01
2.355816226783969727e+12	1.607202501880307777e+00	2.663734886287246265e-02	2.630398623255174684e+01	2.582390333695878226e+00	8.562322747173438386e-02	3.315657836636636685e-02	2.613849311681930885e+03	5.353321254469579316e+01	1.953444293325102415e-02	-3.237859211289191488e-03	1.980096444581857032e-02	-7.556248159958985866e+01	1.953444293325093742e-02	-3.237859211289677210e-03	1.980096444581856338e-02	-7.556248159958988708e+01
2.365591397849463379e+12	1.605300371741113397e+00	2.366983082358271873e-02	2.347059217731129976e+01	2.576429022620939868e+00	7.599437644029320704e-02	2.949601008724313245e-02	2.417155992116307971e+03	5.300096552832470564e+01	2.908065723187470974e-02	-7.523384856722685997e-03	3.003807491734700186e-02	-7.565138072807231140e+01	2.908065723187476873e-02	-7.523384856722518596e-03	3.003807491734701920e-02	-7.565138072807229719e+01
2.375366568914957031e+12	1.603703617525027658e+00	2.386180107138298825e-02	2.375871903936075569e+01	2.571295907312489692e+00	7.653451339767895767e-02	2.976495749867722959e-02	1.887015206661100819e+03	5.131647177589557884e+01	2.670185837705586068e-02	-1.078904824428371378e-02	2.879918059261113439e-02	-7.578222178668994502e+01	2.670185837705586762e-02	-1.078904824428368950e-02	2.879918059261112745e-02	-7.578222178668994502e+01
2.385141739980450684e+12	1.603884798591748817e+00	2.784010946824341109e-02	2.783391472309739356e+01	2.571671375458490783e+00	8.930465673449164421e-02	3.472630974032207135e-02	2.402399269588537209e+03	5.295930341623294169e+01	1.131794235338662476e-02	-1.105477259628955336e-02	1.582099289773740078e-02	-7.617185941389655568e+01	1.131794235338691099e-02	-1.105477259628926366e-02	1.582099289773740425e-02	-7.617185941389652726e+01
2.394916911045944336e+12	1.611376689539115059e+00	2.224808286169825677e-02	2.233429278562348941e+01	2.596039858399016520e+00	7.170008422055051955e-02	2.761902286999865994e-02	6.311353238107399193e+02	4.386515834157312810e+01	-2.210202404103116594e-02	-2.773810042085220889e-02	3.546690967179972481e-02	-7.764181342699649235e+01	-2.210202404103121451e-02	-2.773810042085219502e-02	3.546690967179974563e-02	-7.764181342699650656e+01
2.404692082111437988e+12	1.607678040585494683e+00	2.797914357563422924e-02	2.820220410604153116e+01	2.583845849705589170e+00	8.996290944187174121e-02	3.481744448962478811e-02	1.664547203174810875e+03	5.046302966550509694e+01	-7.078603860088919508e-03	-1.320100898520901525e-02	1.497909445980079648e-02	-7.746121962702397923e+01	-7.078603860088730423e-03	-1.320100898520910719e-02	1.497909445980078781e-02	-7.746121962702397923e+01
2.414467253176931641e+12	1.606883970245307047e+00	2.347246250288023695e-02	2.375577124405365126e+01	2.581525137335371589e+00	7.543504747612458927e-02	2.922111676742687389e-02	2.378813668586592030e+03	5.289218072467723175e+01	-1.943353284931441036e-02	-2.125285863716331811e-02	2.879837146882840287e-02	-7.770973211326544572e+01	-1.943353284931459424e-02	-2.125285863716317239e-02	2.879837146882841675e-02	-7.770973211326545993e+01
2.424242424242425293e+12	1.604088503065866034e+00	2.409411875207253390e-02	2.448365519750007735e+01	2.572519399109652216e+00	7.729819776340648985e-02	3.004766369892462527e-02	2.420404232544055958e+03	5.301010200661797711e+01	-1.644995862691825406e-02	-1.998825734722344677e-02	2.588689959431515752e-02	-7.765761760540324588e+01	-1.644995862691836855e-02	-1.998825734722335309e-02	2.588689959431516099e-02	-7.765761760540326009e+01
2.434017595307918945e+12	1.602855550088333692e+00	2.782846094655643324e-02	2.839239725222064692e+01	2.568371491210320823e+00	8.921000615720885152e-02	3.473407428111946471e-02	2.172747868104131612e+03	5.227572843569104322e+01	-1.111269029808147069e-02	-9.432767427771611424e-03	1.457631596143220062e-02	-7.783600282721783969e+01	-1.111269029808152446e-02	-9.432767427771569790e-03	1.457631596143221450e-02	-7.783600282721783969e+01
2.443792766373412598e+12	1.607983528037416621e+00	2.700418268541810232e-02	2.766206346681688544e+01	2.584881800557149667e+00	8.684456189253103586e-02	3.359711143225675711e-02	2.327184120476805219e+03	5.274289406205977571e+01	-1.472988392426759913e-02	6.781644042150287467e-03	1.621604687760952110e-02	-7.897128547944038246e+01	-1.472988392426760086e-02	6.781644042150302212e-03	1.621604687760952804e-02	-7.897128547944038246e+01
2.453567937438906250e+12	1.607016045168751628e+00	2.400948483162091557e-02	2.469278587538271807e+01	2.581924114067935427e+00	7.716725472130114838e-02	2.988749913324165522e-02	2.088443969863135862e+03	5.200649423849326070e+01	-1.994816615921822522e-02	1.522203175672259649e-02	2.509262010867837830e-02	-7.919163575551702650e+01	-1.994816615921806563e-02	1.522203175672284629e-02	2.509262010867839912e-02	-7.919163575551704071e+01
2.463343108504399902e+12	1.601690373501590603e+00	2.368254988339708531e-02	2.445358451343211570e+01	2.564851189398685172e+00	7.586422433641665242e-02	2.957841166379816117e-02	1.289524569816417170e+03	4.872625695747436936e+01	-2.544355774304416298e-02	5.401371173855700099e-03	2.601056403043543880e-02	-7.874899922900272031e+01	-2.544355774304426707e-02	5.401371173855285500e-03	2.601056403043545268e-02	-7.874899922900270610e+01
2.473118279569893555e+12	1.605610673100929420e+00	2.102098530458086645e-02	2.179149957771788237e+01	2.577543751752444212e+00	6.750303672826565848e-02	2.618890045314306234e-02	9.355635907474605801e+02	4.654317868182606333e+01	-1.502460395046517107e-02	3.538705993542217570e-02	3.844454102654230876e-02	-7.970909862968119342e+01	-1.502460395046452749e-02	3.538705993542245326e-02	3.844454102654231570e-02	-7.970909862968120763e+01
2.482893450635387207e+12	1.603329431926302284e+00	2.687490620271119901e-02	2.797011172749589036e+01	2.569943006697714249e+00	8.617865619013120870e-02	3.353329469390363415e-02	2.148782850747843440e+03	5.220027108130996396e+01	-5.847277773550567034e-03	1.436408583538627444e-02	1.550863047620269775e-02	-7.972402102310694261e+01	-5.847277773550599994e-03	1.436408583538625709e-02	1.550863047620269081e-02	-7.972402102310694261e+01
2.492668621700880859e+12	1.608179886236394518e+00	2.767528422839081112e-02	2.891650479706461851e+01	2.585476625138180662e+00	8.901367088394683547e-02	3.442834099464717190e-02	2.196809057399181256e+03	5.235065590367670296e+01	8.907743832561633435e-03	1.012432067978256793e-02	1.348516849778350936e-02	-8.083217519690370523e+01	8.907743832561522412e-03	1.012432067978267722e-02	1.348516849778351977e-02	-8.083217519690369102e+01
2.502443792766374512e+12	1.607948748122671745e+00	2.365741948722965143e-02	2.481537619808494100e+01	2.584939503092472446e+00	7.607983609660763646e-02	2.943196001515320168e-02	2.196359372256582901e+03	5.234926310718118003e+01	2.140849741341655996e-02	1.220097283485626315e-02	2.464117488305222689e-02	-8.116340642007881456e+01	2.140849741341674037e-02	1.220097283485592488e-02	2.464117488305221648e-02	-8.116340642007882877e+01
