freq_roi_Hz	n_opt	k_opt	alpha_cm	eps_r	eps_i	loss_tan	DR	alpha_max	H_meas_real	H_meas_imag	H_meas_mag	H_meas_phase	H_model_real	H_model_imag	H_model_mag	H_model_phase
3.030303030303031616e+11	1.668438674507354058e+00	6.106000470225063197e-03	7.755897387609596016e-01	2.783650327350114306e+00	2.037497466216716888e-02	7.319516557800939856e-03	1.279853650365473368e+04	6.478121798622403560e+01	8.245228578725731783e-01	1.435138248289855312e-01	8.369194471819855208e-01	1.723303645408980622e-01	8.245228578725333213e-01	1.435138248292217866e-01	8.369194471819867420e-01	1.723303645411843332e-01
3.128054740957968140e+11	1.673327245261510887e+00	7.394470762990821774e-03	9.695508731859440177e-01	2.799969391536611951e+00	2.474673878400442811e-02	8.838217610094485990e-03	1.556644782113134170e+04	6.612236254608595232e+01	7.714610792336760170e-01	-2.564114193577108902e-01	8.129569562710093900e-01	-3.208843550689362001e-01	7.714610792337580625e-01	-2.564114193574710265e-01	8.129569562710116104e-01	-3.208843550686243939e-01
3.225806451612904663e+11	1.671325149039001090e+00	9.891013271125563555e-03	1.337421350086873462e+00	2.793229921666709803e+00	3.306219845902134274e-02	1.183654743297796706e-02	1.408947927574106143e+04	6.543948794191628338e+01	5.974402128001834456e-01	-4.868448312679994339e-01	7.706832667205739673e-01	-6.837512528002612777e-01	5.974402128003502011e-01	-4.868448312677982059e-01	7.706832667205760767e-01	-6.837512527999222156e-01
3.323558162267841187e+11	1.668806909682533979e+00	6.513345814112627384e-03	9.073954166681612588e-01	2.784874078130475272e+00	2.173903299948592299e-02	7.806109859760566871e-03	1.528311087841508925e+04	6.599653138005878361e+01	4.193789813484015694e-01	-7.057182303810889401e-01	8.209244488313396371e-01	-1.034609292421403426e+00	4.193789813486307194e-01	-7.057182303809556023e-01	8.209244488313420796e-01	-1.034609292421080573e+00
3.421309872922777710e+11	1.671561108482727764e+00	6.809673632068273183e-03	9.765800985356937192e-01	2.794070167737030097e+00	2.276557120965129119e-02	8.147816569721137020e-03	1.697695422426422374e+04	6.671652614630730227e+01	6.371447197086564651e-02	-8.098362042116150628e-01	8.123387295890815984e-01	-1.492282306040100925e+00	6.371447197114549210e-02	-8.098362042115950787e-01	8.123387295890834858e-01	-1.492282306039755424e+00
3.519061583577714233e+11	1.670772063237363714e+00	1.053223920255163572e-02	1.553591162651416280e+00	2.791368359231817475e+00	3.519394204591328595e-02	1.260813247005444782e-02	1.551383450296923183e+04	6.609917082851916348e+01	-2.247165784651306286e-01	-7.121935135065593503e-01	7.468046205788319014e-01	-1.876436885309960001e+00	-2.247165784648661180e-01	-7.121935135066453926e-01	7.468046205788343439e-01	-1.876436885309587632e+00
3.616813294232650757e+11	1.668926987630407588e+00	8.343476609841006530e-03	1.264917800556610628e+00	2.785247676439167819e+00	2.784930656965343282e-02	9.998861790725089085e-03	1.657058486472296863e+04	6.655056619790647687e+01	-4.816286619558015070e-01	-6.124785342289723600e-01	7.791637330552585450e-01	-2.237164724005368477e+00	-4.816286619555762427e-01	-6.124785342291513279e-01	7.791637330552600993e-01	-2.237164724004998995e+00
3.714565004887587280e+11	1.670987633722902155e+00	7.123787708572006973e-03	1.109195484350237626e+00	2.792148923703547059e+00	2.380752233258206715e-02	8.526594742304584307e-03	1.809716804992860853e+04	6.715423326836769036e+01	-7.149638578345204332e-01	-3.518068036662770348e-01	7.968320683277642091e-01	-2.684315296075351576e+00	-7.149638578343963102e-01	-3.518068036665321641e-01	7.968320683277654304e-01	-2.684315296074995416e+00
3.812316715542523804e+11	1.670810285925421690e+00	1.036435778133149542e-02	1.656229557785850126e+00	2.791499591641970035e+00	3.463375117611969256e-02	1.240686234732636846e-02	1.694992026120763694e+04	6.670560953826762329e+01	-7.343460715851224396e-01	-4.451144895007572155e-02	7.356938370953891582e-01	-3.081053000027631050e+00	-7.343460715851076737e-01	-4.451144895035671206e-02	7.356938370953913786e-01	-3.081053000027248689e+00
3.910068426197460327e+11	1.668372395953226395e+00	9.583306302571965515e-03	1.570684246966462805e+00	2.783374611819020572e+00	3.197704739435128923e-02	1.148858916028313963e-02	1.891221067573757318e+04	6.745599246453619457e+01	-7.156714080805288702e-01	2.077368157451064401e-01	7.452114793532660375e-01	-3.424097663743791209e+00	-7.156714080806073630e-01	2.077368157448415964e-01	7.452114793532674808e-01	-3.424097663743419506e+00
4.007820136852396851e+11	1.670520205762705768e+00	7.862106880926301306e-03	1.320797771859432812e+00	2.790575945136865688e+00	2.626761680890677894e-02	9.412973280545664650e-03	1.848886689685875535e+04	6.730091475534840129e+01	-5.730527538682139710e-01	5.182623341168539621e-01	7.726482418799601737e-01	-3.876827070136474429e+00	-5.730527538684023758e-01	5.182623341166474606e-01	7.726482418799613949e-01	-3.876827070136112052e+00
4.105571847507333374e+11	1.671178890584962939e+00	1.036736267401923081e-02	1.784148951997375221e+00	2.792731402127972995e+00	3.465143530371882913e-02	1.240772215950145842e-02	1.931576505809455193e+04	6.760062255606476356e+01	-2.933048379518713444e-01	6.597863106644069608e-01	7.220427298339917588e-01	-4.294080517210773884e+00	-2.933048379521144278e-01	6.597863106643006015e-01	7.220427298339934241e-01	-4.294080517210405290e+00
4.203323558162269897e+11	1.668330193530585204e+00	1.002316006164697716e-02	1.765983529101452065e+00	2.783225170908178558e+00	3.344388113087106568e-02	1.201623263559310935e-02	1.982128061659120067e+04	6.777758960261203924e+01	-6.513223110413433881e-02	7.213352280608446021e-01	7.242697831403662745e-01	-4.622339192594752788e+00	-6.513223110439936292e-02	7.213352280608227307e-01	7.242697831403681619e-01	-4.622339192594385082e+00
4.301075268817206421e+11	1.669198641874961808e+00	8.535237626471701977e-03	1.538798734676594782e+00	2.786151255755876743e+00	2.849401410837327370e-02	1.022701622875205746e-02	1.960626097196259070e+04	6.770287516905429470e+01	2.445606943506792308e-01	7.075199204855772139e-01	7.485949312580226778e-01	-5.045191400482624822e+00	2.445606943504301800e-01	7.075199204856653656e-01	7.485949312580246762e-01	-5.045191400482271327e+00
4.398826979472142944e+11	1.670707764872168655e+00	1.092996823735164179e-02	2.015324297977429069e+00	2.791144971398487939e+00	3.652156560789911882e-02	1.308479709300093725e-02	2.050386443676075578e+04	6.800951232298639582e+01	4.876727695675540653e-01	4.995626746765173265e-01	6.981315034487732829e-01	-5.485744089255867095e+00	4.876727695673717666e-01	4.995626746766976822e-01	6.981315034487750593e-01	-5.485744089255499389e+00
4.496578690127079468e+11	1.668874374993934540e+00	1.125025334759495108e-02	2.120477465915147963e+00	2.785015111311010205e+00	3.755051904798188678e-02	1.348305755881714502e-02	2.018435537627851227e+04	6.790192894473386787e+01	6.201967693152377059e-01	2.970995062797278652e-01	6.876860833990435795e-01	-5.836445273469714756e+00	6.201967693151321237e-01	2.970995062799509645e-01	6.876860833990448008e-01	-5.836445273469355044e+00
4.594330400782015991e+11	1.668956617456006875e+00	9.106981595788305947e-03	1.753823335287018503e+00	2.785333253836410172e+00	3.039831439868191654e-02	1.091370820953379769e-02	2.138914650504156089e+04	6.829906428532230223e+01	7.247854894193392905e-01	3.191704911343257178e-02	7.254879073402537015e-01	-6.239177194177666586e+00	7.247854894193302977e-01	3.191704911368100500e-02	7.254879073402555889e-01	-6.239177194177322860e+00
4.692082111436951904e+11	1.670153872559430708e+00	1.052828429260635988e-02	2.070677041581337807e+00	2.789303113255117150e+00	3.516770956540627574e-02	1.260806306718151998e-02	2.132114746241722241e+04	6.827725244217131717e+01	6.404854801834313216e-01	-2.634994403717003109e-01	6.925702891418313856e-01	-6.673485435633205398e+00	6.404854801835193623e-01	-2.634994403714892020e-01	6.925702891418323848e-01	-6.673485435632874108e+00
4.789833822091888428e+11	1.668413946905848988e+00	1.198513432037441248e-02	2.406315192641583334e+00	2.783461454785275624e+00	3.999233051130524769e-02	1.436784060456492741e-02	2.253705032762526025e+04	6.865716282581971086e+01	4.871365054384944049e-01	-4.447533767870817112e-01	6.596268195687166047e-01	-7.023133957260372817e+00	4.871365054386475602e-01	-4.447533767869157884e-01	6.596268195687177149e-01	-7.023133957260029980e+00
4.887585532746824951e+11	1.668402369732279178e+00	1.036373576604412115e-02	2.123243794143321317e+00	2.783459060309256383e+00	3.458176262269437723e-02	1.242402416324821755e-02	2.247679393445467213e+04	6.863882368231359976e+01	2.872852330437423718e-01	-6.245508913760600134e-01	6.874566321184402140e-01	-7.422853699343407996e+00	2.872852330439472635e-01	-6.245508913759668657e-01	6.874566321184412132e-01	-7.422853699343079370e+00
4.985337243401761475e+11	1.670041797873581757e+00	1.068646130861331499e-02	2.233148589506863235e+00	2.788925406189525003e+00	3.569367411348609714e-02	1.279836098673357153e-02	2.409128154689965959e+04	6.911398631700394901e+01	-1.261384818902620657e-02	-6.762307459573971835e-01	6.763483798636865663e-01	-7.872632642690414961e+00	-1.261384818881643340e-02	-6.762307459574021795e-01	6.763483798636876765e-01	-7.872632642690103211e+00
5.083088954056697998e+11	1.668581151378511818e+00	1.203397871710694400e-02	2.564047757972817809e+00	2.784018242091876427e+00	4.015934012690962340e-02	1.442495581377167997e-02	2.398322250128005544e+04	6.908319212539187504e+01	-2.353855590089714289e-01	-6.000805568964205916e-01	6.445952498700903144e-01	-8.227794894445160878e+00	-2.353855590087845229e-01	-6.000805568964944214e-01	6.445952498700908695e-01	-8.227794894444848239e+00
5.180840664711634521e+11	1.667515455055250895e+00	1.101314771685043582e-02	2.391667826733362201e+00	2.780486503425487310e+00	3.672918805330910308e-02	1.320962644776721429e-02	2.521052120597845351e+04	6.942505527650769181e+01	-4.458412075084962067e-01	-4.881752208914210689e-01	6.611273921151821220e-01	-8.594086097544625602e+00	-4.458412075083532100e-01	-4.881752208915529634e-01	6.611273921151830102e-01	-8.594086097544330727e+00
5.278592375366571045e+11	1.669398328948228816e+00	1.140038283164120092e-02	2.522474140226953043e+00	2.786760811966430662e+00	3.806356009702379500e-02	1.365871083502314884e-02	2.521343408741411622e+04	6.942584669767296646e+01	-6.044056386199865294e-01	-2.348773210999644534e-01	6.484393047639305241e-01	-9.054130030795255024e+00	-6.044056386199210262e-01	-2.348773211001362604e-01	6.484393047639317453e-01	-9.054130030794969031e+00
5.376344086021507568e+11	1.668873150831996055e+00	1.273641352061835944e-02	2.870274072549042543e+00	2.784975377338545943e+00	4.251091712490719793e-02	1.526437808779933930e-02	2.657689042292060913e+04	6.978660366522289848e+01	-6.163404651826061009e-01	7.572328009036529903e-03	6.163869800482386641e-01	-9.437063292450005747e+00	-6.163404651826086544e-01	7.572328008869835987e-03	6.163869800482392192e-01	-9.437063292449735741e+00
5.474095796676444092e+11	1.667600143429402104e+00	1.140003546053153238e-02	2.615819401606157335e+00	2.780760277557261073e+00	3.802140153816530727e-02	1.367302382913961056e-02	2.492081978354668536e+04	6.934588395363448399e+01	-5.965497110567515859e-01	2.313399086958415618e-01	6.398356907185579479e-01	-9.794720042079029909e+00	-5.965497110568140915e-01	2.313399086956823836e-01	6.398356907185586140e-01	-9.794720042078763456e+00
5.571847507331380615e+11	1.668406090183861101e+00	1.080097097110193846e-02	2.522616208789113745e+00	2.783462220788679442e+00	3.604081149617113095e-02	1.294819495913946891e-02	1.827662228737384066e+04	6.722182451301851813e+01	-4.532947116634502560e-01	4.637940188063340297e-01	6.485221565240316677e-01	-1.022162414235787509e+01	-4.532947116635677731e-01	4.637940188062193991e-01	6.485221565240317787e-01	-1.022162414235762107e+01
5.669599217986317139e+11	1.668133636696534694e+00	1.290652967449258497e-02	3.067262925121219119e+00	2.782503251370167519e+00	4.305963256608611595e-02	1.547514186906433220e-02	2.484837157827257033e+04	6.932594101673592490e+01	-2.243420861484627105e-01	5.553810219643093848e-01	5.989803428957956033e-01	-1.061167369506621228e+01	-2.243420861485258821e-01	5.553810219642839607e-01	5.989803428957957143e-01	-1.061167369506609859e+01
5.767350928641253662e+11	1.667365581045955780e+00	1.282122065259477459e-02	3.099523357429143644e+00	2.779943597157695123e+00	4.275532404626419120e-02	1.537992500638452747e-02	2.571315086977635656e+04	6.956028254273468292e+01	-6.760093594046259237e-03	5.961964128237366989e-01	5.962347369361262750e-01	-1.098423607122390422e+01	-6.760093594101616865e-03	5.961964128237364768e-01	5.962347369361267191e-01	-1.098423607122381185e+01
5.865102639296190186e+11	1.668590949653318667e+00	1.192984497772266173e-02	2.932915684365433595e+00	2.784053436063771425e+00	3.981206272119026252e-02	1.430003541077087652e-02	2.569359717596566043e+04	6.955507143008901494e+01	2.557175532070516955e-01	5.546952942127859609e-01	6.108013887017698096e-01	-1.142754256375385324e+01	2.557175532069526080e-01	5.546952942128324793e-01	6.108013887017705867e-01	-1.142754256375367561e+01
5.962854349951126709e+11	1.668580305637076489e+00	1.285641950923911356e-02	3.213389701939860288e+00	2.783994948837321903e+00	4.290393678824934443e-02	1.541092479573904703e-02	2.560722083395115260e+04	6.953200434648319117e+01	4.331895327634699977e-01	3.950860232495355118e-01	5.862986756449019010e-01	-1.182694346102467620e+01	4.331895327634493476e-01	3.950860232495581603e-01	5.862986756449020120e-01	-1.182694346102462291e+01
6.060606060606063232e+11	1.667009908250677297e+00	1.277201977540251034e-02	3.244627159581308984e+00	2.778758909716788406e+00	4.258216702793914815e-02	1.532416751918903690e-02	2.602323056587280735e+04	6.964239409109028145e+01	5.382009579859777793e-01	2.261096772719569381e-01	5.837686676527378271e-01	-1.216863953010589761e+01	5.382009579859680093e-01	2.261096772719801418e-01	5.837686676527379381e-01	-1.216863953010585320e+01
6.158357771260999756e+11	1.667434967979173122e+00	1.247553939372596059e-02	3.220426626536985637e+00	2.780183733356541786e+00	4.160430125900071996e-02	1.496458696590223514e-02	2.618575090691312653e+04	6.968504081439694176e+01	5.857093819451522076e-01	-1.014187695936989708e-02	5.857971814261581089e-01	-1.258368442876568949e+01	5.857093819451527628e-01	-1.014187695933917860e-02	5.857971814261582200e-01	-1.258368442876563620e+01
6.256109481915936279e+11	1.668118480201653986e+00	1.371158560017678857e-02	3.595681210331326039e+00	2.782431256410604625e+00	4.574509866504357369e-02	1.644069321017322186e-02	2.658214982774219970e+04	6.978795910813721548e+01	5.010973728310595954e-01	-2.374582047297994492e-01	5.545132785170155953e-01	-1.300890177149816473e+01	5.010973728310614828e-01	-2.374582047297956744e-01	5.545132785170157064e-01	-1.300890177149815763e+01
6.353861192570872803e+11	1.667359241062664310e+00	1.368390389057672421e-02	3.644491144174939912e+00	2.779899589531377391e+00	4.563196721153289087e-02	1.641496958500767919e-02	2.656069399662512296e+04	6.978242787026070459e+01	3.786015869443244419e-01	-3.998299569042278456e-01	5.506388617549596853e-01	-1.337903271641163094e+01	3.786015869443269954e-01	-3.998299569042259027e-01	5.506388617549600184e-01	-1.337903271641162561e+01
6.451612903225809326e+11	1.667353444975724353e+00	1.266302906524226571e-02	3.424483410221609070e+00	2.779907158167308712e+00	4.222749027151883466e-02	1.519025200084663137e-02	2.598541017384030420e+04	6.963243149872685933e+01	1.997844819132586491e-01	-5.323577777775577724e-01	5.686111525230654884e-01	-1.377814874750639262e+01	1.997844819132672534e-01	-5.323577777775546638e-01	5.686111525230655994e-01	-1.377814874750637664e+01
6.549364613880745850e+11	1.667671107066844183e+00	1.350407399805396945e-02	3.707260801070447975e+00	2.780944561331008646e+00	4.504070806849449354e-02	1.619619056589075706e-02	2.638343842092431441e+04	6.973656032974805896e+01	-2.877985460788282449e-02	-5.448309305861173124e-01	5.455905268189554791e-01	-1.418994135135289625e+01	-2.877985460788213060e-02	-5.448309305861172014e-01	5.455905268189553681e-01	-1.418994135135289447e+01
6.647116324535682373e+11	1.666799984136707380e+00	1.422045224709900246e-02	3.962195025483707056e+00	2.778019965856016071e+00	4.740529915976284675e-02	1.706441988985325092e-02	2.566930211155080178e+04	6.954859120161198405e+01	-2.127438513612946447e-01	-4.807596307866620067e-01	5.257278467859242133e-01	-1.455377980752460587e+01	-2.127438513612941728e-01	-4.807596307866623953e-01	5.257278467859243243e-01	-1.455377980752460587e+01
6.744868035190618896e+11	1.666959135527579239e+00	1.357121063505246743e-02	3.836906438596165980e+00	2.778568581760753275e+00	4.524530709653950405e-02	1.628367476460414534e-02	2.514800391855467024e+04	6.940804743859077064e+01	-3.922485733134880026e-01	-3.644371065819170807e-01	5.354188527874848003e-01	-1.495930288655699769e+01	-3.922485733134868924e-01	-3.644371065819183020e-01	5.354188527874848003e-01	-1.495930288655699592e+01
6.842619745845555420e+11	1.667584951992550302e+00	1.385731386347172946e-02	3.974574309846624409e+00	2.780647546964485350e+00	4.621649614752641050e-02	1.662076741727983378e-02	2.487563180745775389e+04	6.933345179983574269e+01	-4.974908585297275199e-01	-1.668243013711123435e-01	5.247165919318780292e-01	-1.538441554125933841e+01	-4.974908585297277419e-01	-1.668243013711110390e-01	5.247165919318778071e-01	-1.538441554125934019e+01
6.940371456500491943e+11	1.666776870654718801e+00	1.434966694057573412e-02	4.174588738433998358e+00	2.777939223608231867e+00	4.783538591630059206e-02	1.721973811009723521e-02	2.387875387386153670e+04	6.905328892220671833e+01	-5.092424921045288766e-01	2.108800789827421432e-02	5.096789380011194082e-01	-1.574935016412286259e+01	-5.092424921045289876e-01	2.108800789827411371e-02	5.096789380011195192e-01	-1.574935016412286259e+01
7.038123167155428467e+11	1.666414149568202552e+00	1.401351977693946448e-02	4.134216867733024436e+00	2.776739739144576724e+00	4.670465528309152708e-02	1.681996141902723438e-02	2.324333912735600825e+04	6.886854047212843000e+01	-4.671792197360674637e-01	2.112457375555113204e-01	5.127194018062636305e-01	-1.613262262935774416e+01	-4.671792197360676302e-01	2.112457375555115979e-01	5.127194018062638525e-01	-1.613262262935774416e+01
7.135874877810364990e+11	1.667151911656609586e+00	1.433128582612811820e-02	4.286684743207398895e+00	2.779190110786857293e+00	4.778486112305353056e-02	1.719380798657363374e-02	2.303199372477524594e+04	6.880597020128908525e+01	-3.288423571752400187e-01	3.784740832729719950e-01	5.013780286190098190e-01	-1.656341566150704026e+01	-3.288423571752402963e-01	3.784740832729719395e-01	5.013780286190100410e-01	-1.656341566150704026e+01
7.233626588465301514e+11	1.666890962662024522e+00	1.492518293346897958e-02	4.525482709891219812e+00	2.778302720318733154e+00	4.975730509575385097e-02	1.790924535755613473e-02	2.291366238936382797e+04	6.877068618371791331e+01	-1.559530285735186150e-01	4.584186189600249484e-01	4.842199679179590710e-01	-1.695084375013981060e+01	-1.559530285735174493e-01	4.584186189600255590e-01	4.842199679179591820e-01	-1.695084375013981415e+01
7.331378299120238037e+11	1.666313322438015332e+00	1.436684587997056478e-02	4.415056073120726232e+00	2.776393682273878394e+00	4.787933338241733006e-02	1.724515283553157766e-02	2.304293987666098838e+04	6.880922495792857774e+01	2.221993559895586723e-02	4.916296102213570940e-01	4.921314856666105242e-01	-1.732392535353378804e+01	2.221993559895789686e-02	4.916296102213568164e-01	4.921314856666102466e-01	-1.732392535353379159e+01
7.429130009775174561e+11	1.666564092298091992e+00	1.448375782627251383e-02	4.510330581017340634e+00	2.777226094496593412e+00	4.827622142961447704e-02	1.738289206099553896e-02	2.267028798737955367e+04	6.869754047935266783e+01	2.133277395843786450e-01	4.359159240276242464e-01	4.853157913122526090e-01	-1.773387369385455870e+01	2.133277395843758972e-01	4.359159240276253566e-01	4.853157913122524980e-01	-1.773387369385455514e+01
7.526881720430111084e+11	1.666306636817761255e+00	1.528180291625250153e-02	4.821463096329496878e+00	2.776344274402547274e+00	5.092833924378512706e-02	1.834366858366100889e-02	1.807683024678073343e+04	6.714653081047438832e+01	3.459263756686876135e-01	3.089181625003557530e-01	4.637838812484433859e-01	-1.812061220847876797e+01	3.459263756686890567e-01	3.089181625003540321e-01	4.637838812484432194e-01	-1.812061220847877507e+01
7.624633431085047607e+11	1.666069952985852476e+00	1.522726107995019118e-02	4.866647874731246937e+00	2.775557218762283895e+00	5.073936430315183210e-02	1.828078483129894072e-02	2.303466206337415861e+04	6.880676375442963888e+01	4.341571328235289129e-01	1.542695177734338396e-01	4.607510174656103130e-01	-1.850813973781788491e+01	4.341571328235298566e-01	1.542695177734313694e-01	4.607510174656103685e-01	-1.850813973781789201e+01
7.722385141739984131e+11	1.666592375626281042e+00	1.495315890062701158e-02	4.840314345849849431e+00	2.777306549534543922e+00	4.984164123062648222e-02	1.794603524734407485e-02	2.359784393257172997e+04	6.897222747577421842e+01	4.609454196035599471e-01	-3.775805257920504532e-02	4.624892975930102179e-01	-1.893128780916964615e+01	4.609454196035603357e-01	-3.775805257920145791e-02	4.624892975930103289e-01	-1.893128780916963905e+01
7.820136852394920654e+11	1.666450955521950439e+00	1.538859447436306642e-02	5.044318142549678363e+00	2.776821978320125339e+00	5.128867593188427693e-02	1.847027873314083593e-02	2.326885056316939517e+04	6.887605479620484061e+01	3.995093002866386134e-01	-2.047660303963226569e-01	4.489285112574020187e-01	-1.932318816980195919e+01	3.995093002866379472e-01	-2.047660303963237394e-01	4.489285112574019077e-01	-1.932318816980196274e+01
7.917888563049857178e+11	1.665679303657245702e+00	1.541970900286128432e-02	5.117698824322227225e+00	2.774249775206353963e+00	5.136858030896669647e-02	1.851620599127409145e-02	2.333270825822702682e+04	6.889482784581586827e+01	2.981712335796985469e-01	-3.292482540784831824e-01	4.441964625570182790e-01	-1.968444512561359616e+01	2.981712335796980473e-01	-3.292482540784837930e-01	4.441964625570183900e-01	-1.968444512561359971e+01
8.015640273704793701e+11	1.665892990872030133e+00	1.539780791456241485e-02	5.173521727213521437e+00	2.774962364547983729e+00	5.130220055932679935e-02	1.848753021473264688e-02	2.268959198222176565e+04	6.870337086234225410e+01	1.416133875737027037e-01	-4.171976427718650515e-01	4.405771495147024486e-01	-2.009311618672573729e+01	1.416133875737003722e-01	-4.171976427718658842e-01	4.405771495147024486e-01	-2.009311618672574440e+01
8.113391984359730225e+11	1.666100626630121706e+00	1.595996377081564457e-02	5.427796053619225347e+00	2.775636577613718625e+00	5.318181127909996780e-02	1.916022137336929193e-02	2.292351331053508693e+04	6.877363047492255532e+01	-3.447573647776865091e-02	-4.231074576466831161e-01	4.245097138133876458e-01	-2.050165485718229874e+01	-3.447573647777106565e-02	-4.231074576466830051e-01	4.245097138133877568e-01	-2.050165485718230585e+01
8.211143695014666748e+11	1.665704230838029654e+00	1.600674282164878115e-02	5.509291866812763061e+00	2.774314368815953724e+00	5.332499847991327424e-02	1.922096467484028792e-02	2.170736830956444101e+04	6.840022629262922749e+01	-1.861739363250345947e-01	-3.759406569958901323e-01	4.195141381994885177e-01	-2.088016984116319108e+01	-1.861739363250329571e-01	-3.759406569958911315e-01	4.195141381994887397e-01	-2.088016984116318753e+01
8.308895405669603271e+11	1.665712116009958832e+00	1.568084658040302601e-02	5.461374508054132271e+00	2.774350964472896308e+00	5.223955227654130534e-02	1.882946784509161378e-02	2.209982521007459945e+04	6.852296454038544482e+01	-3.197345653998315829e-01	-2.761174788120980828e-01	4.224583463691641283e-01	-2.127882128622258406e+01	-3.197345653998286408e-01	-2.761174788121013579e-01	4.224583463691639618e-01	-2.127882128622257341e+01
8.406647116324539795e+11	1.665808531105107848e+00	1.618037543600590530e-02	5.701650245814574802e+00	2.774656257753306932e+00	5.390681487556433366e-02	1.942828583718464799e-02	2.063664277296930959e+04	6.805372846537065357e+01	-3.885433800174591945e-01	-1.241339552526317253e-01	4.078911582788404822e-01	-2.168191245780033682e+01	-3.885433800174588059e-01	-1.241339552526332657e-01	4.078911582788405932e-01	-2.168191245780032972e+01
8.504398826979476318e+11	1.665466996020834145e+00	1.639070811940356379e-02	5.842927486986127406e+00	2.773511659522005957e+00	5.459636682855469741e-02	1.968492421552104493e-02	2.112748942251762855e+04	6.821475006177713851e+01	-3.985723251006483836e-01	2.843569697991202641e-02	3.995853941260494868e-01	-2.206237177999740240e+01	-3.985723251006482726e-01	2.843569697991279316e-02	3.995853941260494868e-01	-2.206237177999740595e+01
8.602150537634412842e+11	1.665407389392023152e+00	1.614553578128415448e-02	5.821684437668330325e+00	2.773321094315889024e+00	5.377778919168788724e-02	1.939111533168991555e-02	2.020277151496699662e+04	6.790817602965348954e+01	-3.580577175408118928e-01	1.801647112748898105e-01	4.008299543189109970e-01	-2.245733077128229382e+01	-3.580577175408129476e-01	1.801647112748881452e-01	4.008299543189111080e-01	-2.245733077128229027e+01
8.699902248289349365e+11	1.665520050214121417e+00	1.640269461410013424e-02	5.981618809318542951e+00	2.773687989274645993e+00	5.463803351464591174e-02	1.969869492384197091e-02	2.089225668756014784e+04	6.813805442946251389e+01	-2.524473754757053379e-01	2.993325318902982923e-01	3.915732907546532471e-01	-2.286131387972165641e+01	-2.524473754757068367e-01	2.993325318902969601e-01	3.915732907546531916e-01	-2.286131387972165285e+01
8.797653958944285889e+11	1.665110926062306707e+00	1.685721977857860404e-02	6.216443429362946915e+00	2.772310230233409278e+00	5.613828167268970770e-02	2.024963911342752415e-02	2.045619513234821352e+04	6.799356821626111014e+01	-1.206948166672878048e-01	3.586361296434176227e-01	3.784007297244026957e-01	-2.323731259792359083e+01	-1.206948166672920097e-01	3.586361296434164014e-01	3.784007297244029178e-01	-2.323731259792358017e+01
8.895405669599222412e+11	1.665117986622041801e+00	1.681922828409516263e-02	6.271349216771008095e+00	2.772335022932169935e+00	5.601199907389807497e-02	2.020390703525318590e-02	2.044448859997155887e+04	6.798964701191073345e+01	2.760466670898403113e-02	3.743630226981405351e-01	3.753793952627162978e-01	-2.363554938871404687e+01	2.760466670898285499e-02	3.743630226981407572e-01	3.753793952627164643e-01	-2.363554938871404687e+01
8.993157380254158936e+11	1.665431380373914916e+00	1.688357336655867472e-02	6.364521004420992334e+00	2.773376627684539741e+00	5.623686579502416155e-02	2.027739948251301022e-02	2.018303097475684990e+04	6.790147946428963621e+01	1.738409011306498442e-01	3.269474276222519293e-01	3.702908037404170627e-01	-2.405063678299291041e+01	1.738409011306476515e-01	3.269474276222531506e-01	3.702908037404171182e-01	-2.405063678299290331e+01
9.090909090909095459e+11	1.665178231017298005e+00	1.702980964485765678e-02	6.489425776174486238e+00	2.772528526637357604e+00	5.671533659797078908e-02	2.045617783661097394e-02	1.979383643055041102e+04	6.776809861859138095e+01	2.785354229749593680e-01	2.337372102157514175e-01	3.636138958995955850e-01	-2.443457110175218006e+01	2.785354229749585353e-01	2.337372102157526388e-01	3.636138958995956405e-01	-2.443457110175217650e+01
9.188660801564031982e+11	1.664664108237328355e+00	1.690480152032056843e-02	6.511056396214740083e+00	2.770820820939138063e+00	5.628163269550694181e-02	2.031225991597353578e-02	1.897729906422757267e+04	6.747952705914548233e+01	3.430331733608609213e-01	1.171799575891351169e-01	3.624953799520953535e-01	-2.480356967149177549e+01	3.430331733608611988e-01	1.171799575891338818e-01	3.624953799520951869e-01	-2.480356967149177905e+01
9.286412512218968506e+11	1.664766887512607374e+00	1.719676197706365359e-02	6.693970788690321250e+00	2.771153061135918527e+00	5.725719982370282291e-02	2.066186838493598923e-02	1.926511822699767072e+04	6.758263790061759835e+01	3.519672996004977739e-01	-2.616562268443060890e-02	3.529385496067701800e-01	-2.520694579166930893e+01	3.519672996004981069e-01	-2.616562268442610903e-02	3.529385496067701244e-01	-2.520694579166929472e+01
9.384164222873903809e+11	1.664818716740678273e+00	1.773469654629069095e-02	6.976032933230177591e+00	2.771306840148489492e+00	5.905010949196201619e-02	2.130767644942486647e-02	1.805997308506847548e+04	6.714013999153048928e+01	3.012421352285257758e-01	-1.548218186064557467e-01	3.386984197684596576e-01	-2.560748231426535426e+01	3.012421352285258314e-01	-1.548218186064559410e-01	3.386984197684598241e-01	-2.560748231426535426e+01
9.481915933528840332e+11	1.664790684826800815e+00	1.762935380410656297e-02	7.006831203957936793e+00	2.771217230170537782e+00	5.869836798518505983e-02	2.118143873606502525e-02	1.804214834579506714e+04	6.713337585663319373e+01	2.172159955740321224e-01	-2.578911112773153991e-01	3.371803879365860013e-01	-2.600354365936234657e+01	2.172159955740327331e-01	-2.578911112773148440e-01	3.371803879365859458e-01	-2.600354365936234657e+01
9.579667644183776855e+11	1.664842582961407302e+00	1.739733198448845108e-02	6.985898221355286708e+00	2.771398158881431595e+00	5.792763823538571444e-02	2.090195450615655454e-02	1.701065994338795645e+04	6.673011255960963695e+01	9.970919657421771498e-02	-3.231776900195841851e-01	3.382096143043104020e-01	-2.640427586680392835e+01	9.970919657421556392e-02	-3.231776900195846292e-01	3.382096143043102354e-01	-2.640427586680393546e+01
9.677419354838713379e+11	1.664562751668510643e+00	1.769699611225751534e-02	7.178740878459327845e+00	2.770455970570846471e+00	5.891552108977261143e-02	2.126564064385155772e-02	1.645588961259806820e+04	6.650298813766231376e+01	-2.687162425695981474e-02	-3.277352114451952958e-01	3.288349935928871481e-01	-2.678534643267310855e+01	-2.687162425695868023e-02	-3.277352114451954068e-01	3.288349935928870926e-01	-2.678534643267310500e+01
9.775171065493649902e+11	1.664209965704765537e+00	1.791577163776459855e-02	7.340895562352311998e+00	2.769273835077680435e+00	5.963121140571726875e-02	2.153315813350923508e-02	1.563070410857685420e+04	6.615058033999558518e+01	-1.420578012339148433e-01	-2.880327163808045765e-01	3.211592511467161182e-01	-2.716173056441301270e+01	-1.420578012339162588e-01	-2.880327163808037993e-01	3.211592511467160072e-01	-2.716173056441301625e+01
9.872922776148586426e+11	1.664381174289523813e+00	1.795666490590678774e-02	7.431227882979122512e+00	2.769842251514831322e+00	5.977347004483324344e-02	2.158009901543780570e-02	1.395668109600307798e+04	6.537461796904815969e+01	-2.413965925273697799e-01	-2.053802153505351891e-01	3.169437611647485942e-01	-2.756937557354687840e+01	-2.413965925273698909e-01	-2.053802153505353001e-01	3.169437611647487607e-01	-2.756937557354687840e+01
9.970674486803522949e+11	1.664535456104973443e+00	1.830498595893826838e-02	7.650381617383175126e+00	2.770343212119635190e+00	6.093859630431289198e-02	2.199676777870701594e-02	1.512878970255235436e+04	6.592701175025416660e+01	-2.934114395415424181e-01	-9.018035306805131934e-02	3.069572754200796116e-01	-2.797614660255055341e+01	-2.934114395415428067e-01	-9.018035306805011198e-02	3.069572754200796116e-01	-2.797614660255055696e+01
1.006842619745845947e+12	1.664194113116985507e+00	1.835267361592172672e-02	7.745511324839989165e+00	2.769205225504377310e+00	6.108482278314871644e-02	2.205861169860491577e-02	1.587351514042674717e+04	6.625617210620930564e+01	-3.018123348306028797e-01	2.367366956070003289e-02	3.027393732013878291e-01	-2.835261198398469418e+01	-3.018123348306029907e-01	2.367366956070114659e-02	3.027393732013879957e-01	-2.835261198398469773e+01
1.016617790811339600e+12	1.664185963397708301e+00	1.833701487004252631e-02	7.814037729451790426e+00	2.769178674655614181e+00	6.103240551467965097e-02	2.203989438213837040e-02	1.560278991068486539e+04	6.613833625150600426e+01	-2.665345491352305585e-01	1.370954994011379102e-01	2.997262781918996755e-01	-2.874940572440294773e+01	-2.665345491352310581e-01	1.370954994011371886e-01	2.997262781918997865e-01	-2.874940572440294417e+01
1.026392961876833252e+12	1.664220738775103126e+00	1.867001724661573880e-02	8.032441024706789889e+00	2.769282097825160882e+00	6.214205979021352605e-02	2.243977232908717437e-02	1.571681512607740478e+04	6.618821416813177905e+01	-1.862052495201236557e-01	2.227395259662940108e-01	2.903192921191095621e-01	-2.914883342288902668e+01	-1.862052495201214630e-01	2.227395259662959814e-01	2.903192921191096731e-01	-2.914883342288903378e+01
1.036168132942326904e+12	1.664076182459902409e+00	1.871461038567022450e-02	8.128308581709976721e+00	2.768799304388434912e+00	6.228507481362109688e-02	2.249533749697992663e-02	1.562882173406689981e+04	6.614975535621732661e+01	-8.683218303459136478e-02	2.728049722465069049e-01	2.862907279200117006e-01	-2.953697557203845037e+01	-8.683218303458987986e-02	2.728049722465072935e-01	2.862907279200116450e-01	-2.953697557203845747e+01
1.045943304007820557e+12	1.663923321245064590e+00	1.854958695175556310e-02	8.132640006870685667e+00	2.768296731807125877e+00	6.173018065697846030e-02	2.229897537634320179e-02	1.561448049081281169e+04	6.614346678962236581e+01	2.266936630404500427e-02	2.852167642105505330e-01	2.861162399364351461e-01	-2.992444465756111427e+01	2.266936630404324526e-02	2.852167642105504219e-01	2.861162399364349240e-01	-2.992444465756110716e+01
1.055718475073314209e+12	1.663895488388672517e+00	1.888001736107080761e-02	8.354869527391304729e+00	2.768191741224625080e+00	6.282875141557105192e-02	2.269667612973086043e-02	1.547300944243540289e+04	6.608112106546487041e+01	1.265778265602219010e-01	2.463703078714499506e-01	2.769842500529274831e-01	-3.031973352894195983e+01	1.265778265602194308e-01	2.463703078714512273e-01	2.769842500529274831e-01	-3.031973352894194917e+01
1.065493646138807861e+12	1.663821008596991780e+00	1.932738376711145081e-02	8.632033069532514702e+00	2.767926800885429639e+00	6.431461430587299966e-02	2.323566298259746588e-02	1.519736580424162275e+04	6.595799150229993302e+01	2.027645222448723472e-01	1.721760549725100120e-01	2.660038446847866611e-01	-3.071193027133479347e+01	2.027645222448730133e-01	1.721760549725090128e-01	2.660038446847865501e-01	-3.071193027133479703e+01
1.075268817204301514e+12	1.663964379541112315e+00	1.940129118369433511e-02	8.744537536942114997e+00	2.768401046282044309e+00	6.456611489354478761e-02	2.332252943635349310e-02	1.464846312558465615e+04	6.570600200595093554e+01	2.501708437398101337e-01	7.670183847175815472e-02	2.616650971804153070e-01	-3.111842772943497337e+01	2.501708437398096896e-01	7.670183847175936209e-02	2.616650971804152515e-01	-3.111842772943496982e+01
1.085043988269795166e+12	1.664120122801866497e+00	1.927335313530533292e-02	8.765844957906287149e+00	2.768924320973021214e+00	6.414634957265609450e-02	2.316652321870414297e-02	1.380762866433658201e+04	6.530106874110497017e+01	2.592691416386845860e-01	-2.864093418508468700e-02	2.608462974953921765e-01	-3.152594840837949874e+01	2.592691416386847525e-01	-2.864093418508327146e-02	2.608462974953922320e-01	-3.152594840837949519e+01
1.094819159335288818e+12	1.663396661084544537e+00	1.935327965058940974e-02	8.881495951480314233e+00	2.766513902673977121e+00	6.438436150365177413e-02	2.327274099053722178e-02	9.266860278826203285e+03	6.256944140967130608e+01	2.299806861370645716e-01	-1.135992994021080976e-01	2.565071476990939958e-01	-3.187472362837682383e+01	2.299806861370651268e-01	-1.135992994021070152e-01	2.565071476990939958e-01	-3.187472362837682027e+01
1.104594330400782471e+12	1.663748556712116189e+00	1.903716491978387285e-02	8.814430201759241967e+00	2.767696846313466352e+00	6.334611131836188902e-02	2.288766249914184897e-02	7.728770759101102158e+03	6.132619862881519879e+01	1.651426170461805232e-01	-1.995438637795968750e-01	2.590170603202648913e-01	-3.229537740449086414e+01	1.651426170461820497e-01	-1.995438637795956816e-01	2.590170603202650024e-01	-3.229537740449085703e+01
1.114369501466276123e+12	1.663847479475883961e+00	1.970914534377818383e-02	9.206322216515122392e+00	2.767999984548069836e+00	6.558602360573836942e-02	2.369437282220453883e-02	8.965335788702082937e+03	6.234284920268466124e+01	6.940048367931404838e-02	-2.345595556626500211e-01	2.446111450600371995e-01	-3.269905406855170327e+01	6.940048367931497819e-02	-2.345595556626496603e-01	2.446111450600370885e-01	-3.269905406855170327e+01
1.124144672531769775e+12	1.664072202029644787e+00	2.035355931010940020e-02	9.590731545054698159e+00	2.768722026191200669e+00	6.773958452062946167e-02	2.446601135102594374e-02	1.289860261685509795e+04	6.483456697748033548e+01	-2.878199031548402467e-02	-2.294564747746127564e-01	2.312545713764662392e-01	-3.311150664570351410e+01	-2.878199031548476713e-02	-2.294564747746126177e-01	2.312545713764662114e-01	-3.311150664570351410e+01
1.133919843597263428e+12	1.664313138978505080e+00	2.052028470782373340e-02	9.753374467751982024e+00	2.769517142491994655e+00	6.830435890962147094e-02	2.466291248450682219e-02	1.348604849537163864e+04	6.513964438310084404e+01	-1.158508409967020369e-01	-1.938386556858163745e-01	2.258203750721524405e-01	-3.352542467390976810e+01	-1.158508409967010377e-01	-1.938386556858169019e-01	2.258203750721523573e-01	-3.352542467390976100e+01
1.143695014662757080e+12	1.664365108748326216e+00	2.074093112815198967e-02	9.943233507141476579e+00	2.769681028994765093e+00	6.904096418529645507e-02	2.492740624733756974e-02	1.326249205550419902e+04	6.502514082886997926e+01	-1.773346146470297646e-01	-1.296019930764095440e-01	2.196457196518708521e-01	-3.392639821627337682e+01	-1.773346146470311246e-01	-1.296019930764075456e-01	2.196457196518707689e-01	-3.392639821627339103e+01
1.153470185728250732e+12	1.664080395629977671e+00	2.148230340375039196e-02	1.038667112523773461e+01	2.768702073760492155e+00	7.149655989431233372e-02	2.582313227988616497e-02	1.049463707669240466e+04	6.342171901952480795e+01	-1.992843195582510996e-01	-5.172009970102140614e-02	2.058863976441346333e-01	-3.430359217214359546e+01	-1.992843195582510996e-01	-5.172009970102121879e-02	2.058863976441346055e-01	-3.430359217214359546e+01
1.163245356793744385e+12	1.663315349771352425e+00	2.195983706485146736e-02	1.070753745500183740e+01	2.766135718341081517e+00	7.305226813689065513e-02	2.640950248843967202e-02	4.720678879291269368e+03	5.794915846556376238e+01	-1.957136380503690376e-01	1.742042235533765651e-02	1.964874022270873266e-01	-3.464629498555115816e+01	-1.957136380503691209e-01	1.742042235533736161e-02	1.964874022270874099e-01	-3.464629498555115816e+01
1.173020527859238037e+12	1.664350206377403607e+00	2.230234939192393337e-02	1.096592796501839651e+01	2.769564214680106495e+00	7.423783962629912359e-02	2.680488115523756848e-02	1.020599529754687137e+04	6.323067850032555270e+01	-1.603099084819238629e-01	1.004564990376213413e-01	1.891844997783339033e-01	-3.511729650458585894e+01	-1.603099084819236964e-01	1.004564990376216049e-01	1.891844997783339033e-01	-3.511729650458586605e+01
1.182795698924731689e+12	1.664262990895051031e+00	2.402465241466578139e-02	1.191121354497557583e+01	2.769194118939295457e+00	7.996667976569137026e-02	2.887723876732830458e-02	1.235170775773987043e+04	6.453779232438446911e+01	-9.578195888935994717e-02	1.341094173939889056e-01	1.648014547339864133e-01	-3.550811778737197244e+01	-9.578195888936090474e-02	1.341094173939881562e-01	1.648014547339863578e-01	-3.550811778737196533e+01
1.192570869990225342e+12	1.662644222583784970e+00	2.521586831862004247e-02	1.260512874868389765e+01	2.763749970876177020e+00	8.385003555477422987e-02	3.033922621017403135e-02	1.242291196480159124e+04	6.457716741939273675e+01	-4.984018472402422517e-02	1.403757809233634191e-01	1.489610817736262971e-01	-3.578715040839377082e+01	-4.984018472402354516e-02	1.403757809233636134e-01	1.489610817736262693e-01	-3.578715040839377082e+01
1.202346041055718994e+12	1.660769689480054323e+00	2.549022609630565914e-02	1.284672200801741049e+01	2.757506209869235114e+00	8.466678975747585212e-02	3.070411571674787690e-02	1.190633761283486820e+04	6.428623563955439124e+01	-1.188895625007961934e-02	1.433471943505221224e-01	1.438393736390793376e-01	-3.604556671950823699e+01	-1.188895625007981190e-02	1.433471943505221780e-01	1.438393736390793931e-01	-3.604556671950822988e+01
1.212121212121212646e+12	1.659303516259003963e+00	2.462757196565406453e-02	1.251286645017524535e+01	2.752681641768571108e+00	8.172923351906291600e-02	2.969076855053702502e-02	7.600873071822502425e+03	6.121189435591223571e+01	3.058492878963264133e-02	1.479275809193305868e-01	1.510563042898640518e-01	-3.633219879981753309e+01	3.058492878963278358e-02	1.479275809193306424e-01	1.510563042898641350e-01	-3.633219879981753309e+01
1.221896383186706299e+12	1.658531145695405717e+00	2.332678975281014810e-02	1.194754061132469936e+01	2.750181422121543040e+00	7.737641466824812797e-02	2.813502194650070384e-02	1.117527424574879842e+04	6.385216947074869864e+01	8.445310437404202064e-02	1.406652704652581187e-01	1.640702445706626322e-01	-3.666901693827214359e+01	8.445310437404095205e-02	1.406652704652587293e-01	1.640702445706626322e-01	-3.666901693827213649e+01
1.231671554252199951e+12	1.658330630563654706e+00	2.206399779648724954e-02	1.139116854977753235e+01	2.749573660266884989e+00	7.317880675720757344e-02	2.661460131608350474e-02	7.376307259197203166e+03	6.100646245151549607e+01	1.415496523921862260e-01	1.078542420499374460e-01	1.779574151883400734e-01	-3.704800433442769503e+01	1.415496523921875027e-01	1.078542420499356697e-01	1.779574151883400179e-01	-3.704800433442770924e+01
1.241446725317693604e+12	1.658573410411223970e+00	2.185588592571646380e-02	1.137327822904222785e+01	2.750388077973520584e+00	7.249918251474844755e-02	2.635961924622857999e-02	1.079578640832966266e+04	6.361551659148637583e+01	1.733514608562482517e-01	4.220939350185293898e-02	1.784162601356435729e-01	-3.746026930923358833e+01	1.733514608562481130e-01	4.220939350185336225e-02	1.784162601356435451e-01	-3.746026930923358833e+01
1.251221896383187256e+12	1.658971634339297729e+00	2.190732715263496791e-02	1.148981115798820518e+01	2.751706952559428210e+00	7.268726866082501903e-02	2.641533779358912551e-02	1.050658307660408173e+04	6.342951193180865488e+01	1.723847698445777343e-01	-3.236274263748547403e-02	1.753962827011683046e-01	-3.788468729465652274e+01	1.723847698445775678e-01	-3.236274263748568220e-02	1.753962827011681658e-01	-3.788468729465652274e+01
1.260997067448680908e+12	1.659465272430036054e+00	2.157080667705284227e-02	1.140170038195942936e+01	2.753359690700595053e+00	7.159200915774227569e-02	2.600169146063354211e-02	1.063097906474600495e+04	6.351013851438076330e+01	1.448060143407239320e-01	-1.029177792559947541e-01	1.776537392689261918e-01	-3.831700199318157729e+01	1.448060143407239042e-01	-1.029177792559947263e-01	1.776537392689261641e-01	-3.831700199318157729e+01
1.270772238514174561e+12	1.659593496459824902e+00	2.129031933677043645e-02	1.134067893197489063e+01	2.753797295794285116e+00	7.066655101771414371e-02	2.566149335887542293e-02	1.042243294949424489e+04	6.337442734862022320e+01	9.344542275696754441e-02	-1.529538564063522010e-01	1.792398650518443881e-01	-3.872148434324018496e+01	9.344542275696623990e-02	-1.529538564063530615e-01	1.792398650518444991e-01	-3.872148434324019206e+01
1.280547409579668213e+12	1.659276389853494793e+00	2.136559354469537431e-02	1.146831954289688582e+01	2.752741649337729690e+00	7.090284984783855327e-02	2.575717552894829857e-02	1.043930296231200919e+04	6.338550599818891129e+01	3.127959752394615656e-02	-1.731363965323862442e-01	1.759392651612474712e-01	-3.909117167712724239e+01	3.127959752394556675e-02	-1.731363965323863829e-01	1.759392651612474989e-01	-3.909117167712724950e+01
1.290322580645161865e+12	1.659090655974429396e+00	2.164693352495182868e-02	1.170803041775207376e+01	2.752113215010628888e+00	7.182845028349439664e-02	2.609938061113412089e-02	1.048109993955685786e+04	6.341287740817286789e+01	-3.390473557030450336e-02	-1.664762317448098550e-01	1.698936927317901135e-01	-3.947082154474853155e+01	-3.390473557030355967e-02	-1.664762317448100215e-01	1.698936927317900580e-01	-3.947082154474852445e+01
1.300097751710655518e+12	1.659411858734136214e+00	2.196551570691039276e-02	1.197034238046459897e+01	2.753165233027210501e+00	7.289967449451607850e-02	2.647849595803594344e-02	1.032954065723146959e+04	6.331310130667441882e+01	-9.508944289129112049e-02	-1.330084802279210832e-01	1.635030824232907021e-01	-3.989057265502826510e+01	-9.508944289129094007e-02	-1.330084802279213052e-01	1.635030824232907576e-01	-3.989057265502826510e+01
1.309872922776149170e+12	1.659767285084199351e+00	2.187323509835425658e-02	1.200967753648456693e+01	2.754349002222105991e+00	7.260896007040773537e-02	2.636156856368947199e-02	1.015425399471576384e+04	6.319586265333138186e+01	-1.404865884617558791e-01	-8.178442902553388627e-02	1.625582183977646589e-01	-4.031351254564008713e+01	-1.404865884617552962e-01	-8.178442902553485772e-02	1.625582183977646311e-01	-4.031351254564008002e+01
1.319648093841642822e+12	1.659505328564341520e+00	2.174013025389036347e-02	1.202567430858579556e+01	2.753485302269986779e+00	7.215572400002781550e-02	2.620523303340035332e-02	9.910295774466570947e+03	6.302928022015863263e+01	-1.602740395311875454e-01	-2.482582167745795224e-02	1.621853543622407690e-01	-4.068702967255691760e+01	-1.602740395311875454e-01	-2.482582167745847959e-02	1.621853543622408245e-01	-4.068702967255691760e+01
1.329423264907136475e+12	1.659177310973159791e+00	2.176501635858663422e-02	1.212862123469470177e+01	2.752395633311035983e+00	7.222404263025321292e-02	2.624042915784247434e-02	9.292082833491151177e+03	6.258806047433609621e+01	-1.561249622447655472e-01	3.395175630758951596e-02	1.597739828391951111e-01	-4.105483580234619012e+01	-1.561249622447656860e-01	3.395175630758882207e-02	1.597739828391951111e-01	-4.105483580234619012e+01
1.339198435972630127e+12	1.659079572615602016e+00	2.229036887047247326e-02	1.251270915532075989e+01	2.752048167725987149e+00	7.396299131813517669e-02	2.687561656279100625e-02	9.472367474150878479e+03	6.271969142176548218e+01	-1.246495480409742784e-01	8.533974301082007663e-02	1.510641637317466923e-01	-4.144104541247662610e+01	-1.246495480409742368e-01	8.533974301082022929e-02	1.510641637317467478e-01	-4.144104541247663320e+01
1.348973607038123779e+12	1.659195236719004818e+00	2.246165680437774148e-02	1.270089720539086642e+01	2.752424307524636404e+00	7.453654795728113791e-02	2.708032615229836668e-02	9.253321785845189879e+03	6.255942650289043172e+01	-7.889922452515274465e-02	1.239940053892664429e-01	1.469680271458520537e-01	-4.184480634498136453e+01	-7.889922452515317486e-02	1.239940053892661237e-01	1.469680271458519982e-01	-4.184480634498135743e+01
1.358748778103617432e+12	1.659209480625757571e+00	2.221618623740199278e-02	1.265312606687204955e+01	2.752482541667461202e+00	7.372261365688972945e-02	2.678404405509085540e-02	9.235020780363311133e+03	6.254586527934722540e+01	-2.520829459081395940e-02	1.458334896903301925e-01	1.479961649213820118e-01	-4.224033553090784210e+01	-2.520829459081383103e-02	1.458334896903301925e-01	1.479961649213820118e-01	-4.224033553090784210e+01
1.368523949169111084e+12	1.659015566524863594e+00	2.218498893545043510e-02	1.272625964249926334e+01	2.751840476237747968e+00	7.361048397418826217e-02	2.674954620728117044e-02	9.167250756935691243e+03	6.249541193886376789e+01	3.008291841901551689e-02	1.433052454876054260e-01	1.464287381795936760e-01	-4.261841827543721450e+01	3.008291841901441360e-02	1.433052454876056758e-01	1.464287381795937315e-01	-4.261841827543720740e+01
1.378299120234604736e+12	1.658592949301892050e+00	2.251166420811535548e-02	1.300589495731403211e+01	2.750423796448529412e+00	7.467537506526378266e-02	2.715049773845324213e-02	9.053425326172025962e+03	6.240982603805069573e+01	7.531958017875720057e-02	1.187005861438941157e-01	1.405804691598668277e-01	-4.297692682586909285e+01	7.531958017875609035e-02	1.187005861438948512e-01	1.405804691598668554e-01	-4.297692682586908575e+01
1.388074291300098389e+12	1.658562628396597072e+00	2.281468641962389188e-02	1.327444509934301031e+01	2.750309482397402583e+00	7.567917254835110352e-02	2.751660241609708846e-02	9.099127871973167203e+03	6.244431859209820601e+01	1.104831060856202030e-01	7.788550444652413141e-02	1.351764348295069196e-01	-4.336825410487844579e+01	1.104831060856206609e-01	7.788550444652342364e-02	1.351764348295068918e-01	-4.336825410487845289e+01
1.397849462365592041e+12	1.658772104656270674e+00	2.277836815267766934e-02	1.334664695726105776e+01	2.751006041130094726e+00	7.556824336250500540e-02	2.746931203810155236e-02	8.994320462923215018e+03	6.236495939611049977e+01	1.310302058006697357e-01	2.686002778078333889e-02	1.337549099081985771e-01	-4.378010708155722597e+01	1.310302058006698744e-01	2.686002778078247499e-02	1.337549099081985493e-01	-4.378010708155723307e+01
1.407624633431085693e+12	1.658444645713988974e+00	2.247652179478499060e-02	1.326188095654342369e+01	2.749933448865407026e+00	7.455213444966989067e-02	2.711052315845290800e-02	7.268822444801643542e+03	6.090591213363033063e+01	1.336162828303378014e-01	-2.207113836879648697e-02	1.354269034804066740e-01	-4.414600191314147537e+01	1.336162828303379402e-01	-2.207113836879584512e-02	1.354269034804067018e-01	-4.414600191314147537e+01
1.417399804496579346e+12	1.658552970667826587e+00	2.228361230590896955e-02	1.323936402493427700e+01	2.750301397133672499e+00	7.391710277435091514e-02	2.687600088171657534e-02	4.615290284896814228e+03	5.779449974491543429e+01	1.146098681841886124e-01	-7.297524330598390008e-02	1.358705561214961499e-01	-4.454928523876014168e+01	1.146098681841890565e-01	-7.297524330598319231e-02	1.358705561214961499e-01	-4.454928523876013458e+01
1.427174975562072998e+12	1.658032873533706875e+00	2.268732396025625528e-02	1.357218140291729824e+01	2.748558295049963629e+00	7.523265787722759057e-02	2.737167991405472373e-02	8.710362555134230206e+03	6.214521145418481751e+01	7.888522422218972874e-02	-1.026210180025742130e-01	1.294370578175733089e-01	-4.489772865145302916e+01	7.888522422219042263e-02	-1.026210180025737134e-01	1.294370578175733089e-01	-4.489772865145302205e+01
1.436950146627566650e+12	1.658020889722326974e+00	2.308211223683299951e-02	1.390293238332625592e+01	2.748500486850303126e+00	7.654124853516891536e-02	2.784836637336121634e-02	9.230852663386429413e+03	6.254277290677349299e+01	3.204859573265986250e-02	-1.190993834509930099e-01	1.233360272866048241e-01	-4.529022888839367056e+01	3.204859573266018863e-02	-1.190993834509929128e-01	1.233360272866048241e-01	-4.529022888839367056e+01
1.446725317693060303e+12	1.658245340801591805e+00	2.308556125880471821e-02	1.399960171886123206e+01	2.749244667151553134e+00	7.656304879440531397e-02	2.784875777306899947e-02	8.982761028470016754e+03	6.235615014031370151e+01	-1.824562881446448875e-02	-1.202270276911757974e-01	1.216036231297816517e-01	-4.570370404754472560e+01	-1.824562881446490509e-02	-1.202270276911757002e-01	1.216036231297816378e-01	-4.570370404754472560e+01
1.456500488758553955e+12	1.658106906391155544e+00	2.284396648362849169e-02	1.394669521410603075e+01	2.748796666217343088e+00	7.575547719174496875e-02	2.755950562759999431e-02	8.819177701644979606e+03	6.223025594101131475e+01	-6.216907493566101173e-02	-1.056089560806175304e-01	1.225489513737006014e-01	-4.608514220261088923e+01	-6.216907493566101173e-02	-1.056089560806174749e-01	1.225489513737005598e-01	-4.608514220261088923e+01
1.466275659824047607e+12	1.657731853919239162e+00	2.296662017172983877e-02	1.411568227506600692e+01	2.747547433856405430e+00	7.614499567108140576e-02	2.771380567730753752e-02	8.474794948773680517e+03	6.195740478214192137e+01	-9.306711791096235198e-02	-7.506903885781926467e-02	1.195694318431335113e-01	-4.644513023716645961e+01	-9.306711791096310138e-02	-7.506903885781834873e-02	1.195694318431334974e-01	-4.644513023716646671e+01
1.476050830889541260e+12	1.657491395006370549e+00	2.328487298492895249e-02	1.440669453561745073e+01	2.746735539210240162e+00	7.718895321267207899e-02	2.810206956977953641e-02	8.299870370489792549e+03	6.181453694317531244e+01	-1.092388745648959769e-01	-3.464237101219334869e-02	1.146002861495185321e-01	-4.681679703686136662e+01	-1.092388745648958936e-01	-3.464237101219357767e-02	1.146002861495185182e-01	-4.681679703686135952e+01
1.485826001955034912e+12	1.657617461706166084e+00	2.325058556369863708e-02	1.448074848424867156e+01	2.747155059624137863e+00	7.708115325056032197e-02	2.805853749700843586e-02	7.890003410070955397e+03	6.146762918136430898e+01	-1.128256814265929386e-01	1.105409458844567629e-02	1.133659005016294241e-01	-4.722155309286641511e+01	-1.128256814265928831e-01	1.105409458844627997e-02	1.133659005016294380e-01	-4.722155309286642222e+01
1.495601173020528564e+12	1.657638469840180706e+00	2.310447321445216126e-02	1.448441732397421156e+01	2.747231480011578242e+00	7.659772725133584537e-02	2.788178856010088344e-02	7.867703719338543124e+03	6.144824141101088344e+01	-9.981362922859114695e-02	5.362107654962358638e-02	1.133048120342788206e-01	-4.761686196660196657e+01	-9.981362922859095266e-02	5.362107654962382924e-02	1.133048120342787790e-01	-4.761686196660196657e+01
1.505376344086022217e+12	1.657163130583677146e+00	2.309905386497436777e-02	1.457566707023235075e+01	2.745656075076436498e+00	7.655780083280382120e-02	2.788324492923700479e-02	7.592895990145308133e+03	6.120470151724850894e+01	-7.441758841978812766e-02	8.345215100939788744e-02	1.118134114241772642e-01	-4.796645357168149104e+01	-7.441758841978877992e-02	8.345215100939736008e-02	1.118134114241772920e-01	-4.796645357168148394e+01
1.515151515151515869e+12	1.656966707935204397e+00	2.327551858263822437e-02	1.478238780447460776e+01	2.744996921440338244e+00	7.713351880271746008e-02	2.809967406529710263e-02	7.619422084862985685e+03	6.122859063549717007e+01	-3.754590286300186347e-02	1.017888732364891635e-01	1.084927165138380722e-01	-4.834130879914045664e+01	-3.754590286300226593e-02	1.017888732364889831e-01	1.084927165138380306e-01	-4.834130879914044954e+01
1.524926686217009521e+12	1.657216444412530798e+00	2.363798228244729654e-02	1.510944557052058812e+01	2.745807589424925421e+00	7.834650590240740953e-02	2.853313764742564790e-02	7.447161135590183221e+03	6.107194700228094320e+01	6.496040277703093828e-03	1.032264101511888021e-01	1.034306061666032950e-01	-4.875753327806033610e+01	6.496040277701418085e-03	1.032264101511888854e-01	1.034306061666032672e-01	-4.875753327806032189e+01
1.534701857282503174e+12	1.657258298846599365e+00	2.350009389066780308e-02	1.511759746431292761e+01	2.745952814683054299e+00	7.789145124796696684e-02	2.836591030678632316e-02	7.391119913674901909e+03	6.102020445207503485e+01	4.585576992652069112e-02	9.257196011463417196e-02	1.033069186212589446e-01	-4.915460898883484475e+01	4.585576992652008743e-02	9.257196011463451890e-02	1.033069186212589863e-01	-4.915460898883483765e+01
1.544477028347996826e+12	1.656958218373709490e+00	2.306108756544837657e-02	1.492967656075116345e+01	2.744978723676476218e+00	7.642251713241089706e-02	2.784084134176992992e-02	7.052749112543638148e+03	6.069920036194920954e+01	7.798188082962531631e-02	7.206982896490830848e-02	1.061849046934498081e-01	-4.951946402182194618e+01	7.798188082962484446e-02	7.206982896490875257e-02	1.061849046934497803e-01	-4.951946402182193907e+01
1.554252199413490479e+12	1.656561558377149357e+00	2.330980208842715548e-02	1.518620429029077101e+01	2.743652849819528061e+00	7.722824414613563282e-02	2.814796491152863830e-02	7.109049799825612354e+03	6.075366558951321849e+01	9.457555756960818460e-02	3.896537324904607302e-02	1.022880071271297514e-01	-4.987467204565540868e+01	9.457555756960783766e-02	3.896537324904695426e-02	1.022880071271297792e-01	-4.987467204565540158e+01
1.564027370478984131e+12	1.656383905039061410e+00	2.390369782332140564e-02	1.567106818040913296e+01	2.743036254102821925e+00	7.918740069093364864e-02	2.886852135931169266e-02	6.891173545395468864e+03	6.054044371268170011e+01	9.528974363460593344e-02	1.445510151123573402e-03	9.530070693098725843e-02	-5.025031399090341466e+01	9.528974363460593344e-02	1.445510151123594869e-03	9.530070693098725843e-02	-5.025031399090341466e+01
1.573802541544477783e+12	1.656844164936928321e+00	2.397495338083267466e-02	1.581601888143388734e+01	2.744557788495934236e+00	7.944552322733500205e-02	2.894656602252581451e-02	6.730880843709198416e+03	6.037922592896954654e+01	8.512263137015152470e-02	-3.819446975323384508e-02	9.329887400772529649e-02	-5.068725423944264463e+01	8.512263137015142755e-02	-3.819446975323403937e-02	9.329887400772528261e-02	-5.068725423944265174e+01
1.583577712609971436e+12	1.656936000371131978e+00	2.361360186596711541e-02	1.567439469643021432e+01	2.744879307132799262e+00	7.825245406030370554e-02	2.850852270879748046e-02	6.388762861710562902e+03	6.002189213454487060e+01	6.472623001941363308e-02	-6.987429912109958952e-02	9.524653552854792093e-02	-5.108910900728820792e+01	6.472623001941268939e-02	-6.987429912110040831e-02	9.524653552854787930e-02	-5.108910900728822213e+01
1.593352883675465088e+12	1.656257556225669614e+00	2.326421917163211395e-02	1.553780305824958674e+01	2.742647868660961219e+00	7.706307758541156017e-02	2.809805752534901696e-02	5.985098681789050715e+03	5.957480635710142280e+01	3.965134324355700651e-02	-8.871684084446124219e-02	9.717462050576704258e-02	-5.141597022868706546e+01	3.965134324355670120e-02	-8.871684084446138097e-02	9.717462050576705646e-02	-5.141597022868707256e+01
1.603128054740958740e+12	1.655457120483222022e+00	2.365369050940094656e-02	1.589484457244546078e+01	2.739978780683886228e+00	7.831534075898841096e-02	2.858246250339254932e-02	4.047940752659426380e+03	5.689600695043638723e+01	9.791092180411811730e-03	-9.172937273634375333e-02	9.225043798643130233e-02	-5.172994250291914398e+01	9.791092180412519497e-03	-9.172937273634369781e-02	9.225043798643131621e-02	-5.172994250291913687e+01
1.612903225806452393e+12	1.655724654703101928e+00	2.400327693791493022e-02	1.622811241317955933e+01	2.740847974887948180e+00	7.948563483954425302e-02	2.900038074632497673e-02	5.288916857123973386e+03	5.872773744549773056e+01	-2.697903232951365943e-02	-8.362181803848833805e-02	8.786624287801883537e-02	-5.214836696406059957e+01	-2.697903232951394392e-02	-8.362181803848824091e-02	8.786624287801883537e-02	-5.214836696406060668e+01
1.622678396871946045e+12	1.656565830858818700e+00	2.414918992732710545e-02	1.642571119432415117e+01	2.743627168594822141e+00	8.000944575306008499e-02	2.916192355466350541e-02	5.515085771163927348e+03	5.901457330484821284e+01	-6.050272633177728593e-02	-6.021013104343229949e-02	8.535713077327064524e-02	-5.262410083785650272e+01	-6.050272633177771614e-02	-6.021013104343186928e-02	8.535713077327064524e-02	-5.262410083785650983e+01
1.632453567937439697e+12	1.656477456104460844e+00	2.350363970553553256e-02	1.608292807010158043e+01	2.743365141502898119e+00	7.786649861724259658e-02	2.838357076104895682e-02	5.685200090793899108e+03	5.922267083491507833e+01	-8.269033919868362670e-02	-3.486060593260119356e-02	8.973825295146692360e-02	-5.300810466617326000e+01	-8.269033919868361282e-02	-3.486060593260116580e-02	8.973825295146690972e-02	-5.300810466617326000e+01
1.642228739002933350e+12	1.655694494946321038e+00	2.359484112291320573e-02	1.624201347464584089e+01	2.740767544067937767e+00	7.813169711268093398e-02	2.850723231956960729e-02	5.595666175817274961e+03	5.911393417087197122e+01	-8.737199353701854965e-02	-7.442909829567201548e-03	8.768843801416398298e-02	-5.332209382832520106e+01	-8.737199353701850801e-02	-7.442909829567563237e-03	8.768843801416398298e-02	-5.332209382832519395e+01
1.652003910068427002e+12	1.655475924518103215e+00	2.455988053688782508e-02	1.700695184426388806e+01	2.739997348927082133e+00	8.131658187571708107e-02	2.967761334059637948e-02	5.154910757816549449e+03	5.855194084686402789e+01	-7.526251900719559129e-02	2.204959722184894610e-02	7.842596193196642307e-02	-5.369206918044220345e+01	-7.526251900719552190e-02	2.204959722184915080e-02	7.842596193196640919e-02	-5.369206918044220345e+01
1.661779081133920654e+12	1.656821109454978513e+00	2.384890604721785073e-02	1.661234383786771218e+01	2.744487418415976876e+00	7.902674195287805181e-02	2.879471824960653376e-02	2.026019082789684489e+03	5.215486593631388246e+01	-5.703023025809146607e-02	6.038599296742815092e-02	8.305970930573507160e-02	-5.422104555668777692e+01	-5.703023025809204893e-02	6.038599296742766520e-02	8.305970930573512712e-02	-5.422104555668776982e+01
1.671554252199414307e+12	1.658284446121951028e+00	2.135399080697948301e-02	1.496196688505435013e+01	2.749451311326601477e+00	7.082198163569040916e-02	2.575858730210393507e-02	6.742373604899307793e+02	4.461816087827589428e+01	-2.242844376924326560e-02	1.032565058100300276e-01	1.056642847986341699e-01	-5.476398297586810315e+01	-2.242844376924376520e-02	1.032565058100299027e-01	1.056642847986341560e-01	-5.476398297586809605e+01
1.681329423264907959e+12	1.656881008671183597e+00	2.477820374774724818e-02	1.746271612150682984e+01	2.744640717514273742e+00	8.210907043725512722e-02	2.991614527660963613e-02	2.592637526884477666e+03	5.384410033000151685e+01	2.565263707911686220e-03	7.331749856954179745e-02	7.336236211018488940e-02	-5.501284559455429246e+01	2.565263707910082035e-03	7.331749856954179745e-02	7.336236211018483389e-02	-5.501284559455427114e+01
1.691104594330401611e+12	1.655491005797998127e+00	2.357213674623083108e-02	1.670931253948960915e+01	2.740094824647284710e+00	7.804692074165126003e-02	2.848329190640245395e-02	4.923136282650201792e+03	5.823681242744737574e+01	2.296937481311722012e-02	7.862185453245811029e-02	8.190841342272763004e-02	-5.526211092927050572e+01	2.296937481311781340e-02	7.862185453245794375e-02	8.190841342272763004e-02	-5.526211092927051283e+01
1.700879765395895264e+12	1.654858968253123841e+00	2.459339582964091206e-02	1.753401103168053154e+01	2.737953369689360095e+00	8.139720329696047141e-02	2.972921460170651134e-02	5.034752942573376458e+03	5.839038076473287475e+01	4.162797684548850963e-02	5.951009199085006973e-02	7.262464805427951142e-02	-5.558826928429243708e+01	4.162797684548848187e-02	5.951009199085005585e-02	7.262464805427948367e-02	-5.558826928429243708e+01
1.710654936461388916e+12	1.656238871604863050e+00	2.482591741679110106e-02	1.780151163409366788e+01	2.742510873639365077e+00	8.223529889788322444e-02	2.998540486687492623e-02	3.944905930873096167e+03	5.671939163505224002e+01	6.363769928835380507e-02	2.874574643571670141e-02	6.982889594474099570e-02	-5.612439321662395741e+01	6.363769928835374956e-02	2.874574643571681590e-02	6.982889594474099570e-02	-5.612439321662395031e+01
1.720430107526882568e+12	1.648814800360092869e+00	1.529254935516306466e-02	1.102823688222586718e+01	2.718356383820712541e+00	5.042916342406011249e-02	1.855134364434613339e-02	2.004035937721125435e+02	3.630738296430790513e+01	1.293026587129372518e-01	1.363413166821073330e-01	1.879045826605753589e-01	-5.573677921518830658e+01	1.293026587129366134e-01	1.363413166821078881e-01	1.879045826605753589e-01	-5.573677921518829947e+01
1.730205278592376221e+12	1.656211093477231611e+00	2.464473718237832067e-02	1.787355680186928808e+01	2.742427823086258876e+00	8.163377423457157667e-02	2.976697273392704679e-02	3.556344212599250113e+03	5.600909949407834887e+01	6.472033006249813814e-02	-2.420521797437423864e-02	6.909857958442902626e-02	-5.690655892040686581e+01	6.472033006249795772e-02	-2.420521797437472089e-02	6.909857958442901238e-02	-5.690655892040687291e+01
1.739980449657869873e+12	1.654894634415196020e+00	2.360853145682113158e-02	1.721878497952600995e+01	2.738118888258657790e+00	7.813926406863132279e-02	2.853757168971030392e-02	4.745971852846055299e+03	5.798576227877671840e+01	6.231193808816616608e-02	-4.358841799033976588e-02	7.604424903438805616e-02	-5.715907119684840154e+01	6.231193808816604812e-02	-4.358841799033987691e-02	7.604424903438802841e-02	-5.715907119684840154e+01
1.749755620723363525e+12	1.654181560306463350e+00	2.462181639443659226e-02	1.805870679683714286e+01	2.735710400615364524e+00	8.145790932185675848e-02	2.977577937472248443e-02	5.094328855323076823e+03	5.847096078940594310e+01	4.045482893214803755e-02	-5.375411223863916371e-02	6.727627937463231955e-02	-5.747430718573863118e+01	4.045482893214813469e-02	-5.375411223863912208e-02	6.727627937463234731e-02	-5.747430718573863118e+01
1.759530791788857178e+12	1.655025180169262145e+00	2.552233132491035436e-02	1.882375990237473218e+01	2.738456957598040198e+00	8.448020199869872571e-02	3.084956357057301937e-02	4.923558021039407322e+03	5.823739920628364075e+01	9.771592991268715500e-03	-5.936049006892828162e-02	6.015938672235900120e-02	-5.795631285092176199e+01	9.771592991269143977e-03	-5.936049006892821917e-02	6.015938672235901508e-02	-5.795631285092176199e+01
1.769305962854350830e+12	1.655965838694143155e+00	2.522961026538327392e-02	1.871124322105124804e+01	2.741586325687853876e+00	8.355874544608354881e-02	3.047824708752111533e-02	4.151907080171725283e+03	5.706971980039422476e+01	-1.984596237126279999e-02	-5.783687939131557099e-02	6.114709183736510845e-02	-5.845001167595006564e+01	-1.984596237126223447e-02	-5.783687939131576528e-02	6.114709183736510845e-02	-5.845001167595005143e+01
1.779081133919844482e+12	1.654736729617674929e+00	2.403464385393682540e-02	1.792349118078050552e+01	2.737575980240612328e+00	7.954201593677794058e-02	2.905563772874234299e-02	4.838348902822798664e+03	5.811781214323537625e+01	-3.813275403063549895e-02	-5.703910881297352686e-02	6.861171083815927052e-02	-5.870876041563281689e+01	-3.813275403063620672e-02	-5.703910881297306196e-02	6.861171083815927052e-02	-5.870876041563283110e+01
1.788856304985338135e+12	1.653685122890472758e+00	2.465656659197653158e-02	1.848831016635228863e+01	2.734066539393173567e+00	8.154839470941967206e-02	2.982677763487034603e-02	4.605052347160115460e+03	5.777928770823220361e+01	-4.812462686762594699e-02	-4.095310309198260668e-02	6.319126809940421585e-02	-5.898519759067500701e+01	-4.812462686762625230e-02	-4.095310309198225973e-02	6.319126809940421585e-02	-5.898519759067501411e+01
1.798631476050831787e+12	1.653516712282312451e+00	2.609614860367417966e-02	1.967468406321491159e+01	2.733436508824962363e+00	8.630083568475598044e-02	3.157228470686323368e-02	2.637094623798539033e+03	5.396056491306443803e+01	-5.022785990975794923e-02	-1.736160662305602856e-02	5.314379828021340013e-02	-5.935745995264863240e+01	-5.022785990975781045e-02	-1.736160662305649693e-02	5.314379828021342095e-02	-5.935745995264862529e+01
1.808406647116325439e+12	1.654247832319163170e+00	2.579027568093604852e-02	1.954975144989345637e+01	2.735870752412951745e+00	8.532701528020417148e-02	3.118824791154641701e-02	4.246141796645908471e+03	5.722345471831481944e+01	-5.359360356291203303e-02	7.501214801208192645e-03	5.411601025900229789e-02	-5.982932177756701009e+01	-5.359360356291207467e-02	7.501214801207923763e-03	5.411601025900229789e-02	-5.982932177756701009e+01
1.818181818181819092e+12	1.655041740411325790e+00	2.477014761005590787e-02	1.887796020419783716e+01	2.738549602291126650e+00	8.199125642158473781e-02	2.993966454103631075e-02	4.352109600140225666e+03	5.739230723755468944e+01	-4.861481448679880191e-02	3.462515381579717860e-02	5.968501875976479909e-02	-6.030915042770082124e+01	-4.861481448679872558e-02	3.462515381579724105e-02	5.968501875976478521e-02	-6.030915042770082835e+01
1.827956989247312744e+12	1.654117565599543704e+00	2.423317523567420501e-02	1.856801407793763303e+01	2.735517674042958092e+00	8.016904165516113012e-02	2.930671675634809528e-02	4.350359479919724436e+03	5.738955207542088033e+01	-3.845929926678628291e-02	4.921033657627826158e-02	6.245618404964250331e-02	-6.059768059567034726e+01	-3.845929926678605393e-02	4.921033657627844199e-02	6.245618404964249637e-02	-6.059768059567034726e+01
1.837732160312806396e+12	1.653226267434946939e+00	2.516771987868450522e-02	1.938720703668363754e+01	2.732523677212995050e+00	8.321587118977180619e-02	3.045385183071747104e-02	4.170963175809043605e+03	5.710108754689805011e+01	-2.016989033895748296e-02	5.162343600110699815e-02	5.542385425830614887e-02	-6.088858291214484098e+01	-2.016989033895759051e-02	5.162343600110695652e-02	5.542385425830615581e-02	-6.088858291214484098e+01
1.847507331378300049e+12	1.653875194779534707e+00	2.598166433754506288e-02	2.012066356260054434e+01	2.734628113025294738e+00	8.594086033390765933e-02	3.142689125609553213e-02	4.039670658830753382e+03	5.688199779114878396e+01	4.549788998285915660e-03	4.958304864141526574e-02	4.979135760858380277e-02	-6.135256147077342348e+01	4.549788998286235717e-03	4.958304864141525187e-02	4.979135760858380971e-02	-6.135256147077342348e+01
1.857282502443793701e+12	1.654445761002561577e+00	2.554199734075171535e-02	1.988483463478073432e+01	2.736538382471190189e+00	8.451569845589075591e-02	3.088416336392479575e-02	3.737844568295370664e+03	5.635006614128544555e+01	2.682645882075676905e-02	4.399751922554923089e-02	5.153096729990940678e-02	-6.180859749469982489e+01	2.682645882075633884e-02	4.399751922554947375e-02	5.153096729990939984e-02	-6.180859749469981068e+01
1.867057673509287354e+12	1.653476356213407161e+00	2.412988168714653991e-02	1.888435200611774789e+01	2.733401809366530433e+00	7.979637769584736751e-02	2.919306536726859122e-02	2.550345532161935353e+03	5.373143906415999993e+01	4.395079338010294406e-02	4.031920387021654950e-02	5.964319273369415170e-02	-6.208952295149403966e+01	4.395079338010303427e-02	4.031920387021642460e-02	5.964319273369412394e-02	-6.208952295149404677e+01
1.876832844574780762e+12	1.653547919269008792e+00	2.405931544722271151e-02	1.892770778149046151e+01	2.733641870659079487e+00	7.956646199358367866e-02	2.910639570149700997e-02	2.267262575544364609e+03	5.292549555720887611e+01	5.580972750210989181e-02	1.994397555039765027e-02	5.926624540676269509e-02	-6.248863956319661384e+01	5.580972750210989181e-02	1.994397555039768843e-02	5.926624540676270203e-02	-6.248863956319661384e+01
1.886608015640274414e+12	1.652439475795651980e+00	2.549344503009583554e-02	2.016041017152290848e+01	2.729906305428306368e+00	8.425274988351366678e-02	3.086287236890897581e-02	3.346519376742926852e+03	5.559253411429745029e+01	4.935363816081365235e-02	3.979592518660720821e-03	4.951382389114278304e-02	-6.275139292305119199e+01	4.935363816081369398e-02	3.979592518660262854e-03	4.951382389114278998e-02	-6.275139292305119909e+01
1.896383186705768066e+12	1.653171578881421189e+00	2.626125180389971697e-02	2.087520173901082288e+01	2.732286615874983227e+00	8.682871021611092421e-02	3.177877083305370026e-02	3.490073379821796607e+03	5.588024824956220726e+01	4.117423870913467648e-02	-1.714898825317657388e-02	4.460275475107330911e-02	-6.322650047062472822e+01	4.117423870913442668e-02	-1.714898825317704573e-02	4.460275475107326054e-02	-6.322650047062474243e+01
1.906158357771261719e+12	1.654143504334449899e+00	2.542523721314526863e-02	2.031482812276965788e+01	2.735544290244509735e+00	8.411398196457355037e-02	3.074853595481549795e-02	3.512380226476588632e+03	5.592389090548250152e+01	3.012843326822357143e-02	-3.787648714280927170e-02	4.839783847939075484e-02	-6.373069577702543143e+01	3.012843326822366510e-02	-3.787648714280920925e-02	4.839783847939076872e-02	-6.373069577702543143e+01
1.915933528836755371e+12	1.652977792470071705e+00	2.448051573716418863e-02	1.966030095862932114e+01	2.731736286748474019e+00	8.093149772349302051e-02	2.962639480102378930e-02	3.091384089139295156e+03	5.504931462061858127e+01	2.158055369693575448e-02	-4.869152711526189559e-02	5.325960111268775860e-02	-6.398545667546576965e+01	2.158055369693648307e-02	-4.869152711526156946e-02	5.325960111268775860e-02	-6.398545667546575544e+01
1.925708699902249023e+12	1.651795449585453657e+00	2.369009744509125923e-02	1.912258502750620437e+01	2.727866986554253081e+00	7.826239032007545338e-02	2.868995838354046479e-02	1.472684536781747738e+03	4.996980669086859450e+01	9.510037073168640248e-03	-5.682868696767118255e-02	5.761892456131581519e-02	-6.423684010142190459e+01	9.510037073168407795e-03	-5.682868696767121725e-02	5.761892456131580131e-02	-6.423684010142191880e+01
1.935483870967742676e+12	1.651815150753188410e+00	2.581028061808859908e-02	2.093974767042464080e+01	2.727827121672194099e+00	8.526762514030022944e-02	3.125844173293139405e-02	3.430463746251813518e+03	5.576224087412920483e+01	-9.906776388081888624e-03	-4.306862541004107675e-02	4.419333335599265333e-02	-6.462873967424525290e+01	-9.906776388081527801e-03	-4.306862541004117390e-02	4.419333335599266721e-02	-6.462873967424523869e+01
1.945259042033236328e+12	1.652938543052277165e+00	2.650117633920465177e-02	2.160885502007970516e+01	2.731503514760423190e+00	8.760963161459282833e-02	3.207377590443150767e-02	3.662218781104553273e+03	5.621005217701249990e+01	-2.730433151051810808e-02	-2.933259849625230106e-02	4.007402966733710631e-02	-6.515225111996703333e+01	-2.730433151051741072e-02	-2.933259849625298454e-02	4.007402966733713406e-02	-6.515225111996701912e+01
1.955034213098729980e+12	1.653400569077975835e+00	2.534838275159754725e-02	2.077273970848938944e+01	2.733090901319252808e+00	8.382206093339546193e-02	3.066932786353167642e-02	3.699799259657315361e+03	5.627998659460789810e+01	-4.212409239869173427e-02	-1.659013891445240696e-02	4.527330195175017363e-02	-6.559826122702025941e+01	-4.212409239869160937e-02	-1.659013891445273656e-02	4.527330195175018057e-02	-6.559826122702024520e+01
1.964809384164223633e+12	1.652383150028598813e+00	2.472494802050121190e-02	2.036315054659451462e+01	2.729758751443818188e+00	8.171017498881832930e-02	2.993311220106917997e-02	3.633365698947818146e+03	5.615587003785827136e+01	-4.779743368619626676e-02	-5.113298757177158274e-03	4.807016217121052454e-02	-6.586687252673256410e+01	-4.779743368619626676e-02	-5.113298757177117508e-03	4.807016217121051760e-02	-6.586687252673256410e+01
1.974584555229717285e+12	1.651472728422432423e+00	2.558312162781360005e-02	2.117475686832216297e+01	2.726707676610809372e+00	8.449965535249653881e-02	3.098962755608855590e-02	3.618966614584311628e+03	5.612866937344464446e+01	-4.206366807244566602e-02	7.373405404756400681e-03	4.270502639001380607e-02	-6.614697426049571050e+01	-4.206366807244570072e-02	7.373405404756365987e-03	4.270502639001383383e-02	-6.614697426049571050e+01
1.984359726295210938e+12	1.651841666424817667e+00	2.664628701795026047e-02	2.216390432847225611e+01	2.727870866325275756e+00	8.803089430352989408e-02	3.227091699619807214e-02	3.540295985674082658e+03	5.597811839849909177e+01	-3.034030232433726146e-02	2.110880243935759487e-02	3.696099952052182142e-02	-6.658130336142602346e+01	-3.034030232433746962e-02	2.110880243935731038e-02	3.696099952052182835e-02	-6.658130336142600925e+01
1.994134897360704590e+12	1.652799365769157314e+00	2.601233487245786444e-02	2.174317849572496186e+01	2.731069101921411502e+00	8.598634115874657924e-02	3.148449854243962759e-02	3.502392351401932046e+03	5.590438430626402777e+01	-1.730724573139879111e-02	3.528009306510136028e-02	3.929663753413559918e-02	-6.708816936437112588e+01	-1.730724573139906172e-02	3.528009306510122844e-02	3.929663753413559224e-02	-6.708816936437112588e+01
2.003910068426198242e+12	1.652321065365174757e+00	2.498708482314864615e-02	2.098857625539493554e+01	2.729540548641546938e+00	8.257337323070991497e-02	3.025174814560109560e-02	3.509462333558105001e+03	5.591819792036152847e+01	-5.430516864029832740e-03	4.353868902053571743e-02	4.387605218154238401e-02	-6.742015435592712436e+01	-5.430516864028621903e-03	4.353868902053585621e-02	4.387605218154236320e-02	-6.742015435592715278e+01
