freq_roi_Hz	n_opt	k_opt	alpha_cm	eps_r	eps_i	loss_tan	DR	alpha_max	H_meas_real	H_meas_imag	H_meas_mag	H_meas_phase	H_model_real	H_model_imag	H_model_mag	H_model_phase
3.030303030303031616e+11	1.667874136945895813e+00	5.747250330369104224e-03	7.300209693826819057e-01	2.781771105806656763e+00	1.917138036915276914e-02	6.891789309743894323e-03	1.279853650365473368e+04	6.456009903893856006e+01	8.339899548961593467e-01	1.178060638498965307e-01	8.422692642780595929e-01	1.403275591351046125e-01	8.339899548961124953e-01	1.178060638502368696e-01	8.422692642780608141e-01	1.403275591355124807e-01
3.128054740957968140e+11	1.672825644629152730e+00	7.415690977374761808e-03	9.723332328766625121e-01	2.798290644856268550e+00	2.481031607919505569e-02	8.866239868542824185e-03	1.556644782113134170e+04	6.589666584490122148e+01	7.615336508975104612e-01	-2.826423375917332392e-01	8.122931690274212135e-01	-3.553900507844836021e-01	7.615336508976403573e-01	-2.826423375913940661e-01	8.122931690274248773e-01	-3.553900507840365153e-01
3.225806451612904663e+11	1.670260850457552682e+00	9.522907842423430219e-03	1.287647677164373006e+00	2.789680622797412024e+00	3.181148030343011052e-02	1.140326962286115214e-02	1.408947927574106143e+04	6.521612210943541754e+01	5.893871637867598157e-01	-5.046650954372737807e-01	7.759278880084884422e-01	-7.081136263681724330e-01	5.893871637870059521e-01	-5.046650954369898967e-01	7.759278880084908847e-01	-7.081136263676882647e-01
3.323558162267841187e+11	1.668251349517859472e+00	5.986120703158433545e-03	8.339459695045187138e-01	2.783026731527086906e+00	1.997270788284170873e-02	7.176613740926015075e-03	1.528311087841508925e+04	6.577126418075489767e+01	3.983067804693261604e-01	-7.276107371813784752e-01	8.294972430511562411e-01	-1.069938077598101556e+00	3.983067804696557301e-01	-7.276107371812005065e-01	8.294972430511584616e-01	-1.069938077597649917e+00
3.421309872922777710e+11	1.671016365695906503e+00	6.733049171982382827e-03	9.655913306704420052e-01	2.792250360472403603e+00	2.250207071483566884e-02	8.058758280911702820e-03	1.697695422426422374e+04	6.648880137535360291e+01	3.397973727626049656e-02	-8.126066476625229962e-01	8.133167810703819667e-01	-1.529004947189502195e+00	3.397973727664543864e-02	-8.126066476625104507e-01	8.133167810703854084e-01	-1.529004947189028796e+00
3.519061583577714233e+11	1.669825020290646833e+00	1.044099675628867505e-02	1.540132157833286941e+00	2.788206583975394004e+00	3.486927524084863089e-02	1.250598698147122392e-02	1.551383450296923183e+04	6.587355328805932686e+01	-2.456173551377727471e-01	-7.063162168049861300e-01	7.478037732363904677e-01	-1.905460097072110504e+00	-2.456173551373977137e-01	-7.063162168051184686e-01	7.478037732363922441e-01	-1.905460097071578707e+00
3.616813294232650757e+11	1.668353251093898537e+00	7.740581373128260778e-03	1.173515504793085196e+00	2.783342653835586766e+00	2.582804819843081273e-02	9.279507200753187718e-03	1.657058486472296863e+04	6.632340790115968332e+01	-5.111045856995307668e-01	-6.013845044071375323e-01	7.892345783505100298e-01	-2.275220646478088415e+00	-5.111045856992381120e-01	-6.013845044073895529e-01	7.892345783505125834e-01	-2.275220646477599029e+00
3.714565004887587280e+11	1.670610143561107153e+00	6.941132763438834750e-03	1.080755552024325050e+00	2.790890072445223247e+00	2.319185360481051256e-02	8.309841306107443315e-03	1.809716804992860853e+04	6.692501446347854710e+01	-7.323172832466788851e-01	-3.214465625805143500e-01	7.997602740425564516e-01	-2.727970515497338155e+00	-7.323172832465242310e-01	-3.214465625808727856e-01	7.997602740425588941e-01	-2.727970515496850101e+00
3.812316715542523804e+11	1.669867578313068313e+00	1.029905821732634598e-02	1.645794654794498157e+00	2.788351658500987096e+00	3.439612680854410576e-02	1.233564880659113183e-02	1.694992026120763694e+04	6.647792202917703719e+01	-7.360040448980021965e-01	-2.134894254418833598e-02	7.363136094450348779e-01	-3.112594228667405094e+00	-7.360040448979932037e-01	-2.134894254457514809e-02	7.363136094450370983e-01	-3.112594228666879737e+00
3.910068426197460327e+11	1.667773702484392828e+00	8.995658222436333368e-03	1.474369931939152556e+00	2.781388200831645285e+00	3.000544443983363049e-02	1.078793835066313087e-02	1.891221067573757318e+04	6.722574365931880891e+01	-7.162188078666347213e-01	2.397281996805918358e-01	7.552741161088476485e-01	-3.464584963448205546e+00	-7.162188078667584001e-01	2.397281996802305415e-01	7.552741161088503130e-01	-3.464584963447699728e+00
4.007820136852396851e+11	1.670216457709909230e+00	7.684810436885358871e-03	1.291012785240135186e+00	2.789563959293586137e+00	2.567059373213360918e-02	9.202367863482968646e-03	1.848886689685875535e+04	6.707119527978656492e+01	-5.491032402764282061e-01	5.476887744596198315e-01	7.755497161053913624e-01	-3.925701178647756695e+00	-5.491032402766967691e-01	5.476887744593541552e-01	7.755497161053938049e-01	-3.925701178647269973e+00
4.105571847507333374e+11	1.670439377920292179e+00	1.037413863392428609e-02	1.785315046224374536e+00	2.790260092554337046e+00	3.465873937222270496e-02	1.242132927489725258e-02	1.931576505809455193e+04	6.736988008224128066e+01	-2.670288090968784278e-01	6.701118742192705424e-01	7.213558822504746448e-01	-4.333190248291854729e+00	-2.670288090972202100e-01	6.701118742191373157e-01	7.213558822504774204e-01	-4.333190248291346691e+00
4.203323558162269897e+11	1.667690301744967130e+00	9.437514533725417307e-03	1.662798470712645305e+00	2.781101875853645211e+00	3.147770292094211053e-02	1.131842856755478979e-02	1.982128061659120067e+04	6.754624308384693165e+01	-3.495943618375418893e-02	7.338893977299609794e-01	7.347215869148876477e-01	-4.664789125103215639e+00	-3.495943618411947312e-02	7.338893977299463245e-01	7.347215869148904233e-01	-4.664789125102717371e+00
4.301075268817206421e+11	1.669001335280167808e+00	8.259171393646605810e-03	1.489027376414622239e+00	2.785497243254873467e+00	2.756913616860789951e-02	9.897384115301856994e-03	1.960626097196259070e+04	6.747178367446763048e+01	2.850535053912729988e-01	6.975164899483484726e-01	7.535149332864725658e-01	-5.100346392829337994e+00	2.850535053909457606e-01	6.975164899484850300e-01	7.535149332864751193e-01	-5.100346392828867259e+00
4.398826979472142944e+11	1.670051385484652151e+00	1.105973268994115723e-02	2.039250941553912178e+00	2.788949312472033260e+00	3.694064380385225776e-02	1.324536220097499023e-02	2.050386443676075578e+04	6.777737417804668496e+01	5.069732635298795920e-01	4.754810076831377241e-01	6.950568887519271710e-01	-5.529830850335178738e+00	5.069732635296432255e-01	4.754810076833927424e-01	6.950568887519291694e-01	-5.529830850334678694e+00
4.496578690127079468e+11	1.668178692176317757e+00	1.078386055161513826e-02	2.032570519859415281e+00	2.782703857382692991e+00	3.597881278321025250e-02	1.292944367319437925e-02	2.018435537627851227e+04	6.767015801615846726e+01	6.402240390224223088e-01	2.728293637359210932e-01	6.959329578764980040e-01	-5.880343792616627319e+00	6.402240390222929678e-01	2.728293637362294577e-01	6.959329578764998914e-01	-5.880343792616146814e+00
4.594330400782015991e+11	1.668833010515557547e+00	8.803872658215789945e-03	1.695450588811437287e+00	2.784926108812636691e+00	2.938438662481172164e-02	1.055122666695809154e-02	2.138914650504156089e+04	6.806593780723470388e+01	7.309848052918935801e-01	-1.240190470062069519e-02	7.310900032197341636e-01	-6.300149702158005738e+00	7.309848052919007966e-01	-1.240190470029524372e-02	7.310900032197358289e-01	-6.300149702157560760e+00
4.692082111436951904e+11	1.669591356280203609e+00	1.064430331129915565e-02	2.093495376622183990e+00	2.787421995772586758e+00	3.554327360433964106e-02	1.275130699917152374e-02	2.132114746241722241e+04	6.804420041485735737e+01	6.239258811885418643e-01	-2.937161482129704293e-01	6.896032779344671848e-01	-6.723164306026462533e+00	6.239258811886801981e-01	-2.937161482126830481e-01	6.896032779344700714e-01	-6.723164306025999792e+00
4.789833822091888428e+11	1.667701861911584649e+00	1.164835287645573161e-02	2.338697902468737322e+00	2.781093816098631599e+00	3.885195956053677513e-02	1.397002838798117215e-02	2.253705032762526025e+04	6.842281404326237748e+01	4.701957605328412337e-01	-4.709103556396118107e-01	6.654627084004652859e-01	-7.069342784491964515e+00	4.701957605330576162e-01	-4.709103556393967049e-01	6.654627084004659521e-01	-7.069342784491506215e+00
4.887585532746824951e+11	1.668208333193579529e+00	1.005212319531497041e-02	2.059402967638897408e+00	2.782817997755766992e+00	3.353807136142580858e-02	1.205183788105184707e-02	2.247679393445467213e+04	6.840453749709902809e+01	2.496602258368794125e-01	-6.466801511582808137e-01	6.931994274860724392e-01	-7.485546071199519425e+00	2.496602258371551641e-01	-6.466801511581754536e-01	6.931994274860734384e-01	-7.485546071199093987e+00
4.985337243401761475e+11	1.669698271278061696e+00	1.087657564248696238e-02	2.272876759971746541e+00	2.787774017211241073e+00	3.632119909537110530e-02	1.302874582772140834e-02	2.409128154689965959e+04	6.887807825024965780e+01	-5.241802740227027163e-02	-6.696597406287239096e-01	6.717081343974292684e-01	-7.932097966405685874e+00	-5.241802740199121707e-02	-6.696597406287472243e-01	6.717081343974308227e-01	-7.932097966405269318e+00
5.083088954056697998e+11	1.667826279651679622e+00	1.180739515318430036e-02	2.515770202167981306e+00	2.781505084516459281e+00	3.938536786142528973e-02	1.415973247026154451e-02	2.398322250128005544e+04	6.884738916902981032e+01	-2.652926426183372932e-01	-5.916564712501483081e-01	6.484115716114252637e-01	-8.275495591415142016e+00	-2.652926426180951536e-01	-5.916564712502584422e-01	6.484115716114265959e-01	-8.275495591414731678e+00
5.180840664711634521e+11	1.667265101762500201e+00	1.064566379264455208e-02	2.311863260322235991e+00	2.779659589397533992e+00	3.549828745314576733e-02	1.277073192291135889e-02	2.521052120597845351e+04	6.918808543223521212e+01	-4.814563625512929268e-01	-4.632422059673025339e-01	6.681269119191164396e-01	-8.658657798585423393e+00	-4.814563625511145140e-01	-4.632422059674897730e-01	6.681269119191176609e-01	-8.658657798585037924e+00
5.278592375366571045e+11	1.669089356603705054e+00	1.160392963992201189e-02	2.567511361151591398e+00	2.785724629144681774e+00	3.873599091354418961e-02	1.390517587714243733e-02	2.521343408741411622e+04	6.918887415202777902e+01	-6.133819618918792127e-01	-1.942105668944137942e-01	6.433934841664006310e-01	-9.118141728927220413e+00	-6.133819618918048278e-01	-1.942105668946525754e-01	6.433934841664017412e-01	-9.118141728926831391e+00
5.376344086021507568e+11	1.668218125200467750e+00	1.265589795683395684e-02	2.852129110877303031e+00	2.782791541494269882e+00	4.222559672455594715e-02	1.517382674732515278e-02	2.657689042292060913e+04	6.954839974104901046e+01	-6.158563040176209258e-01	4.073224144238271616e-02	6.172018330264136265e-01	-9.490820970522332090e+00	-6.158563040176368020e-01	4.073224144215925602e-02	6.172018330264146257e-01	-9.490820970521967936e+00
5.474095796676444092e+11	1.667337597581901809e+00	1.107941000019295463e-02	2.542249604151908482e+00	2.779891910984235270e+00	3.694623370469323625e-02	1.329052887225828407e-02	2.492081978354668536e+04	6.910918434632439755e+01	-5.850380467663676143e-01	2.738242285175394586e-01	6.459483139442598887e-01	-9.862536500140279827e+00	-5.850380467664626494e-01	2.738242285173376200e-01	6.459483139442605548e-01	-9.862536500139933437e+00
5.571847507331380615e+11	1.668152749302454829e+00	1.097100840458842090e-02	2.562329229679692233e+00	2.782613231979925050e+00	3.660263566546902853e-02	1.315405074798159900e-02	1.827662228737384066e+04	6.699237499766535109e+01	-4.171138006874730575e-01	4.906285497231993031e-01	6.439722793159957659e-01	-1.029098612044852246e+01	-4.171138006876363713e-01	4.906285497230614689e-01	6.439722793159965430e-01	-1.029098612044819028e+01
5.669599217986317139e+11	1.667494334771771003e+00	1.293760085988354507e-02	3.074647055278034724e+00	2.780369974979941539e+00	4.314675227878840558e-02	1.551834923663340110e-02	2.484837157827257033e+04	6.908930948102667458e+01	-1.917795401944480393e-01	5.658576411016981167e-01	5.974732312249412258e-01	-1.066880566476353209e+01	-1.917795401946031930e-01	5.658576411016458252e-01	5.974732312249415589e-01	-1.066880566476325853e+01
5.767350928641253662e+11	1.667018091505659383e+00	1.254799070977566898e-02	3.033470162287739136e+00	2.778791865336318612e+00	4.183545505048195945e-02	1.505526756874199859e-02	2.571315086977635656e+04	6.932285112469618582e+01	3.428505007874981664e-02	6.001521764215239640e-01	6.011306842296394448e-01	-1.105263952466830979e+01	3.428505007857438752e-02	6.001521764215351773e-01	6.011306842296405550e-01	-1.105263952466801669e+01
5.865102639296190186e+11	1.668436350544953095e+00	1.208140636555860709e-02	2.970176585270542624e+00	2.783533895439991745e+00	4.031411509200633764e-02	1.448306958217726592e-02	2.569359717596566043e+04	6.931765779923912874e+01	2.953678735138577371e-01	5.298321492829826118e-01	6.066005993385787942e-01	-1.150413790437678863e+01	2.953678735136999745e-01	5.298321492830719848e-01	6.066005993385801265e-01	-1.150413790437648842e+01
5.962854349951126709e+11	1.667955760079151473e+00	1.295218986707266824e-02	3.237326963896214771e+00	2.781908658358867026e+00	4.320735938884535249e-02	1.553155214461092101e-02	2.560722083395115260e+04	6.929466945094273456e+01	4.540642302597521773e-01	3.662490419173627942e-01	5.833632538194083450e-01	-1.188761710591239051e+01	4.540642302597042712e-01	3.662490419174224132e-01	5.833632538194084560e-01	-1.188761710591225906e+01
6.060606060606063232e+11	1.666577249345335021e+00	1.258015273037444044e-02	3.195884906102683498e+00	2.777321467792743359e+00	4.193159266746328273e-02	1.509785350875788960e-02	2.602323056587280735e+04	6.940468240016257084e+01	5.555365874322765185e-01	1.897131854614906576e-01	5.870366195680174481e-01	-1.223729228033714911e+01	5.555365874322492070e-01	1.897131854615717594e-01	5.870366195680178922e-01	-1.223729228033700345e+01
6.158357771260999756e+11	1.667232096218274284e+00	1.261105435719159749e-02	3.255408360221254238e+00	2.779503823968381138e+00	4.205110918292629535e-02	1.512899849977132442e-02	2.618575090691312653e+04	6.944718355660809550e+01	5.792168370369419339e-01	-5.564062613864229762e-02	5.818831700472006929e-01	-1.266213858200002917e+01	5.792168370369480401e-01	-5.564062613857927858e-02	5.818831700472008039e-01	-1.266213858199991904e+01
6.256109481915936279e+11	1.667572930301821854e+00	1.395872306243676163e-02	3.660489727400693560e+00	2.780604631925870596e+00	4.655437744099858582e-02	1.674253754254685991e-02	2.658214982774219970e+04	6.954975055740457890e+01	4.787839169534462980e-01	-2.672720303476769366e-01	5.483323602884058179e-01	-1.307551124878272475e+01	4.787839169534518491e-01	-2.672720303476668890e-01	5.483323602884058179e-01	-1.307551124878270343e+01
6.353861192570872803e+11	1.666858491021866673e+00	1.352419735200812226e-02	3.601955836258833088e+00	2.778234325177677988e+00	4.508584638090036567e-02	1.622823747165997796e-02	2.656069399662512296e+04	6.954423819940613782e+01	3.515545759851173013e-01	-4.270170843546924888e-01	5.531131983842531019e-01	-1.344839125839042104e+01	3.515545759851271823e-01	-4.270170843546842177e-01	5.531131983842529909e-01	-1.344839125839039795e+01
6.451612903225809326e+11	1.667155369834168566e+00	1.275671287244860980e-02	3.449818473572692668e+00	2.779244293443593250e+00	4.253484473347072387e-02	1.530446417891835435e-02	2.598541017384030420e+04	6.939475381330265691e+01	1.544675405706829596e-01	-5.440491180664837056e-01	5.655525297961934150e-01	-1.386052503865243501e+01	1.544675405707100491e-01	-5.440491180664759341e-01	5.655525297961934150e-01	-1.386052503865238528e+01
6.549364613880745850e+11	1.667110468777876831e+00	1.379763345772318586e-02	3.787851404896518392e+00	2.779066940419758769e+00	4.600435836346043750e-02	1.655388637616328831e-02	2.638343842092431441e+04	6.949852721943045708e+01	-6.541250249845621811e-02	-5.342448236090758806e-01	5.382344535945308150e-01	-1.425899973140383636e+01	-6.541250249845119435e-02	-5.342448236090765468e-01	5.382344535945308150e-01	-1.425899973140382748e+01
6.647116324535682373e+11	1.666246425500034656e+00	1.419011861808193269e-02	3.953743272198517289e+00	2.776175791025246919e+00	4.728846884960102165e-02	1.703367236414712188e-02	2.566930211155080178e+04	6.931119968984759794e+01	-2.458284033931728840e-01	-4.643205261675837914e-01	5.253809617176647961e-01	-1.462408577756126249e+01	-2.458284033931708301e-01	-4.643205261675850681e-01	5.253809617176650182e-01	-1.462408577756125894e+01
6.744868035190618896e+11	1.666705738649544299e+00	1.365377281786895637e-02	3.860248746025610522e+00	2.777721593735160699e+00	4.551364301951869862e-02	1.638524289913345297e-02	2.514800391855467024e+04	6.917113564749068644e+01	-4.191411364807882678e-01	-3.285902741794330395e-01	5.325888288123604708e-01	-1.504307904954736408e+01	-4.191411364807879347e-01	-3.285902741794332060e-01	5.325888288123602488e-01	-1.504307904954736408e+01
6.842619745845555420e+11	1.667073018632527548e+00	1.416589204456154480e-02	4.063081139036066602e+00	2.778931776955149147e+00	4.723115282469944609e-02	1.699615413964937136e-02	2.487563180745775389e+04	6.909679462742957412e+01	-5.009791568208483703e-01	-1.275813939986170653e-01	5.169691747711449015e-01	-1.545859972659161130e+01	-5.009791568208479262e-01	-1.275813939986194245e-01	5.169691747711450125e-01	-1.545859972659160597e+01
6.940371456500491943e+11	1.666123046316260625e+00	1.439137095048534203e-02	4.186721221427307960e+00	2.775758893908341740e+00	4.795558961737995257e-02	1.727656884127180825e-02	2.387875387386153670e+04	6.881758803500936494e+01	-5.046656739514282508e-01	5.599746122307808910e-02	5.077628955804858180e-01	-1.581847074474342918e+01	-5.046656739514282508e-01	5.599746122307694418e-02	5.077628955804857069e-01	-1.581847074474342740e+01
7.038123167155428467e+11	1.666027941985917860e+00	1.407726584178648453e-02	4.153022996438521908e+00	2.775450934064252806e+00	4.690623647836038995e-02	1.690040198609199865e-02	2.324333912735600825e+04	6.863347019028343254e+01	-4.462745326959287051e-01	2.474417647813847709e-01	5.102826525476794606e-01	-1.621422487710972504e+01	-4.462745326959298153e-01	2.474417647813831056e-01	5.102826525476795716e-01	-1.621422487710972149e+01
7.135874877810364990e+11	1.666664884052012408e+00	1.464839672130227588e-02	4.381536974384701466e+00	2.777557260205603118e+00	4.882793684611427126e-02	1.757945283277432061e-02	2.303199372477524594e+04	6.857111349172397752e+01	-2.934713514274385204e-01	3.966800311142820723e-01	4.934374136539252387e-01	-1.664180634901245170e+01	-2.934713514274380763e-01	3.966800311142821833e-01	4.934374136539250721e-01	-1.664180634901245170e+01
7.233626588465301514e+11	1.666211273305437945e+00	1.497150204206505915e-02	4.539527182647334236e+00	2.776035861416733308e+00	4.989137096160837365e-02	1.797216370834150978e-02	2.291366238936382797e+04	6.853594990975226153e+01	-1.225641610401878301e-01	4.663446476899523185e-01	4.821818163312993621e-01	-1.702175299805985631e+01	-1.225641610401867337e-01	4.663446476899528736e-01	4.821818163312995842e-01	-1.702175299805985986e+01
7.331378299120238037e+11	1.665874860641808342e+00	1.434932178744489049e-02	4.409670767829793725e+00	2.774933148282604733e+00	4.780834886592844057e-02	1.722864887592583799e-02	2.304293987666098838e+04	6.857435713884153472e+01	6.264485374830169873e-02	4.874572491763481397e-01	4.914661203742516915e-01	-1.740657255975024142e+01	6.264485374830164321e-02	4.874572491763481952e-01	4.914661203742517470e-01	-1.740657255975024142e+01
7.429130009775174561e+11	1.666067172321149759e+00	1.473282327232438432e-02	4.587891080956436163e+00	2.775562766604617870e+00	4.909174641925743293e-02	1.768713250153301428e-02	2.267028798737955367e+04	6.846305387499265294e+01	2.445981174427207805e-01	4.115941594430926331e-01	4.787880440698044637e-01	-1.781495530814125772e+01	2.445981174427205307e-01	4.115941594430927442e-01	4.787880440698044082e-01	-1.781495530814125772e+01
7.526881720430111084e+11	1.665630900899504718e+00	1.540453331511417757e-02	4.860184973070888148e+00	2.774088998384638849e+00	5.131653340718012046e-02	1.849851732841372581e-02	1.807683024678073343e+04	6.691733829652936549e+01	3.648564016055749204e-01	2.803016601071847691e-01	4.600969620106312719e-01	-1.819447550095656041e+01	3.648564016055756420e-01	2.803016601071840475e-01	4.600969620106314939e-01	-1.819447550095656041e+01
7.624633431085047607e+11	1.665616950537762708e+00	1.521527868977960371e-02	4.862818290845364544e+00	2.774048321213108181e+00	5.068565218570581649e-02	1.827136600257225213e-02	2.303466206337415861e+04	6.857190433621470049e+01	4.449104368991972369e-01	1.165394957033331069e-01	4.599203745439222613e-01	-1.859337228696617572e+01	4.449104368991975700e-01	1.165394957033310946e-01	4.599203745439220947e-01	-1.859337228696617927e+01
7.722385141739984131e+11	1.666164960437916731e+00	1.516484739786131720e-02	4.908837584104987606e+00	2.775875702794484035e+00	5.053427472940929394e-02	1.820480458780494165e-02	2.359784393257172997e+04	6.873680327713348959e+01	4.502604125237710808e-01	-7.697574338299782715e-02	4.567928459985353129e-01	-1.901887728961767365e+01	4.502604125237710808e-01	-7.697574338299689733e-02	4.567928459985352019e-01	-1.901887728961767010e+01
7.820136852394920654e+11	1.665771758452847529e+00	1.550959918596598111e-02	5.083982990635022681e+00	2.774555003592182434e+00	5.167090461781081306e-02	1.862313219630287384e-02	2.326885056316939517e+04	6.864095886557643666e+01	3.795315706328575289e-01	-2.328138168681266329e-01	4.452487916117789379e-01	-1.939978766390713361e+01	3.795315706328569183e-01	-2.328138168681276043e-01	4.452487916117788824e-01	-1.939978766390713361e+01
7.917888563049857178e+11	1.665193006606912274e+00	1.539956753559308320e-02	5.111014005345458244e+00	2.772630602572284886e+00	5.128650433008088982e-02	1.849741695936713004e-02	2.333270825822702682e+04	6.865966783678484830e+01	2.680915252468158982e-01	-3.533323307525371715e-01	4.435276788027827655e-01	-1.977127350664175154e+01	2.680915252468163423e-01	-3.533323307525366719e-01	4.435276788027827100e-01	-1.977127350664175154e+01
8.015640273704793701e+11	1.665493971572032716e+00	1.560115970895463791e-02	5.241846058338672343e+00	2.773626773158518688e+00	5.196727488959287239e-02	1.873621764561141101e-02	2.268959198222176565e+04	6.846886435702654694e+01	1.013234311279455624e-01	-4.231263668155677005e-01	4.350889104425461062e-01	-2.018531436323429418e+01	1.013234311279480049e-01	-4.231263668155671454e-01	4.350889104425460507e-01	-2.018531436323429062e+01
8.113391984359730225e+11	1.665508839683583542e+00	1.614822535758423522e-02	5.491821606081893847e+00	2.773658929881957391e+00	5.379002415651828323e-02	1.939316459461275580e-02	2.292351331053508693e+04	6.853888415115245891e+01	-6.891959438774523938e-02	-4.137436028148074874e-01	4.194444890098670831e-01	-2.058541233197533060e+01	-6.891959438774389324e-02	-4.137436028148077094e-01	4.194444890098670831e-01	-2.058541233197532705e+01
8.211143695014666748e+11	1.665139677031168386e+00	1.600530460461040486e-02	5.508796853085078382e+00	2.772433974247977329e+00	5.330213548021288383e-02	1.922575468895380488e-02	2.170736830956444101e+04	6.816675451636329797e+01	-2.172478296119244590e-01	-3.576081475441283408e-01	4.184258675811461381e-01	-2.096627000951663078e+01	-2.172478296119231267e-01	-3.576081475441289514e-01	4.184258675811459716e-01	-2.096627000951662723e+01
8.308895405669603271e+11	1.665300457515304977e+00	1.584792307960546792e-02	5.519564436063470581e+00	2.772974457134746995e+00	5.278310711026869273e-02	1.903483350683594227e-02	2.209982521007459945e+04	6.828907381935466958e+01	-3.406265355470289302e-01	-2.418550257724678965e-01	4.177562569371911505e-01	-2.137372280309741868e+01	-3.406265355470298184e-01	-2.418550257724666475e-01	4.177562569371911505e-01	-2.137372280309742223e+01
8.406647116324539795e+11	1.665212412819087939e+00	1.645115682183153835e-02	5.797068350367273304e+00	2.772661739245992241e+00	5.478934108989459012e-02	1.976055727042787605e-02	2.063664277296930959e+04	6.782143939664220511e+01	-3.912113895995416590e-01	-8.860771730307774596e-02	4.011205291655695615e-01	-2.176841091275104390e+01	-3.912113895995426027e-01	-8.860771730307365202e-02	4.011205291655695615e-01	-2.176841091275105455e+01
8.504398826979476318e+11	1.664887245694733009e+00	1.645623674578805887e-02	5.866287003213076723e+00	2.771578733149160811e+00	5.479555734039107812e-02	1.977052164710851531e-02	2.112748942251762855e+04	6.798191137501133596e+01	-3.920495879510431103e-01	6.308876039826333271e-02	3.970932775824493333e-01	-2.215070109406386933e+01	-3.920495879510429993e-01	6.308876039826387394e-02	3.970932775824493333e-01	-2.215070109406386933e+01
8.602150537634412842e+11	1.664974833863055448e+00	1.626854742596139589e-02	5.866039421434159351e+00	2.771876531761958251e+00	5.417344409546662881e-02	1.954396001218387108e-02	2.020277151496699662e+04	6.767638377778587255e+01	-3.357529117259764329e-01	2.120383784060231036e-01	3.971023692318230713e-01	-2.255443057406793628e+01	-3.357529117259756002e-01	2.120383784060242693e-01	3.971023692318230713e-01	-2.255443057406793983e+01
8.699902248289349365e+11	1.664928239260651255e+00	1.661634084944748485e-02	6.059529809307243831e+00	2.771709939104347598e+00	5.533003022685087369e-02	1.996241722347406183e-02	2.089225668756014784e+04	6.790547752933804304e+01	-2.214248511545912346e-01	3.161854099115819494e-01	3.860080027017419035e-01	-2.295101718098871402e+01	-2.214248511545914844e-01	3.161854099115818384e-01	3.860080027017419591e-01	-2.295101718098871046e+01
8.797653958944285889e+11	1.664465264461077565e+00	1.695291634791533039e-02	6.251733490089439016e+00	2.770157215224785752e+00	5.643508078483883139e-02	2.037251910276846253e-02	2.045619513234821352e+04	6.776148449364015391e+01	-8.807884654374828481e-02	3.648362987080587261e-01	3.753177428039780605e-01	-2.332505751756315604e+01	-8.807884654374857625e-02	3.648362987080585040e-01	3.753177428039778940e-01	-2.332505751756315249e+01
8.895405669599222412e+11	1.664653817120690826e+00	1.692856710687814029e-02	6.312118146774242433e+00	2.770785754470194373e+00	5.636040770569693270e-02	2.034094755062492571e-02	2.044448859997155887e+04	6.775757667361018832e+01	6.375601975938631483e-02	3.664978333561066948e-01	3.720020052503478225e-01	-2.373418144414733177e+01	6.375601975938827159e-02	3.664978333561062507e-01	3.720020052503477115e-01	-2.373418144414733533e+01
8.993157380254158936e+11	1.664893400226391762e+00	1.711436709873037990e-02	6.451522228877714760e+00	2.771577132556206191e+00	5.698719366345581655e-02	2.056128728804199751e-02	2.018303097475684990e+04	6.766971006993426840e+01	2.010693338683607889e-01	3.039887626825114597e-01	3.644695390008753644e-01	-2.414631803676238420e+01	2.010693338683582354e-01	3.039887626825131250e-01	3.644695390008753089e-01	-2.414631803676237709e+01
9.090909090909095459e+11	1.664556494176306911e+00	1.708014213632497169e-02	6.508605612844340804e+00	2.770456591049120565e+00	5.686172302894822173e-02	2.052431473305118409e-02	1.979383643055041102e+04	6.753678449558017860e+01	2.970601627341984408e-01	2.059208901798812996e-01	3.614528368904347255e-01	-2.452659637872152132e+01	2.970601627341975526e-01	2.059208901798824376e-01	3.614528368904346145e-01	-2.452659637872151777e+01
9.188660801564031982e+11	1.664171128977387060e+00	1.699925391587040618e-02	6.547435697884938399e+00	2.769176571888174898e+00	5.657933516189464496e-02	2.043182646288090737e-02	1.897729906422757267e+04	6.724919792285457731e+01	3.500404532627757193e-01	8.158975079496659510e-02	3.594234360127261385e-01	-2.490374327023886281e+01	3.500404532627757193e-01	8.158975079496658123e-02	3.594234360127261385e-01	-2.490374327023886281e+01
9.286412512218968506e+11	1.664242342028554367e+00	1.745171962697165610e-02	6.793214998915106939e+00	2.769398010482749584e+00	5.808778148883399911e-02	2.097487658652155348e-02	1.926511822699767072e+04	6.735195681415612512e+01	3.414961275584775802e-01	-5.990064397260391055e-02	3.467098099070296535e-01	-2.530638129865818087e+01	3.414961275584775247e-01	-5.990064397260430606e-02	3.467098099070296535e-01	-2.530638129865818442e+01
9.384164222873903809e+11	1.664187205970613315e+00	1.790533614832363896e-02	7.043154887101112038e+00	2.769198455453691921e+00	5.959566267328667705e-02	2.152090708989031972e-02	1.805997308506847548e+04	6.691096929148771721e+01	2.815693351151827284e-01	-1.801131328852988434e-01	3.342484571616800015e-01	-2.570182450048951850e+01	2.815693351151812296e-01	-1.801131328853014246e-01	3.342484571616800570e-01	-2.570182450048952916e+01
9.481915933528840332e+11	1.664286121755077508e+00	1.770284971703250249e-02	7.036042340212567581e+00	2.769534904178452717e+00	5.892521419914598796e-02	2.127621287973094008e-02	1.804214834579506714e+04	6.690422824473903063e+01	1.881698657947324382e-01	-2.766654929118397277e-01	3.345918309841991456e-01	-2.610626863672617759e+01	1.881698657947335762e-01	-2.766654929118390616e-01	3.345918309841991456e-01	-2.610626863672617404e+01
9.579667644183776855e+11	1.664311130948396222e+00	1.759785608514831748e-02	7.066418668938147185e+00	2.769621856059935716e+00	5.857661552668062821e-02	2.114967983752544592e-02	1.701065994338795645e+04	6.650234141389638864e+01	6.522020907382451715e-02	-3.266577350735414553e-01	3.331050158058406763e-01	-2.650646974766370789e+01	6.522020907382532207e-02	-3.266577350735412888e-01	3.331050158058406763e-01	-2.650646974766370789e+01
9.677419354838713379e+11	1.663916726605135343e+00	1.789170528702311441e-02	7.257724153554967472e+00	2.768298759958270683e+00	5.954061538913459073e-02	2.150801649386719500e-02	1.645588961259806820e+04	6.627599224000158529e+01	-5.741166250777603869e-02	-3.187907033038826499e-01	3.239191434677656245e-01	-2.688171962684158700e+01	-5.741166250777612889e-02	-3.187907033038825388e-01	3.239191434677655135e-01	-2.688171962684158700e+01
9.775171065493649902e+11	1.663668717342876802e+00	1.804494198028411267e-02	7.393822447856381430e+00	2.767467981134220878e+00	6.004161095773179885e-02	2.169550338686278279e-02	1.563070410857685420e+04	6.592478732248527251e+01	-1.691462825373135082e-01	-2.687366765356329901e-01	3.175371887064727949e-01	-2.726530377140649364e+01	-1.691462825373150625e-01	-2.687366765356317688e-01	3.175371887064725729e-01	-2.726530377140650074e+01
9.872922776148586426e+11	1.663874046518106775e+00	1.816802940428736621e-02	7.518699457576528467e+00	2.768146765384103869e+00	6.045862520434313464e-02	2.184083082601799217e-02	1.395668109600307798e+04	6.515147355846329447e+01	-2.576227598742301117e-01	-1.755910460161966558e-01	3.117718746876910751e-01	-2.767607620969802795e+01	-2.576227598742311109e-01	-1.755910460161951570e-01	3.117718746876910196e-01	-2.767607620969803506e+01
9.970674486803522949e+11	1.663877223476089462e+00	1.846088000998110171e-02	7.715535941185052593e+00	2.768146610711757827e+00	6.143327554786519318e-02	2.219292696063854958e-02	1.512878970255235436e+04	6.570198184360756954e+01	-2.968943150479808613e-01	-6.007220356718077914e-02	3.029107194359858535e-01	-2.807469384288176428e+01	-2.968943150479813609e-01	-6.007220356717886400e-02	3.029107194359859645e-01	-2.807469384288177139e+01
1.006842619745845947e+12	1.663605441812775920e+00	1.841264650656245644e-02	7.770822116791205048e+00	2.767244040477705891e+00	6.126275785298460064e-02	2.213854541083730768e-02	1.587351514042674717e+04	6.603001867034143402e+01	-2.955149943238076782e-01	5.439605335856223522e-02	3.004796873187730588e-01	-2.845636826626858351e+01	-2.955149943238076782e-01	5.439605335856206869e-02	3.004796873187730588e-01	-2.845636826626858351e+01
1.016617790811339600e+12	1.663652330643246025e+00	1.853231301447493332e-02	7.897261039238157032e+00	2.767395630629037928e+00	6.166265147748276748e-02	2.228183451437575763e-02	1.560278991068486539e+04	6.591258502697274935e+01	-2.461995127207130818e-01	1.624478848032619716e-01	2.949635830758950417e-01	-2.885758297385492810e+01	-2.461995127207138034e-01	1.624478848032607781e-01	2.949635830758949862e-01	-2.885758297385492455e+01
1.026392961876833252e+12	1.663634531486470225e+00	1.889259597903710647e-02	8.128201543720383171e+00	2.767322924171379928e+00	6.286075012029714026e-02	2.271536493671751436e-02	1.571681512607740478e+04	6.596229269436950915e+01	-1.587401575388000530e-01	2.368834741655353460e-01	2.851529728903012817e-01	-2.925474121680336026e+01	-1.587401575388016628e-01	2.368834741655341802e-01	2.851529728903012262e-01	-2.925474121680335315e+01
1.036168132942326904e+12	1.663506973713063219e+00	1.882534099104203260e-02	8.176402157336363885e+00	2.766901058128564905e+00	6.263217204224962031e-02	2.263621673722291880e-02	1.562882173406689981e+04	6.592396515463963169e+01	-5.630110123770367542e-02	2.774982593649873985e-01	2.831520756610764189e-01	-2.964495915567170670e+01	-5.630110123770155905e-02	2.774982593649877871e-01	2.831520756610764189e-01	-2.964495915567171380e+01
1.045943304007820557e+12	1.663399487569484192e+00	1.870571542829310013e-02	8.201090948544122128e+00	2.766547951456738375e+00	6.223015491608667460e-02	2.249379226675579657e-02	1.561448049081281169e+04	6.591769805292706508e+01	5.361342442113042894e-02	2.769935252828500949e-01	2.821343869980779129e-01	-3.003632084319434981e+01	5.361342442112881218e-02	2.769935252828503169e-01	2.821343869980778019e-01	-3.003632084319434270e+01
1.055718475073314209e+12	1.663278366226131455e+00	1.910666589291849446e-02	8.455167047035896388e+00	2.766129858874325276e+00	6.355940806080404015e-02	2.297773832160920210e-02	1.547300944243540289e+04	6.585556513460004169e+01	1.493025406167092506e-01	2.271592855441342262e-01	2.718319143211952449e-01	-3.042659167459361313e+01	1.493025406167083624e-01	2.271592855441348924e-01	2.718319143211953004e-01	-3.042659167459360603e+01
1.065493646138807861e+12	1.663220042160753254e+00	1.949136225870089570e-02	8.705269456782236404e+00	2.765920995442518127e+00	6.483684871537404026e-02	2.344132345869872833e-02	1.519736580424162275e+04	6.573285585188418167e+01	2.170065207831058385e-01	1.469059139052591723e-01	2.620556765321598314e-01	-3.082082786454137846e+01	2.170065207831058107e-01	1.469059139052592833e-01	2.620556765321598314e-01	-3.082082786454137846e+01
1.075268817204301514e+12	1.663464520474719155e+00	1.956804627502856109e-02	8.819697284911564239e+00	2.766731302443165674e+00	6.510150142703499676e-02	2.353011344814981767e-02	1.464846312558465615e+04	6.548172647601286656e+01	2.534856106339053450e-01	4.636100469032242849e-02	2.576903132722298539e-01	-3.123503181330492495e+01	2.534856106339050119e-01	4.636100469032463506e-02	2.576903132722299095e-01	-3.123503181330491785e+01
1.085043988269795166e+12	1.663527742029513812e+00	1.948635484186298644e-02	8.862721714241622806e+00	2.766944830476789630e+00	6.483218374094043557e-02	2.343096364872905568e-02	1.380762866433658201e+04	6.507817537748034908e+01	2.498100178656919301e-01	-5.626926143100274835e-02	2.560688868411152286e-01	-3.163747722340868407e+01	2.498100178656921244e-01	-5.626926143100236671e-02	2.560688868411152841e-01	-3.163747722340868407e+01
1.094819159335288818e+12	1.662721987518347877e+00	1.951447774782406538e-02	8.955472056503543499e+00	2.764263592935194858e+00	6.489430245248919982e-02	2.347616291671449779e-02	9.266860278826203285e+03	6.235587196088926731e+01	2.132933682688188948e-01	-1.354062031563197932e-01	2.526438220116782318e-01	-3.198156733051860812e+01	2.132933682688172294e-01	-1.354062031563221524e-01	2.526438220116780653e-01	-3.198156733051861877e+01
1.104594330400782471e+12	1.663157753161248475e+00	1.925121536367892933e-02	8.913538062899206693e+00	2.765723102607393180e+00	6.403561617975911391e-02	2.315329980770286164e-02	7.728770759101102158e+03	6.111687276395252866e+01	1.388276983526855746e-01	-2.129231932672104033e-01	2.541838233661026791e-01	-3.240893709731771821e+01	1.388276983526866015e-01	-2.129231932672097927e-01	2.541838233661027346e-01	-3.240893709731771111e+01
1.114369501466276123e+12	1.663251840583079622e+00	2.003264326606076992e-02	9.357431057459704604e+00	2.766005378406776849e+00	6.663866156803961716e-02	2.409202168884558987e-02	8.965335788702082937e+03	6.213005318533583221e+01	4.110009382972316938e-02	-2.346057752562976384e-01	2.381786881658820298e-01	-3.281329488246529991e+01	4.110009382972250325e-02	-2.346057752562978327e-01	2.381786881658821131e-01	-3.281329488246530701e+01
1.124144672531769775e+12	1.663440832052131002e+00	2.054467290707379101e-02	9.680785533901005380e+00	2.766613318153427592e+00	6.834969558956340008e-02	2.470518562933229564e-02	1.289860261685509795e+04	6.461326593308164945e+01	-5.347277592598536494e-02	-2.207702206065508266e-01	2.271537542544603550e-01	-3.322435651880022078e+01	-5.347277592598601720e-02	-2.207702206065507156e-01	2.271537542544603827e-01	-3.322435651880022078e+01
1.133919843597263428e+12	1.663681253059473564e+00	2.069192059533928735e-02	9.834953700539424304e+00	2.767407156203616214e+00	6.884952076852238201e-02	2.487871024478071832e-02	1.348604849537163864e+04	6.491730201226729946e+01	-1.348475069837554996e-01	-1.764447537221972007e-01	2.220734141130378814e-01	-3.363928034977332970e+01	-1.348475069837551110e-01	-1.764447537221976448e-01	2.220734141130380201e-01	-3.363928034977332260e+01
1.143695014662757080e+12	1.663649755745678860e+00	2.100387262315963829e-02	1.006928805442403529e+01	2.767289347127486643e+00	6.988617511846575980e-02	2.525437941320061302e-02	1.326249205550419902e+04	6.480318929516730009e+01	-1.859881629801602709e-01	-1.070203842925140231e-01	2.145808924924398620e-01	-3.403537305991022066e+01	-1.859881629801600766e-01	-1.070203842925142174e-01	2.145808924924398065e-01	-3.403537305991021356e+01
1.153470185728250732e+12	1.663279878963747516e+00	2.175700068801329767e-02	1.051948697356695384e+01	2.766026588686720356e+00	7.237596294194585667e-02	2.616604021015907222e-02	1.049463707669240466e+04	6.320524047557994862e+01	-1.986382058999449918e-01	-3.004613404056197604e-02	2.008977526353452336e-01	-3.440739661063732768e+01	-1.986382058999450750e-01	-3.004613404056182338e-02	2.008977526353453169e-01	-3.440739661063732768e+01
1.163245356793744385e+12	1.662724115924457235e+00	2.213726334019124053e-02	1.079404986778029674e+01	2.764161427248574832e+00	7.361632323261275979e-02	2.663242548243279981e-02	4.720678879291269368e+03	5.775135951527682465e+01	-1.888250574886183586e-01	3.989857304110790148e-02	1.929942964605344258e-01	-3.476575532978985450e+01	-1.888250574886184696e-01	3.989857304110742964e-02	1.929942964605344258e-01	-3.476575532978985450e+01
1.173020527859238037e+12	1.663612064017089720e+00	2.241722403430226884e-02	1.102241111982827704e+01	2.767102567609797337e+00	7.458712869047821881e-02	2.695495626492299887e-02	1.020599529754687137e+04	6.301485203857067319e+01	-1.462858560715324385e-01	1.158776259778063200e-01	1.866204058746885053e-01	-3.522744378031811152e+01	-1.462858560715316891e-01	1.158776259778071666e-01	1.866204058746884775e-01	-3.522744378031811863e+01
1.182795698924731689e+12	1.663487660255458467e+00	2.404384586577449495e-02	1.192072949096617585e+01	2.766613089298162631e+00	7.999328180560018320e-02	2.891379431226972357e-02	1.235170775773987043e+04	6.431750426647960239e+01	-8.013513879458827871e-02	1.426457134786778547e-01	1.636136914914793350e-01	-3.561647514012602045e+01	-8.013513879458934730e-02	1.426457134786772440e-01	1.636136914914793350e-01	-3.561647514012601334e+01
1.192570869990225342e+12	1.661904367712538688e+00	2.511884856191357041e-02	1.255662966433755123e+01	2.761295170868936388e+00	8.349024827390796877e-02	3.023590130990411184e-02	1.242291196480159124e+04	6.435674496173702153e+01	-3.394746690404017858e-02	1.451809273888267637e-01	1.490970562643028630e-01	-3.589861384927724686e+01	-3.394746690403939449e-02	1.451809273888270135e-01	1.490970562643029185e-01	-3.589861384927725396e+01
1.202346041055718994e+12	1.660312985823082954e+00	2.548696004199412987e-02	1.284507596173893518e+01	2.755989625760578488e+00	8.463266145375376859e-02	3.070862845878726682e-02	1.190633761283486820e+04	6.406680622480354259e+01	7.151611579658998311e-03	1.427836433031222096e-01	1.429626326810595205e-01	-3.617836074523216183e+01	7.151611579659419848e-03	1.427836433031222096e-01	1.429626326810595482e-01	-3.617836074523216183e+01
1.212121212121212646e+12	1.659034766976638986e+00	2.475541312020183501e-02	1.257782044953512468e+01	2.751783527558479214e+00	8.214018207456896814e-02	2.984979786816583866e-02	7.600873071822502425e+03	6.100295864796974143e+01	5.117742746344487031e-02	1.396143354325990737e-01	1.486986608549735744e-01	-3.647966878620422193e+01	5.117742746344317029e-02	1.396143354325996566e-01	1.486986608549735467e-01	-3.647966878620421483e+01
1.221896383186706299e+12	1.658149803338588413e+00	2.353555956130463575e-02	1.205446855948378548e+01	2.748906847747935700e+00	7.805096691608183479e-02	2.839345646798680303e-02	1.117527424574879842e+04	6.363422166219918807e+01	1.010516002804004859e-01	1.247818967866624051e-01	1.605675798064699622e-01	-3.680901915365684118e+01	1.010516002804009855e-01	1.247818967866619333e-01	1.605675798064699344e-01	-3.680901915365684829e+01
1.231671554252199951e+12	1.657699566807246727e+00	2.227167422486484721e-02	1.149838743283242692e+01	2.747471826320154964e+00	7.383948942926116255e-02	2.687543097690598889e-02	7.376307259197203166e+03	6.079822794814819531e+01	1.504008541548536304e-01	8.790474650326414452e-02	1.742058018216175452e-01	-3.717018993313283914e+01	1.504008541548529088e-01	8.790474650326544903e-02	1.742058018216175730e-01	-3.717018993313283204e+01
1.241446725317693604e+12	1.657869100998950573e+00	2.216405505078864954e-02	1.153364204192809694e+01	2.748038710710774435e+00	7.349020404308445609e-02	2.674278341009118237e-02	1.079578640832966266e+04	6.339837655465159116e+01	1.720322796789355291e-01	2.095685206573613332e-02	1.733040533283530804e-01	-3.757788982989025328e+01	1.720322796789354458e-01	2.095685206573746559e-02	1.733040533283531359e-01	-3.757788982989024618e+01
1.251221896383187256e+12	1.658251804575306965e+00	2.216266443638539169e-02	1.162372878068336668e+01	2.749307863682342035e+00	7.350255659166610167e-02	2.673493120309158172e-02	1.050658307660408173e+04	6.321300678817001995e+01	1.632293392952850752e-01	-5.103739868381213657e-02	1.710223180499717277e-01	-3.800215426467257629e+01	1.632293392952851585e-01	-5.103739868381209493e-02	1.710223180499717832e-01	-3.800215426467257629e+01
1.260997067448680908e+12	1.658830087606669501e+00	2.184599468890641508e-02	1.154715675300925781e+01	2.751240012065203189e+00	7.247758656730693416e-02	2.634360733686118283e-02	1.063097906474600495e+04	6.329335816651449420e+01	1.273627877782335105e-01	-1.169859405418352538e-01	1.729363755694595384e-01	-3.844206814105961456e+01	1.273627877782330664e-01	-1.169859405418356840e-01	1.729363755694595106e-01	-3.844206814105962167e+01
1.270772238514174561e+12	1.658926962999756283e+00	2.151289131875634697e-02	1.145923597881993850e+01	2.751575864074702338e+00	7.137663092153657962e-02	2.594027366406597562e-02	1.042243294949424489e+04	6.315811022622332160e+01	7.219524353309555997e-02	-1.596066054685851554e-01	1.751754026626100302e-01	-3.884511628781723402e+01	7.219524353309668407e-02	-1.596066054685845170e-01	1.751754026626099470e-01	-3.884511628781722692e+01
1.280547409579668213e+12	1.658487828387194440e+00	2.154776297620170436e-02	1.156610186039216437e+01	2.750117570819193613e+00	7.147340525000550615e-02	2.598921806412636537e-02	1.043930296231200919e+04	6.316915106082949194e+01	1.100049907358524939e-02	-1.721146585121790529e-01	1.724658419938045473e-01	-3.920608120205071145e+01	1.100049907358239230e-02	-1.721146585121791917e-01	1.724658419938044918e-01	-3.920608120205072566e+01
1.290322580645161865e+12	1.658359639472402502e+00	2.187396889466773284e-02	1.183082550147491929e+01	2.749678223315831893e+00	7.254981433998346219e-02	2.638483795114606942e-02	1.048109993955685786e+04	6.319642904346599011e+01	-5.237883077128625137e-02	-1.574240555261368357e-01	1.659092377514382322e-01	-3.959111062051068330e+01	-5.237883077128641790e-02	-1.574240555261368635e-01	1.659092377514383154e-01	-3.959111062051068330e+01
1.300097751710655518e+12	1.658721170521748167e+00	2.220777946104036948e-02	1.210236660070178516e+01	2.750862736068448111e+00	7.367302788461144170e-02	2.678178991580853693e-02	1.032954065723146959e+04	6.309699350960757158e+01	-1.081095506175334398e-01	-1.171774080795187634e-01	1.594309251649726200e-01	-4.001507779374403384e+01	-1.081095506175346055e-01	-1.171774080795176948e-01	1.594309251649726200e-01	-4.001507779374404095e+01
1.309872922776149170e+12	1.658987262414520547e+00	2.201255028476137646e-02	1.208616967206311266e+01	2.751754184483586219e+00	7.303708107135650773e-02	2.654200781566656148e-02	1.015425399471576384e+04	6.298015502916053521e+01	-1.466337828952970490e-01	-6.352642332029333205e-02	1.598032313379620650e-01	-4.043188212039572704e+01	-1.466337828952962996e-01	-6.352642332029501127e-02	1.598032313379620650e-01	-4.043188212039571283e+01
1.319648093841642822e+12	1.658693236034116669e+00	2.182025662230006186e-02	1.206999665618775452e+01	2.750787127666266763e+00	7.238622413587550430e-02	2.631473130284969417e-02	9.910295774466570947e+03	6.281414119493366144e+01	-1.600791196565060359e-01	-5.939079699845216387e-03	1.601892543764502630e-01	-4.080362060365940380e+01	-1.600791196565060082e-01	-5.939079699845412411e-03	1.601892543764502630e-01	-4.080362060365940380e+01
1.329423264907136475e+12	1.658352558983665404e+00	2.189942456130856280e-02	1.220352061242970798e+01	2.749653625091555309e+00	7.263393352303157413e-02	2.641566663532505035e-02	9.292082833491151177e+03	6.237442747275116517e+01	-1.485949988788652087e-01	5.097272049037667591e-02	1.570945318144461034e-01	-4.117115759016017051e+01	-1.485949988788652365e-01	5.097272049037659264e-02	1.570945318144461034e-01	-4.117115759016017051e+01
1.339198435972630127e+12	1.658256677861611461e+00	2.247608378853806557e-02	1.261696031280776076e+01	2.749310035330158719e+00	7.454223206904070365e-02	2.711306877403118695e-02	9.472367474150878479e+03	6.250560912179700068e+01	-1.113960282952999870e-01	9.723689084056033605e-02	1.478651008869446559e-01	-4.155834029928602291e+01	-1.113960282953008613e-01	9.723689084055947562e-02	1.478651008869447669e-01	-4.155834029928601581e+01
1.348973607038123779e+12	1.658412807048872617e+00	2.255667589531531667e-02	1.275462555308392787e+01	2.749824234956274704e+00	7.481656037848302687e-02	2.720776092791716075e-02	9.253321785845189879e+03	6.234589123817768552e+01	-6.239656371696759157e-02	1.307880410729839182e-01	1.449097748648935369e-01	-4.196635548498443313e+01	-6.239656371696695319e-02	1.307880410729842235e-01	1.449097748648935091e-01	-4.196635548498444024e+01
1.358748778103617432e+12	1.658491840012103813e+00	2.224240622092583941e-02	1.266805953715597965e+01	2.750100458752237298e+00	7.377769843927992066e-02	2.682727396538597472e-02	9.235020780363311133e+03	6.233237630341334778e+01	-6.354906954998250194e-03	1.466195497818263416e-01	1.467572050041568987e-01	-4.236818509920629339e+01	-6.354906954998649181e-03	1.466195497818262583e-01	1.467572050041568432e-01	-4.236818509920629339e+01
1.368523949169111084e+12	1.658213485713502910e+00	2.220439112911415727e-02	1.273738957161110541e+01	2.749178929216710809e+00	7.363924162470873724e-02	2.678590354455024497e-02	9.167250756935691243e+03	6.228209517626396519e+01	4.687593463484390766e-02	1.375100875505328724e-01	1.452803408106044247e-01	-4.274003767832953571e+01	4.687593463484357459e-02	1.375100875505329279e-01	1.452803408106043692e-01	-4.274003767832952860e+01
1.378299120234604736e+12	1.657767719952459418e+00	2.252940971814677146e-02	1.301614725307053000e+01	2.747686239014127896e+00	7.469705636065390730e-02	2.718543889765786051e-02	9.053425326172025962e+03	6.219680140741257190e+01	8.833321219366603583e-02	1.079399565642233660e-01	1.394768461055011788e-01	-4.309733411334400444e+01	8.833321219366663257e-02	1.079399565642228803e-01	1.394768461055011788e-01	-4.309733411334400444e+01
1.388074291300098389e+12	1.657847233084013050e+00	2.289020797507804530e-02	1.331838638888143933e+01	2.747933486623175270e+00	7.589693591240148640e-02	2.761964082532003886e-02	9.099127871973167203e+03	6.223117622737792942e+01	1.181435462358480237e-01	6.202403831150125196e-02	1.334349236356379698e-01	-4.349885893042957008e+01	1.181435462358483846e-01	6.202403831150063440e-02	1.334349236356379975e-01	-4.349885893042957719e+01
1.397849462365592041e+12	1.658039979560437693e+00	2.274872786121643134e-02	1.332927966812111897e+01	2.748579069201472880e+00	7.543660055607449844e-02	2.744567234807278669e-02	8.994320462923215018e+03	6.215208790962345375e+01	1.328729159651725056e-01	9.586654128014317905e-03	1.332183010492851705e-01	-4.391027290494037771e+01	1.328729159651723946e-01	9.586654128015549559e-03	1.332183010492851427e-01	-4.391027290494037061e+01
1.407624633431085693e+12	1.657664799079724416e+00	2.234293900814646530e-02	1.318306275547040585e+01	2.747353379184501065e+00	7.407420700357929266e-02	2.696202372974924530e-02	7.268822444801643542e+03	6.069802084055039160e+01	1.304041197640605498e-01	-3.899595386591941243e-02	1.361099513972154895e-01	-4.427287231581946969e+01	1.304041197640605776e-01	-3.899595386591941937e-02	1.361099513972155173e-01	-4.427287231581946969e+01
1.417399804496579346e+12	1.657748700616393123e+00	2.216382965263728050e-02	1.316819754937520237e+01	2.747639519050468770e+00	7.348411961468506726e-02	2.674445432349865232e-02	4.615290284896814228e+03	5.759722869414260771e+01	1.049718069338078374e-01	-8.710463700721386704e-02	1.364049047472528364e-01	-4.467494109038546668e+01	1.049718069338075876e-01	-8.710463700721417235e-02	1.364049047472528364e-01	-4.467494109038546668e+01
1.427174975562072998e+12	1.657318904409170068e+00	2.262617635121486059e-02	1.353560122079805517e+01	2.746194007055735575e+00	7.499757960272816770e-02	2.730964360494507817e-02	8.710362555134230206e+03	6.193309003747257435e+01	6.435245334292705177e-02	-1.121093387301267119e-01	1.292661675836330182e-01	-4.503199969033779126e+01	6.435245334292699626e-02	-1.121093387301267535e-01	1.292661675836330182e-01	-4.503199969033779126e+01
1.436950146627566650e+12	1.657463829853307757e+00	2.302950560974268562e-02	1.387124609864627622e+01	2.746655989143365506e+00	7.634114513510469047e-02	2.779421428706627811e-02	9.230852663386429413e+03	6.232929448609296941e+01	1.397846232532046554e-02	-1.222652101326374835e-01	1.230616878551501064e-01	-4.543925871732067634e+01	1.397846232532102238e-02	-1.222652101326374002e-01	1.230616878551501064e-01	-4.543925871732066923e+01
1.446725317693060303e+12	1.657606881128780962e+00	2.295727529255372004e-02	1.392180623390423300e+01	2.747133535876626453e+00	7.610827499380959371e-02	2.770461428243712818e-02	8.982761028470016754e+03	6.214330872262480909e+01	-3.533913467809785686e-02	-1.169273775322448028e-01	1.221509969519890826e-01	-4.584659624392092070e+01	-3.533913467809709358e-02	-1.169273775322449832e-01	1.221509969519890132e-01	-4.584659624392091359e+01
1.456500488758553955e+12	1.657404613757087253e+00	2.272679407677064001e-02	1.387515913270261869e+01	2.746473546534271559e+00	7.533498671749380704e-02	2.742971502949946572e-02	8.819177701644979606e+03	6.201784424035591314e+01	-7.639124615163574161e-02	-9.639219759868697390e-02	1.229921877458244051e-01	-4.622324722542632003e+01	-7.639124615163535303e-02	-9.639219759868733473e-02	1.229921877458244328e-01	-4.622324722542631292e+01
1.466275659824047607e+12	1.657014841139826222e+00	2.295966767810047118e-02	1.411140915214422975e+01	2.745171037417755144e+00	7.608902018050170413e-02	2.771740599888990186e-02	8.474794948773680517e+03	6.174592440946845784e+01	-1.018366925862988631e-01	-6.120805076418282809e-02	1.188155605771698681e-01	-4.658270504645893340e+01	-1.018366925862990852e-01	-6.120805076418250196e-02	1.188155605771698820e-01	-4.658270504645894050e+01
1.476050830889541260e+12	1.656877302774276695e+00	2.333856094847161847e-02	1.443991207094603801e+01	2.744697708021416549e+00	7.733826382987343817e-02	2.817733392054480243e-02	8.299870370489792549e+03	6.160354422397820429e+01	-1.118011134687745683e-01	-1.796859147710833451e-02	1.132358567439175484e-01	-4.696453332041853201e+01	-1.118011134687745128e-01	-1.796859147710869187e-02	1.132358567439175623e-01	-4.696453332041853201e+01
1.485826001955034912e+12	1.657091148507747302e+00	2.320413764104272553e-02	1.445182015107816298e+01	2.745412642459060582e+00	7.690274218745468682e-02	2.801136011327355624e-02	7.890003410070955397e+03	6.125782056894200167e+01	-1.093956327077579421e-01	2.845130849751249455e-02	1.130348681193166366e-01	-4.737833016121463459e+01	-1.093956327077578727e-01	2.845130849751272700e-02	1.130348681193166366e-01	-4.737833016121463459e+01
1.495601173020528564e+12	1.657119604839120797e+00	2.301760387927141716e-02	1.442995809905550431e+01	2.745515574653821123e+00	7.628584528952332688e-02	2.778561738778047990e-02	7.867703719338543124e+03	6.123849897522902097e+01	-9.017197553393556386e-02	6.875954931068847809e-02	1.133969170352601419e-01	-4.777536700001389391e+01	-9.017197553393528631e-02	6.875954931068879727e-02	1.133969170352601141e-01	-4.777536700001390102e+01
1.505376344086022217e+12	1.656584104323045592e+00	2.302297401502751209e-02	1.452766014449154852e+01	2.743740837363290552e+00	7.627898557507420407e-02	2.780108986108819139e-02	7.592895990145308133e+03	6.099579036075723337e+01	-6.074180667120317872e-02	9.385329367025399550e-02	1.117944891774042826e-01	-4.812028213254645692e+01	-6.074180667120279015e-02	9.385329367025427305e-02	1.117944891774042965e-01	-4.812028213254645692e+01
1.515151515151515869e+12	1.656450407435860361e+00	2.331379068282413147e-02	1.480669458952135642e+01	2.743284419458425383e+00	7.723627615087678977e-02	2.815467313670838578e-02	7.619422084862985685e+03	6.101959793783017716e+01	-2.056256984044960850e-02	1.053309577474701997e-01	1.073192896847659783e-01	-4.850189219888738990e+01	-2.056256984044914013e-02	1.053309577474702968e-01	1.073192896847660061e-01	-4.850189219888738990e+01
1.524926686217009521e+12	1.656666350463314119e+00	2.367329814678967650e-02	1.513201954166927443e+01	2.743982971712289665e+00	7.843751288854397541e-02	2.858527683923552110e-02	7.447161135590183221e+03	6.086348897926738744e+01	2.246767534069671682e-02	9.982450091295777539e-02	1.023216859601915329e-01	-4.891606886679064559e+01	2.246767534069734132e-02	9.982450091295765049e-02	1.023216859601915607e-01	-4.891606886679065269e+01
1.534701857282503174e+12	1.656837061642128184e+00	2.336915206326190333e-02	1.503336265881923595e+01	2.744562931562765318e+00	7.743775447512585286e-02	2.821496770381303615e-02	7.391119913674901909e+03	6.081192304287929318e+01	6.129697310855113102e-02	8.377872262048645380e-02	1.038084451101684291e-01	-4.932634153803494570e+01	6.129697310855028447e-02	8.377872262048709218e-02	1.038084451101684291e-01	-4.932634153803493859e+01
1.544477028347996826e+12	1.656507537510736094e+00	2.301066530559086817e-02	1.489703334611532703e+01	2.743487731112077110e+00	7.623468104369611476e-02	2.778750572826300252e-02	7.052749112543638148e+03	6.049201464203949286e+01	8.881371831441907394e-02	5.769333813009502182e-02	1.059074965497081994e-01	-4.968938890525930674e+01	8.881371831441989273e-02	5.769333813009377976e-02	1.059074965497081994e-01	-4.968938890525932095e+01
1.554252199413490479e+12	1.655934318895378343e+00	2.326425228290978503e-02	1.515652884948927337e+01	2.741577243061217750e+00	7.704814751742093681e-02	2.810358442842549390e-02	7.109049799825612354e+03	6.054629396241995209e+01	9.912079659272604593e-02	2.391948555032196583e-02	1.019660438879955444e-01	-5.002869303205167739e+01	9.912079659272632348e-02	2.391948555032071683e-02	1.019660438879955028e-01	-5.002869303205169160e+01
1.564027370478984131e+12	1.655903446016067315e+00	2.389641503299135689e-02	1.566629364281878267e+01	2.741445183876457747e+00	7.914031200112107978e-02	2.886809937567860057e-02	6.891173545395468864e+03	6.033379987982276305e+01	9.351206115240115468e-02	-1.450170712773939108e-02	9.462983192730049786e-02	-5.041933538310396301e+01	9.351206115240094652e-02	-1.450170712774085172e-02	9.462983192730051174e-02	-5.041933538310398433e+01
1.573802541544477783e+12	1.656497228939344035e+00	2.405809214139275481e-02	1.587086462757195804e+01	2.743404277686241954e+00	7.970432593156900891e-02	2.905307343137585041e-02	6.730880843709198416e+03	6.017313238379778539e+01	7.553448673460488871e-02	-5.222005007859020775e-02	9.182805843787981981e-02	-5.087037300531054029e+01	7.553448673460488871e-02	-5.222005007859022163e-02	9.182805843787981981e-02	-5.087037300531054029e+01
1.583577712609971436e+12	1.656428424447414338e+00	2.354323532558377091e-02	1.562768632327938079e+01	2.743200841387747335e+00	7.799536839350286466e-02	2.843224864062307913e-02	6.388762861710562902e+03	5.981701828352071715e+01	5.202833351829314751e-02	-7.967614002212489166e-02	9.515899735451187336e-02	-5.125779912658153847e+01	5.202833351829247444e-02	-7.967614002212530799e-02	9.515899735451185948e-02	-5.125779912658154558e+01
1.593352883675465088e+12	1.655670727567635447e+00	2.324388819567649311e-02	1.552422432181962719e+01	2.740705279785890180e+00	7.696845056087293913e-02	2.808344666920402355e-02	5.985098681789050715e+03	5.937145855235314684e+01	2.470586705818466483e-02	-9.341109626243593311e-02	9.662304472560760693e-02	-5.157771398948563046e+01	2.470586705818470299e-02	-9.341109626243594699e-02	9.662304472560762081e-02	-5.157771398948563046e+01
1.603128054740958740e+12	1.654885670677494147e+00	2.385008905626601408e-02	1.602682078036251312e+01	2.738077756265707929e+00	7.893834124719349699e-02	2.882983913314884558e-02	4.047940752659426380e+03	5.670180274198352066e+01	-5.169315251865510934e-03	-8.962660204006826781e-02	8.977555131226952478e-02	-5.189389108434559716e+01	-5.169315251865040824e-03	-8.962660204006828168e-02	8.977555131226952478e-02	-5.189389108434559716e+01
1.612903225806452393e+12	1.655355024966996158e+00	2.435456156828817720e-02	1.646560858861694854e+01	2.739607114014301015e+00	8.063089174586783592e-02	2.943155291625765974e-02	5.288916857123973386e+03	5.852728095696478050e+01	-4.014338282973205912e-02	-7.399276758529924058e-02	8.418088167717499570e-02	-5.233336969078582257e+01	-4.014338282973276689e-02	-7.399276758529886588e-02	8.418088167717500958e-02	-5.233336969078583678e+01
1.622678396871946045e+12	1.656160705908394926e+00	2.417536442877141895e-02	1.644351447479333217e+01	2.742283835549728988e+00	8.007657723589355070e-02	2.920068892862838494e-02	5.515085771163927348e+03	5.881313775409267919e+01	-6.969182493375239429e-02	-4.768405841745611967e-02	8.444358998619232171e-02	-5.280702315599526031e+01	-6.969182493375275511e-02	-4.768405841745548823e-02	8.444358998619226619e-02	-5.280702315599526742e+01
1.632453567937439697e+12	1.655924023857127780e+00	2.347107124993002419e-02	1.606064232476936482e+01	2.741533481601562183e+00	7.773262149684294353e-02	2.835370132026720016e-02	5.685200090793899108e+03	5.902052498095421385e+01	-8.696930525113767685e-02	-2.034797393930588491e-02	8.931797187184803422e-02	-5.317724202484393459e+01	-8.696930525113771848e-02	-2.034797393930585369e-02	8.931797187184804809e-02	-5.317724202484393459e+01
1.642228739002933350e+12	1.654958959253644668e+00	2.382801694157124853e-02	1.640252503600268597e+01	2.738321382422538974e+00	7.886878023740193089e-02	2.880187137407088163e-02	5.595666175817274961e+03	5.891215946980745599e+01	-8.477952663880895801e-02	5.645949363385745906e-03	8.496731654768456543e-02	-5.347357259176628475e+01	-8.477952663880893025e-02	5.645949363385889021e-03	8.496731654768456543e-02	-5.347357259176628475e+01
1.652003910068427002e+12	1.654944091709255050e+00	2.484621043254589545e-02	1.720522637331609772e+01	2.738222612510512910e+00	8.223817831341337370e-02	3.003341581421464443e-02	5.154910757816549449e+03	5.835208440816087005e+01	-6.775797735973966562e-02	3.339808479133705293e-02	7.554187953454913340e-02	-5.386502871504493584e+01	-6.775797735973972113e-02	3.339808479133692110e-02	7.554187953454911952e-02	-5.386502871504492873e+01
1.661779081133920654e+12	1.656659352286575349e+00	2.359745223487264357e-02	1.643718959046739769e+01	2.743963369766598159e+00	7.818587987007502571e-02	2.849377682353155042e-02	2.026019082789684489e+03	5.197684475347497823e+01	-4.378063040384413962e-02	7.229192602367606746e-02	8.451547885902709056e-02	-5.443333798411736524e+01	-4.378063040384401472e-02	7.229192602367615073e-02	8.451547885902709056e-02	-5.443333798411737234e+01
1.671554252199414307e+12	1.657459641153090635e+00	2.130667828622658660e-02	1.492881671770849117e+01	2.746718487511738971e+00	7.062991869290692615e-02	2.571429107643673911e-02	6.742373604899307793e+02	4.446586487227433793e+01	-7.152992411800485582e-03	1.051572569212291808e-01	1.054002560890659329e-01	-5.490995419737943450e+01	-7.152992411801421466e-03	1.051572569212291530e-01	1.054002560890659468e-01	-5.490995419737942740e+01
1.681329423264907959e+12	1.656822745357744875e+00	2.472142005694857869e-02	1.742269718055196748e+01	2.744450460925142554e+00	8.191802209579111815e-02	2.984860658340209374e-02	2.592637526884477666e+03	5.366031325169997501e+01	1.883726209529279494e-02	7.068585394768105157e-02	7.315280166582584231e-02	-5.523831137943470537e+01	1.883726209529363455e-02	7.068585394768078789e-02	7.315280166582580068e-02	-5.523831137943471958e+01
1.691104594330401611e+12	1.655034269249979095e+00	2.357971071486422709e-02	1.671468141251211392e+01	2.738582429634415671e+00	7.805045858420243954e-02	2.850031378994194106e-02	4.923136282650201792e+03	5.803803162249311498e+01	3.669777845485713147e-02	7.239902026983426053e-02	8.116862127419467721e-02	-5.544700967812804038e+01	3.669777845485769352e-02	7.239902026983396910e-02	8.116862127419466333e-02	-5.544700967812804748e+01
1.700879765395895264e+12	1.654424168081290336e+00	2.485954876985350254e-02	1.772376638804238880e+01	2.736501330766428985e+00	8.225647658488229041e-02	3.005899381815546265e-02	5.034752942573376458e+03	5.819107578209050757e+01	5.015206777716871983e-02	4.886533090781405853e-02	7.002178566029212958e-02	-5.577626392810179112e+01	5.015206777716897657e-02	4.886533090781376709e-02	7.002178566029211570e-02	-5.577626392810179823e+01
1.710654936461388916e+12	1.655937878048417744e+00	2.508011750222816430e-02	1.798378670181120143e+01	2.741501243661570886e+00	8.306223311568937395e-02	3.029808332486867359e-02	3.944905930873096167e+03	5.652579027097041120e+01	6.575587699740717551e-02	1.474905962467401056e-02	6.738968852510250629e-02	-5.632801945447766201e+01	6.575587699740728653e-02	1.474905962467365321e-02	6.738968852510253404e-02	-5.632801945447766911e+01
1.720430107526882568e+12	1.647837331087989687e+00	1.482017021898077679e-02	1.068758020745890391e+01	2.715148232281869412e+00	4.884245947982997910e-02	1.798887401399138983e-02	2.004035937721125435e+02	3.618345429255206369e+01	1.526235483618130495e-01	1.237058070244087815e-01	1.964613809533846955e-01	-5.586753961297480942e+01	1.526235483618143540e-01	1.237058070244071162e-01	1.964613809533846678e-01	-5.586753961297481652e+01
1.730205278592376221e+12	1.655851094063872431e+00	2.438079899769822825e-02	1.768213604939175454e+01	2.741248422352756897e+00	8.074194538897995488e-02	2.945444299414527733e-02	3.556344212599250113e+03	5.581792258349337743e+01	5.976444170163541098e-02	-3.727339925707367357e-02	7.043503946251039594e-02	-5.710631142765943480e+01	5.976444170163525138e-02	-3.727339925707389562e-02	7.043503946251038206e-02	-5.710631142765944190e+01
1.739980449657869873e+12	1.654271130688203639e+00	2.365216926902212122e-02	1.725061203775027963e+01	2.736053548717297446e+00	7.825420159978802026e-02	2.860112209297758709e-02	4.745971852846055299e+03	5.778783838800708850e+01	5.321536738535174310e-02	-5.291906864062206201e-02	7.504867188530937872e-02	-5.733127420474211533e+01	5.321536738535103533e-02	-5.291906864062276283e-02	7.504867188530937872e-02	-5.733127420474212954e+01
1.749755620723363525e+12	1.653529052743895056e+00	2.485272965531912237e-02	1.822806858586913847e+01	2.733540670096802572e+00	8.218942105011987909e-02	3.006701965301629073e-02	5.094328855323076823e+03	5.827138076145288181e+01	2.976987960672897518e-02	-5.783167707417338071e-02	6.504420500713808950e-02	-5.764407223686157522e+01	2.976987960672963437e-02	-5.783167707417304765e-02	6.504420500713810338e-02	-5.764407223686156101e+01
1.759530791788857178e+12	1.654608480904442125e+00	2.557271527605042838e-02	1.886092012050371025e+01	2.737075261314315888e+00	8.462566315101524572e-02	3.091828140318613610e-02	4.923558021039407322e+03	5.803861639846616782e+01	-1.978050267609340364e-03	-5.924298294239981749e-02	5.927599607576970048e-02	-5.815284046124732242e+01	-1.978050267609585827e-03	-5.924298294239979668e-02	5.927599607576969354e-02	-5.815284046124732953e+01
1.769305962854350830e+12	1.655323503439221744e+00	2.509923538030239126e-02	1.861455222348906702e+01	2.739465929421623258e+00	8.309470848673564114e-02	3.033244823171763957e-02	4.151907080171725283e+03	5.687492265461002461e+01	-2.967668851827345161e-02	-5.380623683570239651e-02	6.144767663492510523e-02	-5.862349452750163437e+01	-2.967668851827426346e-02	-5.380623683570191079e-02	6.144767663492507748e-02	-5.862349452750164858e+01
1.779081133919844482e+12	1.654200518753465410e+00	2.416737619277361040e-02	1.802247442009968381e+01	2.735795294172191028e+00	7.995537246999251391e-02	2.922564149456429242e-02	4.838348902822798664e+03	5.791943752418483626e+01	-4.689122789781766804e-02	-4.789270442929945137e-02	6.702610231333247515e-02	-5.889429675871900827e+01	-4.689122789781832029e-02	-4.789270442929877136e-02	6.702610231333244739e-02	-5.889429675871902248e+01
1.788856304985338135e+12	1.653089727375736118e+00	2.464883133292490591e-02	1.848251001295177076e+01	2.732098081869106743e+00	8.149345973655067188e-02	2.982816037146025778e-02	4.605052347160115460e+03	5.758206858098971281e+01	-5.421665928502823056e-02	-3.143096550879117407e-02	6.266858652342223446e-02	-5.916487948955650467e+01	-5.421665928502841791e-02	-3.143096550879086876e-02	6.266858652342223446e-02	-5.916487948955650467e+01
1.798631476050831787e+12	1.652987393432591823e+00	2.627569394863525296e-02	1.981004878659913970e+01	2.731676910754591514e+00	8.686678170157421941e-02	3.179980083280725678e-02	2.637094623798539033e+03	5.377638030401551106e+01	-5.105354568754984224e-02	-7.451471430271250362e-03	5.159446630935227845e-02	-5.954532972552325276e+01	-5.105354568754977979e-02	-7.451471430271642410e-03	5.159446630935227845e-02	-5.954532972552324566e+01
1.808406647116325439e+12	1.653950094272500726e+00	2.574670627411310489e-02	1.951672461897681643e+01	2.734888021460048613e+00	8.516753453855151201e-02	3.114114138138786986e-02	4.246141796645908471e+03	5.702813282624970981e+01	-5.051315798372237043e-02	1.866672248250061603e-02	5.385188629683447525e-02	-6.004423723679690994e+01	-5.051315798372233573e-02	1.866672248250067501e-02	5.385188629683446832e-02	-6.004423723679690994e+01
1.818181818181819092e+12	1.654459971140537222e+00	2.461301277938414064e-02	1.875820374869287477e+01	2.736631995708269205e+00	8.144248882532312273e-02	2.976011716337656487e-02	4.352109600140225666e+03	5.719640899801632372e+01	-4.177019735280767393e-02	4.331723600777404037e-02	6.017584500649490048e-02	-6.049383833102512398e+01	-4.177019735280872170e-02	4.331723600777305505e-02	6.017584500649491436e-02	-6.049383833102510266e+01
1.827956989247312744e+12	1.653386663918158916e+00	2.436829254489000784e-02	1.867154405596538780e+01	2.733093646740865523e+00	8.058041983235486594e-02	2.948322679262917537e-02	4.350359479919724436e+03	5.719366324012914049e+01	-2.894619261946013156e-02	5.364278126028340643e-02	6.095432756172035338e-02	-6.076622531690195927e+01	-2.894619261946063810e-02	5.364278126028315663e-02	6.095432756172036726e-02	-6.076622531690195217e+01
1.837732160312806396e+12	1.652612253917303375e+00	2.539049418480715872e-02	1.955881462036909113e+01	2.730482584602680785e+00	8.392128364565668019e-02	3.073496389205803217e-02	4.170963175809043605e+03	5.690618333299595122e+01	-1.012012743236581289e-02	5.256620301305957310e-02	5.353151107952695831e-02	-6.107086222434932665e+01	-1.012012743236576778e-02	5.256620301305961473e-02	5.353151107952698606e-02	-6.107086222434932665e+01
1.847507331378300049e+12	1.653530097800087528e+00	2.625328468833042217e-02	2.033101119945344237e+01	2.733472549373840099e+00	8.682119279653709165e-02	3.176223328689557757e-02	4.039670658830753382e+03	5.668784140042226483e+01	1.437688175961945349e-02	4.558641269415398406e-02	4.779974635342537637e-02	-6.156656001630182118e+01	1.437688175961938236e-02	4.558641269415401182e-02	4.779974635342537637e-02	-6.156656001630182118e+01
1.857282502443793701e+12	1.654100891991140410e+00	2.529955569815873356e-02	1.969609011698789658e+01	2.735409693367361950e+00	8.369603529460779845e-02	3.059725769691769987e-02	3.737844568295370664e+03	5.615772540284367409e+01	3.625056198292969656e-02	3.791221153320494669e-02	5.245416120210774635e-02	-6.202405321677060357e+01	3.625056198292918308e-02	3.791221153320548792e-02	5.245416120210778799e-02	-6.202405321677058936e+01
1.867057673509287354e+12	1.652394696023989917e+00	2.398453824913106963e-02	1.877060438477215598e+01	2.729832973373190086e+00	7.926384757889738675e-02	2.903615288995243029e-02	2.550345532161935353e+03	5.354803653467178748e+01	4.922794483003659766e-02	3.445028765113495456e-02	6.008504698704219410e-02	-6.222125355043948502e+01	4.922794483003647276e-02	3.445028765113505170e-02	6.008504698704215247e-02	-6.222125355043948502e+01
1.876832844574780762e+12	1.652688917944125313e+00	2.379516491532071912e-02	1.871989787562951335e+01	2.730814449621976614e+00	7.865201071240682240e-02	2.880166784063066879e-02	2.267262575544364609e+03	5.274484396982037282e+01	5.949647048972079438e-02	1.113960741441572845e-02	6.053033003446721405e-02	-6.264676461297389665e+01	5.949647048972085683e-02	1.113960741441563998e-02	6.053033003446724875e-02	-6.264676461297389665e+01
1.886608015640274414e+12	1.651733242488325759e+00	2.579591605531977513e-02	2.039960655813588986e+01	2.727557275055865649e+00	8.521594413801998613e-02	3.124258651407222850e-02	3.346519376742926852e+03	5.540277907414214553e+01	4.711805120213258258e-02	-4.521219050401277702e-03	4.733447127399331711e-02	-6.292751532620921751e+01	4.711805120213252013e-02	-4.521219050401819803e-03	4.733447127399331017e-02	-6.292751532620922461e+01
1.896383186705768066e+12	1.653127228706671614e+00	2.649934017799158992e-02	2.106445939047368654e+01	2.732127419261531021e+00	8.761356158199719302e-02	3.206789001285977048e-02	3.490073379821796607e+03	5.568951114934866098e+01	3.420290195325841748e-02	-2.595009791411347078e-02	4.293304186493527436e-02	-6.348090557814140311e+01	3.420290195325872279e-02	-2.595009791411308914e-02	4.293304186493528130e-02	-6.348090557814138890e+01
1.906158357771261719e+12	1.653735457007514897e+00	2.517415931624205142e-02	2.011421625518880418e+01	2.734207223466574632e+00	8.326279972325106860e-02	3.045226382574105911e-02	3.512380226476588632e+03	5.573300483897233448e+01	2.183131294454428856e-02	-4.424789172215219668e-02	4.934047169148195189e-02	-6.394430656386838052e+01	2.183131294454474652e-02	-4.424789172215197464e-02	4.934047169148195883e-02	-6.394430656386836631e+01
1.915933528836755371e+12	1.652227593011064588e+00	2.435893911023137223e-02	1.956266277564751377e+01	2.729262661192560113e+00	8.049302266880133117e-02	2.949258926717945178e-02	3.091384089139295156e+03	5.486141376175719842e+01	1.288564779266308628e-02	-5.192946978036058064e-02	5.350429656304198089e-02	-6.415942446179138869e+01	1.288564779266326496e-02	-5.192946978036054595e-02	5.350429656304199477e-02	-6.415942446179137448e+01
1.925708699902249023e+12	1.650875459696866665e+00	2.369562927533214181e-02	1.912705030648550064e+01	2.724828300582586849e+00	7.823706574544096737e-02	2.871265896963612341e-02	1.472684536781747738e+03	4.979924381176537906e+01	6.574566170681759095e-04	-5.703734227381086069e-02	5.704113132523914304e-02	-6.439112313395105502e+01	6.574566170681978104e-04	-5.703734227381088151e-02	5.704113132523916385e-02	-6.439112313395105502e+01
1.935483870967742676e+12	1.651241076290163701e+00	2.617750840394797093e-02	2.123767768084362473e+01	2.725911830081659382e+00	8.645075430305970698e-02	3.171443527594578621e-02	3.430463746251813518e+03	5.557190657070520245e+01	-1.715737269705732912e-02	-3.819222343974425227e-02	4.186909802153705729e-02	-6.482486891135904727e+01	-1.715737269705735688e-02	-3.819222343974423839e-02	4.186909802153705729e-02	-6.482486891135904727e+01
1.945259042033236328e+12	1.652890132543800128e+00	2.651435165073117578e-02	2.161959806759491798e+01	2.731342779417202493e+00	8.765062042857996172e-02	3.209067023337228847e-02	3.662218781104553273e+03	5.601818935086301821e+01	-3.351911393897977903e-02	-2.105114902259002524e-02	3.958133239831122113e-02	-6.541266750715969636e+01	-3.351911393898003577e-02	-2.105114902258959850e-02	3.958133239831121419e-02	-6.541266750715971057e+01
1.955034213098729980e+12	1.652889615700083858e+00	2.515421800007062655e-02	2.061362368583985472e+01	2.731411347005975987e+00	8.315429144674574280e-02	3.044370872146186929e-02	3.699799259657315361e+03	5.608788505999818597e+01	-4.521397933028391269e-02	-7.703738137491948287e-03	4.586558086594334782e-02	-6.580468238892677846e+01	-4.521397933028394739e-02	-7.703738137491620425e-03	4.586558086594333394e-02	-6.580468238892677846e+01
1.964809384164223633e+12	1.651627382146482859e+00	2.467477562835631091e-02	2.032182920696289230e+01	2.727264164903734578e+00	8.150707015222793950e-02	2.988601955069685248e-02	3.633365698947818146e+03	5.596419215262135793e+01	-4.775718896238796696e-02	3.391898782789901003e-03	4.787749027405177604e-02	-6.604435049821994141e+01	-4.775718896238791145e-02	3.391898782790516396e-03	4.787749027405176216e-02	-6.604435049821996984e+01
1.974584555229717285e+12	1.650728222847094528e+00	2.578362533886213032e-02	2.134071071064112246e+01	2.724238870368312249e+00	8.512351606835040496e-02	3.124671518134599507e-02	3.618966614584311628e+03	5.593708433274611735e+01	-3.870412534429092805e-02	1.425284284249024071e-02	4.124503421939796494e-02	-6.632628660275487675e+01	-3.870412534429078927e-02	1.425284284249059459e-02	4.124503421939795106e-02	-6.632628660275490518e+01
1.984359726295210938e+12	1.651580377057821458e+00	2.686077618177116696e-02	2.234231257361418344e+01	2.726996240585368270e+00	8.872546170871074833e-02	3.253596773923869701e-02	3.540295985674082658e+03	5.578704723626917428e+01	-2.358130314391717469e-02	2.668607544004351906e-02	3.561213950827740032e-02	-6.682053067709284733e+01	-2.358130314391709489e-02	2.668607544004359539e-02	3.561213950827740726e-02	-6.682053067709286154e+01
1.994134897360704590e+12	1.652623933499292486e+00	2.592026731061770201e-02	2.166622110452681937e+01	2.730494005317220196e+00	8.567290824045230291e-02	3.137633998595763113e-02	3.502392351401932046e+03	5.571356482199510651e+01	-7.991700176284321361e-03	3.849258595962423701e-02	3.931343848567157850e-02	-6.733953367151525526e+01	-7.991700176284735960e-03	3.849258595962413293e-02	3.931343848567157157e-02	-6.733953367151525526e+01
2.003910068426198242e+12	1.651791796577891436e+00	2.471923312693493149e-02	2.076358699430632981e+01	2.727805098755634372e+00	8.166205299353515579e-02	2.993690899353022503e-02	3.509462333558105001e+03	5.572733128582432727e+01	3.800829041749538215e-03	4.471507011972611356e-02	4.487631666276355874e-02	-6.762903929427830008e+01	3.800829041750004422e-03	4.471507011972607193e-02	4.487631666276355874e-02	-6.762903929427832850e+01
