freq_roi_Hz	n_opt	k_opt	alpha_cm	eps_r	eps_i	loss_tan	DR	alpha_max	H_meas_real	H_meas_imag	H_meas_mag	H_meas_phase	H_model_real	H_model_imag	H_model_mag	H_model_phase
3.030303030303031616e+11	1.667557960261873973e+00	5.400625815374662797e-03	6.859924079137413866e-01	2.780720384073544160e+00	1.801171313764758641e-02	6.477355019515408999e-03	1.279853650365473368e+04	6.434048445568537034e+01	8.429104075717588351e-01	8.777687166761656556e-02	8.474684267821083195e-01	1.037614788063017657e-01	8.429104075715629918e-01	8.777687166963048238e-02	8.474684267821221972e-01	1.037614788086893003e-01
3.128054740957968140e+11	1.671868295114521175e+00	7.803265086485716359e-03	1.023151314110214205e+00	2.795082705263125966e+00	2.609206299293908085e-02	9.334987814066419629e-03	1.556644782113134170e+04	6.567250465210977950e+01	7.481815275081246108e-01	-2.996939421945167825e-01	8.059727396708159519e-01	-3.809917486222674232e-01	7.481815275089165329e-01	-2.996939421925801095e-01	8.059727396708309399e-01	-3.809917486196714442e-01
3.225806451612904663e+11	1.668910333688204073e+00	9.738182188994541980e-03	1.316756171849209789e+00	2.785166869698926906e+00	3.250430577310281510e-02	1.167050568019161079e-02	1.408947927574106143e+04	6.499427592747998972e+01	5.772495412452885999e-01	-5.130216153592717099e-01	7.722746989858807476e-01	-7.265561211292319577e-01	5.772495412467040232e-01	-5.130216153577050742e-01	7.722746989858980671e-01	-7.265561211264981445e-01
3.323558162267841187e+11	1.667435024947292233e+00	6.129927956755248236e-03	8.539802263245157565e-01	2.780301986404221992e+00	2.044251315099458385e-02	7.352623294505135527e-03	1.528311087841508925e+04	6.554752956776461303e+01	3.752247803136778415e-01	-7.367693013669098789e-01	8.268147550679850744e-01	-1.099749171856905461e+00	3.752247803155470685e-01	-7.367693013659742940e-01	8.268147550679996183e-01	-1.099749171854377483e+00
3.421309872922777710e+11	1.670149827926409980e+00	7.316764628655446183e-03	1.049302376014835669e+00	2.789346912677985735e+00	2.444018637105387429e-02	8.761974446408830539e-03	1.697695422426422374e+04	6.626262591059408180e+01	9.660209733921164624e-03	-8.030298075345237985e-01	8.030879101574357470e-01	-1.558767204469209355e+00	9.660209735997089125e-03	-8.030298075345129183e-01	8.030879101574498469e-01	-1.558767204466624312e+00
3.519061583577714233e+11	1.668464410262846087e+00	1.052465163396142447e-02	1.552471934415039945e+00	2.783662720021730763e+00	3.512001336335869583e-02	1.261647580748738451e-02	1.551383450296923183e+04	6.564947071742946605e+01	-2.590000613733595136e-01	-6.996246257695405424e-01	7.460265737723916768e-01	-1.925350925691068360e+00	-2.590000613714310562e-01	-6.996246257702680715e-01	7.460265737724043333e-01	-1.925350925688305681e+00
3.616813294232650757e+11	1.667355470321850719e+00	7.623746458057714843e-03	1.155802677070293827e+00	2.780016142902143272e+00	2.542299072237872923e-02	9.144907588859860909e-03	1.657058486472296863e+04	6.609779505664779720e+01	-5.291481487200918599e-01	-5.878760481416352990e-01	7.909462758446534902e-01	-2.303667536904070001e+00	-5.291481487185926147e-01	-5.878760481429998741e-01	7.909462758446648145e-01	-2.303667536901506718e+00
3.714565004887587280e+11	1.669609069630201281e+00	7.485202637196496783e-03	1.165468891589011902e+00	2.787538417132906510e+00	2.499472442216634296e-02	8.966593704518126262e-03	1.809716804992860853e+04	6.669735512931697485e+01	-7.319353265298667033e-01	-2.960901931387656116e-01	7.895560301177707574e-01	-2.757186750101439099e+00	-7.319353265291391741e-01	-2.960901931405971466e-01	7.895560301177831919e-01	-2.757186750098943318e+00
3.812316715542523804e+11	1.668594612555632795e+00	1.056649603000838801e-02	1.688531351035477357e+00	2.784096330211330184e+00	3.526239669852495456e-02	1.266565251923173173e-02	1.694992026120763694e+04	6.625178357277272312e+01	-7.312302222428833653e-01	-3.959463193776449619e-03	7.312409420089657219e-01	-3.136177909536785879e+00	-7.312302222428869181e-01	-3.959463195675973560e-03	7.312409420089794887e-01	-3.136177909534188402e+00
3.910068426197460327e+11	1.666726993791522782e+00	8.944060893850715871e-03	1.465913235613665044e+00	2.777898875608054041e+00	2.981461545179224862e-02	1.073279366415601753e-02	1.891221067573757318e+04	6.699706133234899141e+01	-7.093020433950590897e-01	2.609335814972645329e-01	7.557749153798344333e-01	-3.494101036402824434e+00	-7.093020433957122339e-01	2.609335814955218713e-01	7.557749153798456465e-01	-3.494101036400361959e+00
4.007820136852396851e+11	1.669265509305829287e+00	7.968205893069586071e-03	1.338621917595140154e+00	2.786383848252895312e+00	2.660210253669702610e-02	9.547177986039843967e-03	1.848886689685875535e+04	6.684303868122280790e+01	-5.268954318580911789e-01	5.611625420256043384e-01	7.697546327795387056e-01	-3.958474238203698370e+00	-5.268954318593869202e-01	5.611625420244020779e-01	7.697546327795492527e-01	-3.958474238201401985e+00
4.105571847507333374e+11	1.668987394605555341e+00	1.064484971999852224e-02	1.831902487572770521e+00	2.785405610526678455e+00	3.553224000029601981e-02	1.275657658834736252e-02	1.931576505809455193e+04	6.714070744529792023e+01	-2.510561608029268088e-01	6.704890496134341404e-01	7.159502507357834444e-01	-4.354111660166468667e+00	-2.510561608045130955e-01	6.704890496128509403e-01	7.159502507357935475e-01	-4.354111660164107889e+00
4.203323558162269897e+11	1.666541154206795161e+00	9.395519919344182125e-03	1.655399427212182362e+00	2.777271142870362475e+00	3.131604122151357417e-02	1.127583142247603858e-02	1.982128061659120067e+04	6.731647051153055372e+01	-1.362112362188274382e-02	7.349102946285942517e-01	7.350365134874660145e-01	-4.693856699214094874e+00	-1.362112362350592978e-02	7.349102946285738236e-01	7.350365134874755624e-01	-4.693856699211886863e+00
4.301075268817206421e+11	1.668124378051419665e+00	8.540713931466988734e-03	1.539786045348686017e+00	2.782565996854976298e+00	2.849394623008693131e-02	1.024016906060539259e-02	1.960626097196259070e+04	6.724226439129428456e+01	3.081801117779660593e-01	6.809665735432003375e-01	7.474559890579822730e-01	-5.137372054453492431e+00	3.081801117765260445e-01	6.809665735438615863e-01	7.474559890579909327e-01	-5.137372054451372350e+00
4.398826979472142944e+11	1.668753085095411759e+00	1.129355599446286648e-02	2.082364496580139335e+00	2.784609314608454511e+00	3.769231281491537688e-02	1.353594294796622681e-02	2.050386443676075578e+04	6.754681536531734309e+01	5.157122224641392805e-01	4.585573808274118202e-01	6.900970713676430890e-01	-5.556384281960862204e+00	5.157122224631806029e-01	4.585573808285030029e-01	6.900970713676517487e-01	-5.556384281958758109e+00
4.496578690127079468e+11	1.666915522988152265e+00	1.068601363086142501e-02	2.014128073795586005e+00	2.778493169891546266e+00	3.562536400029179401e-02	1.282182889140676477e-02	2.018435537627851227e+04	6.743996392146799224e+01	6.488301960807530966e-01	2.552849459768512519e-01	6.972453133500378097e-01	-5.908334593052654959e+00	6.488301960802539403e-01	2.552849459781402763e-01	6.972453133500452482e-01	-5.908334593050672545e+00
4.594330400782015991e+11	1.667863280144574301e+00	9.009736919451893922e-03	1.735095946766753494e+00	2.781686745895260771e+00	3.005401874343341731e-02	1.080424270913395157e-02	2.138914650504156089e+04	6.783439738539834707e+01	7.252777849590343884e-01	-3.912060014453613149e-02	7.263320774347998832e-01	-6.337071870355086567e+00	7.252777849591118819e-01	-3.912060014321015050e-02	7.263320774348057673e-01	-6.337071870353257808e+00
4.692082111436951904e+11	1.668331807308082837e+00	1.099478502333230481e-02	2.162427257110139500e+00	2.783210133978144984e+00	3.668589913787965312e-02	1.318114600475499970e-02	2.132114746241722241e+04	6.781273393727509813e+01	6.083057564207245971e-01	-3.085107705229597763e-01	6.820665574731401559e-01	-6.752547664328143462e+00	6.083057564212833723e-01	-3.085107705218705365e-01	6.820665574731457070e-01	-6.752547664326348453e+00
4.789833822091888428e+11	1.666454305437871986e+00	1.157188478420318606e-02	2.323345022207160770e+00	2.776936043594961490e+00	3.856803444133279773e-02	1.388870101286288593e-02	2.253705032762526025e+04	6.819005963280123694e+01	4.563310898245211966e-01	-4.855231399416596871e-01	6.663113258524454574e-01	-7.099567785209613291e+00	4.563310898253574721e-01	-4.855231399408795889e-01	6.663113258524496763e-01	-7.099567785207897330e+00
4.887585532746824951e+11	1.667248856341779772e+00	1.008487152383500535e-02	2.066112197483076507e+00	2.779617044339320220e+00	3.362798102893539004e-02	1.209806260809151608e-02	2.247679393445467213e+04	6.817184525810490925e+01	2.234756568539927879e-01	-6.548194609299524682e-01	6.919030969860715530e-01	-7.525097754430712271e+00	2.234756568550143596e-01	-6.548194609296086321e-01	6.919030969860761049e-01	-7.525097754429154406e+00
4.985337243401761475e+11	1.668429284785792888e+00	1.115829212250640801e-02	2.331747020372090251e+00	2.783531770847741171e+00	3.723364269076862715e-02	1.337640298584732816e-02	2.409128154689965959e+04	6.864377516404952928e+01	-7.242023177843937010e-02	-6.613381020904712804e-01	6.652914964490899141e-01	-7.963052654381400863e+00	-7.242023177743969753e-02	-6.613381020905847452e-01	6.652914964490939109e-01	-7.963052654379888295e+00
5.083088954056697998e+11	1.666491767925263989e+00	1.179797992389510115e-02	2.513764124368005337e+00	2.777055620232387501e+00	3.932247284263743620e-02	1.415977143423107973e-02	2.398322250128005544e+04	6.861319047811227279e+01	-2.823283709757951621e-01	-5.831700799309008643e-01	6.479171638291884028e-01	-8.304850384432874932e+00	-2.823283709749634385e-01	-5.831700799313082051e-01	6.479171638291927326e-01	-8.304850384431444965e+00
5.180840664711634521e+11	1.666296776724534467e+00	1.065277871966701338e-02	2.313408371900385951e+00	2.776431466428122885e+00	3.550138168748171591e-02	1.278669476151493740e-02	2.521052120597845351e+04	6.895272779223033410e+01	-4.996615379769827614e-01	-4.422987955267407290e-01	6.673004398754203148e-01	-8.700201881348011312e+00	-4.996615379764091647e-01	-4.422987955273959271e-01	6.673004398754250888e-01	-8.700201881346705690e+00
5.278592375366571045e+11	1.667936459015417539e+00	1.186014897237286717e-02	2.624203022289470333e+00	2.781871368179242854e+00	3.956394976074988773e-02	1.422206296570959448e-02	2.521343408741411622e+04	6.895351382902873638e+01	-6.142309991160429528e-01	-1.700902041701828071e-01	6.373463719436603947e-01	-9.154631616979637343e+00	-6.142309991158365623e-01	-1.700902041709399237e-01	6.373463719436636143e-01	-9.154631616978406328e+00
5.376344086021507568e+11	1.666831388984873374e+00	1.262028419215987032e-02	2.844103204274599506e+00	2.778167607732151545e+00	4.207177165880335301e-02	1.514371254697156194e-02	2.657689042292060913e+04	6.931181641710081465e+01	-6.143712563185882436e-01	5.879537275430477689e-02	6.171782047737898180e-01	-9.520187470135283547e+00	-6.143712563186604081e-01	5.879537275358274334e-02	6.171782047737929267e-01	-9.520187470134107599e+00
5.474095796676444092e+11	1.666310818784729308e+00	1.102245009612588811e-02	2.529179748124872340e+00	2.776470250392913730e+00	3.673365568937869696e-02	1.323034370138859335e-02	2.492081978354668536e+04	6.887409510474762442e+01	-5.735029905798223471e-01	2.983537697923024923e-01	6.464678276242971089e-01	-9.904478705095215219e+00	-5.735029905801394268e-01	2.983537697916995857e-01	6.464678276243001065e-01	-9.904478705094161839e+00
5.571847507331380615e+11	1.667074260566807409e+00	1.122391200523472840e-02	2.621396023207646309e+00	2.779010614043666560e+00	3.742218961358719648e-02	1.346601176133513725e-02	1.827662228737384066e+04	6.676448652265882799e+01	-3.928023084578068369e-01	5.023513060019942911e-01	6.376915305786108323e-01	-1.033195070810434757e+01	-3.928023084583033286e-01	5.023513060016094878e-01	6.376915305786134969e-01	-1.033195070810336347e+01
5.669599217986317139e+11	1.666231463860986972e+00	1.299869845381309945e-02	3.089167022256036343e+00	2.776158324998834637e+00	4.331768070596909992e-02	1.560346191926473974e-02	2.484837157827257033e+04	6.885428784793137424e+01	-1.711530405703703406e-01	5.702662207762908553e-01	5.953964442747001762e-01	-1.070399977605151420e+01	-1.711530405707532010e-01	5.702662207761785007e-01	5.953964442747026187e-01	-1.070399977605084452e+01
5.767350928641253662e+11	1.665966301054632615e+00	1.242664336432568878e-02	3.004134505272264555e+00	2.775289294784350602e+00	4.140473816038152399e-02	1.491907104538404971e-02	2.571315086977635656e+04	6.908703505120332977e+01	6.039212056833705156e-02	5.998760334852847320e-01	6.029083377900649188e-01	-1.109591055349260813e+01	6.039212056787864741e-02	5.998760334853329157e-01	6.029083377900669172e-01	-1.109591055349184252e+01
5.865102639296190186e+11	1.667372285812026345e+00	1.229156075384905782e-02	3.021842395069937570e+00	2.779979257028255990e+00	4.098921550068539144e-02	1.474443213813834974e-02	2.569359717596566043e+04	6.908185939192124181e+01	3.153988042942206249e-01	5.118419141089239899e-01	6.012142303612841854e-01	-1.154782304387128278e+01	3.153988042938714598e-01	5.118419141091412605e-01	6.012142303612859617e-01	-1.154782304387060066e+01
5.962854349951126709e+11	1.666620251659024277e+00	1.309481233349182004e-02	3.272974646715463898e+00	2.777451589129940057e+00	4.364815885334366596e-02	1.571518258830096118e-02	2.560722083395115260e+04	6.905894924326527473e+01	4.632944210043099531e-01	3.480941687050111422e-01	5.794922525971780702e-01	-1.192200895493602530e+01	4.632944210041986532e-01	3.480941687051604116e-01	5.794922525971787364e-01	-1.192200895493570556e+01
6.060606060606063232e+11	1.665444678753006391e+00	1.254150481806433869e-02	3.186066720087659121e+00	2.773548688643602933e+00	4.177436492560088893e-02	1.506170239471459928e-02	2.602323056587280735e+04	6.916858796059334225e+01	5.630847819538367105e-01	1.660055846873529917e-01	5.870454205727098085e-01	-1.227967787980431957e+01	5.630847819537689869e-01	1.660055846875866103e-01	5.870454205727109187e-01	-1.227967787980390568e+01
6.158357771260999756e+11	1.666177161166828791e+00	1.275614753255334237e-02	3.292862606528131231e+00	2.775983613094080482e+00	4.250800336642995142e-02	1.531277172023757203e-02	2.618575090691312653e+04	6.921094454052955314e+01	5.720360538762232494e-01	-8.168594510127138997e-02	5.778389399835989204e-01	-1.270821029213858289e+01	5.720360538762457869e-01	-8.168594510111475138e-02	5.778389399835992535e-01	-1.270821029213830933e+01
6.256109481915936279e+11	1.666258758037852061e+00	1.406351131062204621e-02	3.687969053720073553e+00	2.776220466387461006e+00	4.686689778017675417e-02	1.688154753831996868e-02	2.658214982774219970e+04	6.931316263837405245e+01	4.659582345386519830e-01	-2.831250485382484361e-01	5.452310239193685071e-01	-1.311237345090349038e+01	4.659582345386668045e-01	-2.831250485382242887e-01	5.452310239193685071e-01	-1.311237345090343887e+01
6.353861192570872803e+11	1.665619989181444494e+00	1.346995717341621310e-02	3.587509823474950732e+00	2.774108508614541613e+00	4.487165984292006832e-02	1.617516391430920755e-02	2.656069399662512296e+04	6.930766903180602867e+01	3.342218700594244973e-01	-4.410680013670722488e-01	5.533942900464030590e-01	-1.348872052224218798e+01	3.342218700594584702e-01	-4.410680013670466026e-01	5.533942900464031700e-01	-1.348872052224211160e+01
6.451612903225809326e+11	1.666066795051882377e+00	1.285828067800716228e-02	3.477285619336621725e+00	2.775613230192456538e+00	4.284550895816987420e-02	1.543641185021986557e-02	2.598541017384030420e+04	6.915869314788338329e+01	1.280580457330560695e-01	-5.476214502447888099e-01	5.623949820590286031e-01	-1.390745066758913495e+01	1.280580457331254862e-01	-5.476214502447726007e-01	5.623949820590286031e-01	-1.390745066758900705e+01
6.549364613880745850e+11	1.665845745256376853e+00	1.392180514087046524e-02	3.821940140903236749e+00	2.774848230330393406e+00	4.638315972041483909e-02	1.671556635545870181e-02	2.638343842092431441e+04	6.926211354722093461e+01	-8.641809828498170365e-02	-5.276019821953503719e-01	5.346325273752575713e-01	-1.429951940549270795e+01	-8.641809828496804791e-02	-5.276019821953527034e-01	5.346325273752576823e-01	-1.429951940549268130e+01
6.647116324535682373e+11	1.665012219992147768e+00	1.409057012875033349e-02	3.926006423723495065e+00	2.772067148556626837e+00	4.692194290205127516e-02	1.692669779896306334e-02	2.566930211155080178e+04	6.907542325112987669e+01	-2.658445908617372289e-01	-4.545504552315662861e-01	5.265828166980657254e-01	-1.466637348995061352e+01	-2.658445908617322329e-01	-4.545504552315692837e-01	5.265828166980657254e-01	-1.466637348995060286e+01
6.744868035190618896e+11	1.665607072659738064e+00	1.368327644087243347e-02	3.868590127211720020e+00	2.774059688439984850e+00	4.558192403415098348e-02	1.643148639666954999e-02	2.514800391855467024e+04	6.893583566569834886e+01	-4.333073857206248825e-01	-3.069260917768273922e-01	5.309980379751321200e-01	-1.509166628922688780e+01	-4.333073857206187762e-01	-3.069260917768354968e-01	5.309980379751317869e-01	-1.509166628922686826e+01
6.842619745845555420e+11	1.665818354330079964e+00	1.430968271510707664e-02	4.104323381997192932e+00	2.774746022603568729e+00	4.767466422293051981e-02	1.718163170054640143e-02	2.487563180745775389e+04	6.886174753205443722e+01	-5.019899041521855843e-01	-1.052191428557061881e-01	5.128985590679798756e-01	-1.550135028064459064e+01	-5.019899041521852512e-01	-1.052191428557082420e-01	5.128985590679799866e-01	-1.550135028064458709e+01
6.940371456500491943e+11	1.664860284005099000e+00	1.436416039681839146e-02	4.178805158192180791e+00	2.771553436153633587e+00	4.782864031548372807e-02	1.725697931404865729e-02	2.387875387386153670e+04	6.858349071883762349e+01	-5.014281227757332315e-01	7.753341617538431207e-02	5.073870247988424564e-01	-1.586137352583845583e+01	-5.014281227757332315e-01	7.753341617538375696e-02	5.073870247988423454e-01	-1.586137352583845583e+01
7.038123167155428467e+11	1.664970031486055824e+00	1.405031029403750256e-02	4.145070670259469736e+00	2.771927794527319300e+00	4.678669114530494694e-02	1.687875536934150406e-02	2.324333912735600825e+04	6.839999918919392030e+01	-4.323845665708501151e-01	2.702631549626677288e-01	5.099005651487716895e-01	-1.626660050262121260e+01	-4.323845665708531683e-01	2.702631549626625107e-01	5.099005651487715784e-01	-1.626660050262120194e+01
7.135874877810364990e+11	1.665432754478264554e+00	1.476657213562477394e-02	4.416884866523932196e+00	2.773448208036422891e+00	4.918546581207111634e-02	1.773440934269113201e-02	2.303199372477524594e+04	6.833785460989342653e+01	-2.731437501659165767e-01	4.066832676302883365e-01	4.898967119966712302e-01	-1.668732350689284161e+01	-2.731437501659181311e-01	4.066832676302871707e-01	4.898967119966710637e-01	-1.668732350689283805e+01
7.233626588465301514e+11	1.664912627569255177e+00	1.494761810856855971e-02	4.532285306379256973e+00	2.771710626152442014e+00	4.977295628207731998e-02	1.795748654727704827e-02	2.291366238936382797e+04	6.830281064414776893e+01	-1.022400250574915931e-01	4.707194652222801978e-01	4.816947556937961061e-01	-1.706488208245866289e+01	-1.022400250574925923e-01	4.707194652222799203e-01	4.816947556937960506e-01	-1.706488208245865934e+01
7.331378299120238037e+11	1.664732107733998046e+00	1.436365729848681702e-02	4.414076194436004741e+00	2.771126675869491240e+00	4.782328297855756305e-02	1.725770366075096013e-02	2.304293987666098838e+04	6.834108722307175299e+01	8.703218374103054156e-02	4.823615490992012589e-01	4.901502474304319512e-01	-1.745726838341879628e+01	8.703218374102958399e-02	4.823615490992014254e-01	4.901502474304318957e-01	-1.745726838341879628e+01
7.429130009775174561e+11	1.664873988602320942e+00	1.484863098515930811e-02	4.623954309504040516e+00	2.771584916082467487e+00	4.944219898709237282e-02	1.783896235695245705e-02	2.267028798737955367e+04	6.823016258038778403e+01	2.625416659167132405e-01	3.961502828768530549e-01	4.752506422570450528e-01	-1.786403359418581616e+01	2.625416659167119637e-01	3.961502828768538320e-01	4.752506422570449418e-01	-1.786403359418581260e+01
7.526881720430111084e+11	1.664332255885658363e+00	1.535404851472025288e-02	4.844256839240160595e+00	2.769766111175652412e+00	5.110847640296439787e-02	1.845227154623209007e-02	1.807683024678073343e+04	6.668970507444366547e+01	3.770808193567015132e-01	2.637120140375300292e-01	4.601455972564029717e-01	-1.823926536491255845e+01	3.770808193567008471e-01	2.637120140375310284e-01	4.601455972564029717e-01	-1.823926536491255490e+01
7.624633431085047607e+11	1.664462923619800083e+00	1.514468680282724314e-02	4.840257053154212841e+00	2.770207462566616652e+00	5.041553934628006939e-02	1.819919266969619726e-02	2.303466206337415861e+04	6.833864276416240102e+01	4.508584219991975672e-01	9.328104015456270548e-02	4.604070689508619196e-01	-1.864553796890067972e+01	4.508584219991965680e-01	9.328104015456806231e-02	4.604070689508619751e-01	-1.864553796890066550e+01
7.722385141739984131e+11	1.664970993580688896e+00	1.528629676512662829e-02	4.948150555937583128e+00	2.771894738596274887e+00	5.090248142640430712e-02	1.836378586734574783e-02	2.359784393257172997e+04	6.850298076709118789e+01	4.421759983830081953e-01	-9.902556240489651662e-02	4.531287626664368684e-01	-1.906987126746485472e+01	4.421759983830086393e-01	-9.902556240489356065e-02	4.531287626664367574e-01	-1.906987126746485117e+01
7.820136852394920654e+11	1.664500287112601562e+00	1.555691169152067024e-02	5.099491835873396717e+00	2.770319188296555435e+00	5.178896795424308558e-02	1.869422417930392474e-02	2.326885056316939517e+04	6.840746239020283781e+01	3.662606615493656514e-01	-2.495435265971565064e-01	4.431916559064765782e-01	-1.944763989631130841e+01	3.662606615493652629e-01	-2.495435265971570060e-01	4.431916559064765226e-01	-1.944763989631131196e+01
7.917888563049857178e+11	1.664006668006084322e+00	1.536790943412451663e-02	5.100506892102536938e+00	2.768682018528335398e+00	5.114460754339360954e-02	1.847254657672064634e-02	2.333270825822702682e+04	6.842610771896063682e+01	2.489661100712586006e-01	-3.666129778580722864e-01	4.431582104598508209e-01	-1.982379269921781528e+01	2.489661100712600161e-01	-3.666129778580714538e-01	4.431582104598509320e-01	-1.982379269921781173e+01
8.015640273704793701e+11	1.664328659584219494e+00	1.567823705017808503e-02	5.267743335516564152e+00	2.769744079996403041e+00	5.218747850873307892e-02	1.884198575804911513e-02	2.268959198222176565e+04	6.823595329686044408e+01	7.774757223817037322e-02	-4.253294302701288720e-01	4.323769295913485466e-01	-2.023955453660951420e+01	7.774757223816887441e-02	-4.253294302701292051e-01	4.323769295913486022e-01	-2.023955453660951775e+01
8.113391984359730225e+11	1.664170654020867612e+00	1.623111088404093072e-02	5.520009999230158115e+00	2.769200516743712370e+00	5.402267683075923782e-02	1.950840197526909625e-02	2.292351331053508693e+04	6.830573490411651960e+01	-8.739319219948019080e-02	-4.073798166871491766e-01	4.166483950369550548e-01	-2.063167443771123644e+01	-8.739319219948021855e-02	-4.073798166871491766e-01	4.166483950369550548e-01	-2.063167443771123644e+01
8.211143695014666748e+11	1.663875370546285204e+00	1.601026299218625409e-02	5.510503459147816585e+00	2.768224920189458871e+00	5.327816453733476287e-02	1.924632790809800709e-02	2.170736830956444101e+04	6.793487114555551898e+01	-2.343633653841966646e-01	-3.452112672663116277e-01	4.172493332311260628e-01	-2.101677521518973890e+01	-2.343633653841960818e-01	-3.452112672663119608e-01	4.172493332311260072e-01	-2.101677521518973890e+01
8.308895405669603271e+11	1.664072895485129600e+00	1.592245923435842495e-02	5.545524122194505523e+00	2.768885076780193355e+00	5.299226568272552562e-02	1.913848506285704965e-02	2.209982521007459945e+04	6.805677435403727316e+01	-3.507129461539724713e-01	-2.220451771573887512e-01	4.150947256938533614e-01	-2.142672779920238924e+01	-3.507129461539726378e-01	-2.220451771573883903e-01	4.150947256938533059e-01	-2.142672779920238924e+01
8.406647116324539795e+11	1.663908452100123947e+00	1.647582293162182243e-02	5.805760208693137692e+00	2.768319884228956695e+00	5.482852206246118659e-02	1.980570322628457530e-02	2.063664277296930959e+04	6.759073068692133290e+01	-3.935580713951375986e-01	-6.880299060938808997e-02	3.995269791604263987e-01	-2.181807468413344253e+01	-3.935580713951384313e-01	-6.880299060938412092e-02	3.995269791604264542e-01	-2.181807468413345319e+01
8.504398826979476318e+11	1.663575320547872272e+00	1.640195448809093903e-02	5.846936570440822045e+00	2.767213823024926356e+00	5.457177339027498991e-02	1.972083723209394276e-02	2.112748942251762855e+04	6.775065678653288614e+01	-3.884666360464863466e-01	8.252682012046197446e-02	3.971360010883782099e-01	-2.220047894384038756e+01	-3.884666360464873458e-01	8.252682012045652049e-02	3.971360010883781544e-01	-2.220047894384037335e+01
8.602150537634412842e+11	1.663733443774856324e+00	1.628044266565005851e-02	5.870328553285584228e+00	2.767743919121553819e+00	5.417263388460214629e-02	1.957284903069928667e-02	2.020277151496699662e+04	6.744616850487439308e+01	-3.227056387605443666e-01	2.291064770146608032e-01	3.957634484106892225e-01	-2.260852453823128627e+01	-3.227056387605452548e-01	2.291064770146595819e-01	3.957634484106892225e-01	-2.260852453823128272e+01
8.699902248289349365e+11	1.663602295329133174e+00	1.669004087231615308e-02	6.086406213057361292e+00	2.767294039560041163e+00	5.553118060864439820e-02	2.006696065354624664e-02	2.089225668756014784e+04	6.767448294645768669e+01	-2.039060477450002629e-01	3.246802325207761575e-01	3.833991780073759958e-01	-2.300117603513480802e+01	-2.039060477449996800e-01	3.246802325207765461e-01	3.833991780073760514e-01	-2.300117603513481157e+01
8.797653958944285889e+11	1.663191541346209945e+00	1.690321317423867931e-02	6.233404431592299844e+00	2.765920384589968251e+00	5.622656234593118030e-02	2.032833723602150630e-02	2.045619513234821352e+04	6.753097973297191459e+01	-6.843199400306539115e-02	3.689343895717481225e-01	3.752272932662468197e-01	-2.337854370541890248e+01	-6.843199400306718139e-02	3.689343895717477895e-01	3.752272932662468197e-01	-2.337854370541889892e+01
8.895405669599222412e+11	1.663416215417764965e+00	1.692496734232408137e-02	6.310775910362718122e+00	2.766667051195221383e+00	5.630653024527598055e-02	2.035175509136566765e-02	2.044448859997155887e+04	6.752708520620326738e+01	8.396800838893787866e-02	3.613438897747849876e-01	3.709717416601656659e-01	-2.379026968698799749e+01	8.396800838893667129e-02	3.613438897747853207e-01	3.709717416601656659e-01	-2.379026968698799394e+01
8.993157380254158936e+11	1.663561449541078652e+00	1.714934276237139316e-02	6.464706839804197358e+00	2.767142596442033309e+00	5.705797100889472423e-02	2.061981593657635781e-02	2.018303097475684990e+04	6.743951749902589654e+01	2.153842151578184982e-01	2.917796669506885210e-01	3.626647683260729726e-01	-2.419783442299097587e+01	2.153842151578194697e-01	2.917796669506878549e-01	3.626647683260729726e-01	-2.419783442299097942e+01
9.090909090909095459e+11	1.663194323730633251e+00	1.708441523240694995e-02	6.510233930508292133e+00	2.765923481245965210e+00	5.682940487759281095e-02	2.054626791482780726e-02	1.979383643055041102e+04	6.730704409861593263e+01	3.060341407261977786e-01	1.900908411563875244e-01	3.602657674294980628e-01	-2.457692058584620654e+01	3.060341407261966684e-01	1.900908411563893008e-01	3.602657674294980628e-01	-2.457692058584619943e+01
9.188660801564031982e+11	1.662911795095005196e+00	1.697277376827761169e-02	6.537236599472009857e+00	2.764987563216703137e+00	5.644845138949587671e-02	2.041544495188450312e-02	1.897729906422757267e+04	6.702043581133689543e+01	3.535353485134146712e-01	6.155351257031756174e-02	3.588538387118714312e-01	-2.496036069292896897e+01	3.535353485134148377e-01	6.155351257031675682e-02	3.588538387118714312e-01	-2.496036069292897253e+01
9.286412512218968506e+11	1.662931237599966749e+00	1.747567812171177057e-02	6.802541025765115990e+00	2.765034901659943145e+00	5.812170209367363560e-02	2.102024175491645080e-02	1.926511822699767072e+04	6.712284514693104143e+01	3.362043147671631149e-01	-7.797709617433129514e-02	3.451286264508330315e-01	-2.536064534494760991e+01	3.362043147671635035e-01	-7.797709617432983797e-02	3.451286264508330315e-01	-2.536064534494760636e+01
9.384164222873903809e+11	1.662826757554813462e+00	1.781856384192798126e-02	7.009022559799742425e+00	2.764675324422865454e+00	5.925836947511309294e-02	2.143411522923888493e-02	1.805997308506847548e+04	6.668335773489525309e+01	2.722916097256206647e-01	-1.948322123535926875e-01	3.348168330558742301e-01	-2.575381268380012045e+01	2.722916097256217194e-01	-1.948322123535912720e-01	3.348168330558742301e-01	-2.575381268380011690e+01
9.481915933528840332e+11	1.662951175056599507e+00	1.766739524846861961e-02	7.021950872118297937e+00	2.765094473767259142e+00	5.876003137726054648e-02	2.125064150057913784e-02	1.804214834579506714e+04	6.667663961921689975e+01	1.727384263491649474e-01	-2.860669481980844808e-01	3.341748985021936735e-01	-2.616029992249879044e+01	1.727384263491652527e-01	-2.860669481980841478e-01	3.341748985021935070e-01	-2.616029992249879044e+01
9.579667644183776855e+11	1.662985543807505628e+00	1.762098665724803198e-02	7.075706749583754451e+00	2.765210419741970682e+00	5.860689215725684020e-02	2.119436978062798002e-02	1.701065994338795645e+04	6.627611988988408598e+01	4.689840107359644766e-02	-3.282093908010054739e-01	3.315431559137166917e-01	-2.656160662532085581e+01	4.689840107359758564e-02	-3.282093908010052519e-01	3.315431559137166362e-01	-2.656160662532085226e+01
9.677419354838713379e+11	1.662558689956525448e+00	1.785510925279302705e-02	7.242879066555424572e+00	2.763782592623528878e+00	5.937033409670842282e-02	2.148155005215187860e-02	1.645588961259806820e+04	6.605054068970733283e+01	-7.434526639917017621e-02	-3.148583286506241308e-01	3.235165927068162084e-01	-2.693541339700014703e+01	-7.434526639916923252e-02	-3.148583286506244083e-01	3.235165927068162639e-01	-2.693541339700014348e+01
9.775171065493649902e+11	1.662359120628939202e+00	1.793122204685603308e-02	7.347226288252878490e+00	2.763116317214126205e+00	5.961626102722768217e-02	2.157573340500372125e-02	1.563070410857685420e+04	6.570053046864819635e+01	-1.848285541403733856e-01	-2.595104778212197205e-01	3.186020755183787689e-01	-2.732241787095064467e+01	-1.848285541403750787e-01	-2.595104778212184438e-01	3.186020755183787134e-01	-2.732241787095065177e+01
9.872922776148586426e+11	1.662531011636186662e+00	1.811147742837757729e-02	7.495295856606052354e+00	2.763681339037403539e+00	6.022178578245306751e-02	2.179042313301882139e-02	1.395668109600307798e+04	6.492984729197873150e+01	-2.669645961439584547e-01	-1.609615103257492075e-01	3.117349890542495672e-01	-2.773176125392224023e+01	-2.669645961439587323e-01	-1.609615103257489577e-01	3.117349890542497337e-01	-2.773176125392224023e+01
9.970674486803522949e+11	1.662482929880728211e+00	1.840679520956375187e-02	7.692931752150387936e+00	2.763510682034923338e+00	6.120196565942019606e-02	2.214645525247395039e-02	1.512878970255235436e+04	6.547848290887405653e+01	-2.995658046861028323e-01	-4.421906274957066590e-02	3.028118175495844167e-01	-2.812778165439936018e+01	-2.995658046861026103e-01	-4.421906274957291411e-02	3.028118175495845277e-01	-2.812778165439934952e+01
1.006842619745845947e+12	1.662270128934600244e+00	1.835646376058245113e-02	7.747110906950300802e+00	2.762805021786459037e+00	6.102680276417341704e-02	2.208871139401391223e-02	1.587351514042674717e+04	6.580540385022257510e+01	-2.918627508080681721e-01	7.118993170678221405e-02	3.004194928523593600e-01	-2.851357807798643051e+01	-2.918627508080688937e-01	7.118993170677910542e-02	3.004194928523593600e-01	-2.851357807798641630e+01
1.016617790811339600e+12	1.662338662576936743e+00	1.846495118682035461e-02	7.868555829227250165e+00	2.763028874675746760e+00	6.139000452089473508e-02	2.221837241136291607e-02	1.560278991068486539e+04	6.568836968177774338e+01	-2.362792142621259195e-01	1.767964551314509525e-01	2.951014294092367818e-01	-2.891671549628303950e+01	-2.362792142621274738e-01	1.767964551314488708e-01	2.951014294092367818e-01	-2.891671549628303239e+01
1.026392961876833252e+12	1.662265214865762397e+00	1.876503729134033904e-02	8.073321699605669366e+00	2.762773517928173828e+00	6.238493749010778217e-02	2.258054707896967050e-02	1.571681512607740478e+04	6.573790825822170802e+01	-1.457989602753029801e-01	2.464588665391824474e-01	2.863552159698473654e-01	-2.931092842404224541e+01	-1.457989602753040903e-01	2.464588665391818645e-01	2.863552159698474764e-01	-2.931092842404224186e+01
1.036168132942326904e+12	1.662148315697931977e+00	1.866896017366652047e-02	8.108481345003477614e+00	2.762388493303506110e+00	6.206116141698315991e-02	2.246648564002848986e-02	1.562882173406689981e+04	6.569971109757720740e+01	-4.054104551302094989e-02	2.819847161512680223e-01	2.848841106734457118e-01	-2.970233831162671478e+01	-4.054104551302097070e-02	2.819847161512680778e-01	2.848841106734457673e-01	-2.970233831162671478e+01
1.045943304007820557e+12	1.662085769136214974e+00	1.864031623291603768e-02	8.172418174636867150e+00	2.762181642575860518e+00	6.196360868585704812e-02	2.243285080559479644e-02	1.561448049081281169e+04	6.569346531471252604e+01	7.036129313174833977e-02	2.733103577927712968e-01	2.822220105661223388e-01	-3.009709981685282898e+01	7.036129313174542543e-02	2.733103577927718519e-01	2.822220105661221168e-01	-3.009709981685281832e+01
1.055718475073314209e+12	1.661976461443244180e+00	1.905160162080048528e-02	8.430799759635231538e+00	2.761802794867089794e+00	6.332662689312873461e-02	2.292945282364966877e-02	1.547300944243540289e+04	6.563154375440954880e+01	1.630358776938308218e-01	2.173597330357211754e-01	2.717093133493177493e-01	-3.048867865647841668e+01	1.630358776938311272e-01	2.173597330357210089e-01	2.717093133493178048e-01	-3.048867865647841668e+01
1.065493646138807861e+12	1.661911653638762365e+00	1.935937340118267999e-02	8.646320341028360446e+00	2.761575559161839166e+00	6.434713652513955606e-02	2.330087848281415033e-02	1.519736580424162275e+04	6.550925189280032157e+01	2.267429324530925994e-01	1.337263381219513936e-01	2.632396074395610408e-01	-3.088306253360711295e+01	2.267429324530910728e-01	1.337263381219540026e-01	2.632396074395610408e-01	-3.088306253360710230e+01
1.075268817204301514e+12	1.662117702941221964e+00	1.948933745975795287e-02	8.784221698101108089e+00	2.762255424155983796e+00	6.478714562091839047e-02	2.345443692656131243e-02	1.464846312558465615e+04	6.525897678564986393e+01	2.560764880945569644e-01	3.103030286297826443e-02	2.579496994582662905e-01	-3.129533854901525558e+01	2.560764880945565203e-01	3.103030286298185877e-02	2.579496994582663461e-01	-3.129533854901524137e+01
1.085043988269795166e+12	1.662136607714517433e+00	1.945624163082714658e-02	8.849025719711155702e+00	2.762319557366326617e+00	6.467786292627400457e-02	2.341433045057962278e-02	1.380762866433658201e+04	6.485679844997930843e+01	2.455919182603908402e-01	-7.047481580987816074e-02	2.555036007148524524e-01	-3.169537660681039171e+01	2.455919182603909789e-01	-7.047481580987770278e-02	2.555036007148524524e-01	-3.169537660681039171e+01
1.094819159335288818e+12	1.661375386917966379e+00	1.945572155344751225e-02	8.928508001216725276e+00	2.759789651155657442e+00	6.464651384725415839e-02	2.342443519932163598e-02	9.266860278826203285e+03	6.214375551376578954e+01	2.045417876934886303e-01	-1.481607857397003736e-01	2.525647666319543738e-01	-3.204281156166096167e+01	2.045417876934888246e-01	-1.481607857397000683e-01	2.525647666319543183e-01	-3.204281156166096167e+01
1.104594330400782471e+12	1.661868566341604403e+00	1.920878152521297497e-02	8.893890698970443154e+00	2.761438154506616449e+00	6.384494042894957311e-02	2.312017755123568427e-02	7.728770759101102158e+03	6.090897102988459011e+01	1.243565532065853130e-01	-2.212855809175581778e-01	2.538343173163224442e-01	-3.247473371689138588e+01	1.243565532065850077e-01	-2.212855809175582888e-01	2.538343173163223887e-01	-3.247473371689139299e+01
1.114369501466276123e+12	1.661914370340904945e+00	1.993170558884872767e-02	9.310282144404780524e+00	2.761562101457926133e+00	6.624957588702365396e-02	2.398989175439805027e-02	8.965335788702082937e+03	6.191870490767030333e+01	2.629013305096035424e-02	-2.373115005695736190e-01	2.387633125051248917e-01	-3.287638954196157215e+01	2.629013305096224509e-02	-2.373115005695733970e-01	2.387633125051248917e-01	-3.287638954196156504e+01
1.124144672531769775e+12	1.662012878960331896e+00	2.042091017979196302e-02	9.622467719578756018e+00	2.761869796257439447e+00	6.787963143781278186e-02	2.457741908391020483e-02	1.289860261685509795e+04	6.439347049159755443e+01	-6.631743079332000357e-02	-2.181961459890524868e-01	2.280516602691212702e-01	-3.328178576543097478e+01	-6.631743079332075297e-02	-2.181961459890522925e-01	2.280516602691212702e-01	-3.328178576543098188e+01
1.133919843597263428e+12	1.662260994900601085e+00	2.059183700953252927e-02	9.787383566676879809e+00	2.762687591416508770e+00	6.845801494859311831e-02	2.477949919538051729e-02	1.348604849537163864e+04	6.469647232892455690e+01	-1.452681369053484550e-01	-1.686412609622760239e-01	2.225819096397942676e-01	-3.369779998431994272e+01	-1.452681369053500093e-01	-1.686412609622748027e-01	2.225819096397943786e-01	-3.369779998431994983e+01
1.143695014662757080e+12	1.662237320885291858e+00	2.090809048918764249e-02	1.002336995566504640e+01	2.762595762696008705e+00	6.950841663914904267e-02	2.516054559184438544e-02	1.326249205550419902e+04	6.458274778992810639e+01	-1.923996185489799116e-01	-9.594296301997840004e-02	2.149945705613188762e-01	-3.409494012057636780e+01	-1.923996185489806054e-01	-9.594296301997709553e-02	2.149945705613189040e-01	-3.409494012057637491e+01
1.153470185728250732e+12	1.661816722522193368e+00	2.153577802872619351e-02	1.041252605023018774e+01	2.761171029519102316e+00	7.157703212132644766e-02	2.592270864648055576e-02	1.049463707669240466e+04	6.299023472507622046e+01	-2.021638215161385699e-01	-1.900279750570233947e-02	2.030549606462542511e-01	-3.446379754252789240e+01	-2.021638215161385976e-01	-1.900279750570284254e-02	2.030549606462543344e-01	-3.446379754252789240e+01
1.163245356793744385e+12	1.661156138399032978e+00	2.170052494032481682e-02	1.058109779710704679e+01	2.758968803358101241e+00	7.209592042220375196e-02	2.613147359058631478e-02	4.720678879291269368e+03	5.755490627339745657e+01	-1.915736603430815976e-01	5.045008103410833500e-02	1.981052195516173065e-01	-3.481501844700833459e+01	-1.915736603430817642e-01	5.045008103410773131e-02	1.981052195516173065e-01	-3.481501844700832748e+01
1.173020527859238037e+12	1.662249574513683159e+00	2.206080765834554300e-02	1.084716338087438459e+01	2.762586968736382431e+00	7.334113628702616794e-02	2.654799183410782443e-02	1.020599529754687137e+04	6.280049393387096757e+01	-1.413448281965183073e-01	1.276826152324259944e-01	1.904762733006266640e-01	-3.529217722746630415e+01	-1.413448281965182796e-01	1.276826152324261054e-01	1.904762733006267195e-01	-3.529217722746630415e+01
1.182795698924731689e+12	1.662201147063191664e+00	2.374654749761687805e-02	1.177333154786268210e+01	2.762348754780133753e+00	7.894307697865868279e-02	2.857824409102972807e-02	1.235170775773987043e+04	6.409871491972150181e+01	-7.096726426480301497e-02	1.503258829236957528e-01	1.662354465029016459e-01	-3.568724459995622311e+01	-7.096726426480294558e-02	1.503258829236959471e-01	1.662354465029017847e-01	-3.568724459995622311e+01
1.192570869990225342e+12	1.660856983086495653e+00	2.483193327024960442e-02	1.241320393948476486e+01	2.757829293357238143e+00	8.248457955086387072e-02	2.990924048473334734e-02	1.242291196480159124e+04	6.413782212960538232e+01	-2.129514041324561541e-02	1.498385335979363631e-01	1.513442075402945675e-01	-3.598714036032102115e+01	-2.129514041324756177e-02	1.498385335979361133e-01	1.513442075402945952e-01	-3.598714036032100694e+01
1.202346041055718994e+12	1.659339595479436325e+00	2.538841009920430811e-02	1.279540815125567299e+01	2.752763321758493920e+00	8.425598828775943128e-02	3.060778513785770288e-02	1.190633761283486820e+04	6.384886967949346115e+01	2.058598315397612219e-02	1.416206228713971504e-01	1.431089917681565293e-01	-3.627266457190669513e+01	2.058598315397570586e-02	1.416206228713972060e-01	1.431089917681565016e-01	-3.627266457190668802e+01
1.212121212121212646e+12	1.657947178749549000e+00	2.485094912295670797e-02	1.262636072972687273e+01	2.748171277851277239e+00	8.240312197530930138e-02	2.998471115662708353e-02	7.600873071822502425e+03	6.079544441642240571e+01	6.217571628281544360e-02	1.329163225039327323e-01	1.467397985662056703e-01	-3.656585725373944484e+01	6.217571628281437501e-02	1.329163225039333152e-01	1.467397985662057536e-01	-3.656585725373943774e+01
1.221896383186706299e+12	1.656726939426153011e+00	2.380803891551021637e-02	1.219402733223461155e+01	2.744177329103345553e+00	7.888683889246397851e-02	2.874699023850623217e-02	1.117527424574879842e+04	6.341775664310812743e+01	1.056971880351556953e-01	1.152720078192948222e-01	1.563954326226652258e-01	-3.687040975217146865e+01	1.056971880351565557e-01	1.152720078192940867e-01	1.563954326226652813e-01	-3.687040975217147576e+01
1.231671554252199951e+12	1.656156112248822421e+00	2.243247675207735506e-02	1.158140632667040215e+01	2.742349852125901766e+00	7.430336697166504967e-02	2.709478038116260382e-02	7.376307259197203166e+03	6.059141015059011437e+01	1.520976644617167695e-01	7.846792646686753803e-02	1.711458881151361744e-01	-3.722282144535250126e+01	1.520976644617162421e-01	7.846792646686867601e-02	1.711458881151362299e-01	-3.722282144535249415e+01
1.241446725317693604e+12	1.656339518588169968e+00	2.216332763264033945e-02	1.153326351099058655e+01	2.742969387745139098e+00	7.341999084271877418e-02	2.676660963506915375e-02	1.079578640832966266e+04	6.318271381166879763e+01	1.719692465896812683e-01	1.154670875557849835e-02	1.723564569597227369e-01	-3.763206844037375731e+01	1.719692465896812406e-01	1.154670875557929112e-02	1.723564569597227647e-01	-3.763206844037375731e+01
1.251221896383187256e+12	1.656781602438804901e+00	2.203404013249468663e-02	1.155626874999431131e+01	2.744439779255134049e+00	7.301118463783096146e-02	2.660331087958755017e-02	1.050658307660408173e+04	6.299797461894129214e+01	1.606103813822191972e-01	-6.088449791366461195e-02	1.717632576948310286e-01	-3.806145640515403272e+01	1.606103813822197524e-01	-6.088449791366309927e-02	1.717632576948310286e-01	-3.806145640515402562e+01
1.260997067448680908e+12	1.657254590629387181e+00	2.162583289506905121e-02	1.143078563873105580e+01	2.746025101513772437e+00	7.167902168307438426e-02	2.610282828207238087e-02	1.063097906474600495e+04	6.307805266538677813e+01	1.225500651217163034e-01	-1.248533295932194725e-01	1.749481991100508560e-01	-3.849381949042588502e+01	1.225500651217156095e-01	-1.248533295932202358e-01	1.749481991100509115e-01	-3.849381949042589213e+01
1.270772238514174561e+12	1.657373545223208788e+00	2.133853766585201359e-02	1.136636330899623637e+01	2.746431735216031012e+00	7.073185564226425193e-02	2.575409202249863069e-02	1.042243294949424489e+04	6.294326479904971450e+01	6.401156393480554596e-02	-1.646007792711611517e-01	1.766094472389662939e-01	-3.889901609067236166e+01	6.401156393480680884e-02	-1.646007792711607076e-01	1.766094472389663217e-01	-3.889901609067235455e+01
1.280547409579668213e+12	1.657024005545439271e+00	2.143224962946674653e-02	1.150409824841411677e+01	2.745269213629672134e+00	7.102750425773748932e-02	2.587269179470675848e-02	1.043930296231200919e+04	6.295426807596426499e+01	4.449574167280631381e-04	-1.730784316833179903e-01	1.730790036401286813e-01	-3.926733733287019845e+01	4.449574167261510934e-04	-1.730784316833181014e-01	1.730790036401287924e-01	-3.926733733287021266e+01
1.290322580645161865e+12	1.656911414389982573e+00	2.167197184489235567e-02	1.172157272438572129e+01	2.744885760772167060e+00	7.181707504428094802e-02	2.616395773938438862e-02	1.048109993955685786e+04	6.298145326687836132e+01	-6.282457158928049512e-02	-1.554193653406644171e-01	1.676368274522980484e-01	-3.965405246162166009e+01	-6.282457158928141105e-02	-1.554193653406640563e-01	1.676368274522980761e-01	-3.965405246162166719e+01
1.300097751710655518e+12	1.657188144643352734e+00	2.193273148562352101e-02	1.195247626893245396e+01	2.745791502036057263e+00	7.269332519524257519e-02	2.647445195359482764e-02	1.032954065723146959e+04	6.288235598363686307e+01	-1.164524965184749322e-01	-1.126700582668513362e-01	1.620361872398912162e-01	-4.007181319662529972e+01	-1.164524965184755984e-01	-1.126700582668506978e-01	1.620361872398912717e-01	-4.007181319662530683e+01
1.309872922776149170e+12	1.657475679853239958e+00	2.176999621276395208e-02	1.195299338713078008e+01	2.746751696569856183e+00	7.216647854630678371e-02	2.627338999605544761e-02	1.015425399471576384e+04	6.276591495354342953e+01	-1.522018892239386523e-01	-5.553423111936616613e-02	1.620168692122992138e-01	-4.049084246231961259e+01	-1.522018892239389853e-01	-5.553423111936523632e-02	1.620168692122992138e-01	-4.049084246231961970e+01
1.319648093841642822e+12	1.657162357448696000e+00	2.163286318143573667e-02	1.196633892916027442e+01	2.745719098175493311e+00	7.169833309622627993e-02	2.611277065591640495e-02	9.910295774466570947e+03	6.260046584984765161e+01	-1.616723927847122655e-01	3.340260927892792827e-03	1.617068951275754674e-01	-4.086136223367194020e+01	-1.616723927847122932e-01	3.340260927890268804e-03	1.617068951275754674e-01	-4.086136223367192599e+01
1.329423264907136475e+12	1.656893110796279212e+00	2.164595388811855689e-02	1.206227331269993464e+01	2.744826233284444417e+00	7.173006374767514071e-02	2.613282505021942079e-02	9.292082833491151177e+03	6.216224790520089982e+01	-1.472085043005820770e-01	6.126719926874376471e-02	1.594490935836589962e-01	-4.123509224176023480e+01	-1.472085043005817717e-01	6.126719926874458350e-02	1.594490935836590240e-01	-4.123509224176023480e+01
1.339198435972630127e+12	1.656847704358608064e+00	2.213813114121146106e-02	1.242725043367381232e+01	2.744654218587963879e+00	7.335902352021204942e-02	2.672796559340465811e-02	9.472367474150878479e+03	6.229298331262668142e+01	-1.067745421940376610e-01	1.069439030923180350e-01	1.511218093769573778e-01	-4.162689510857149600e+01	-1.067745421940394651e-01	1.069439030923162587e-01	1.511218093769573778e-01	-4.162689510857147468e+01
1.348973607038123779e+12	1.656938668952045113e+00	2.218274048582995206e-02	1.254318455215100769e+01	2.744953678693113464e+00	7.351088098859945297e-02	2.678037212766313721e-02	9.253321785845189879e+03	6.213380874255508246e+01	-5.530726733517012800e-02	1.378879504985565108e-01	1.485664185230846646e-01	-4.203004396653623331e+01	-5.530726733516833082e-02	1.378879504985571769e-01	1.485664185230846090e-01	-4.203004396653624042e+01
1.358748778103617432e+12	1.656949002916211056e+00	2.191233161861807013e-02	1.248006707482049826e+01	2.744999847988061958e+00	7.261523205407714732e-02	2.645363791451581584e-02	9.235020780363311133e+03	6.212033978164781445e+01	2.263988121996269622e-03	1.499337346864542120e-01	1.499508267374494441e-01	-4.242659960080764847e+01	2.263988121996801314e-03	1.499337346864541287e-01	1.499508267374493609e-01	-4.242659960080765558e+01
1.368523949169111084e+12	1.656729834290217251e+00	2.189577601970100346e-02	1.256035472956463650e+01	2.744274318819785563e+00	7.255077075354991745e-02	2.643714232794023775e-02	9.167250756935691243e+03	6.207022969619367103e+01	5.665474183160133098e-02	1.369395474825190751e-01	1.481964892860910266e-01	-4.280377924970989056e+01	5.665474183159974197e-02	1.369395474825197967e-01	1.481964892860911098e-01	-4.280377924970987635e+01
1.378299120234604736e+12	1.656435684887204607e+00	2.221066858185035894e-02	1.283199766293264865e+01	2.743285864368889992e+00	7.358108804836002714e-02	2.682224590738661874e-02	9.053425326172025962e+03	6.198522607180889565e+01	9.839029287312620053e-02	1.029454286191452822e-01	1.424022858146563875e-01	-4.317427826791269041e+01	9.839029287312649197e-02	1.029454286191450046e-01	1.424022858146563597e-01	-4.317427826791269041e+01
1.388074291300098389e+12	1.656445565280434629e+00	2.247989366288179192e-02	1.307965004552153587e+01	2.743306565118123874e+00	7.447344033171257593e-02	2.714732698075464010e-02	9.099127871973167203e+03	6.201948395868596009e+01	1.258290653318358543e-01	5.496874229685553420e-02	1.373117486305579227e-01	-4.357043030970554298e+01	1.258290653318357433e-01	5.496874229685569380e-02	1.373117486305579227e-01	-4.357043030970554298e+01
1.397849462365592041e+12	1.656600383691556599e+00	2.234516285720519399e-02	1.309281673992797579e+01	2.743825524943897864e+00	7.403401072579288145e-02	2.698204024007927124e-02	8.994320462923215018e+03	6.194066467626758055e+01	1.370423808502185814e-01	4.330934525745808476e-04	1.370430651986265791e-01	-4.397913687233382518e+01	1.370423808502185536e-01	4.330934525753131177e-04	1.370430651986265513e-01	-4.397913687233382518e+01
1.407624633431085693e+12	1.656296231614269310e+00	2.208196339549045942e-02	1.302907863198347016e+01	2.742829593752229567e+00	7.314854551719016107e-02	2.666900841518262885e-02	7.268822444801643542e+03	6.049154391827753585e+01	1.291790633150901590e-01	-4.950258133420534085e-02	1.383392061481982238e-01	-4.434824526883506479e+01	1.291790633150899370e-01	-4.950258133420594453e-02	1.383392061481982516e-01	-4.434824526883506479e+01
1.417399804496579346e+12	1.656390414737993089e+00	2.190912867658948229e-02	1.301687204195247993e+01	2.743149196116533517e+00	7.258014147032822161e-02	2.645869264897427603e-02	4.615290284896814228e+03	5.740129976025770731e+01	9.954401600770959591e-02	-9.642079537272207901e-02	1.385856446507050255e-01	-4.475175900237902482e+01	9.954401600770929059e-02	-9.642079537272231493e-02	1.385856446507049700e-01	-4.475175900237902482e+01
1.427174975562072998e+12	1.656042903722838577e+00	2.225890056792549643e-02	1.331588674215640999e+01	2.741982640316277919e+00	7.372338866037056460e-02	2.688689110441152760e-02	8.710362555134230206e+03	6.172241177085532371e+01	5.608829828385986094e-02	-1.201905579263430474e-01	1.326335833001011100e-01	-4.511647061299233741e+01	5.608829828386012462e-02	-1.201905579263429225e-01	1.326335833001010822e-01	-4.511647061299233741e+01
1.436950146627566650e+12	1.656085399419849891e+00	2.264730148221451994e-02	1.364103501193416434e+01	2.742105949907177376e+00	7.501173064190998219e-02	2.735551871890624584e-02	9.230852663386429413e+03	6.211726844776900691e+01	4.779415828643071226e-03	-1.263527844034939562e-01	1.264431450976244431e-01	-4.551528553844786273e+01	4.779415828642945459e-03	-1.263527844034939285e-01	1.264431450976244153e-01	-4.551528553844786273e+01
1.446725317693060303e+12	1.656184617049595520e+00	2.256636575346841062e-02	1.368474992871214013e+01	2.742438244888396159e+00	7.474813564721836945e-02	2.725608709203960686e-02	8.982761028470016754e+03	6.193191535349657784e+01	-4.498296450892172449e-02	-1.173021152808087081e-01	1.256314186235395758e-01	-4.591927748612919657e+01	-4.498296450892060039e-02	-1.173021152808091244e-01	1.256314186235395480e-01	-4.591927748612918947e+01
1.456500488758553955e+12	1.656075966961035650e+00	2.242368318921672543e-02	1.369010391613936584e+01	2.742084786778158811e+00	7.427064564082001830e-02	2.708546650305627274e-02	8.819177701644979606e+03	6.180687766471773159e+01	-8.572082941435048287e-02	-9.171081511517513440e-02	1.255345936567845433e-01	-4.630474505774773775e+01	-8.572082941435084369e-02	-9.171081511517478746e-02	1.255345936567845433e-01	-4.630474505774774485e+01
1.466275659824047607e+12	1.655730634822652148e+00	2.265562838844732002e-02	1.392454134226232831e+01	2.740930657592547615e+00	7.502323594781995508e-02	2.737144616920568485e-02	8.474794948773680517e+03	6.153588282560116340e+01	-1.089359319343969484e-01	-5.332857784478958751e-02	1.212888060843347188e-01	-4.666864455069507756e+01	-1.089359319343964350e-01	-5.332857784479048957e-02	1.212888060843346494e-01	-4.666864455069507045e+01
1.476050830889541260e+12	1.655646177309450628e+00	2.287492272314032432e-02	1.415305225892529073e+01	2.740641002349807120e+00	7.574555672563274000e-02	2.763789809051568971e-02	8.299870370489792549e+03	6.139398697587813558e+01	-1.170128346497463084e-01	-7.973380090548961088e-03	1.172841773763078077e-01	-4.705585390249152056e+01	-1.170128346497461280e-01	-7.973380090550557034e-03	1.172841773763077383e-01	-4.705585390249150635e+01
1.485826001955034912e+12	1.655765953409537472e+00	2.277939289821493546e-02	1.418728394083754196e+01	2.741041991729383120e+00	7.543468640040659756e-02	2.752044172545244777e-02	7.890003410070955397e+03	6.104943937164654955e+01	-1.100980592350783577e-01	3.867524671884609716e-02	1.166934332175312977e-01	-4.746170448342273573e+01	-1.100980592350784548e-01	3.867524671884573634e-02	1.166934332175312838e-01	-4.746170448342273573e+01
1.495601173020528564e+12	1.655698534485307682e+00	2.265624883498122341e-02	1.420342113302987741e+01	2.740824331485522958e+00	7.502383598602574422e-02	2.737272692896845772e-02	7.867703719338543124e+03	6.103018350434685857e+01	-8.701799319597790239e-02	7.733722885066707242e-02	1.164181176026983788e-01	-4.785045447205811797e+01	-8.701799319597815219e-02	7.733722885066678099e-02	1.164181176026983650e-01	-4.785045447205811797e+01
1.505376344086022217e+12	1.655275048748601874e+00	2.269197310915403026e-02	1.431879622165907229e+01	2.739420561366099793e+00	7.512291378891379490e-02	2.742292105431644658e-02	7.592895990145308133e+03	6.078830051362739795e+01	-5.373110169669787634e-02	1.010733953638850852e-01	1.144677358032608200e-01	-4.820607551741822050e+01	-5.373110169669834124e-02	1.010733953638848631e-01	1.144677358032608339e-01	-4.820607551741822050e+01
1.515151515151515869e+12	1.655198438214194212e+00	2.304014576934798955e-02	1.463290145931185116e+01	2.739151021549634635e+00	7.627202658730433682e-02	2.784513376124641421e-02	7.619422084862985685e+03	6.081202710428311065e+01	-1.103901234704762584e-02	1.087455012301719870e-01	1.093043632770421825e-01	-4.859352031842595210e+01	-1.103901234704872565e-02	1.087455012301719176e-01	1.093043632770422102e-01	-4.859352031842594499e+01
1.524926686217009521e+12	1.655438808471396683e+00	2.321960458388760626e-02	1.484201770849865376e+01	2.739938498556165669e+00	7.687726909105575823e-02	2.805802726286261636e-02	7.447161135590183221e+03	6.065644918276002784e+01	3.293809047354574748e-02	1.007441878889624165e-01	1.059920242162118859e-01	-4.901067873721003565e+01	3.293809047354601810e-02	1.007441878889623194e-01	1.059920242162118720e-01	-4.901067873721003565e+01
1.534701857282503174e+12	1.655475392253448863e+00	2.297949483255901787e-02	1.478269637679368032e+01	2.740070717173950676e+00	7.608397644343348198e-02	2.776715796660344723e-02	7.391119913674901909e+03	6.060505865861259878e+01	7.003653225123043780e-02	8.078792071374740758e-02	1.069196145851095958e-01	-4.940892054851548920e+01	7.003653225123084025e-02	8.078792071374707451e-02	1.069196145851095958e-01	-4.940892054851549631e+01
1.544477028347996826e+12	1.655122380957419592e+00	2.280596051899616908e-02	1.476450810221158960e+01	2.738909984110963869e+00	7.549331134844369795e-02	2.756326852156422424e-02	7.052749112543638148e+03	6.028623849262955048e+01	9.432447017262732269e-02	5.096261927004659686e-02	1.072114463861512657e-01	-4.977012427265613326e+01	9.432447017262739208e-02	5.096261927004643727e-02	1.072114463861512518e-01	-4.977012427265613326e+01
1.554252199413490479e+12	1.654699404592935519e+00	2.298338452546091343e-02	1.497354509325686678e+01	2.737501883595970131e+00	7.606118537962132387e-02	2.778488878323900554e-02	7.109049799825612354e+03	6.034033317063024526e+01	1.029373308691345912e-01	1.464595702127480248e-02	1.039740262927752318e-01	-5.012415072868162724e+01	1.029373308691346467e-01	1.464595702127389522e-02	1.039740262927751763e-01	-5.012415072868163435e+01
1.564027370478984131e+12	1.654783006935353074e+00	2.354041195877156628e-02	1.543290094810815383e+01	2.737752649046820252e+00	7.790854737126591545e-02	2.845711697088144920e-02	6.891173545395468864e+03	6.012856193078093980e+01	9.389453730863042691e-02	-2.507277311286605637e-02	9.718450539037100377e-02	-5.052642517153041268e+01	9.389453730863026037e-02	-2.507277311286664270e-02	9.718450539037098990e-02	-5.052642517153041979e+01
1.573802541544477783e+12	1.655109097206507007e+00	2.356071434942639750e-02	1.554274984778536250e+01	2.738831016395083306e+00	7.799110531283903747e-02	2.847605596912395481e-02	6.730880843709198416e+03	5.996844097860746814e+01	7.393681402785194645e-02	-6.063962286602982837e-02	9.562330432443490180e-02	-5.095239258044862396e+01	7.393681402785219625e-02	-6.063962286602945367e-02	9.562330432443487405e-02	-5.095239258044861685e+01
1.583577712609971436e+12	1.655041188641710681e+00	2.322008418996235682e-02	1.541318289957129117e+01	2.738622163790777719e+00	7.686039147623179024e-02	2.806535070534968770e-02	6.388762861710562902e+03	5.961353827439216246e+01	4.637614785267274442e-02	-8.572189936821303369e-02	9.746276787033601730e-02	-5.134036619370687760e+01	4.637614785267196033e-02	-8.572189936821342227e-02	9.746276787033598954e-02	-5.134036619370688470e+01
1.593352883675465088e+12	1.654358103298314564e+00	2.306075804935327211e-02	1.540191460118785471e+01	2.736368935386985779e+00	7.630150389429883606e-02	2.788421652780824489e-02	5.985098681789050715e+03	5.916949420717386232e+01	1.636765610707246327e-02	-9.625250526229484072e-02	9.763424059062211779e-02	-5.166784086404923215e+01	1.636765610707285878e-02	-9.625250526229477133e-02	9.763424059062211779e-02	-5.166784086404922505e+01
1.603128054740958740e+12	1.653827321716690557e+00	2.346896132400112106e-02	1.577070996060728980e+01	2.734594017910974451e+00	7.762721889989074309e-02	2.838710916189019634e-02	4.047940752659426380e+03	5.650891978541658034e+01	-1.593677669514649564e-02	-9.110665831858134889e-02	9.249002130721829806e-02	-5.200945108717154852e+01	-1.593677669514708892e-02	-9.110665831858123787e-02	9.249002130721827031e-02	-5.200945108717155563e+01
1.612903225806452393e+12	1.654120515624389443e+00	2.388700146629783860e-02	1.614950100402996114e+01	2.735544091370444963e+00	7.902395836430625709e-02	2.888783939311943827e-02	5.288916857123973386e+03	5.832818825717580324e+01	-4.910586073748186842e-02	-7.239421306997979866e-02	8.747746935520367417e-02	-5.243230024346443230e+01	-4.910586073748084146e-02	-7.239421306998045091e-02	8.747746935520363254e-02	-5.243230024346441809e+01
1.622678396871946045e+12	1.654861917205924460e+00	2.373040808620062100e-02	1.614086563236238092e+01	2.738004832750530415e+00	7.854109724321786667e-02	2.868552177255197580e-02	5.515085771163927348e+03	5.861307265304803593e+01	-7.657558532692304576e-02	-4.249985035637679487e-02	8.757886473616390000e-02	-5.290039723657699966e+01	-7.657558532692265718e-02	-4.249985035637750957e-02	8.757886473616390000e-02	-5.290039723657699255e+01
1.632453567937439697e+12	1.654625551664046235e+00	2.324420112415728421e-02	1.590540101066776657e+01	2.737245423333648731e+00	7.692089821609758571e-02	2.810157158740147348e-02	5.685200090793899108e+03	5.881975440919193687e+01	-8.982919642615891376e-02	-1.229070063279420234e-02	9.066612296009138316e-02	-5.327109644175947523e+01	-8.982919642615883049e-02	-1.229070063279441224e-02	9.066612296009134153e-02	-5.327109644175946812e+01
1.642228739002933350e+12	1.653803673336709634e+00	2.351940743655014932e-02	1.619008708345004877e+01	2.734513427415827813e+00	7.779296482653871858e-02	2.844855836018135575e-02	5.595666175817274961e+03	5.871175752583422991e+01	-8.563179017163760620e-02	1.514759859372871199e-02	8.696121682196093772e-02	-5.358215619119761897e+01	-8.563179017163757845e-02	1.514759859372874322e-02	8.696121682196092384e-02	-5.358215619119761897e+01
1.652003910068427002e+12	1.653809236523932746e+00	2.434539763173163701e-02	1.685842911696762059e+01	2.734492292426026427e+00	8.052528694041131974e-02	2.944798460886124264e-02	5.154910757816549449e+03	5.815358767581348332e+01	-6.639295767303182716e-02	4.248897561666836742e-02	7.882472884524775736e-02	-5.397636140390833503e+01	-6.639295767303141083e-02	4.248897561666902661e-02	7.882472884524777124e-02	-5.397636140390834214e+01
1.661779081133920654e+12	1.655081653331741842e+00	2.336632311307883583e-02	1.627619283721669419e+01	2.738749294139507295e+00	7.734634538055643049e-02	2.824148436881953467e-02	2.026019082789684489e+03	5.180003472267770093e+01	-3.944043623864183085e-02	7.625532515142205425e-02	8.585116554039015635e-02	-5.450054647147577924e+01	-3.944043623864274678e-02	7.625532515142162404e-02	8.585116554039018411e-02	-5.450054647147576503e+01
1.671554252199414307e+12	1.655665615888123332e+00	2.138703605662356511e-02	1.498512049298423321e+01	2.740771226322911591e+00	7.081956044942230855e-02	2.583928193979022347e-02	6.742373604899307793e+02	4.431460499925234586e+01	-2.320212273229505309e-03	1.037560803596289938e-01	1.037820196208699419e-01	-5.495551298299916709e+01	-2.320212273229893454e-03	1.037560803596290077e-01	1.037820196208699697e-01	-5.495551298299916709e+01
1.681329423264907959e+12	1.655164138240072358e+00	2.432275838407824131e-02	1.714173590939878267e+01	2.738976727940590994e+00	8.051631484080871981e-02	2.939649469068257581e-02	2.592637526884477666e+03	5.347777655322155965e+01	2.378955521751541582e-02	7.175359173134872315e-02	7.559444995365922904e-02	-5.529801176333669588e+01	2.378955521751537419e-02	7.175359173134873703e-02	7.559444995365922904e-02	-5.529801176333669588e+01
1.691104594330401611e+12	1.653664454136967388e+00	2.350807224452133165e-02	1.666389986463221007e+01	2.734053497415460665e+00	7.774892691209751849e-02	2.843723686665044353e-02	4.923136282650201792e+03	5.784060320591151338e+01	4.298912210316884613e-02	6.878376304659412910e-02	8.111270355530733611e-02	-5.553646312341099645e+01	4.298912210316930410e-02	6.878376304659382379e-02	8.111270355530733611e-02	-5.553646312341100355e+01
1.700879765395895264e+12	1.653152521865766111e+00	2.456260319151786636e-02	1.751205723317771046e+01	2.732309939075598493e+00	8.121145881929174581e-02	2.972263785226627458e-02	5.034752942573376458e+03	5.799312675401930761e+01	5.602665167959950537e-02	4.460020956412043963e-02	7.161120297544673607e-02	-5.587633789010516949e+01	5.602665167959939435e-02	4.460020956412062004e-02	7.161120297544674995e-02	-5.587633789010516949e+01
1.710654936461388916e+12	1.654395507637687057e+00	2.461298739723985149e-02	1.764882941266141358e+01	2.736418696543143625e+00	8.143923155907323297e-02	2.976124657456608730e-02	3.944905930873096167e+03	5.633350605737388861e+01	6.940619012816014177e-02	1.034523112598196605e-02	7.017295087963952571e-02	-5.640070368016250768e+01	6.940619012816016953e-02	1.034523112598193136e-02	7.017295087963952571e-02	-5.640070368016250768e+01
1.720430107526882568e+12	1.645431161847322077e+00	1.690868461216337229e-02	1.219371439902060317e+01	2.707157804762914566e+00	5.564415313340383140e-02	2.055445494736388157e-02	2.004035937721125435e+02	3.606036875901955341e+01	1.195309214949223098e-01	1.012716109117717395e-01	1.566639089582873845e-01	-5.584577707183038342e+01	1.195309214949224069e-01	1.012716109117715729e-01	1.566639089582873567e-01	-5.584577707183039053e+01
1.730205278592376221e+12	1.654405636637028998e+00	2.406957709085580030e-02	1.745642285193425991e+01	2.736478665995040860e+00	7.964168802116267099e-02	2.910371237709002620e-02	3.556344212599250113e+03	5.562804632882966160e+01	5.783793427936610027e-02	-4.319190662609083409e-02	7.218564566242530178e-02	-5.719010149045988101e+01	5.783793427936598230e-02	-4.319190662609096593e-02	7.218564566242530178e-02	-5.719010149045988101e+01
1.739980449657869873e+12	1.652938981729893397e+00	2.350916475408618492e-02	1.714631228499832361e+01	2.731654596494822229e+00	7.771842969987903527e-02	2.845104567744582633e-02	4.745971852846055299e+03	5.759126105566703302e+01	4.824084541667841147e-02	-5.816723919882195448e-02	7.556855749932528399e-02	-5.742708281768469192e+01	4.824084541667690573e-02	-5.816723919882317573e-02	7.556855749932527011e-02	-5.742708281768471323e+01
1.749755620723363525e+12	1.652501458912914556e+00	2.453206412961686858e-02	1.799287859761875907e+01	2.730159249538851363e+00	8.107854352867410741e-02	2.969736785221192138e-02	5.094328855323076823e+03	5.807315855931847182e+01	2.265990178992338330e-02	-6.276625265189213210e-02	6.673135410802127909e-02	-5.777300541761943720e+01	2.265990178992378923e-02	-6.276625265189196556e-02	6.673135410802126521e-02	-5.777300541761943009e+01
1.759530791788857178e+12	1.653364563787740771e+00	2.515278340216395292e-02	1.855120324281087463e+01	2.732981718276150218e+00	8.317344151553265896e-02	3.043322279081872583e-02	4.923558021039407322e+03	5.784118599264765948e+01	-8.576647599239428654e-03	-6.086456908742396421e-02	6.146588203417684138e-02	-5.825945599105897088e+01	-8.576647599239959480e-03	-6.086456908742390176e-02	6.146588203417686219e-02	-5.825945599105897799e+01
1.769305962854350830e+12	1.653915746180573132e+00	2.478915331582363241e-02	1.838458351347262365e+01	2.734822793341926239e+00	8.199834200705014009e-02	2.998305491919971144e-02	4.151907080171725283e+03	5.668145079471068470e+01	-3.523175081918795276e-02	-5.220901630536245452e-02	6.298458263225178988e-02	-5.871309091127583457e+01	-3.523175081918716173e-02	-5.220901630536301657e-02	6.298458263225181764e-02	-5.871309091127581326e+01
1.779081133919844482e+12	1.652829415964481186e+00	2.393498856010818979e-02	1.784917467370386390e+01	2.731272194600115277e+00	7.912090632584031780e-02	2.896851748509978938e-02	4.838348902822798664e+03	5.772241253005555706e+01	-5.202540345146224043e-02	-4.402402504753904350e-02	6.815245693057415954e-02	-5.898797514979615642e+01	-5.202540345146231676e-02	-4.402402504753896717e-02	6.815245693057415954e-02	-5.898797514979615642e+01
1.788856304985338135e+12	1.651766063717283295e+00	2.450075627565325223e-02	1.837147843130286518e+01	2.727730842190009497e+00	8.093903550306459638e-02	2.967266207177581688e-02	4.605052347160115460e+03	5.738619121737781370e+01	-5.747421241518509832e-02	-2.610807805999406164e-02	6.312619767364861800e-02	-5.926387179994729593e+01	-5.747421241518526486e-02	-2.610807805999375286e-02	6.312619767364864576e-02	-5.926387179994730303e+01
1.798631476050831787e+12	1.651970685995768573e+00	2.604735435116770428e-02	1.963789658484998313e+01	2.728328682720635001e+00	8.605893167174676062e-02	3.154272878366345262e-02	2.637094623798539033e+03	5.359344877935647133e+01	-5.239960466953078738e-02	-5.978463511255116634e-04	5.240301508293837562e-02	-5.967885154564610417e+01	-5.239960466953078044e-02	-5.978463511265940224e-04	5.240301508293838256e-02	-5.967885154564608285e+01
1.808406647116325439e+12	1.652651534933146760e+00	2.525081760732204167e-02	1.914082711782096524e+01	2.730619492127047465e+00	8.346160495411540647e-02	3.056508063271094061e-02	4.246141796645908471e+03	5.683413979013633366e+01	-5.057898764473173908e-02	2.488477714814937500e-02	5.636919482198573389e-02	-6.014748622027355651e+01	-5.057898764473108683e-02	2.488477714815064135e-02	5.636919482198571307e-02	-6.014748622027357783e+01
1.818181818181819092e+12	1.652908097521081032e+00	2.439154124478751934e-02	1.858941465295166395e+01	2.731510231566462998e+00	8.063395206905743517e-02	2.951991580965654394e-02	4.352109600140225666e+03	5.700184353556091565e+01	-3.898577470952090118e-02	4.707928645670379081e-02	6.112568889569992142e-02	-6.056942229162449820e+01	-3.898577470952203916e-02	4.707928645670279161e-02	6.112568889569987979e-02	-6.056942229162447688e+01
1.827956989247312744e+12	1.652050461428654193e+00	2.423256149309077623e-02	1.856754381430859624e+01	2.728683510070113005e+00	8.006682879251771079e-02	2.934265864730512680e-02	4.350359479919724436e+03	5.699910711793936002e+01	-2.359905801082767818e-02	5.660823638563697302e-02	6.133031848678566905e-02	-6.086608060675519027e+01	-2.359905801082779961e-02	5.660823638563696608e-02	6.133031848678571069e-02	-6.086608060675519027e+01
1.837732160312806396e+12	1.651540804521538730e+00	2.499291294772601479e-02	1.925254969870167088e+01	2.726962383302038884e+00	8.255363111404841192e-02	3.027310960339886503e-02	4.170963175809043605e+03	5.671260513340757115e+01	-3.330505138204057670e-03	5.536013466435298069e-02	5.546022696068688557e-02	-6.120096845554073894e+01	-3.330505138204060273e-03	5.536013466435295988e-02	5.546022696068686475e-02	-6.120096845554073894e+01
1.847507331378300049e+12	1.652161852095462402e+00	2.564087022853818107e-02	1.985674653548635860e+01	2.728981331293431900e+00	8.472573529224208810e-02	3.104665258083145682e-02	4.039670658830753382e+03	5.649500593625781164e+01	1.989584512736149516e-02	4.667947885647646261e-02	5.074266843243650099e-02	-6.166396242232230662e+01	1.989584512736157842e-02	4.667947885647643486e-02	5.074266843243650099e-02	-6.166396242232230662e+01
1.857282502443793701e+12	1.652404372395695598e+00	2.497033761292702034e-02	1.943978881461609376e+01	2.729816692151909141e+00	8.252219010359461426e-02	3.022993827418592530e-02	3.737844568295370664e+03	5.596669323832741583e+01	3.957334996268922767e-02	3.666484372075264064e-02	5.394775984539756236e-02	-6.208458666728066078e+01	3.957334996268926930e-02	3.666484372075255738e-02	5.394775984539754154e-02	-6.208458666728066078e+01
1.867057673509287354e+12	1.651140172801953909e+00	2.412008862593546799e-02	1.887668783198191136e+01	2.725682091565143406e+00	7.965129460365105718e-02	2.922251822769016474e-02	2.550345532161935353e+03	5.336588176876141176e+01	5.144850676220578956e-02	2.808252066868740029e-02	5.861379372782476310e-02	-6.233221130884554384e+01	5.144850676220651814e-02	2.808252066868608190e-02	5.861379372782477004e-02	-6.233221130884556516e+01
1.876832844574780762e+12	1.651441234259052315e+00	2.394290455807902840e-02	1.883612615286397585e+01	2.726684887532385027e+00	7.908059971028144619e-02	2.900247112230426236e-02	2.267262575544364609e+03	5.256542143020809732e+01	5.880611776926476103e-02	4.279495737553359012e-03	5.896162795293541370e-02	-6.275920816318046036e+01	5.880611776926476103e-02	4.279495737553300032e-03	5.896162795293539982e-02	-6.275920816318046036e+01
1.886608015640274414e+12	1.650974947246643287e+00	2.539693366352038795e-02	2.008408824900210732e+01	2.725073272196547602e+00	8.385940243071414446e-02	3.077326517650631754e-02	3.346519376742926852e+03	5.521431501633304606e+01	4.736674309001104310e-02	-1.286870666332688706e-02	4.908372400441782246e-02	-6.309713225353976895e+01	4.736674309001091820e-02	-1.286870666332737799e-02	4.908372400441782940e-02	-6.309713225353978316e+01
1.896383186705768066e+12	1.651710476216243784e+00	2.574230479322156886e-02	2.046268813833950162e+01	2.727484830986423692e+00	8.503766901783138543e-02	3.117805388016644391e-02	3.490073379821796607e+03	5.550007171284374863e+01	3.418000534520899275e-02	-3.141202504479161800e-02	4.642184919639814888e-02	-6.357507631041353591e+01	3.418000534520932582e-02	-3.141202504479120861e-02	4.642184919639811419e-02	-6.357507631041352880e+01
1.906158357771261719e+12	1.652104709969125729e+00	2.488480866132841002e-02	1.988302435823602110e+01	2.728830719000058025e+00	8.222461919212231685e-02	3.013181382766475999e-02	3.512380226476588632e+03	5.554341744965039140e+01	1.915419306598194898e-02	-4.677774259754330366e-02	5.054740660539300268e-02	-6.401400395158867695e+01	1.915419306598155694e-02	-4.677774259754350489e-02	5.054740660539304431e-02	-6.401400395158869117e+01
1.915933528836755371e+12	1.650918769099013472e+00	2.441856436001369965e-02	1.961054781075216624e+01	2.724936515877997678e+00	8.062613243279771746e-02	2.958826085048050711e-02	3.091384089139295156e+03	5.467479127047659659e+01	7.125581519639624488e-03	-5.213748239881921959e-02	5.262215296697973083e-02	-6.426682183368252765e+01	7.125581519640297561e-03	-5.213748239881913632e-02	5.262215296697973776e-02	-6.426682183368251344e+01
1.925708699902249023e+12	1.649735265258144512e+00	2.403496494710856760e-02	1.940096117795619435e+01	2.721048765896351807e+00	7.930265854497671463e-02	2.914415189426173419e-02	1.472684536781747738e+03	4.962984134276594261e+01	-6.273431936262274626e-03	-5.391421732338289030e-02	5.427797691377115458e-02	-6.451848798318734168e+01	-6.273431936261749005e-03	-5.391421732338293887e-02	5.427797691377114764e-02	-6.451848798318732747e+01
1.935483870967742676e+12	1.650231790210624050e+00	2.565419777459967271e-02	2.081311846376464203e+01	2.722606823558302747e+00	8.467074543999004999e-02	3.109914538792269562e-02	3.430463746251813518e+03	5.538286719059598795e+01	-2.365400212952116846e-02	-3.722075997844246503e-02	4.410098400394504153e-02	-6.496876767266019215e+01	-2.365400212952133152e-02	-3.722075997844236789e-02	4.410098400394504153e-02	-6.496876767266019215e+01
1.945259042033236328e+12	1.651144352208057553e+00	2.589673761812600131e-02	2.111600034355016930e+01	2.725607030809304110e+00	8.551850411756538317e-02	3.137594787175636973e-02	3.662218781104553273e+03	5.582763184720325000e+01	-3.693628503678342972e-02	-2.035784514262205941e-02	4.217500457817986020e-02	-6.546971147770427990e+01	-3.693628503678355463e-02	-2.035784514262179920e-02	4.217500457817984633e-02	-6.546971147770427990e+01
1.955034213098729980e+12	1.651273561874899487e+00	2.486613739165745643e-02	2.037754458161168003e+01	2.726086051358236340e+00	8.212159052158565786e-02	3.012435740268347775e-02	3.699799259657315361e+03	5.589709047191097113e+01	-4.679362341518184670e-02	-4.499285600986821509e-03	4.700943270494872123e-02	-6.587758872254633502e+01	-4.679362341518186058e-02	-4.499285600986641098e-03	4.700943270494871429e-02	-6.587758872254633502e+01
1.964809384164223633e+12	1.650363898324370471e+00	2.464309577850467073e-02	2.029573808833697868e+01	2.723093714722864433e+00	8.134015123158760963e-02	2.987049281183691563e-02	3.633365698947818146e+03	5.577381833164430702e+01	-4.676115753638128425e-02	8.813666229488988091e-03	4.758452024079997539e-02	-6.615974276951548916e+01	-4.676115753638122180e-02	8.813666229489293402e-03	4.758452024079997539e-02	-6.615974276951548916e+01
1.974584555229717285e+12	1.649751630848786954e+00	2.539213681138766804e-02	2.101668166889209743e+01	2.721035682876383976e+00	8.378143823064464202e-02	3.079027546675903310e-02	3.618966614584311628e+03	5.574680272464751596e+01	-3.749427400373497865e-02	2.064858995491791055e-02	4.280402843417303177e-02	-6.647683629974569897e+01	-3.749427400373499947e-02	2.064858995491786545e-02	4.280402843417303177e-02	-6.647683629974569897e+01
1.984359726295210938e+12	1.650236310365079451e+00	2.626833702850778912e-02	2.184953229602709968e+01	2.722589854517107444e+00	8.669792715470217570e-02	3.184391766202308155e-02	3.540295985674082658e+03	5.559727601051051948e+01	-2.190966134700956733e-02	3.088792772882754598e-02	3.786947767954977617e-02	-6.692728331042013679e+01	-2.190966134700973733e-02	3.088792772882743148e-02	3.786947767954978311e-02	-6.692728331042012258e+01
1.994134897360704590e+12	1.650944995001508264e+00	2.538452879998210135e-02	2.121840824493929034e+01	2.724975002218133380e+00	8.381692154560418939e-02	3.075878548514283592e-02	3.502392351401932046e+03	5.552404356192776902e+01	-5.721146386362956256e-03	4.115030689650043400e-02	4.154611021082917771e-02	-6.740609713243394197e+01	-5.721146386363221668e-03	4.115030689650039236e-02	4.154611021082918465e-02	-6.740609713243394197e+01
2.003910068426198242e+12	1.650267016291851130e+00	2.466012658348763764e-02	2.071393885795442458e+01	2.722773103217695390e+00	8.139158703662301153e-02	2.989290107957830178e-02	3.509462333558105001e+03	5.553776319627156965e+01	7.583789624623741253e-03	4.410094670609150669e-02	4.474826661943537287e-02	-6.771454074017159996e+01	7.583789624624387438e-03	4.410094670609140260e-02	4.474826661943538675e-02	-6.771454074017161417e+01
