Frequency/GHz	real_ε	real_ε_SG_filtered	real_ε_SG_filtered+RA	loss_T	loss_T_SG_filtered	loss_T_SG_filtered+RA
50.0	2.768146324	2.750861116532396	2.750849986619081	0.00582469	0.006543137084008741	0.006536704632069216
50.05	2.768063587	2.750892454705027	2.750881824664166	0.007772376	0.006535220159368806	0.006530404597488571
50.1	2.770053497	2.750925212803958	2.7509148347168533	0.010135034	0.006525155755577358	0.0065219638604072675
50.15	2.769584486	2.750959617394378	2.7509492530747046	0.013410438	0.006513091426588215	0.006511516302605996
50.2	2.761032334	2.750995862886773	2.750985285564312	0.021510818	0.006499190967505528	0.00649921202001297
50.25	2.727255052	2.751034110488957	2.751023106421532	0.022668009	0.006483632923618135	0.006485215961472
50.3	2.705002992	2.7510744874401003	2.7510628574359663	0.01364189	0.006466608943066944	0.0064697064119584825
50.35	2.711396689	2.7511170865384384	2.751104647371979	0.0061389	0.006448321987193792	0.00645287333306208
50.4	2.715724298	2.751161965971412	2.751148551675761	0.00280329	0.006428984414238663	0.006434916575161942
50.45	2.702658602	2.7512091494538766	2.751194612475087	-0.00241469	0.0064088159535538244	0.00641604397722251
50.5	2.754953709	2.751258626676745	2.7512428388753367	-0.006047687	0.006388041588873567	0.0063964693715220875
50.55	2.750366997	2.7513103540651507	2.7512932075522203	-0.007872223	0.006366889370404767	0.006376410511881087
50.6	2.773183704	2.7513642558417764	2.751345663638454	-0.012057327	0.006345588176575986	0.006356086945071951
50.65	2.795468755	2.751420225387643	2.751400121898373	-0.002378117	0.006324365447193905	0.006335717846059598
50.7	2.79975787	2.7514781268892685	2.7514564676681115	0.006051302	0.006303444910501289	0.006315520575869156
50.75	2.792671779	2.7515377972577917	2.751514558324542	0.01520513	0.006283044327208119	0.006295708821752785
50.8	2.763721731	2.751599048302442	2.751574224963288	0.020255065	0.006263373274975597	0.0062764908010580255
50.85	2.747400982	2.75166166913762	2.7516352742669996	0.01416932	0.006244630997070258	0.006258067547684355
50.9	2.757435296	2.7517254236687996	2.751697490543097	0.012058302	0.006227011712334249	0.006240631298995432
50.95	2.726384269	2.7517900560181854	2.7517606379085278	0.021259779	0.006210698412390107	0.006224363999813337
51.0	2.7284482	2.7518552930642066	2.751824462597695	0.008395272	0.006195861381925974	0.006209435938666419
51.05	2.735270442	2.75192084710226	2.7518886953687156	0.00696404	0.006182656836668065	0.006196004529804606
51.1	2.737493798	2.7519864186027525	2.751953053982486	0.006871848	0.006171225689686758	0.006184213252647387
51.15	2.733502989	2.752051699041951	2.75201724572872	0.008308359	0.006161692455372954	0.0061741907583041135
51.2	2.724999181	2.752116373780938	2.752080970486344	0.005703046	0.00615416429903211	0.00616604941328294
51.25	2.713375518	2.7521801249680022	2.752143923517332	0.000563641	0.006148730238589984	0.0061598844479493035
51.3	2.74986726	2.7522426344401447	2.7522057982736228	-0.030008204	0.006145460503403409	0.006155773253593306
51.35	2.790987834	2.752303586599961	2.75226628919411	-0.006830057	0.0061444060536375265	0.006153774832237914
51.4	2.794199766	2.75236267124504	2.7523250944693496	0.002485124	0.006145598262122512	0.006153929401843721
51.45	2.798274154	2.7524195863280645	2.7523819187525067	0.011984974	0.006149048759053745	0.006156258158082143
51.5	2.76042973	2.752474040627114	2.752436475796153	0.009470585	0.006154749438365994	0.006160763192372832
51.55	2.770123694	2.752525756307134	2.7524884909957783	0.009557371	0.006162672623114147	0.006167427564427593
51.6	2.769184781	2.7525744713551474	2.75253770382231	0.013595046	0.006172771385744831	0.00617621552612647
51.65	2.768936611	2.752619941873522	2.75258387012746	0.017983205	0.006184980017757176	0.00618707289218519
51.7	2.74075943	2.7526619442173983	2.7526267643073736	0.02315373	0.0061992146419389965	0.00619992755176922
51.75	2.716433663	2.7527002769642577	2.752666181311758	0.015449257	0.0062153739591375955	0.00621469011397951
51.8	2.719136568	2.75273476270546	2.752701938487397	0.00823113	0.006233340120392179	0.00623125467898896
51.85	2.724503299	2.752765249651458	2.7527338772467647	0.003963585	0.006252979714224728	0.006249499725555729
51.9	2.72782722	2.752791613044183	2.7527618645541603	0.000143748	0.0062741448579628	0.006269289104688512
51.95	2.736700446	2.752813756371905	2.7527857942235525	0.000174488	0.006296674381156649	0.006290473128398037
52.0	2.733635838	2.752831612383506	2.752805588011095	-0.002501772	0.006320395088460497	0.006312889770101954
52.05	2.74430204	2.752845143900811	2.7528211965035205	-0.010944098	0.006345123088781836	0.00633636595309484
52.1	2.774267303	2.7528543444290996	2.752832599798816	-0.019426837	0.0063706651770726605	0.006360718917842935
52.15	2.817882672	2.7528592385674457	2.7528398079766974	0.005595078	0.0063968202548524335	0.0063857576586735885
52.2	2.796492422	2.7528598820928223	2.7528428613574674	0.014958791	0.006423381058978161	0.00641128442032164
52.25	2.761880043	2.7528563618885133	2.7528418305487907	0.019818713	0.006450135789066453	0.006437096244765514
52.3	2.747790623	2.752848795658416	2.752836816280803	0.012447507	0.00647686976787313	0.006462986558830389
52.35	2.750880755	2.752837331430274	2.7528279490307446	0.008655768	0.006503367122531267	0.006488746793149107
52.4	2.75728319	2.7528221468518836	2.7528153884390174	0.007948454	0.0065294124744433146	0.006514168023247002
52.45	2.762611216	2.7528034482851385	2.752799322519172	0.008856747	0.006554792625595385	0.006539042623746739
52.5	2.767623529	2.7527814697036277	2.752779966677786	0.016152942	0.006579298229109248	0.006563165898609061
52.55	2.742500571	2.752756471400228	2.7527575625440455	0.014656313	0.006602725431969014	0.006586337690195225
52.6	2.735119725	2.752728738511828	2.7527323766156417	0.012350017	0.006624877478051617	0.006608363955461575
52.65	2.731024975	2.752698579368988	2.752704698728318	0.009481007	0.0066455662598498035	0.006629058297812471
52.7	2.726784872	2.752666323678962	2.752674840357094	0.006468678	0.006664613807601387	0.00664824344341953
52.75	2.726633944	2.7526323205511125	2.7526431327578536	0.001505691	0.006681853704928078	0.006665752651160248
52.8	2.744722645	2.7525969363743776	2.7526099249586307	-0.003887899	0.00669713242053664	0.006681431045734418
52.85	2.754777025	2.7525605525570342	2.7525755816106026	0.000155102	0.006710310546040229	0.006695136863979587
52.9	2.74575292	2.752523563139647	2.7525404807094453	-0.006661137	0.006721263930513893	0.006706742604924229
52.95	2.783687639	2.752486372292731	2.752505011198397	0.003749086	0.006729884703002559	0.006716136074686961
53.0	2.782134578	2.752449391711397	2.7524695704650908	0.00700978	0.006736082174850964	0.0067232213179488284
53.05	2.775180112	2.7524130379199483	2.752434561744941	0.021775683	0.006739783614420687	0.006727919428390822
53.1	2.751022529	2.752377729500253	2.7524003914446373	0.018153678	0.006740934887498055	0.006730169231195933
53.15	2.727580651	2.7523438842585057	2.75236746640009	0.014252464	0.006739500957477111	0.006729927831460783
53.2	2.726715734	2.7523119163459002	2.7523361910839688	0.006864707	0.006735466240220074	0.006727171023141019
53.25	2.731838731	2.752282233349612	2.752306964778813	0.002547363	0.006728834809348005	0.0067218935539628795
53.3	2.742233332	2.752255233371342	2.7522801787322932	-0.000776707	0.006719630448587752	0.006714109243680984
53.35	2.755827163	2.7522313021115643	2.752256213312042	0.000253882	0.006707896548688738	0.0067038509536732445
53.4	2.756745425	2.752210809978437	2.752235435178154	0.002455558	0.006693695847316251	0.006691170406996634
53.45	2.754962647	2.7521941092411684	2.752218194492143	0.001105376	0.006677110011221151	0.006676137859203025
53.5	2.766964559	2.7521815312462	2.7522048221816995	-0.003002858	0.006658239072032013	0.006658841621426817
53.55	2.796664817	2.752173383717436	2.7521956272811203	0.003362563	0.006637200714343301	0.006639387438499492
53.6	2.783787606	2.7521699481613764	2.7521908943676245	0.01749221	0.006614129420731935	0.006617897726114759
53.65	2.748555678	2.7521714773983894	2.75219088111406	0.017301353	0.006589175479541038	0.006594510672354245
53.7	2.738089627	2.7521781932414697	2.752195815978579	0.008142184	0.006562503862457981	0.006569379210181028
53.75	2.75398255	2.7521902843438206	2.7522058960517786	0.010540727	0.006534292980074748	0.00654266986880869
53.8	2.751063031	2.752207904236381	2.7522212850817445	0.009217739	0.006504733324740428	0.006514561512033024
53.85	2.751755532	2.7522311695759205	2.7522421116969276	0.009499405	0.00647402601108361	0.006485243973133716
53.9	2.749907255	2.752260158623628	2.7522684678461333	0.009731661	0.006442381225584075	0.0064549165969394725
53.95	2.747610775	2.752294909973163	2.7523004074740136	0.010182089	0.006410016597497763	0.006423786700564487
54.0	2.744301207	2.752335421545859	2.7523379454493186	0.009407507	0.006377155504275355	0.00639206796515492
54.05	2.748061042	2.752381649869268	2.7523810567617706	0.0118424	0.006344025325350226	0.006359978771719242
54.1	2.727277346	2.752433509653432	2.7524296760017744	0.009048515	0.006310855658789503	0.006327740494744577
54.15	2.722653847	2.752490873677194	2.752483697135315	0.002880185	0.006277876515791198	0.00629557576781147
54.2	2.733827786	2.7525535729945254	2.752542973584231	-0.006444175	0.006245316508362286	0.006263706735802815
54.25	2.769323711	2.7526213974683342	2.752607318619739	-0.004607664	0.006213401045717982	0.006232353308550108
54.3	2.76762315	2.7526940966364206	2.75267650607453	0.002184191	0.0061823505549937745	0.006201731430865524
54.35	2.769106759	2.752771380911328	2.7527502713760432	0.004714617	0.006152378741752544	0.006172051383866303
54.4	2.769144627	2.7528529231127887	2.7528283129006783	0.006964212	0.006123690905497518	0.006143516132306119
54.45	2.768720606	2.7529383603282422	2.7529102936457104	0.010484777	0.006096482324970695	0.0061163197322855
54.5	2.758885808	2.753027296093763	2.7529958432126493	0.012211534	0.006070936727429518	0.006090645813220406
54.55	2.739714682	2.7531193028844028	2.7530845600926623	0.016004577	0.006047224855358005	0.006066666147306926
54.6	2.732987768	2.7532139248997836	2.7531760142415793	0.009966167	0.00602550314318767	0.006044539318979594
54.65	2.727822233	2.7533106811275134	2.753269749928905	0.004543139	0.006005912515585012	0.006024409505978171
54.7	2.73741152	2.753409068663915	2.75336528884224	0.001994708	0.005988577317711341	0.006006405382637803
54.75	2.742646827	2.7535085662684686	2.7534621334255736	0.001390446	0.005973604386583183	0.005990639154910178
54.8	2.745349736	2.7536086381255904	2.7535597704271053	0.001770971	0.005961082271720451	0.005977205735420323
54.85	2.74245543	2.7537087377845824	2.7536576746296317	0.000545963	0.005951080611738319	0.0059661820655774345
54.9	2.742768678	2.753808312246137	2.753755312734082	-0.006965437	0.0059436496720938325	0.005957626590402526
54.95	2.786803376	2.7539068061615777	2.753852147364648	-0.013699929	0.005938820047694446	0.005951578890325182
55.0	2.820625812	2.754003666109087	2.7539476411619725	0.006211247	0.00593660253253096	0.005948059472752778
55.05	2.781929479	2.7540983449096585	2.7540412609293337	0.024140382	0.005936988156929138	0.005947069724744623
55.1	2.736813149	2.7541903059442916	2.754132481795417	0.016393543	0.005939948391438572	0.005948592026602995
55.15	2.746232347	2.75427902743317	2.7542207913564147	0.009127727	0.005945435514811577	0.005952590024688589
55.2	2.74919595	2.754364006637166	2.754305693759632	0.006921487	0.005953383141987302	0.00595900906027978
55.25	2.754580019	2.754444763942077	2.7543867136906526	0.006696752	0.005963706906501641	0.005967776749839064
55.3	2.755473323	2.75452084678642	2.75446340022643	0.0062403	0.005976305290304163	0.005978803710641679
55.35	2.755375026	2.754591833394565	2.754535330517338	0.008857672	0.005991060592594255	0.0059919844243754425
55.4	2.749276981	2.7546573362783064	2.754602113262345	0.009513189	0.0060078400280057466	0.006007198230051492
55.45	2.743720037	2.7547170054717838	2.754663391943029	0.009114572	0.006026496943287283	0.006024310436386212
55.5	2.73893988	2.7547705314668676	2.7547188477840514	0.00747736	0.00604687214055711	0.006043173542736872
55.55	2.736871035	2.754817647818735	2.754768202410056	0.005567646	0.006068795294266775	0.006063628556707995
55.6	2.726163488	2.7548581333943627	2.754811220171654	0.000660748	0.006092086448199061	0.006085506395701869
55.65	2.736762043	2.7548918142400103	2.7548477101161644	-0.012407854	0.006116557578158773	0.00610862935897348
55.7	2.79393422	2.754918565047386	2.7548775275821873	-0.008799027	0.006142014205493911	0.006132812656174771
55.75	2.791485071	2.754938310202129	2.7549005754006624	0.001468992	0.0061682570462128754	0.006157865977941619
55.8	2.794085391	2.7549510244023923	2.7549168046889996	0.006454046	0.006195083680242898	0.00618359509379395
55.85	2.798480703	2.7549567328396716	2.7549262152289073	0.01288993	0.006222290225310371	0.006209803462487684
55.9	2.784405392	2.7549555109385335	2.7549288554228055	0.027594613	0.006249673000018656	0.006236293839979661
55.95	2.724672544	2.754947483656536	2.754924821828009	0.023586569	0.006277030160955762	0.0062628698703420665
56.0	2.720620236	2.7549328243502362	2.7549142582722697	0.010409947	0.0063041632990804165	0.006289337645288962
56.05	2.728203966	2.754911753217816	2.754897354558617	0.004583664	0.006330878981204118	0.006315507218449976
56.1	2.742447482	2.754884535333346	2.7548743447717423	0.002873864	0.006356990223118828	0.006341194061139055
56.15	2.7411429	2.754851478292045	2.7548455052023675	0.003931652	0.006382317881782826	0.006366220447111365
56.2	2.752105608	2.754812929489992	2.754811151910026	0.003716774	0.006406691954962865	0.006390416754669522
56.25	2.75171517	2.7547692730655977	2.7547716379485143	0.005803562	0.006429952777823023	0.006413622675459885
56.3	2.727994747	2.75472092653365	2.754727350281738	0.005863364	0.0064519521071336825	0.006435688320378059
56.35	2.734548908	2.754668337145919	2.754678706420937	-0.009292682	0.0064725540850334735	0.006456475214165919
56.4	2.808728908	2.754611978015123	2.7546261508170717	-0.015258224	0.006491636075600222	0.006475857171514146
56.45	2.822542243	2.754552344041416	2.7545701510446774	0.019524121	0.006509089368859397	0.00649372104877
56.5	2.74434563	2.754489947682479	2.7545111938155045	0.022131131	0.006524819748262156	0.006509967366674909
56.55	2.741481082	2.754425314609803	2.7544497808619433	0.011331543	0.006538747919082717	0.006524510800905428
56.6	2.746841289	2.7543589792946954	2.7543864247313623	0.008489419	0.006550809796601095	0.006537280538549507
56.65	2.749605457	2.754291480568095	2.7543216445332597	0.00736518	0.0065609566543413655	0.006548220500003652
56.7	2.751851882	2.7542233571982675	2.7542559616813485	0.00711614	0.00656915513401197	0.0065572894271112726
56.75	2.751468693	2.754155143529986	2.7541898956724973	0.008418459	0.006575387120128203	0.0065644608396651346
56.8	2.750207579	2.7540873652278415	2.7541239599437675	0.008767152	0.006579649483574469	0.006569722863654312
56.85	2.74446375	2.7540205351648925	2.7540586578476463	0.007480152	0.006581953699574915	0.00657307793583652
56.9	2.74777398	2.7539551494960084	2.7539944787839956	0.008805578	0.006582325346676427	0.006574542390348825
56.95	2.739148451	2.753891683952903	2.753931894525226	0.007596238	0.006580803494398026	0.006574145934122354
57.0	2.733486219	2.753830590395183	2.753871355768804	0.005734881	0.006577439988153929	0.006571931018829856
57.05	2.721916464	2.7537722936485935	2.753813288948393	-0.001042064	0.006572298640904804	0.006567952117959686
57.1	2.755080748	2.753717188658185	2.753758093331841	-0.020136657	0.006565454341724141	0.006562274918368348
57.15	2.806469138	2.7536656379804016	2.7537061384307675	-0.003025753	0.006556992092076649	0.006554975436309889
57.2	2.80206157	2.7536179696340426	2.7536577617428515	0.003771036	0.006547005981086997	0.006546139068468952
57.25	2.807450046	2.7535744753258777	2.753613266844013	0.014951996	0.006535598111426495	0.0065358595889317365
57.3	2.780391441	2.7535354090623203	2.7535729218436176	0.032416869	0.006522877487661094	0.0065242381033129805
57.35	2.717427857	2.7535009861541564	2.753536958211664	0.024025192	0.006508958878990326	0.006511381971416425
57.4	2.718506774	2.753471382616853	2.753505569982679	0.01145801	0.006493961668267056	0.0064974037098411335
57.45	2.727277786	2.7534467349645197	2.7534789133367528	0.006088812	0.006478008699025863	0.006482419885858339
57.5	2.736071584	2.753427140391223	2.7534571065539852	0.004448682	0.006461225131966376	0.0064665500136759785
57.55	2.73986055	2.7534126573290636	2.753440230334425	0.003202191	0.006443737321939252	0.006449915463884769
57.6	2.7459916	2.7534033063683307	2.7534283284716414	0.001898843	0.006425671725971224	0.006432638396445598
57.65	2.751941035	2.753399071521141	2.753421408864232	0.006027061	0.006407153852248702	0.006414840727039512
57.7	2.737866101	2.753399901806364	2.7534194448460125	0.005805746	0.006388307259263401	0.006396643135965793
57.75	2.73428574	2.7534057131302783	2.7534223768123516	0.001221262	0.006369252613514394	0.0063781641280487595
57.8	2.738725117	2.7534163904344897	2.753430114117122	-0.010443273	0.006350106813269372	0.006359519151209282
57.85	2.823227571	2.753431790080058	2.753442537212112	-0.007605001	0.006330982184929479	0.006340819780482979
57.9	2.781584228	2.7534517424346547	2.7534594999985456	0.023875041	0.006311985757529879	0.0063221729733349925
57.95	2.743141634	2.7534760546279173	2.753480832358479	0.01305917	0.006293218619855512	0.006303680401143316
58.0	2.746021213	2.753504513438919	2.7535063428324906	0.007934264	0.006274775363571607	0.0062854378607109474
58.05	2.750396615	2.7535368882789637	2.753535821409116	0.006713863	0.006256743614676208	0.006267534768635716
58.1	2.754043679	2.7535729342326687	2.7535690423909926	0.006804684	0.006239203654491373	0.00625005374032891
58.15	2.755005942	2.7536123951204785	2.7536057673026395	0.008041567	0.006222228130331939	0.006233070254443729
58.2	2.750743807	2.7536550065464813	2.7536457478052014	0.008256256	0.006205881854939718	0.00621665240246505
58.25	2.750029496	2.75370049889653	2.7536887285843243	0.009091119	0.006190221692762075	0.006200860722235563
58.3	2.742458441	2.7537486002532554	2.7537344501785883	0.008616776	0.006175296530201315	0.0061857481132612194
58.35	2.737092927	2.7537990391965277	2.753782651717544	0.004441342	0.00616114732607767	0.006171359830761397
58.4	2.749987183	2.753851547460271	2.7538330735404113	0.003693571	0.006147807237743082	0.00615773355461531
58.45	2.745958543	2.7539058624191464	2.7538854596687985	0.005442611	0.006135301817560641	0.006144899528614139
58.5	2.73078747	2.753961729381557	2.7539395601094254	0.004499186	0.006123649273828175	0.0061328807647652184
58.55	2.734824034	2.7540189036685248	2.753995132965685	-0.018621175	0.006112860789677982	0.006121693306816307
58.6	2.807094239	2.7540771524613423	2.7540519463399313	-0.005361918	0.006102940893030502	0.006111346546679251
58.65	2.807389713	2.7541362564043466	2.754109780011636	0.006986489	0.006093887870320226	0.006101843587036866
58.7	2.794819955	2.7541960109527523	2.7541684268798727	0.02346004	0.006085694216450512	0.006093181643117103
58.75	2.733909606	2.7542562274591256	2.7542276941620525	0.019243574	0.00607834711327296	0.0060853524764159
58.8	2.737199877	2.7543167339957235	2.754287404344244	0.009096238	0.006071828928830756	0.006078342853045138
58.85	2.74381747	2.75437737591357	2.7543473958818927	0.006179358	0.006066117729653825	0.006072135019374502
58.9	2.748956628	2.75443801614264	2.7544075236531005	0.004551864	0.006061187798545452	0.006066707187724889
58.95	2.758259982	2.7544985352409435	2.7544676591699324	0.004875173	0.006057010150548616	0.006062034025054014
59.0	2.761389099	2.7545588312034743	2.7545276905563165	0.010370922	0.006053553040120551	0.006058087137848501
59.05	2.740565326	2.7546188190450076	2.7545875223040577	0.009116669	0.006050782452971621	0.006054835546796034
59.1	2.744800263	2.7546784301734206	2.754647074821201	0.001066323	0.006048662576534369	0.0060522461452502205
59.15	2.763657995	2.7547376115726667	2.7547062837894	0.007675852	0.006047156243611485	0.0060502841360124005
59.2	2.744381168	2.7547963248165885	2.754765099349137	0.006673845	0.006046225344395374	0.006048913441530914
59.25	2.744412267	2.7548545449365425	2.7548234851334463	0.000130365	0.006045831202748297	0.00604809708325021
59.3	2.792034167	2.7549122591671567	2.7548814171723075	-0.00727275	0.006045934913372615	0.006047797526520401
59.35	2.75462492	2.7549694655955594	2.7549388826909995	0.016793547	0.006046497637275625	0.006047976988192085
59.4	2.749265051	2.7550261717400075	2.754995878826491	0.008711437	0.006047480853730585	0.006048597704760973
59.45	2.752258011	2.755082393084037	2.7550524112863353	0.007342701	0.006048846567741584	0.006049622159680962
59.5	2.753092475	2.755138151592086	2.7551084929745677	0.00762192	0.006050557472822449	0.00605101326922241
59.55	2.752016271	2.755193474231928	2.7551641426087787	0.007607195	0.006052577069688461	0.0060527345270035855
59.6	2.750703968	2.755248391528339	2.755219383351831	0.007327671	0.006054869742223252	0.006054750108056987
59.65	2.749762556	2.755302936171109	2.7552742414806737	0.007190675	0.006057400792811381	0.0060570249339976946
59.7	2.744671738	2.7553571416989135	2.7553287451133492	0.007243112	0.006060136439809851	0.0060595247015275775
59.75	2.738681556	2.7554110412786517	2.75538292301365	0.001925885	0.006063043780560047	0.006062215877127009
59.8	2.76673454	2.7554646665976783	2.755436803490974	-0.001090755	0.006066090723906636	0.00606506566134519
59.85	2.771553309	2.755518046883986	2.755490413410795	0.005824133	0.006069245896682698	0.006068041926592808
59.9	2.764049833	2.755571208066764	2.7555437773288274	0.013335659	0.0060724785290294245	0.006071113132758606
59.95	2.737894335	2.755624172087046	2.755596916759502	0.011426651	0.00607575832373589	0.006074248225308167
60.0	2.725417052	2.7556769563653285	2.7556498495867503	0.004018601	0.006079055315004259	0.006077416520773179
60.05	2.767361276	2.755729573430132	2.755702589622456	-0.014170777	0.006082339722164646	0.006080587584698642
60.1	2.79408308	2.7557820307086645	2.755755146315257	0.00455359	0.00608558180388123	0.006083731107181422
60.15	2.76442892	2.7558343304778576	2.7558075246096947	0.017734877	0.00608875171830698	0.006086816781105906
60.2	2.746633368	2.7558864699713927	2.755859724953156	0.008828352	0.006091819394459991	0.006089814188061883
60.25	2.750738626	2.755938441635714	2.7559117434455436	0.00628171	0.006094754419814669	0.006092692696719309
60.3	2.753656942	2.755990233525687	2.755963572124286	0.005704848	0.006097525948734436	0.006095421378138218
60.35	2.755105801	2.7560418298283604	2.756015199375142	0.005756165	0.006100102635927531	0.006097968942115397
60.4	2.755710836	2.7560932115013754	2.756066610457308	0.005680128	0.00610245259858919	0.006100303698219315
60.45	2.755475258	2.7561443570109248	2.7561177881296524	0.005297433	0.006104543410310169	0.006102393544648776
60.5	2.760023119	2.7561952431527548	2.7561687133634187	0.003317423	0.00610634212919334	0.0061042059874784034
60.55	2.774155085	2.756245845938685	2.7562193661256296	0.011758064	0.006107815361936428	0.0061057081922351476
60.6	2.748684676	2.756296141530329	2.7562697262164924	0.009397579	0.006108929364920419	0.006106867069094478
60.65	2.75102528	2.7563461072012987	2.7563197741435728	0.006883312	0.006109650182601591	0.00610764939230281
60.7	2.752906091	2.756395722309059	2.7563694920151818	0.006441659	0.006109943822756258	0.00610802195373445
60.75	2.752179701	2.756444969257819	2.7564188644354486	0.006584709	0.006109776467382116	0.006107951749787327
60.8	2.759571088	2.756493834434316	2.7564678793838526	0.005238232	0.0061091147173277386	0.006107406200122762
60.85	2.753204284	2.7565423090991685	2.756516529062556	0.006594396	0.006107925868010842	0.0061063533960716634
60.9	2.752809179	2.756590390217465	2.756564810695734	0.006015009	0.0061061782129056	0.006104762375873556
60.95	2.75267142	2.7566380812135907	2.7566127272661753	0.004867259	0.006103841370838942	0.006102603423296573
61.0	2.754674076	2.756685392636792	2.75666028817576	0.005730023	0.00610088663254769	0.006099848385615699
61.05	2.753512628	2.7567323427257224	2.7567075098179115	0.005498154	0.0060972873214254365	0.006096471006412743
61.1	2.75280783	2.756778957862108	2.756754416051828	0.005344268	0.006093019162939351	0.006092447268213385
61.15	2.750659422	2.7568252729057106	2.7568010385700865	0.004823425	0.006088060656831753	0.006087755739602378
61.2	2.745706121	2.7568713314049007	2.75684741715319	0.002331775	0.006082393445947515	0.006082377921164829
61.25	2.762401351	2.7569171856793404	2.7568935998065944	-0.009062474	0.006076002675352559	0.0060762985843957375
61.3	2.80373873	2.756962896773481	2.756939642777822	0.011291544	0.0060688773353341574	0.006069506097606784
61.35	2.755542131	2.757008534281754	2.7569856104533095	0.013958973	0.006061010581900772	0.00606199273284229
61.4	2.751773459	2.7570541760485003	2.7570315751366468	0.008332593	0.006052400028530114	0.0060537549478972465
61.45	2.75310449	2.7570999077476346	2.7570776167118316	0.006662705	0.006043048003148023	0.006044793637709624
61.5	2.751608931	2.7571458223490724	2.7571238221969865	0.005306752	0.006032961764658154	0.0060351143496754816
61.55	2.774170781	2.757192019480595	2.7571702851957247	0.001791494	0.0060221536737805	0.006024727457806179
61.6	2.760422003	2.7572386046954804	2.757217105254898	0.008851957	0.006010641313488921	0.006013648291108263
61.65	2.759019595	2.757285688657557	2.7572643871388456	0.007220914	0.005998447554955531	0.006001897212112839
61.7	2.759230194	2.75733338625645	2.757312240031428	0.007092866	0.0059856005656060834	0.00598949964210547
61.75	2.759650958	2.7573818156667222	2.7573607766780834	0.007329489	0.005972133756659537	0.005976486030301294
61.8	2.760548036	2.7574310973652136	2.7574101124808648	0.008061865	0.005958085668354999	0.005962891764963569
61.85	2.760207102	2.7574813531212303	2.757460364559866	0.009525291	0.005943499791946532	0.00594875702526637
61.9	2.756028904	2.7575327049743215	2.7575116507947053	0.012457872	0.005928424328456416	0.005934126573542415
61.95	2.724628272	2.7575852742141933	2.757564088859668	0.006362271	0.00591291188510627	0.005919049488422543
62.0	2.756647675	2.7576391803768816	2.7576177952658787	0.002204634	0.005897019111280898	0.005903578840251517
62.05	2.755097772	2.75769454027061	2.757672884423359	0.004938024	0.005880806276808517	0.005887771311041288
62.1	2.755377511	2.7577514670438745	2.7577294677350954	0.004947728	0.005864336796249353	0.005871686762083959
62.15	2.756020299	2.7578100693071814	2.7577876527343474	0.004726459	0.005847676703756813	0.005855387753178312
62.2	2.758693722	2.7578704503185594	2.757847542275288	0.005246392	0.005830894083895834	0.005838939018212439
62.25	2.758757559	2.757932707241524	2.7579092337858606	0.006078426	0.005814058464557242	0.005822406902578453
62.3	2.756122915	2.757996930482582	2.757972818590305	0.004098743	0.005797240178781717	0.00580585876856125
62.35	2.757007129	2.7580632031137444	2.7580383813073723	0.005379946	0.005780509702890057	0.005789362375430878
62.4	2.756943317	2.7581316003837317	2.7581059993286794	0.004877185	0.00576393697879769	0.0057729852414669745
62.45	2.757658114	2.75820218931992	2.758175742380079	0.00519269	0.005747590728766418	0.005756793995545
62.5	2.759082112	2.758275028421323	2.7582476721673435	0.005195501	0.005731537771108858	0.005740853726210727
62.55	2.759232296	2.7583501674412823	2.758321842105914	0.005743292	0.005715842345504799	0.005725227336356012
62.6	2.759161516	2.758427647256946	2.758398297132964	0.00629074	0.005700565456610319	0.005709974911681804
62.65	2.749844112	2.7585074998211754	2.758477073598641	0.006640375	0.005685764244537072	0.0056951531110914725
62.7	2.76098388	2.758589748191208	2.7585581992320556	-0.000519915	0.005671491390553097	0.0056808145869986105
62.75	2.765406521	2.7586744066272284	2.758641693176437	0.004616343	0.0056577945660100945	0.005667007443259307
62.8	2.763572336	2.7587614807530794	2.7587275660868915	0.004900779	0.005644715932039638	0.005653774738052356
62.85	2.764900315	2.7588509677705146	2.758815820283378	0.005737923	0.005632291696986747	0.005641154038536373
62.9	2.764713369	2.7589428567178778	2.7589064499508966	0.00651026	0.005620551737869064	0.005629177033516687
62.95	2.762938343	2.7590371287637363	2.7589994413784646	0.006766467	0.005609519291373375	0.005617869209665253
63.0	2.761709009	2.7591337575258676	2.759094773228209	0.006939215	0.005599210719039353	0.005607249596062423
63.05	2.760357342	2.7592327094061435	2.7591924168259205	0.005910724	0.0055896353503449596	0.005597330580980079
63.1	2.761334611	2.759333943932138	2.7592923364645547	0.006859834	0.00558079540641347	0.005588117803911662
63.15	2.760295117	2.759437414096854	2.759394489712567	0.006977215	0.00557268600602273	0.005579610124888177
63.2	2.761445434	2.7595430666886522	2.7594988277195096	0.006903303	0.005565295254524797	0.0055717996721132545
63.25	2.764745252	2.759650842604342	2.75960529551206	0.007485733	0.005558604415186652	0.0055646719679189605
63.3	2.766788553	2.759760677139421	2.759713832274529	0.011342545	0.005552588161355477	0.005558206132001526
63.35	2.741262206	2.759872500250637	2.7598243716089224	0.021063775	0.005547214906751879	0.005552375159857636
63.4	2.707967174	2.759986236787304	2.7599368417707586	-0.009693595	0.005542447210119851	0.005547146273321272
63.45	2.768670537	2.7601018066892387	2.760051165878057	-0.002432737	0.0055382422494304395	0.0055424813391126895
63.5	2.762458979	2.760219125150556	2.7601672620922018	0.002953197	0.005534552359864995	0.005538337350369191
63.55	2.760904567	2.760338102750081	2.7602850437706894	0.002485503	0.005531325628906066	0.005534666965246043
63.6	2.767564386	2.760458645550501	2.760404419593098	0.003476252	0.0055285065410498255	0.0055314190958690385
63.65	2.764971644	2.760580655169838	2.760525293662903	0.004189497	0.005526036663936903	0.005528539540200635
63.7	2.76490717	2.7607040288300984	2.760647565589035	0.003669027	0.005523855367089823	0.005525971648761022
63.75	2.766031703	2.760828659389221	2.7607711305522087	0.004074243	0.005521900563955175	0.005523657017633789
63.8	2.766538547	2.760954435363503	2.760895879362141	0.003812888	0.005520109467585424	0.005521536198791314
63.85	2.771079137	2.7610812409486885	2.761021698512665	0.004473339	0.005518419350067856	0.005519549418503836
63.9	2.774715316	2.761208956048623	2.7611484702425355	0.005993718	0.0055167682957237155	0.005517637294453396
63.95	2.778297588	2.761337456320978	2.761276072610281	0.008418127	0.005515095938158102	0.005515741542162207
64.0	2.782463	2.761466613249877	2.761404379591858	0.01500474	0.0055133441714402456	0.005513805661465703
64.05	2.72820804	2.7615962942553205	2.761533261210028	0.034608146	0.0055114578260312885	0.005511775594012628
64.1	2.666867175	2.7617263628492066	2.761662583704344	-0.011500772	0.005509385300545429	0.005509600343154859
64.15	2.785417128	2.7618566788472947	2.761792209750348	-0.01257315	0.005507079141025019	0.005507232548092533
64.2	2.782245739	2.761987098645867	2.7619219987360966	0.00158407	0.005504496560124766	0.005504629004758392
64.25	2.777457787	2.7621174755709204	2.762051807103404	0.005224782	0.005501599889424436	0.005501751126649979
64.3	2.77282032	2.7622476603066626	2.762181488760277	0.006767555	0.005498356959007726	0.005498565339640034
64.35	2.769286991	2.76237750140873	2.762310895569878	0.006347352	0.005494741399444604	0.005495043405702433
64.4	2.76818235	2.7625068459061075	2.7624398779200656	0.00694361	0.005490732862382298	0.0054911626714709925
64.45	2.769409012	2.7626355399940548	2.762568285376085	0.007193569	0.005486317157073974	0.00548690623858711
64.5	2.765616356	2.7627634298186057	2.762695967417386	0.007716347	0.0054814863013408046	0.005482263053874355
64.55	2.765329232	2.7628903623513303	2.7628227742578466	0.007812114	0.005476238486655282	0.00547722791848829
64.6	2.765004566	2.763016186351083	2.762948557746884	0.007790285	0.005470577958231019	0.00547180141631243
64.65	2.769119909	2.7631407534074874	2.7630731723471222	0.008170238	0.0054645148121861805	0.0054659897629908884
64.7	2.773823483	2.7632639190588795	2.763196476182434	0.012825865	0.005458064712997222	0.005459804578089052
64.75	2.751310989	2.7633855439755273	2.7633183321483585	0.026005961	0.0054512485355637874	0.005453262583940227
64.8	2.657352233	2.763505495197037	2.7634386090751275	0.004485325	0.005444091937249136	0.005446385235752366
64.85	2.773129376	2.763623647411111	2.763557182931842	-0.018003525	0.005436624866229175	0.00543919828849975
64.9	2.775018084	2.763739884259224	2.7636739380587985	-3.81e-05	0.005428881013363936	0.005431731306995768
64.95	2.768401145	2.763854099653301	2.7637887684135323	0.00039284	0.005420897215585727	0.00542401712632262
65.0	2.778419687	2.763966199086294	2.763901578814962	0.00303329	0.005412712819462199	0.00541609127047127
65.05	2.770748068	2.7640761009184796	2.764012286168982	0.003916003	0.005404369014129123	0.005407991337610726
65.1	2.769700754	2.7641837376206437	2.764120820658101	0.003387891	0.00539590814319119	0.005399756360852002
65.15	2.768075589	2.7642890569548255	2.7642271268772283	0.004090956	0.005387373005454698	0.005391426153692909
65.2	2.775534134	2.7643920230731784	2.764331164897439	0.001951747	0.005378806154483733	0.005383040649520504
65.25	2.78397335	2.7644926175157223	2.7644329112396626	0.003568017	0.005370249206958338	0.005374639244606448
65.3	2.790586834	2.7645908400882337	2.764532359740545	0.006550384	0.0053617421696619	0.0053662601539563315
65.35	2.800075364	2.7646867096023797	2.7646295222934136	0.013678154	0.005353322794638244	0.005357939789169224
65.4	2.788241616	2.764780264461331	2.7647244294482247	0.035145019	0.005345025971639886	0.005349712167131308
65.45	2.675035098	2.764871563075541	2.764817130855591	0.026184328	0.0053368831664451595	0.005341608357912133
65.5	2.663256473	2.7649606840951164	2.764907695541511	-0.005579297	0.005328921912961044	0.005333655979659018
65.55	2.778175445	2.7650477264471647	2.7649962120011673	-0.036041408	0.005321165366258048	0.00532587874760204
65.6	2.807202181	2.7651328091687537	2.765082788102178	-0.003177103	0.005313631922812031	0.005318296083498331
65.65	2.796427387	2.765216071028492	2.765167550789891	0.004929475	0.005306334913262947	0.005310922790970988
65.7	2.782258915	2.765297669932378	2.7652506455897017	0.008525045	0.005299282371952574	0.005303768801247543
65.75	2.777052372	2.7653777821122802	2.765332235903938	0.007751571	0.005292476886388577	0.005296838992788474
65.8	2.774133405	2.7654566010983404	2.765412502103504	0.011520198	0.005285915528624794	0.005290133087232308
65.85	2.760336748	2.76553433647951	2.765491640417232	0.003606136	0.0052795898693648235	0.0052836456229844765
65.9	2.765452092	2.765611212459442	2.765569861624666	0.007278025	0.005273486074405425	0.005277366006658326
65.95	2.764684817	2.765687466217905	2.7656473895607965	0.005288228	0.005267585081854475	0.0052712786414550305
66.0	2.774006099	2.7657633460907762	2.765724459444009	0.005528555	0.005261862857399383	0.005265363130462078
66.05	2.776200935	2.765839109584444	2.7658013160411947	0.007210543	0.005256290723779732	0.005259594551774498
66.1	2.782692072	2.7659150212430936	2.765878211686486	0.010076804	0.005250835759550532	0.005253943801314777
66.15	2.791976428	2.765991350389792	2.7659554041724865	0.025456488	0.005245461261229995	0.005248377998261215
66.2	2.650640384	2.7660683687645067	2.7660331545350094	0.02893325	0.005240127262023044	0.005242860947103671
66.25	2.710657709	2.766146348084136	2.76611172475425	-0.038421765	0.005234791099512778	0.005237353649541744
66.3	2.794200079	2.766225557551252	2.7661913753969967	-0.006636672	0.005229408024027585	0.005231814858734367
66.35	2.779090424	2.7663062613395204	2.766272363225757	-3.823e-05	0.0052239318388292025	0.00522620166781113
66.4	2.787067888	2.7663887160846645	2.7663549388017468	0.000494565	0.005218315562829977	0.005220470124072273
66.45	2.783480969	2.766473168410317	2.7664393441092914	0.004227586	0.0052125121062352115	0.005214575859942159
66.5	2.781581507	2.7665598525182387	2.7665258102295014	0.005169479	0.005206474949325609	0.0052084747315049185
66.55	2.785318254	2.7666489878720464	2.766614555091011	0.008753107	0.005200158814547363	0.005202123455343234
66.6	2.765094467	2.766740777002995	2.7667057813250984	0.012204294	0.005193520322161963	0.0051954802344227405
66.65	2.766909524	2.7668354034652354	2.7667996742516907	0.00433103	0.005186518619928854	0.005188505363914931
66.7	2.786209351	2.766933029966607	2.7668964000215928	0.001589282	0.005179115977650644	0.005181161808129135
66.75	2.806789716	2.7670337966992378	2.7669961039387387	0.012853106	0.005171278337895929	0.0051734157401268155
66.8	2.74676102	2.767137819892124	2.767098908984415	0.035836238	0.005162975814822654	0.005165237036114182
66.85	2.70921035	2.767245190605441	2.7672049145632656	0.013037354	0.005154183133751107	0.0051565997173449235
66.9	2.705473855	2.7673559737836886	2.7673141954884035	0.001819124	0.005144880004972012	0.0051474823330051695
66.95	2.713405655	2.7674702075817725	2.767426801220302	-0.027932392	0.00513505142621202	0.005137868278387035
67.0	2.820708898	2.7675879029750075	2.767542755371182	-0.009220256	0.005124687909199274	0.0051277460435730695
67.05	2.805210907	2.767709043660548	2.767662055483516	0.003562986	0.005113785626854778	0.005117109388841748
67.1	2.790348205	2.767833586254372	2.76778467308804	0.008921317	0.00510234647876443	0.0051059574440493445
67.15	2.784560598	2.7679614607842264	2.7679105540432736	0.007690755	0.005090378073747506	0.005094294730330772
67.2	2.784762625	2.768092571475403	2.7680396191551577	0.010176123	0.005077893629510988	0.0050821311035751816
67.25	2.764097778	2.768226797822578	2.768171765071976	0.014098461	0.00506491179058271	0.005069481620255002
67.3	2.763907025	2.768363995937364	2.7683068654463296	0.00823356	0.005051456366898623	0.005056366327303339
67.35	2.764400441	2.768504000157776	2.7684447723526273	0.00683109	0.005037555996565374	0.0050428099788299915
67.4	2.765895807	2.768646624902529	2.7685853179453694	0.005169686	0.00502324373741612	0.005028841683526851
67.45	2.802702028	2.7687916667499555	2.7687283163405043	0.008874509	0.0050085565930102155	0.005014494487626393
67.5	2.720257437	2.7689389067185424	2.768873565699334	0.029228801	0.004993534979682638	0.004999804899230397
67.55	2.721546812	2.7690881127235234	2.7690208504919256	-0.01716649	0.004978222142121315	0.004984812360704926
67.6	2.788220069	2.769239042181798	2.76916994391471	0.016562922	0.004962663525733017	0.0049695586766317894
67.65	2.7034439	2.7693914447355734	2.7693206104350194	0.004457486	0.00494690611474293	0.004954087405506033
67.7	2.779520461	2.7695450650636984	2.7694726084336994	-0.025876871	0.004930997745551036	0.004938443223963992
67.75	2.800017505	2.7696996457484953	2.769625692915693	-0.000900416	0.0049149864053279965	0.004922671272808798
67.8	2.787999184	2.7698549301652116	2.7697796182575942	0.003559274	0.004898919526167254	0.004906816494462599
67.85	2.782656506	2.770010665360867	2.7699341409606673	0.002774443	0.004882843285307812	0.004890922971709939
67.9	2.789337183	2.7701666048893245	2.7700890223776957	0.004444074	0.004866801921995704	0.0048750332776990755
67.95	2.787577479	2.7703225115698915	2.770244031382282	0.004894935	0.004850837081458285	0.004859187847132935
68.0	2.79889769	2.7704781601375577	2.770398946949846	0.008324578	0.004834987196220643	0.0048434243784070035
68.05	2.796389872	2.770633339754256	2.7705535606205745	0.018008517	0.0048192869145947115	0.004827777276138283
68.1	2.770894667	2.770787856352081	2.770707678815947	0.026779888	0.004803766585624387	0.0048122771430800714
68.15	2.697742428	2.7709415347814357	2.7708611249821495	0.00841639	0.004788451809081519	0.004796950329836293
68.2	2.746169716	2.771094220739337	2.7710137415357465	0.003445771	0.004773363058291724	0.00478181855008278
68.25	2.737373916	2.771245782455786	2.771165391589248	0.002891509	0.004758515382640794	0.00476689856820686
68.3	2.718913606	2.771396112118931	2.7713159604368256	-0.005271946	0.004743918195585139	0.004752201965315117
68.35	2.803491584	2.771545127022893	2.7714653567832315	-0.027882791	0.004729575152870031	0.004737734988517294
68.4	2.815626113	2.7716927704252967	2.7716135137019573	-0.000105631	0.004715484124460569	0.004723498487281908
68.45	2.797667894	2.771839012104905	2.7717603893118357	0.006473548	0.004701637262699083	0.00470948793948738
68.5	2.7920884	2.771983848613336	2.7719059671644866	0.002149477	0.004688021167303209	0.0046956935685729465
68.55	2.800797842	2.7721273032183102	2.7720502563383427	0.005475522	0.004674617146616477	0.004682100551938451
68.6	2.805550712	2.7722694255393447	2.772193291238283	0.012140936	0.004661401573270542	0.0046686893194635036
68.65	2.781186014	2.7724102908802193	2.7723351311031705	0.023618654	0.004648346331136234	0.004655435939728522
68.7	2.750216035	2.7725499992658396	2.7724758592268595	0.012348025	0.004635419349147392	0.0046423125902371205
68.75	2.755680125	2.7726886741943515	2.7726155819013387	0.007556892	0.0046225852162958365	0.004629288106649705
68.8	2.75914406	2.7728264611183326	2.77275442709371	0.00569277	0.004609805870835666	0.004616328604844408
68.85	2.758261117	2.772963525671771	2.7728925428715394	0.003226005	0.004597041355520212	0.0046033981684677665
68.9	2.810560555	2.773100051662187	2.7730300955938016	-0.005015588	0.004584250629546559	0.004590459593544181
68.95	2.764428272	2.7732362388496976	2.773167267887109	0.035159018	0.004571392426824922	0.0045774751807010575
69.0	2.689899969	2.7733723005370474	2.773304256429167	0.010073863	0.004558426149250246	0.004564407564654816
69.05	2.714954493	2.7735084609966028	2.7734412695633863	-0.031900423	0.004545312782850056	0.004551220569809819
69.1	2.812851279	2.773644952761966	2.773578524770334	-0.01057802	0.004532015824034682	0.004537880080164466
69.15	2.803924572	2.7737820138132947	2.7737162460231186	-0.001212154	0.0045185022027049975	0.004524354911211351
69.2	2.797749214	2.7739198846864155	2.773854661054984	0.003714611	0.004504743188684982	0.004510617671174046
69.25	2.789694144	2.7740588055365505	2.7739939985681916	0.00523439	0.004490715267845871	0.004496645598751148
69.3	2.787033984	2.774199013187809	2.774134485413767	0.003754382	0.004476400974382133	0.004482421364544141
69.35	2.797879237	2.7743407381996157	2.774276343771894	0.004562162	0.004461789665989058	0.004467933823532376
69.4	2.813562334	2.7744842019808456	2.774419788362532	0.007116181	0.004446878229173512	0.0044531787063268905
69.45	2.830444203	2.7746296139817668	2.774565023715412	0.023687867	0.004431671702595951	0.004438159237482556
69.5	2.707909975	2.7747771689928076	2.7747122415278413	0.046673329	0.004416183807180168	0.0044228866691189235
69.55	2.682066889	2.774927044577872	2.7748616181375096	0.008538442	0.0044004373727324075	0.00440738072043618
69.6	2.687695114	2.775079398668345	2.7750133121361316	-0.017468963	0.004384464651979827	0.004391669914502954
69.65	2.790482768	2.775234367342088	2.775167462148222	-0.010397609	0.00436830751426165	0.00437579180467681
69.7	2.760966126	2.775392062810712	2.7753241847974515	-0.003902996	0.00435201750504866	0.004359793084181172
69.75	2.765263117	2.7755525716332317	2.7754835728810514	-0.021255646	0.004335655781018435	0.004343729573686979
69.8	2.833057497	2.7757159531740334	2.775645693770529	-0.005164964	0.004319292915049873	0.004327666083214872
69.85	2.814359585	2.7758822383205186	2.7758105880546156	0.004135716	0.004303008567727618	0.004311676146263333
69.9	2.807695753	2.77605142847314	2.7759782684379166	0.004753631	0.004286891024217129	0.004295841625755902
69.95	2.808524172	2.7762234948177698	2.7761487189061462	0.005405806	0.004271036597654016	0.004280252193159859
70.0	2.825004844	2.7763983778875803	2.7763218941660694	0.012575601	0.004255548902459107	0.004265004684682934
70.05	2.804750374	2.776575987418734	2.776497719365781	0.034410701	0.004240538003217015	0.004250202338825001
70.1	2.732002787	2.776756202501359	2.7766760900981518	0.018356955	0.004226119446905507	0.004235953921619591
70.15	2.744775327	2.7769388720243815	2.7768568726875182	0.008337755	0.004212413188301227	0.004222372747863403
70.2	2.754010159	2.7771238154099462	2.7770399047569536	0.004769149	0.004199542420279409	0.004209575608472289
70.25	2.755535612	2.7773108236303505	2.7772249960707422	0.003670943	0.00418763232243911	0.004197681615792422
70.3	2.760674508	2.7774996604977353	2.7774119296440913	0.005361666	0.004176808742995777	0.004186810980210588
70.35	2.745392519	2.7776900642141844	2.7776004631095947	-0.013929851	0.004167196830165745	0.004177083732724718
70.4	2.767437402	2.7778817491674945	2.7777903303275844	0.002875888	0.00415891963030598	0.004168618409236121
70.45	2.755252399	2.778074407955656	2.777981243225294	-0.013612751	0.00415209667085535	0.004161530713192506
70.5	2.814535184	2.7782677136210734	2.7781728938477053	-0.004920072	0.00414684254664076	0.004155932173834163
70.55	2.807232251	2.7784613220737677	2.7783649566010844	0.001340613	0.004143265528358319	0.004151928817665936
70.6	2.806358551	2.7786548746812545	2.7785570906685835	0.007389329	0.004141466212019536	0.004149619870889316
70.65	2.795493125	2.7788480010014807	2.7787489425758025	0.007731655	0.0041415362278650735	0.004149096510379789
70.7	2.794981725	2.779040321634053	2.778940148883014	0.008474489	0.004143557026695989	0.004150440680385105
70.75	2.798668682	2.779231451164143	2.7791303389785798	0.009685987	0.0041475987607568245	0.004153724012730361
70.8	2.80793643	2.779421001172726	2.779319137950472	0.016594601	0.0041537192752295815	0.004159006829648723
70.85	2.763783433	2.779608583286377	2.7795061695100087	0.025894941	0.004161963225070475	0.00416633724776679
70.9	2.7544853	2.7797938122396095	2.779691058941625	0.023412224	0.004172361330359144	0.0041757504000070455
70.95	2.692480332	2.779976308911316	2.779873436052399	0.017271791	0.004184929994307912	0.00418726779015508
71.0	2.695932628	2.7801557033399935	2.780052938095224	-0.002348333	0.004199670715824373	0.00420089679260657
71.05	2.700714059	2.780331637669135	2.7802292126399015	-0.020012277	0.00421656970953899	0.004216630307391471
71.1	2.799387385	2.7805037689974172	2.78040192036706	-0.040666682	0.004235597734422088	0.00423444657800703
71.15	2.838211817	2.78067177210922	2.780570737760677	-0.026067834	0.004256710129345423	0.0042543091769160855
71.2	2.850762527	2.7808353420623035	2.7807353596760835	-0.001647615	0.004279847051210884	0.004276167160823756
71.25	2.826624291	2.780994196610918	2.780895501762804	0.004511309	0.004304933908605835	0.004299955373800556
71.3	2.81620333	2.781148078444309	2.7810509027199695	0.005203987	0.00433188198138518	0.004325594931319667
71.35	2.832391285	2.781296757222545	2.7812013263660402	0.00637679	0.004360589214161026	0.004352993875018654
71.4	2.849083633	2.7814400313936805	2.7813465635064367	0.010983337	0.00439094116943585	0.004382047985788966
71.45	2.853876427	2.781577729778519	2.781486433584759	0.044364708	0.0044228121240759075	0.004412641740766934
71.5	2.708560167	2.7817097129116495	2.781620786105426	0.030358931	0.004456066291015481	0.004444649397972816
71.55	2.733681621	2.7818358741298415	2.781749501817848	0.01258167	0.0044905591465288636	0.004477936190742745
71.6	2.749302673	2.781956140401383	2.7818724936545793	0.008077801	0.004526138842125219	0.004512359612742508
71.65	2.757862214	2.782070472892442	2.7819897074182753	0.012679565	0.004562647679125099	0.0045477707732589885
71.7	2.709123772	2.7821788672689727	2.7821011222146685	0.012979027	0.004599923623269707	0.00458401580164796
71.75	2.683223461	2.782281353735138	2.782206750631162	-0.003891789	0.0046378018363051185	0.004620937279285658
71.8	2.721179074	2.7823779968116225	2.7823066386629822	-0.066977634	0.004676116201382803	0.0046583756771327945
71.85	2.876276699	2.782468894859503	2.7824008653911303	-0.013739298	0.004714700819325831	0.004696170777077859
71.9	2.827376671	2.7825541793576107	2.782489542418605	0.003406338	0.0047533914533255716	0.004734163055582543
71.95	2.817836749	2.782634013943454	2.7825728130734957	0.003738455	0.004792026900452888	0.00477219500880316
72.0	2.817686214	2.782708593229852	2.7826508514002257	0.005196091	0.004830450269486846	0.004810111779599723
72.05	2.81768284	2.782778141411326	2.782723860921383	0.010668008	0.004868510145979512	0.004847762622024331
72.1	2.812738286	2.7828429106761283	2.782792073206791	0.015147776	0.004906061627172055	0.004885002201142083
72.15	2.787776813	2.7829031794413486	2.782855746265294	0.021078022	0.00494296721133127	0.004921691712084
72.2	2.775394115	2.782959250536275	2.7829151627762045	0.011812636	0.004979091331235334	0.004957699805300556
72.25	2.791997633	2.783011448946707	2.782970628178662	0.009374006	0.005014310260551191	0.004992903308164389
72.3	2.823222586	2.783060119665703	2.783022468638243	0.018536759	0.005048511992560341	0.005027187736325297
72.35	2.746499411	2.7831056254445383	2.783071028910979	0.065186706	0.005081595928744988	0.005060447591511168
72.4	2.651179866	2.783148344466712	2.783116670125566	0.015146109	0.005113472385491132	0.005092586445753859
72.45	2.653680979	2.783188667968032	2.783159767504921	-0.00538862	0.005144061929091224	0.005123516815257946
72.5	2.648081037	2.783226997825665	2.783200708037692	-0.040753555	0.005173294551095923	0.005153160449984122
72.55	2.911883342	2.783263744138677	2.7832398881509914	-0.050262103	0.0052011086978382215	0.005181447494082307
72.6	2.883157772	2.7832993228220015	2.783277711382806	-0.00861262	0.0052274501695989605	0.00520831551439068
72.65	2.846427855	2.7833341532348976	2.7833145860747543	0.002074827	0.005252270906372144	0.005233708412558701
72.7	2.830484966	2.783368655863981	2.783350923105068	0.004897378	0.005275527678497102	0.005257575237661676
72.75	2.834926616	2.7834032500797075	2.7833871336805993	-0.000204083	0.005297180701533039	0.005279868917308432
72.8	2.863399097	2.783438351983845	2.7834236272055035	0.01143788	0.005317192195644065	0.0053005449261821925
72.85	2.880110951	2.783474372364024	2.783460809242889	0.029455423	0.005335524910425189	0.00531955991168098
72.9	2.72245805	2.7835117147698494	2.7834990795842445	0.057313451	0.005352140636520889	0.005336870296824019
72.95	2.733037285	2.7835507737233414	2.783538830439867	0.017815596	0.00536699872555879	0.005352430880853512
73.0	2.73274017	2.783591933074709	2.7835804447618293	0.017465264	0.005380054639833523	0.005366193457978459
73.05	2.724098517	2.7836355645125357	2.783624294709232	0.009164689	0.0053912585528260925	0.0053781054744733775
73.1	2.719767941	2.783682026235552	2.7836707402636676	0.002576568	0.005400554021029356	0.005388108743857108
73.15	2.73849187	2.783731661791122	2.7837201280009554	-0.011763555	0.005407876746667065	0.005396138239136462
73.2	2.739844062	2.7837847990836044	2.783772790023289	-0.005127092	0.005413153449746579	0.005402120980110411
73.25	2.699260761	2.7838417495537318	2.7838290428330743	-0.041894616	0.005416300866482224	0.005405993565750186
73.3	2.898721285	2.783902807528208	2.783889187056381	-0.010283095	0.0054172248894813705	0.005407677174529094
73.35	2.838941496	2.7839682497368954	2.783953506783209	0.005219152	0.005415819863218732	0.005407077072705861
73.4	2.83388749	2.7840383349931885	2.784022269076725	0.010090314	0.0054119680462603814	0.005404082369293922
73.45	2.807788999	2.7841133018211974	2.7840957236467574	0.016860741	0.005405724581956541	0.0053985660146902035
73.5	2.788897919	2.784193375307777	2.7841741026811873	0.013263919	0.005396890727622596	0.005390385037516576
73.55	2.794307333	2.7842787617808153	2.78425762082743	0.010601371	0.00538525753459377	0.005379381011825871
73.6	2.786978426	2.7843696491707135	2.7843464753149325	0.011872492	0.005370606986909965	0.005365380744476058
73.65	2.789498789	2.7844662074914446	2.784440846208556	0.008996929	0.005352713200629881	0.005348197170213936
73.7	2.803576791	2.784568589427903	2.7845408967818637	0.008967975	0.005331343678010297	0.005327630439865639
73.75	2.836160965	2.78467693101616	2.7846467742196928	0.020876687	0.005306260609575173	0.005303450651786559
73.8	2.715201508	2.7847913524032313	2.7847586097303934	0.059520838	0.0052772222159832485	0.005275423400587845
73.85	2.677176519	2.7849119586731326	2.7848765192867937	0.013968752	0.005243984120597509	0.005243311096738817
73.9	2.682287486	2.7850388407262643	2.785000604428182	-0.000232983	0.0052063007427774035	0.005206874308659696
73.95	2.651443054	2.785172076199487	2.78513095311091	-0.013315028	0.005163926701165752	0.00516587311749561
74.0	2.779352462	2.7853117304147785	2.7852676405956203	-0.110624694	0.005116618215635444	0.005120068474118317
74.05	2.925900973	2.7854578573448197	2.785410730359579	-0.01948556	0.005064134496103495	0.005069223547397976
74.1	2.871927484	2.785610500584599	2.785560275023148	0.002462247	0.005006239106118755	0.00501310505243139
74.15	2.848273033	2.785769694318722	2.7857163172801	0.006591143	0.004942701288989027	0.004951484547210867
74.2	2.843609337	2.7859354642750094	2.785878890822188	0.004970619	0.00487329724423736	0.004884139686173461
74.25	2.895223323	2.7861078286557484	2.7860480212491705	0.01874384	0.004797811342371769	0.004810855419186034
74.3	2.866423926	2.78628679903892	2.786223726956328	0.067398106	0.004716037266317387	0.004731425124797955
74.35	2.670235305	2.7864723812426506	2.78640601999239	0.030009434	0.0046277790683922695	0.004645651667029
74.4	2.717532791	2.786664576147144	2.7865949068816893	0.004456313	0.0045328521324033534	0.004553348365550958
74.45	2.758162272	2.786863380469314	2.786790389405305	-0.005569101	0.004431084031291479	0.004454339869861624
74.5	2.767907544	2.7870687874863567	2.7869924834771167	0.004648681	0.004322315271754652	0.004347895227880157
74.55	2.770553616	2.787280787705434	2.7872011741463596	0.005744844	0.004206399918413951	0.004233918177355153
74.6	2.76760849	2.787499369477592	2.7874164453044736	0.009711579	0.004083206091338337	0.004112333087742701
74.65	2.731505164	2.7877245195548817	2.7876382802610893	0.013582622	0.003952616332095678	0.003983083923267089
74.7	2.668190639	2.7879564049931296	2.787866662237815	-0.011710027	0.003808850824422687	0.003846133109771906
74.75	2.928051592	2.788194735348172	2.7881015747845677	-0.053663342	0.0036580408371217283	0.0037014603158066575
74.8	2.83809025	2.7884395106200643	2.788343002123545	0.009432883	0.0035001863701928804	0.0035490611592510525
74.85	2.820978687	2.7886907308088063	2.7885909294262294	0.004263656	0.0033352874236361437	0.0033889458515226874
74.9	2.818853832	2.7889483959143986	2.7888453430289966	0.006838739	0.0031633439974515175	0.003221137792032266
74.95	2.798672484	2.789212505936841	2.7891062305930197	0.017742931	0.002984356091639002	0.0030456721260337027
75.0	2.786874481	2.7894830608761327	2.7893735630738865	0.001554219	0.002798323706198597	0.0028631619804072423
