Frequency/GHz	real_ε	real_ε_SG_filtered	real_ε_SG_filtered+RA	loss_T	loss_T_SG_filtered	loss_T_SG_filtered+RA
50.0	2.756384822	2.7383596743396335	2.7382698933311196	0.005845822	0.006637619868748546	0.006632039913902944
50.05	2.756200556	2.7385128704742487	2.7384218731640653	0.007746516	0.006628648073377434	0.006624627019122818
50.1	2.758403426	2.7386620068721874	2.7385706138639594	0.010020238	0.006617593364423686	0.006615137752636192
50.15	2.758168261	2.7388065437351248	2.7387154922985286	0.013254411	0.006604596331044732	0.006603699725139094
50.2	2.750068503	2.738946056064593	2.7388559990586065	0.021254732	0.006589813076679503	0.0065904560339443115
50.25	2.71721097	2.739080226303485	2.738991731956608	0.023016093	0.006573413815924638	0.006575563982159897
50.3	2.69369268	2.7392088360378333	2.7391223885802263	0.014051458	0.006555581323752751	0.006559193650932232
50.35	2.699647629	2.739331756860209	2.739247757994301	0.006383248	0.006536509250265923	0.006541526336795493
50.4	2.703679055	2.739448940504999	2.739367711692945	0.002952145	0.006516400315687393	0.0065227528676697595
50.45	2.691010527	2.739560408373767	2.7394821939122695	-0.002322348	0.006495464401694373	0.006503071812451601
50.5	2.743098067	2.7396662405758168	2.739591211421359	-0.006031163	0.006473916556471887	0.006482687600432284
50.55	2.738596686	2.739766564614995	2.739694822915522	-0.007902965	0.0064519749320100525	0.0064618085679488246
50.6	2.761412624	2.73986154385863	2.7397931281412125	-0.012133282	0.00642985867316634	0.006440644950713316
50.65	2.783530734	2.739951365928369	2.7398862568864097	-0.002437756	0.006407785778863153	0.0064194068411681975
50.7	2.788330028	2.7400362311554867	2.739974365549288	0.0059739	0.006385970956486324	0.006398302833577558
50.75	2.781395185	2.740116341245117	2.7400576295267274	0.015039073	0.006364623491090049	0.006377538269774843
50.8	2.753418753	2.740191888294735	2.740136236257557	0.020465242	0.006343945151397673	0.006357313543984731
50.85	2.736008377	2.740263044312184	2.740210379025891	0.014438259	0.006324128154814724	0.006337822484346915
50.9	2.745445907	2.7403300271337816	2.7402802516178753	0.012063432	0.006305360239781016	0.006319250827803949
50.95	2.717021068	2.740393048148161	2.740346043911628	0.022659674	0.006287818763667208	0.00630177480384438
51.0	2.715967141	2.7404523078841105	2.740407938465309	0.008598644	0.0062716692985707815	0.006285559841223675
51.05	2.72367465	2.7405079922983355	2.740466108152174	0.007017679	0.006257064335631881	0.0062707594102294276
51.1	2.725351378	2.740560269778474	2.7405207148743145	0.006894102	0.006244142107736686	0.006257514011325032
51.15	2.721740748	2.740609288865895	2.7405719093686756	0.008333205	0.006233025539267458	0.006245950319110875
51.2	2.713211975	2.7406551766922944	2.7406198245244666	0.005695826	0.006223821330279278	0.006236179785894294
51.25	2.701738924	2.740698038113771	2.7406645740852027	0.000512437	0.006216619181147575	0.006228297817382562
51.3	2.738368582	2.7407379555161366	2.7407062519968215	-0.03021776	0.006211491162353712	0.006222383085681503
51.35	2.779513493	2.7407749892557995	2.7407449323730266	-0.006890848	0.006208491232673152	0.006218496983487985
51.4	2.783003278	2.7408091786916895	2.740780670040253	0.00248019	0.006207654907615208	0.006216683222013948
51.45	2.786892731	2.74084054375552	2.740813501616491	0.011573346	0.006208999078549883	0.006216967573824483
51.5	2.748596505	2.740869087000299	2.7408434470707013	0.009784032	0.006212521981560203	0.006219357760426471
51.55	2.758574363	2.7408947960603838	2.7408705117028367	0.009683841	0.0062182033136967	0.006223843483121149
51.6	2.758287338	2.74091764645074	2.740894688478583	0.013818376	0.006226004492996314	0.006230396594346382
51.65	2.757339067	2.7409376046282787	2.7409159606478934	0.017884165	0.0062358690573728085	0.006238971405494174
51.7	2.730239147	2.740954631234395	2.740934304572309	0.023351493	0.00624772319629915	0.006249505126007041
51.75	2.704552728	2.740968684435125	2.7409496926829395	0.015907174	0.006261476408094359	0.006261918427442986
51.8	2.706976993	2.7409797232736013	2.7409620964888726	0.008499304	0.006277022274606046	0.006276116125161817
51.85	2.712347207	2.7409877109489025	2.7409714895546977	0.004083141	0.006294239344151064	0.006291987969333139
51.9	2.715291848	2.740992617935841	2.740977850365854	0.000160094	0.006312992112743881	0.006309409536105803
51.95	2.7243868	2.7409944248618303	2.7409811650015694	0.000147211	0.006333132092909343	0.006328243209016718
52.0	2.721318028	2.74099312505963	2.740981429828416	-0.002554606	0.006354498958748496	0.00634833926711645
52.05	2.732530283	2.7409887267186352	2.7409786540258434	-0.011042102	0.0063769217554099315	0.0063695370579941405
52.1	2.762046844	2.740981254562301	2.740972861911196	-0.019579705	0.006400220160722956	0.006391666247592506
52.15	2.806367437	2.7409707509854346	2.7409640950388234	0.005288106	0.006424205786481947	0.006414548138529379
52.2	2.784543484	2.7409572795028616	2.740952414055426	0.014745859	0.006448683777296484	0.006437997048536276
52.25	2.750372096	2.7409409264093947	2.740937900301641	0.020082959	0.00647345431687126	0.006461821740583658
52.3	2.735754487	2.740921802127126	2.740920657157915	0.012649038	0.006498314170589699	0.006485826896282447
52.35	2.73928501	2.7409000422251792	2.7409008111408175	0.008712687	0.006523058253519787	0.006509814624227198
52.4	2.745402731	2.7408758081018694	2.740878512763914	0.008015192	0.006547481212812852	0.006533585995072042
52.45	2.74981371	2.7408492873239734	2.74085393718513	0.008877413	0.0065713790133831666	0.006556942595299001
52.5	2.757059304	2.7408206936223762	2.740827284378812	0.015843611	0.006594550515736387	0.006579688064786049
52.55	2.729499093	2.7407902665476573	2.7407987789824744	0.015106169	0.00661679903485744	0.006601629621262641
52.6	2.72228868	2.7407582707932647	2.7407686698226437	0.012488703	0.006637933869171395	0.00662257956085274
52.65	2.718067263	2.7407249951975974	2.7407372291278724	0.009491219	0.006657771788751534	0.006642356724031302
52.7	2.714501229	2.740690751439678	2.7407047514404104	0.006391014	0.006676138472166964	0.006660787916503696
52.75	2.714364304	2.7406558724460255	2.740671552240991	0.001460938	0.006692869881637176	0.006677709274756943
52.8	2.732622305	2.7406207105288174	2.740637966303798	-0.003809883	0.0067078135664906955	0.00669296756632511
52.85	2.742099881	2.7405856352774642	2.7406043458008726	0.000230218	0.006720829885305408	0.006706421415157242
52.9	2.733432683	2.7405510312272523	2.7405710581769323	-0.006754915	0.006731793137536803	0.006717942442873185
52.95	2.771426651	2.740517295329777	2.7405384838168567	0.003671824	0.006740592595915637	0.006727416317139498
53.0	2.769722145	2.740484834250444	2.7405070135288923	0.006838541	0.006747133431418051	0.006734743698892836
53.05	2.765619943	2.740454061518404	2.7404770458669514	0.021467838	0.006751337523178751	0.0067398410806800675
53.1	2.739575133	2.7404253945538644	2.7404489843152327	0.018030228	0.006753144146330834	0.006742641508970396
53.15	2.71628722	2.740399251596843	2.74042323435775	0.014628354	0.006752510531414657	0.0067430951839223775
53.2	2.714510906	2.740376048560031	2.740400200454274	0.007031035	0.006749412289700342	0.006741169930754588
53.25	2.720008633	2.7403561958266165	2.740380282942665	0.002588867	0.006743843699509493	0.006736851537569295
53.3	2.730153159	2.7403400950116312	2.7403638748970867	-0.000824615	0.00673581784939398	0.006730143956276686
53.35	2.743746646	2.740328135702632	2.740351358966839	0.000152585	0.006725366634825225	0.006721069363795932
53.4	2.744866204	2.7403206921924994	2.740343104220565	0.002366418	0.006712540605858904	0.006709668081747158
53.45	2.743257163	2.740318120213682	2.740339463020727	0.000979316	0.006697408664062718	0.006695998353937198
53.5	2.755351131	2.740320753794662	2.7403407679534033	-0.003257044	0.006680057618491957	0.00668013598207739
53.55	2.785050533	2.740328902215928	2.74034732883874	0.003092767	0.00666059159837122	0.006662173821348155
53.6	2.772722613	2.740342847091126	2.7403594298477945	0.017377187	0.006639131325843092	0.006642221138637275
53.65	2.737421043	2.7403628395984643	2.740377326752098	0.017650088	0.006615813253315053	0.0066204028375203144
53.7	2.726056978	2.740389097886795	2.7404012443329875	0.008217209	0.006590788571102262	0.006596858555315749
53.75	2.742643137	2.740421804679978	2.7404313739787427	0.010596976	0.006564222092217147	0.006571741638826585
53.8	2.739974852	2.7404611051021774	2.740467871487181	0.009276338	0.006536291022285173	0.006545218005599744
53.85	2.740012776	2.7405071047456655	2.7405108550952058	0.009545992	0.006507183623655617	0.006517464899047745
53.9	2.738197586	2.740559868001397	2.7405604037555564	0.009797435	0.006477097783813253	0.00648866954679078
53.95	2.735895088	2.7406194166712328	2.7406165556796487	0.010277293	0.006446239499171077	0.006459027732532698
54.0	2.732471119	2.7406857288790465	2.7406793071638265	0.009534572	0.006414821286223553	0.00642874229266918
54.05	2.736736269	2.740758738296174	2.740748611714623	0.011451045	0.006383060532851224	0.006398021549628263
54.1	2.715422572	2.740838333694632	2.7408243794867295	0.00971001	0.006351177803273442	0.006367077694649939
54.15	2.710171586	2.7409243588393886	2.740906477045278	0.003261968	0.006319395110734222	0.006336125133311513
54.2	2.721387119	2.7410166127285716	2.7409947274617767	-0.00619365	0.00628793417246709	0.0063053788075880385
54.25	2.756751927	2.7411148501879414	2.7410889107506113	-0.004517586	0.006257014661807985	0.0062750525085931335
54.3	2.75530202	2.741218782823247	2.7411887646504027	0.00243496	0.0062268524725019245	0.006245357194366976
54.35	2.756744546	2.7413280803311504	2.7412939857517387	0.004833097	0.006197658010271355	0.006216499327158987
54.4	2.75726619	2.741442372166382	2.7414042309698745	0.007040545	0.006169634526578508	0.0061886792445886955
54.45	2.756761478	2.7415612495595783	2.7415191193578985	0.010401866	0.006142976509222024	0.0061620895788572555
54.5	2.74802873	2.74168426787696	2.7416382342526546	0.011859322	0.006117868143961979	0.0061369137378231
54.55	2.729531046	2.741810949309536	2.74176112574231	0.01629557	0.006094481860771336	0.00611332446124894
54.6	2.721662987	2.741940785875985	2.7418873134414588	0.010157528	0.006072976977570534	0.006091482464919381
54.65	2.716201663	2.742073242719633	2.7420162895564584	0.004740207	0.006053498453419822	0.006071535184576619
54.7	2.72594812	2.7422077616761324	2.7421475222205625	0.002027024	0.006036175762125535	0.006053615630748558
54.75	2.73143784	2.7423437650844917	2.7422804590754106	0.001396244	0.006021121896066379	0.006037841364558163
54.8	2.733840936	2.7424806598147384	2.7424145310725274	0.001775195	0.006008432509206348	0.006024313603514718
54.85	2.731058084	2.7426178414811475	2.7425491564657927	0.000508998	0.0059981852068437275	0.006013116465108575
54.9	2.731511276	2.742754698807424	2.7426837449633865	-0.00706898	0.005990438988297896	0.006004316354773169
54.95	2.775897017	2.742890618108059	2.7428177020055196	-0.013951069	0.005985233847318075	0.005997961503455303
55.0	2.81001163	2.7430249878481234	2.7429504331324535	0.005905237	0.005982590533527531	0.005994081658661899
55.05	2.772554048	2.743157203242192	2.7430813484058705	0.024168198	0.0059825104767099015	0.005992687931444671
55.1	2.726125484	2.7432866708519232	2.7432098668451985	0.016799618	0.005984975874216479	0.005993772800316314
55.15	2.735326069	2.743412813140961	2.7433354208396024	0.009281456	0.005989949940241156	0.005997310271626218
55.2	2.738488645	2.743535072945474	2.743457460495794	0.006962624	0.005997377314191493	0.006003256194460654
55.25	2.743952518	2.7436529178186597	2.7435754578817337	0.006619262	0.006007184623894112	0.006011548726687255
55.3	2.744926206	2.743765844208023	2.7436889111265583	0.006242444	0.006019281197922766	0.006022108947351985
55.35	2.745091699	2.743873381425182	2.7437973483378375	0.008882156	0.006033559919942766	0.006034841609273205
55.4	2.739152653	2.7439750953693434	2.7439003312984185	0.009577574	0.006049898216642259	0.006049636024376354
55.45	2.733426558	2.7440705919674575	2.7439974589067098	0.009189767	0.006068159169584082	0.006066367073087839
55.5	2.72846905	2.7441595202963653	2.7440883703263057	0.007541381	0.006088192740174838	0.006084896327970037
55.55	2.726829582	2.7442415753549847	2.744172747813258	0.005618121	0.0061098370959221	0.006105073280742296
55.6	2.715650468	2.744316500457731	2.7442503191921626	0.000908312	0.006132920025247969	0.00612673666090576
55.65	2.726247094	2.7443840892238804	2.74432085995541	-0.012365014	0.006157260427355998	0.006149715833382403
55.7	2.783699328	2.7444441871414327	2.744384194963476	-0.008901761	0.006182669863013474	0.006173832261899177
55.75	2.780262982	2.7444966926881778	2.7444401997279915	0.001591755	0.006208954151616708	0.0061989010243040646
55.8	2.783470958	2.7445415579970716	2.7444888012633877	0.006337743	0.006235914999557411	0.006224732365598053
55.85	2.787582748	2.7445787890576554	2.7445299784972463	0.012498745	0.006263351644709194	0.006251133274209848
55.9	2.776351093	2.7446084454500075	2.744563762233911	0.026974691	0.006291062501809985	0.006277909066933035
55.95	2.715248797	2.744630639612608	2.7445902346705173	0.024793327	0.006318846793632968	0.006304864967988534
56.0	2.709285056	2.744645535650328	2.7446095284691987	0.010897781	0.006346506153114719	0.006331807667868228
56.05	2.716778586	2.744653347693571	2.7446218253938524	0.004695963	0.006373846182040057	0.006358546847955733
56.1	2.731256069	2.7446543378243797	2.7446273545243827	0.002750322	0.006400677952479837	0.0063848966574031355
56.15	2.730850173	2.7446488135899436	2.744626390065779	0.004022864	0.0064268194379109855	0.006410677129361756
56.2	2.741064921	2.744637125128247	2.7446192487735983	0.003639375	0.0064520968618104165	0.006435715524412555
56.25	2.741120404	2.744619661934709	2.744606287021464	0.005557932	0.006476345952491758	0.00645984758990809
56.3	2.718260928	2.7445968493023782	2.7445878975398914	0.00628537	0.0064994130940314475	0.0064829187249111865
56.35	2.723692994	2.744569144471619	2.744564505859178	-0.009511081	0.0065211563642953805	0.006504785041483582
56.4	2.798433425	2.744537032528202	2.744536566492113	-0.015704179	0.006541446452317986	0.006525314314224937
56.45	2.813995634	2.744501022091262	2.7445045588948944	0.019017115	0.0065601674485883076	0.006544386811175995
56.5	2.734941242	2.7444616408346008	2.744468983246842	0.022756863	0.006577217503145695	0.006561896000464726
56.55	2.730987335	2.7444194308864374	2.7444303560912258	0.011561729	0.006592509347764008	0.006577749128377023
56.6	2.73657789	2.7443749441537286	2.744389205880799	0.008620403	0.006605970679893382	0.006591867665859672
56.65	2.739539351	2.7443287376177574	2.7443460684724053	0.007434583	0.006617544407421568	0.006604187621798973
56.7	2.741606426	2.7442813686477243	2.744301482615308	0.007106928	0.006627188754697731	0.006614659722749808
56.75	2.741573955	2.7442333903785467	2.7442559854776762	0.008380607	0.006634877231614731	0.006623249460103589
56.8	2.740089569	2.744185347198111	2.7442101082549635	0.008760528	0.006640598468857927	0.0066299370069665105
56.85	2.73433549	2.744137770387683	2.744164371902709	0.007473551	0.006644355923688389	0.006634717008259357
56.9	2.737753358	2.744091173957225	2.744119283034645	0.008770356	0.006646167461826335	0.006637598248735084
56.95	2.729488649	2.744046050714946	2.744075330024871	0.007476251	0.006646064822126125	0.006638603204728555
57.0	2.724025302	2.7440028686074753	2.7440329793503317	0.005540142	0.006644092971774899	0.0066377674864934524
57.05	2.712998059	2.7439620673638943	2.7439926722068853	-0.001155634	0.006640309360692477	0.006635139178934414
57.1	2.746181799	2.743924055473084	2.7439548214289835	-0.020116864	0.0066347830846506615	0.006630778089398945
57.15	2.797249643	2.743889207520019	2.743919808739365	-0.002838406	0.006627593967356267	0.006624754911946212
57.2	2.79267242	2.743857861902332	2.743887982351287	0.004000138	0.0066188315723467095	0.006617150318151875
57.25	2.798004196	2.743830318944083	2.743859654941728	0.014962381	0.006608594156024355	0.006608053985034436
57.3	2.773791116	2.743806839419095	2.7438351020096876	0.032453489	0.006596987573503229	0.006597563571095526
57.35	2.707246355	2.743787643491493	2.7438145606293314	0.025483174	0.006584124149161065	0.006585783651751076
57.4	2.707276506	2.743772910076449	2.7437982286032296	0.012030345	0.00657012152388296	0.006572824625591197
57.45	2.716367744	2.743762776619356	2.7437862640164528	0.006298425	0.006555101490951734	0.006558801602943481
57.5	2.725713021	2.7437573392870713	2.743778785187819	0.004523631	0.006539188832385791	0.0065438332881289
57.55	2.729473384	2.743756653560331	2.743775871010228	0.003199834	0.0065225101672479946	0.006528040866593213
57.6	2.735794213	2.743760735212068	2.7437775616677738	0.00184195	0.006505192823051857	0.006511546907773789
57.65	2.741889277	2.7437695616522495	2.743783859713308	0.006017992	0.00648736374087912	0.00649447429412624
57.7	2.727692874	2.743783073615993	2.7437947314863127	0.005995571	0.006469148424200899	0.006476945186193202
57.75	2.724040885	2.7438011771681703	2.7438101088474514	0.001170629	0.006450669940667473	0.006459080032955894
57.8	2.728543034	2.7438237459945563	2.7438298912029806	-0.010687353	0.006432047985308997	0.006440996635975599
57.85	2.81358712	2.743850623946837	2.743853947789394	-0.008148213	0.006413398012685579	0.00642280927501656
57.9	2.774297377	2.7438816278064944	2.7438821201862624	0.024135264	0.006394830444552575	0.006404627901954574
57.95	2.733217348	2.743916550230742	2.7439142250232584	0.013437573	0.00637644995857865	0.006386557408828016
58.0	2.736141301	2.743955162842366	2.7439500568458235	0.008043421	0.006358354862582837	0.006368696974892445
58.05	2.740509585	2.7439972194244646	2.743989391102863	0.006765133	0.006340636557657616	0.006351139496509513
58.1	2.744213406	2.7440424591807493	2.7440319872192878	0.006848052	0.0063233790924319905	0.006333971102649711
58.15	2.74542935	2.7440906100222135	2.744077591716091	0.008107881	0.006306658809613535	0.006317270757730397
58.2	2.741231739	2.7441413918416435	2.7441259413410206	0.00832325	0.0062905440848452	0.006301109952459064
58.25	2.740638035	2.7441945197385635	2.7441767661736973	0.009143881	0.006275095156838139	0.0062855524823201975
58.3	2.7330075	2.7442497071588017	2.7442297926703163	0.008742693	0.006260364046710973	0.0062706543123444815
58.35	2.727406155	2.7443066689148754	2.7442847466146736	0.004597006	0.006246394563492456	0.0062564635258426995
58.4	2.740238528	2.7443651240557836	2.7443413559443464	0.003729301	0.006233222391839244	0.006243020353883905
58.45	2.736230069	2.744424798557512	2.744399353423206	0.00534028	0.006220875257189981	0.006230357281457705
58.5	2.721818578	2.7444854278085558	2.7444584791341597	0.004156706	0.006209373162825677	0.006218499225492445
58.55	2.725870019	2.7445467588680406	2.7445184827689793	-0.018616745	0.006198728692639798	0.006207463779212188
58.6	2.798044218	2.744608552477476	2.7445791256952567	-0.00544636	0.006188947372844051	0.006197261516712076
58.65	2.798572987	2.7446705848108044	2.744640182783928	0.006787977	0.00618002808535153	0.006187896351119309
58.7	2.788721846	2.7447326489511834	2.7447014439842996	0.023353139	0.00617196352519259	0.006179365939289911
58.75	2.724044197	2.74479455608676	2.744762715637136	0.020559583	0.006164740694035576	0.006171662125672637
58.8	2.726637982	2.7448561364215776	2.7448238215199954	0.009496628	0.006158341421709852	0.006164771417753261
58.85	2.733587776	2.7449172398015853	2.7448846036226704	0.006281845	0.0061527429075647925	0.006158675485376409
58.9	2.738778347	2.7449777360595027	2.7449449226541653	0.00453101	0.006147918273545265	0.006153351676228635
58.95	2.748250016	2.7450375150858743	2.7450046582861503	0.004753812	0.006143837121017233	0.0061487735398551135
59.0	2.752313086	2.7450964866371494	2.745063709141191	0.01014933	0.006140466083631926	0.0061449113527706645
59.05	2.731337216	2.7451545798947903	2.7451219925371992	0.009370813	0.006137769368871277	0.006141732637510466
59.1	2.734849559	2.7452117427924225	2.7451794440025195	0.001172583	0.00613570928136631	0.006139202668841602
59.15	2.754452477	2.7452679411306593	2.74523601657871	0.00765275	0.006134246721616306	0.006137284960817682
59.2	2.734750446	2.7453231575015886	2.745291679930479	0.006815687	0.0061333416543481135	0.006135941728897451
59.25	2.73463816	2.745377390046841	2.7453464192842545	5.5845e-05	0.006132953541433581	0.00613513432195669
59.3	2.78273495	2.745430651074777	2.74540023421861	-0.007890317	0.006133041735021213	0.006134823619691374
59.35	2.745863945	2.745482965563498	2.745453137331048	0.017533145	0.006133565827325594	0.006134970391629142
59.4	2.739560198	2.745534369577189	2.74550515280664	0.008907943	0.006134485954342957	0.006135535614724788
59.45	2.742729781	2.7455849086236315	2.74555631491455	0.007463418	0.0061357630516096235	0.006136480747302551
59.5	2.743547034	2.7456346359806996	2.7456066664586567	0.007751106	0.00613735906097877	0.006137767957912288
59.55	2.74257187	2.7456836110191705	2.745656257208287	0.007719392	0.0061392370882489555	0.006139360308476746
59.6	2.741338777	2.7457318975483473	2.7457051423344634	0.007391555	0.006141361512322762	0.006141221891911467
59.65	2.740455664	2.7457795622097576	2.7457533808761427	0.007302255	0.006143698047393938	0.006143317925185575
59.7	2.735426771	2.7458266729426577	2.745801034259615	0.007449314	0.006146213760445491	0.006145614799548857
59.75	2.728841168	2.745873297543143	2.745848164892625	0.00212806	0.006148877047078154	0.006148080090366721
59.8	2.756960723	2.74591950233654	2.7458948348528853	-0.001062722	0.006151657569368424	0.0061506825296687995
59.85	2.761852563	2.7459653509802924	2.74594110468849	0.005731821	0.00615452616006668	0.006153391945118615
59.9	2.755182836	2.74601090341191	2.745987032345367	0.013397213	0.006157454697975767	0.006156179169641777
59.95	2.728315245	2.746056214953729	2.746032672234358	0.011828929	0.0061604159597882764	0.0061590159263997385
60.0	2.715259488	2.7461013355833046	2.7460780744478503	0.004180113	0.006163383453999541	0.006161874694158453
60.05	2.757244795	2.7461463093752214	2.74612328413308	-0.014226988	0.006166331242747118	0.0061647285583700225
60.1	2.784381478	2.746191174117111	2.7461683410264492	0.004295434	0.006169233757554379	0.006167551053456844
60.15	2.757954072	2.746235961099672	2.746213279150377	0.018332512	0.006172065614973558	0.006170316001859471
60.2	2.735696104	2.746280695077584	2.746258126671445	0.009338358	0.00617480143803264	0.006172997355380851
60.25	2.740234648	2.7463253943954373	2.7463029059159503	0.0063933	0.006177415689193833	0.0061755690442323406
60.3	2.743306018	2.7463700712702304	2.7463476335364265	0.005752555	0.006179882520236645	0.006178004838963657
60.35	2.744815714	2.7464147322195687	2.7463923208203807	0.005776958	0.006182175644092953	0.006180278230144508
60.4	2.745457923	2.746459378622596	2.7464369741302916	0.005654098	0.006184268233189572	0.006182362330265514
60.45	2.745140876	2.7465040073987774	2.746481595462061	0.005162162	0.006186132848303156	0.006184229801847736
60.5	2.749916411	2.7465486117880697	2.7465261831074015	0.002768628	0.006187741401312713	0.006185852815202029
60.55	2.767236205	2.7465931822147573	2.746570732404323	0.011934512	0.006189065154555624	0.006187203038671529
60.6	2.73861462	2.746637707216225	2.746615236558773	0.009827353	0.006190074758764441	0.006188251663532524
60.65	2.7409698	2.746682174417365	2.746659687519711	0.007004555	0.00619074033079578	0.006188969465031003
60.7	2.742863826	2.746726571530987	2.746704076889457	0.006470033	0.006191031571575574	0.006189326900304999
60.75	2.742099242	2.7467708873646575	2.7467483968509496	0.006488557	0.006190917923888837	0.006189294243197415
60.8	2.751548519	2.7468151128147253	2.7467926410937413	0.005355274	0.006190368768846589	0.006188841755211881
60.85	2.743187233	2.7468592418289517	2.7468368057209585	0.006820239	0.006189353659077745	0.006187939891117132
60.9	2.742978089	2.7469032723200524	2.74688089012021	0.006088345	0.0061878425859295295	0.006186559536975508
60.95	2.742899726	2.746947207013704	2.746924897782391	0.004953136	0.006185806277227319	0.006184672277670257
61.0	2.744723473	2.746991054215986	2.7469688370535956	0.00581943	0.006183216521457378	0.006182250690345632
61.05	2.743553032	2.7470348284869335	2.7470127218067697	0.005535327	0.0061800465136081315	0.006179268659564111
61.1	2.742770671	2.747078551208736	2.74705657202142	0.005317756	0.006176271217348194	0.0061757017094369515
61.15	2.740498405	2.747122251039177	2.747100414261477	0.004719053	0.006171867737743279	0.006171527347507044
61.2	2.735695262	2.74716596424303	2.747144282043357	0.002049954	0.006166815698329317	0.006166725414765816
61.25	2.753257433	2.7472097348964	2.747188216088324	-0.009697774	0.006161097616073624	0.006161278435876505
61.3	2.797652335	2.747253614961234	2.747232264455307	0.01129704	0.006154699267574995	0.006155171963461199
61.35	2.745691842	2.747297664229517	2.7472764825524814	0.01507707	0.00614761003977867	0.006148394910193802
61.4	2.740985528	2.7473419501388547	2.747320933028008	0.008697185	0.006139823258517255	0.006140939862428868
61.45	2.742722054	2.7473865474633725	2.7473656855423663	0.00677804	0.006131336488334206	0.006132803369188771
61.5	2.741538133	2.7474315378858116	2.7474108164266964	0.005322918	0.006122151797304315	0.0061239862005287825
61.55	2.764742222	2.7474770094586787	2.7474564082333948	0.00158026	0.006112275980934165	0.006114493569600018
61.6	2.750130492	2.747523055964003	2.7475025491869234	0.009533956	0.00610172073969886	0.0061043353131306575
61.65	2.748409416	2.7475697761827615	2.747549332544281	0.007368708	0.006090502805342294	0.006093526025542012
61.7	2.748804617	2.7476172730863286	2.747596855875956	0.007097202	0.006078644011729437	0.006082085142501204
61.75	2.749463704	2.747665652963389	2.7476452202792303	0.007221594	0.006066171306785984	0.006070036970378635
61.8	2.750661982	2.747715024496514	2.7476945295366066	0.007906684	0.00605311670288139	0.006057410658816613
61.85	2.750815824	2.7477654978030945	2.7477448892327434	0.009304906	0.006039517163892218	0.00604424011441473
61.9	2.747630423	2.7478171834556075	2.747796405843642	0.01240792	0.006025414428109168	0.0060305638543864185
61.95	2.716275292	2.7478701914961148	2.74784918581196	0.0066092	0.00601085476710852	0.006016424799926898
62.0	2.747096416	2.7479246304595746	2.747903334622176	0.002798769	0.005995888681684094	0.006001870009942096
62.05	2.745175092	2.747980606420045	2.7479589558889606	0.005152859	0.005980570536915335	0.005986950356706419
62.1	2.745799255	2.7480382220729895	2.7480161504714706	0.005089118	0.0059649581394157465	0.005971720145929643
62.15	2.746379221	2.7480975758659407	2.7480750156254916	0.004895591	0.0059491122607470935	0.00595623668460468
62.2	2.748922371	2.748158761188493	2.7481356442042717	0.005390548	0.00593309611188141	0.005940559800864121
62.25	2.748844773	2.748221865631228	2.748198123917746	0.006135356	0.005916974774429215	0.005924751320880336
62.3	2.746383895	2.7482869703216197	2.748262536658473	0.004291596	0.005900814595113628	0.0059088745085885425
62.35	2.747153907	2.748354149343305	2.7483289579011645	0.005534933	0.005884682550642598	0.0058929934746818294
62.4	2.746797053	2.748423469243408	2.748397456181138	0.00502891	0.005868645590703571	0.005877172561910397
62.45	2.747706454	2.748494988630857	2.7484680926554366	0.005289996	0.0058527699672706705	0.005861475714203671
62.5	2.748957475	2.748568757866846	2.7485409207487335	0.005276303	0.005837120558766152	0.0058459658375153295
62.55	2.749037626	2.748644818846958	2.748615985884545	0.00574038	0.005821760197848213	0.005830704160560645
62.6	2.748439685	2.7487232048727246	2.7486933253007235	0.006028616	0.005806749011701417	0.005815749603768156
62.65	2.740893758	2.7488039406089273	2.748772967946703	0.005387485	0.005792143783679829	0.005801158164800363
62.7	2.755354236	2.748887042121461	2.7488549344586186	0.000970454	0.005777997344998005	0.005786982328909241
62.75	2.75446809	2.748972516989347	2.7489392372071384	0.005351873	0.005764358004882368	0.005773270512182102
62.8	2.752910652	2.7490603644834004	2.7490258804117618	0.00511468	0.0057512690271887415	0.005760066545403356
62.85	2.75460342	2.749150575803099	2.7491148603143984	0.005773684	0.005738768160964668	0.005747409205811968
62.9	2.754776083	2.7492431343625667	2.749206165404294	0.006505197	0.005726887231792357	0.005735331803478313
62.95	2.753030328	2.749338016116056	2.7492997766858096	0.006860941	0.005715651799999267	0.005723861828365522
63.0	2.751937447	2.7494351899130764	2.7493956679802163	0.006953052	0.0057050808909786905	0.005713020663387733
63.05	2.750609236	2.7495346178733233	2.7494938062525183	0.006024233	0.005695186801934336	0.0057028233679403935
63.1	2.751561991	2.749636255771681	2.749594151954367	0.006897126	0.0056859749883648655	0.0056932785354665465
63.15	2.750608343	2.7497400534240835	2.749696659374399	0.007021164	0.005677444032551923	0.005684388227649818
63.2	2.751609338	2.7498459550655285	2.7498012769877613	0.006956075	0.005669585695220111	0.005676147986803132
63.25	2.754806918	2.749953899712365	2.7499079477972375	0.007491269	0.005662385050408969	0.005668546926966378
63.3	2.756790975	2.750063821501891	2.7500166096591854	0.011183851	0.005655820702450275	0.005661567903151489
63.35	2.73320689	2.7501756500034205	2.7501271955884308	0.020614386	0.00564986508279738	0.0056551877570951824
63.4	2.698998753	2.750289310496184	2.7502396340373454	-0.008882136	0.005644484823325502	0.005649377636813082
63.45	2.758446659	2.750404724210818	2.750353849145519	-0.002138239	0.005639641201631731	0.005644103386209063
63.5	2.752712377	2.7505218085325622	2.75046976095767	0.003059053	0.005635290652829787	0.005639325999995939
63.55	2.751319053	2.7506404771657764	2.7505872856087663	0.002656505	0.005631385341371286	0.005635002138242957
63.6	2.757566827	2.7507606402608267	2.7507063354766426	0.003605451	0.005627873785543856	0.0056310846939972336
63.65	2.755114979	2.7508822045058157	2.750826819303741	0.004272276	0.005624701526511731	0.005627523406643865
63.7	2.754966509	2.7510050731870392	2.750948642290893	0.003785095	0.005621811833088865	0.005624265512986166
63.75	2.756056441	2.75112914622333	2.751071706167293	0.004166596	0.005619146432879155	0.005621256427454095
63.8	2.756607579	2.7512543201806534	2.7511959092419436	0.003922823	0.005616646259993036	0.005618440442394909
63.85	2.760871527	2.7513804882744033	2.7513211464428915	0.004525407	0.005614252209263708	0.005615761439072678
63.9	2.764600242	2.751507540367708	2.751447309351434	0.005985026	0.005611905886748507	0.00561316359980846
63.95	2.767968166	2.7516353629748167	2.7515742862391868	0.008245637	0.005609550346311017	0.00561059211163434
64.0	2.772536317	2.7517638392790653	2.7517019621164573	0.014151064	0.005607130802237929	0.005607993851914041
64.05	2.726633289	2.751892849175259	2.751830218800658	0.034328016	0.005604595308148969	0.005605318046600432
64.1	2.656375432	2.7520222693462473	2.751958935013657	-0.009793143	0.005601895392901683	0.00560251689215303
64.15	2.773942504	2.752151973383348	2.7520879865168246	-0.012091412	0.005598986644770534	0.005599546132621784
64.2	2.771175316	2.752281831959742	2.752217246292242	0.00174596	0.0055958292358858795	0.005596365584009595
64.25	2.766707138	2.7524117130653374	2.752346584777974	0.005260842	0.005592388379743057	0.005592939598746984
64.3	2.762688063	2.7525414823106424	2.7524758701645844	0.006744345	0.005588634715519024	0.005589237463937908
64.35	2.759265337	2.7526710033060824	2.752604968759101	0.006352805	0.005584544613951239	0.00558523372795474
64.4	2.758125785	2.7528001381218785	2.7527337454215095	0.006939137	0.0055801004006266145	0.0055809084509599646
64.45	2.759509905	2.7529287478321343	2.752862064077556	0.007224311	0.005575290493684917	0.005576247375997528
64.5	2.755832758	2.7530566931451728	2.7529897883101837	0.00775182	0.005570109454147163	0.005571242018412475
64.55	2.755465061	2.753183835120426	2.7531167820303475	0.00784341	0.00556455794831729	0.005565889672507166
64.6	2.755001124	2.7533100359703297	2.7532429102263087	0.007892877	0.005558642622953931	0.005560193335509843
64.65	2.758776233	2.7534351599438147	2.7533680397887608	0.008150987	0.005552375895146165	0.005554161550100205
64.7	2.763432994	2.7535590742860143	2.7534920404073864	0.012516457	0.005545775660035355	0.005547808167890364
64.75	2.743275964	2.753681650266976	2.7536147855326982	0.025256907	0.0055388649206899645	0.005541152037381627
64.8	2.649748722	2.75380276427026	2.7537361533952494	0.00525366	0.005531671345545792	0.005534216620991025
64.85	2.763101638	2.7539222989306005	2.7538560280726645	-0.017507901	0.00552422675985486	0.0055270295467501965
64.9	2.765115693	2.754040144308138	2.7539743005933466	0.000113167	0.005516566578528211	0.005519622101208085
64.95	2.759002397	2.7541561990852506	2.7540908700642754	0.000532687	0.0055087291885975356	0.005512028670904909
65.0	2.769187202	2.754270371770683	2.754205644809044	0.0036434	0.005500755290241142	0.005504286140516251
65.05	2.760362559	2.7543825818945806	2.754318543501174	0.004165279	0.005492687205909009	0.005496433256382545
65.1	2.759720469	2.7544927611771497	2.7544294962768716	0.003507628	0.005484568167532824	0.0054885099646318925
65.15	2.758206284	2.7546008546531016	2.754538445810753	0.004166553	0.005476441592114403	0.005480556733466171
65.2	2.765480058	2.7547068217337034	2.7546453483376636	0.002043393	0.005468350356148776	0.005472613869406453
65.25	2.773891591	2.7548106371882746	2.7547501746035925	0.003576772	0.005460336079352897	0.005464720837380757
65.3	2.78018943	2.7549122920272344	2.7548529107288493	0.006429739	0.005452438428039266	0.005456915594484293
65.35	2.789533129	2.755011794269416	2.7549535589670864	0.013119258	0.005444694448197644	0.0054492339470509615
65.4	2.782964949	2.7551091695772407	2.755052138344475	0.033358253	0.005437137937931035	0.0054417089403477285
65.45	2.666344597	2.7552044617445395	2.755148685164329	0.028829705	0.005429798868340579	0.005434370289744787
65.5	2.65182541	2.7552977330232524	2.7552432533637137	-0.004951344	0.005422702861276497	0.005427243861629589
65.55	2.767259185	2.75538906427695	2.755335914710075	-0.035915434	0.005415870731575699	0.005420351211629143
65.6	2.796494294	2.755478554951036	2.7554267588276646	-0.003139498	0.005409318100500491	0.005413709186892206
65.65	2.786020484	2.7555663228516445	2.755515893045471	0.00486565	0.005403055086084985	0.005407329598272416
65.7	2.772308725	2.7556525037275494	2.7556034420605036	0.008394073	0.005397086074996793	0.005401218967257924
65.75	2.767031516	2.7557372506518862	2.7556895474125667	0.007619297	0.0053914095793484405	0.005395378351426565
65.8	2.764789091	2.7558207332031293	2.7557743667690704	0.011147036	0.005386018180669893	0.005389803251082819
65.85	2.751040108	2.755903136447479	2.7558580730209394	0.003810094	0.005380898561999747	0.005384483598569065
65.9	2.755903461	2.7559846597275706	2.755940853193255	0.007276337	0.005376031627786113	0.005379403830555453
65.95	2.755232067	2.7560655152651727	2.7560229071768365	0.005295393	0.0053713927100269895	0.005374543042417784
66.0	2.764075193	2.7561459265882857	2.756104446289572	0.005561103	0.005366951857839036	0.00536987522262943
66.05	2.766185421	2.7562261267956436	2.7561856916788234	0.007174479	0.005362674206438155	0.00536536956393969
66.1	2.772565988	2.7563063566741914	2.7562668725786414	0.009870987	0.0053585204203643755	0.005360990847003952
66.15	2.782651053	2.7563868626874557	2.7563482244378514	0.024417605	0.005354447204708304	0.005356699891086465
66.2	2.643978701	2.7564678948549095	2.756429986937158	0.030286669	0.0053504078771132516	0.005352454065489011
66.25	2.701095126	2.756549704544397	2.7565124019153266	-0.037973821	0.005346352992451036	0.005348207854480958
66.3	2.784244794	2.756632542201307	2.7565957112261836	-0.006384071	0.005342231011312506	0.005343913467730194
66.35	2.769437766	2.7567166550395843	2.7566801545495516	0.000118639	0.005337989002824884	0.005339521487570958
66.4	2.777192241	2.7568022847206333	2.756765967180341	0.000653042	0.0053335733718115775	0.005334981543902454
66.45	2.773742925	2.7568896650468564	2.756853377820831	0.00429515	0.005328930599946455	0.005330243007098494
66.5	2.772075255	2.7569790196968604	2.756942606401611	0.005195573	0.005324007990331393	0.005325255689028842
66.55	2.776094029	2.7570705600293204	2.757033861956802	0.008772146	0.005318754404845805	0.005319970542150587
66.6	2.757668461	2.7571644829820836	2.7571273405789443	0.012766163	0.005313120983679326	0.005314340346624491
66.65	2.755135173	2.7572609690923566	2.757223223478433	0.005001808	0.005307061836668701	0.005308320375546873
66.7	2.774375037	2.757360180662717	2.7573216751714393	0.001479991	0.005300534696416733	0.005301869028661167
66.75	2.79572942	2.7574622600962964	2.7574228418191273	0.011655161	0.005293501523668486	0.005294948425322795
66.8	2.745449222	2.7575673284227324	2.757526849739409	0.037002008	0.005285929056051552	0.005287524948031716
66.85	2.697739753	2.757675484034468	2.7576338041107236	0.014104564	0.005277789292048701	0.005279569728512073
66.9	2.694607824	2.757786801650703	2.757743787885232	0.002068076	0.005269059902954517	0.005271059069098947
66.95	2.703108749	2.7579013315237377	2.7578568609264997	-0.027917488	0.005259724566562733	0.005261974793077573
67.0	2.810311526	2.7580190988996742	2.757973059384212	-0.00925581	0.005249773217420594	0.005252304518598002
67.05	2.794924079	2.7581401037424653	2.7580923953157273	0.003533068	0.005239202209649388	0.005242041851847303
67.1	2.78025494	2.7582643207271684	2.758214856561413	0.008812266	0.005228014389548063	0.005231186496287277
67.15	2.774561498	2.758391699505036	2.758340406877685	0.007625016	0.00521621907645497	0.005219744275941811
67.2	2.774754538	2.758522165239836	2.7584689863286194	0.009887967	0.0052038319516210275	0.005207727071927557
67.25	2.755856021	2.758655619411452	2.758600511933878	0.014313298	0.0051908748561614836	0.005195152672647174
67.3	2.753895903	2.7587919408795902	2.758734878567581	0.008336437	0.0051773755004512955	0.005182044539288377
67.35	2.754755775	2.7589309871971865	2.7588719600997225	0.006817043	0.005163367088594041	0.005168431489478749
67.4	2.756308681	2.7590725961600477	2.7590116107687432	0.005067884	0.005148887862811977	0.0051543473031205305
67.45	2.793185643	2.7592165875763204	2.7591536667710757	0.008378912	0.005133980573758894	0.005139830255557154
67.5	2.713678785	2.759362765236708	2.7592979480508197	0.030427103	0.005118691883832635	0.005124922584290399
67.55	2.711297195	2.759510919063882	2.759444260270247	-0.016975671	0.0051030717115531045	0.005109669896457575
67.6	2.780232084	2.7596608274173713	2.7595923969396496	0.015763628	0.005087172525965878	0.005094120525179909
67.65	2.694040318	2.759812259528363	2.7597421416830827	0.005117624	0.005071048600821203	0.0050783248436948114
67.7	2.769513918	2.7599649780372744	2.759893270614896	-0.025475794	0.0050547552389534674	0.0050623345468750105
67.75	2.789789643	2.760118741605724	2.7600455548006066	-0.00070705	0.00503834797783325	0.00504620191030681
67.8	2.778038459	2.7602733075736188	2.7601987627746025	0.003647608	0.005021881787674645	0.005029979037539304
67.85	2.772902303	2.760428434631515	2.7603526630864788	0.002886385	0.00500541027374306	0.0050137171064179534
67.9	2.779636484	2.7605838854781846	2.7605070268474203	0.004577557	0.00498898489461396	0.0049974656255726245
67.95	2.778019676	2.760739429433427	2.7606616302479976	0.005036691	0.004972654208076898	0.004981271712136512
68.0	2.789045114	2.760894844976663	2.7608162570190458	0.008452353	0.004956463156157568	0.004965179401625714
68.05	2.786820273	2.7610499221826452	2.7609707008079307	0.017807786	0.0049404524003396075	0.004949229000609253
68.1	2.763726256	2.7612044650267924	2.761124767443463	0.026231549	0.004924657717512583	0.004933456492348543
68.15	2.688327769	2.7613582935341374	2.7612782770639868	0.01026528	0.004909109466460079	0.004917893004987591
68.2	2.734775191	2.7615112457477524	2.7614310660847474	0.003990531	0.004893832133845489	0.004902564351137137
68.25	2.726607331	2.761663179494573	2.7615829889824717	0.003118821	0.004878843967668645	0.004887490646851973
68.3	2.708942525	2.761813973928941	2.7617339198771975	-0.005234029	0.00486415670506754	0.004872686016978557
68.35	2.792904307	2.761963530836754	2.7618837538937093	-0.02773615	0.004849775400133534	0.004858158392732631
68.4	2.804986426	2.7621117756857916	2.7620324082874497	-6.4962e-05	0.004835698356109425	0.004843909406164347
68.45	2.787328205	2.7622586584106696	2.7621798233224277	0.006454075	0.004821917165225255	0.00482993438489379
68.5	2.781824303	2.762404153923919	2.762325962891441	0.002144106	0.00480841685742341	0.004816222449165317
68.55	2.79049109	2.762548262347764	2.7624708148717634	0.005408777	0.004795176157880342	0.004802756711888401
68.6	2.794866174	2.762691008964192	2.7626143912123586	0.011762842	0.004782167851829757	0.004789514580919167
68.65	2.775635096	2.7628324438839194	2.7627567277516034	0.023083757	0.004769359253754499	0.004776468161406286
68.7	2.739830265	2.7629726414378903	2.7628978837673634	0.01287641	0.004756712776560768	0.0047635847545931635
68.75	2.745288443	2.763111699297792	2.7630379412641517	0.007666608	0.004744186594899477	0.004750827448026814
68.8	2.74883791	2.7632497373348937	2.7631770040048247	0.005630229	0.0047317353953752	0.004738155790773574
68.85	2.747861756	2.7633868962291985	2.7633151962969644	0.002913409	0.004719311205004728	0.004725526545931474
68.9	2.800567304	2.7635233358433964	2.763452661546614	-0.005922006	0.004706864287978194	0.004712894511481144
68.95	2.760979981	2.763659233378552	2.7635895605944354	0.035663853	0.004694344099561761	0.004700213399353883
69.0	2.68019628	2.7637947813306467	2.7637260698515878	0.010678077	0.004681700284891014	0.004687436761538348
69.05	2.705608104	2.763930185269163	2.763862379254662	-0.031614639	0.004668883709459347	0.004674518951116017
69.1	2.802919854	2.7640656614606884	2.7639986900608355	-0.010388573	0.004655847507326459	0.004661416105328826
69.15	2.794223629	2.7642014343621324	2.764135212506015	-0.001010454	0.004642548132481887	0.004648087137156977
69.2	2.787588634	2.7643377340094135	2.764272163350105	0.003859	0.004628946398405411	0.004634494721435184
69.25	2.779722182	2.7644747933285356	2.764409763334615	0.005342432	0.004615008490676168	0.004620606261272446
69.3	2.777198157	2.7646128453966274	2.7645482345786765	0.003818498	0.004600706937503288	0.004606394820470773
69.35	2.787742766	2.7647521206809986	2.7646877979400455	0.004589655	0.004586021523286241	0.004591840007766275
69.4	2.803016495	2.7648928442842933	2.7648286703679625	0.006905181	0.004570940130760261	0.004576928799043522
69.45	2.820635135	2.765035233223653	2.764971062274687	0.02239535	0.00455545949793438	0.004561656284199829
69.5	2.70573325	2.765179493771259	2.7651151749523657	0.048988072	0.004539585876874292	0.004546026325340482
69.55	2.670894105	2.7653258188828547	2.765261198061088	0.009480135	0.004523335582414357	0.004530052115268136
69.6	2.677512231	2.765474385739855	2.7654093072132158	-0.017108266	0.0045067354200989465	0.0045137566260702875
69.65	2.779780314	2.7656253534293778	2.7655596616780356	-0.010202436	0.004489822984044949	0.004497172938660163
69.7	2.750825869	2.7657788607862024	2.765712402229519	-0.003777381	0.004472646809811941	0.004480344445373063
69.75	2.755072667	2.7659350244157594	2.765867649158537	-0.021171364	0.0044552663899527	0.004463324919144846
69.8	2.822921325	2.7660939369179083	2.766025500469187	-0.005161255	0.00443775204552481	0.004446178444382233
69.85	2.804284163	2.766255665329191	2.766186030277134	0.00414529	0.0044201846491849954	0.004428979206354461
69.9	2.797636148	2.7664202497991317	2.766349287425835	0.004831273	0.0044026551978892615	0.004411811137767306
69.95	2.797998408	2.7665877025138266	2.7665152943344893	0.005503108	0.004385264235652204	0.0043947674230958465
70.0	2.813670951	2.766758006877765	2.7666840460891593	0.012140364	0.004368121129248166	0.004377949863936964
70.05	2.800869669	2.7669311169623185	2.7668555097864704	0.032593762	0.004351343202136633	0.00436146810925996
70.1	2.72198341	2.7671069572268703	2.7670296241368306	0.020120698	0.0043350547342274025	0.004345438756661104
70.15	2.734211335	2.767285422515917	2.7672062993316553	0.00889486	0.004319385837330355	0.004329984332869282
70.2	2.743141735	2.7674663783329017	2.767385417176598	0.00507544	0.004304471218223117	0.004315232163774046
70.25	2.745235629	2.7676496613888752	2.767566831490254	0.003673725	0.004290448843182652	0.004301313146125098
70.3	2.750444066	2.7678350804215066	2.767750368765353	0.005009382	0.004277458519536248	0.004288360434756013
70.35	2.737694732	2.7680224172774412	2.7679358290870026	-0.013474071	0.004265640411266784	0.004276508060689312
70.4	2.757728697	2.768211428248558	2.7681229873001785	0.003100837	0.0042551335069368965	0.004265889496763508
70.45	2.745901419	2.768401845650384	2.7683115944163843	-0.013460808	0.004246074059162729	0.004256636188467123
70.5	2.804868529	2.768593379628757	2.7685013792472515	-0.004753923	0.004238594015557311	0.004248876068455828
70.55	2.797580428	2.7687857201788195	2.768692050250808	0.001534435	0.004232819461469628	0.004242732073755775
70.6	2.7966438	2.7689785393586264	2.76888329757426	0.007522128	0.004228869094969364	0.00423832068491122
70.65	2.785456441	2.769171493677972	2.769074795275418	0.007903798	0.004226852754366512	0.004235750506312954
70.7	2.784730056	2.769364226641577	2.7692662037033218	0.008666285	0.004226870018110157	0.004235120906645067
70.75	2.788079542	2.7695563714244393	2.7694571720155556	0.009682706	0.004229008896182119	0.004236520757786615
70.8	2.797709966	2.769747553656027	2.7696473408132243	0.016055512	0.004233344631090704	0.004240027255472309
70.85	2.754850199	2.769937394289023	2.7698363448701935	0.026530503	0.004239938625284119	0.00424570484193686
70.9	2.746046598	2.7701255125275934	2.7700238159324195	0.022261998	0.0042488375102580295	0.004253604249061634
70.95	2.684423071	2.770311528772718	2.770209385562663	0.018498574	0.00426007257057821	0.00426376167856562
71.0	2.68570906	2.7704950676054474	2.770392688005507	-0.001852279	0.004273658992414247	0.004276198133564496
71.05	2.690774754	2.7706757607485106	2.7705733630475105	-0.019794065	0.004289595326115136	0.004290918913394368
71.1	2.788856179	2.77085324998089	2.77075105884743	-0.040491942	0.004307863166217105	0.004307913280996675
71.15	2.827555788	2.771027189980405	2.770925434711795	-0.026023068	0.004328427049406376	0.004327154309427035
71.2	2.840014757	2.771197251070014	2.77109616379174	-0.001704719	0.004351234568098914	0.004348598911225096
71.25	2.816013333	2.771363121844477	2.771262935679495	0.004366036	0.004376216694480847	0.004372188031534306
71.3	2.805909454	2.7715245116552203	2.771425458879356	0.00498045	0.004403288307113762	0.004397847037169422
71.35	2.8213258	2.7716811529326764	2.7715834631325986	0.006125618	0.004432348909587724	0.004425486292963634
71.4	2.837771477	2.771832803327043	2.771736701577258	0.010113903	0.004463283528238644	0.004455001914320741
71.45	2.849163427	2.771979247650265	2.771884952725339	0.04065584	0.004495963773670313	0.004486276682651756
71.5	2.698947705	2.7721202996040573	2.7720280222418556	0.033525309	0.004530249048765397	0.004519181108318151
71.55	2.723175698	2.772255803280941	2.7721657445120074	0.013174722	0.004565987884057264	0.004553574623861556
71.6	2.739325294	2.772385634427477	2.772297983984925	0.008189242	0.004603019379788171	0.004589306888695936
71.65	2.749239061	2.77250970146122	2.7724246362845424	0.012635453	0.004641174732716522	0.004626219185093154
71.7	2.699726033	2.7726279462351764	2.7725456290803954	0.013661484	0.004680278824762864	0.004664145884222922
71.75	2.673515631	2.7727403445459933	2.7726609227134325	-0.003683274	0.0047201518499148925	0.004702915960226477
71.8	2.711758496	2.7728469063844017	2.772770510574208	-0.06686737	0.004760610955457565	0.004742354529819611
71.85	2.866461531	2.77294767592885	2.772874419233133	-0.013658149	0.00480147187355991	0.004782284394742267
71.9	2.817998753	2.773042731285572	2.7729727083247493	0.003463161	0.004842550519536323	0.004822527564502523
71.95	2.808441162	2.7731321839806387	2.773065470190244	0.003830303	0.004883664533705858	0.004862906737302247
72.0	2.808283314	2.7732161782118143	2.773152829321549	0.005322987	0.004924634744696743	0.004903246143884041
72.05	2.808318386	2.773294889870186	2.773234941517841	0.010641399	0.004965286533283823	0.004943373172502384
72.1	2.803016082	2.77336852534364	2.7733119928318386	0.015091712	0.0050054510773907285	0.004983119845292083
72.15	2.780807333	2.7734373201161673	2.773384198317617	0.021576621	0.005044966460713768	0.005022324127880185
72.2	2.764865776	2.7735015375482295	2.7734518005934454	0.012474533	0.0050836728905808	0.0050608310569713625
72.25	2.781294567	2.7735614665089154	2.7735150682347847	0.009638566	0.005121422136098327	0.005098493673666303
72.3	2.811021221	2.7736174195243777	2.7735742940140127	0.018116742	0.00515807768335455	0.005135173753412567
72.35	2.747147992	2.77366973078663	2.773629793004698	0.063919028	0.0051935146994409225	0.005170742326699125
72.4	2.640585975	2.7737187540438555	2.7736819005692523	0.01608185	0.005227619810448112	0.0052050799878479576
72.45	2.643754096	2.77376486039403	2.77373097024959	-0.005151712	0.005260290700655258	0.005238076992487141
72.5	2.63871968	2.773808436004094	2.773777371544019	-0.040559565	0.005291435542159387	0.005269633721359874
72.55	2.901149507	2.7738498797770395	2.7738214876885903	-0.050103296	0.0053209722661494	0.005299660078786071
72.6	2.872436192	2.773889600989188	2.773863713396616	-0.008492135	0.0053488276888790515	0.00532807474629939
72.65	2.835960627	2.77392801691954	2.773904452577522	0.002120154	0.005374936507105598	0.0053548043047826465
72.7	2.820010318	2.773965550492519	2.7739441160557905	0.004888834	0.00539924017930813	0.005379782239955002
72.75	2.824172973	2.7740026279546277	2.773983119310139	-0.00028646	0.0054216857103603	0.005402947847433287
72.8	2.852103581	2.7740396766046356	2.774021880252268	0.011048071	0.005442224358487739	0.005424245054775063
72.85	2.869023544	2.774077122595693	2.774060817063525	0.027143356	0.005460810284273496	0.005443621178892831
72.9	2.722239617	2.774115388826541	2.7741003461066294	0.060822079	0.00547739916217166	0.005461025637990964
72.95	2.72072095	2.774154892937508	2.7741408799283205	0.018445901	0.005491946775438103	0.005476408637705492
73.0	2.723064683	2.7741960454253896	2.774182825367298	0.017729039	0.005504407615577156	0.005489719851410611
73.05	2.714318889	2.774239247889608	2.774226581780246	0.009347832	0.005514733507327077	0.005500907114686657
73.1	2.710630441	2.7742848914202285	2.7742725393970433	0.002720675	0.0055228722798603865	0.005509915153716767
73.15	2.728821185	2.7743333551364526	2.7743210778145024	-0.011567378	0.005528766504250869	0.005516684366892043
73.2	2.730067486	2.774385004882297	2.7743725646361383	-0.005084124	0.005532352316359319	0.005521149678159567
73.25	2.690113198	2.7744401920841053	2.774427352904378	-0.041906212	0.005533558343120766	0.0055232564136806364
73.3	2.888816122	2.7744992527726104	2.7744857820474604	-0.010269066	0.00553230474878884	0.005522937329309627
73.35	2.829339102	2.7745625067702835	2.7745481768653626	0.005223967	0.005528502416026249	0.005520111988744332
73.4	2.824566608	2.7746302570429013	2.7746148466809446	0.009947597	0.0055220522748469026	0.005514686362594867
73.45	2.799527913	2.774702775619905	2.7746860846557424	0.017476259	0.005513014130648802	0.005506552648173587
73.5	2.778892469	2.7747803368562116	2.774762167267943	0.013590368	0.005501216771867057	0.00549558930748627
73.55	2.784335115	2.774863196068631	2.7748433539483317	0.010765187	0.005486480101674129	0.0054816613185715716
73.6	2.777124424	2.7749515895760495	2.774929886868436	0.012074015	0.005468616018365731	0.005464620633025443
73.65	2.779326692	2.7750457348844306	2.775021990873713	0.009171939	0.005447429360038078	0.005444306830293329
73.7	2.792537013	2.7751458310043016	2.77511987355342	0.008944894	0.005422718909486151	0.005420547957148256
73.75	2.823657189	2.775252058887989	2.7752237267970683	0.019567001	0.005394278453973773	0.005393144604698057
73.8	2.719158267	2.7753645819736534	2.7753337251088195	0.060717418	0.005361897893327562	0.005361893096187375
73.85	2.666506498	2.775483546823054	2.775450026146627	0.015050738	0.005325364388705105	0.005326586583333251
73.9	2.672484189	2.775609083839974	2.775572771348842	7.7126e-05	0.005284463543396166	0.005287016175340649
73.95	2.642091622	2.7757413080563933	2.775702086635729	-0.013104233	0.00523898060614682	0.005242972092026183
74.0	2.769416178	2.775880319973717	2.7758380831735234	-0.11034389	0.005188701686760245	0.005194244831715012
74.05	2.915199754	2.776026206446705	2.7759808581889245	-0.019462029	0.00513341497313288	0.0051406263439446355
74.1	2.861612413	2.7761790415982	2.7761304958222963	0.002407932	0.005072911938439712	0.005081911196519065
74.15	2.837924902	2.776338887753302	2.776287068008318	0.006653955	0.005006988526893418	0.005017897726114747
74.2	2.832489791	2.7765057963822466	2.7764506353733953	0.004812296	0.004935446306374433	0.004948389161451456
74.25	2.883482807	2.7766798090420024	2.7766212481397803	0.017710728	0.004858093576270015	0.0048731947080106995
74.3	2.86517167	2.7768609583073705	2.776798947027067	0.062287413	0.004774746419071845	0.00479213058341357
74.35	2.657472351	2.77704926868327	2.776983764142512	0.033890217	0.0046852296846619425	0.004705020992859047
74.4	2.705541402	2.777244757490745	2.7771757238524346	0.004895275	0.004589377896763251	0.004611699034470398
74.45	2.747176221	2.77744743572024	2.777374843627847	-0.005614297	0.004487036071739253	0.0045120075249966
74.5	2.758045297	2.7776573088465906	2.7775811994877957	0.004674171	0.00437806044078895	0.00440528758186049
74.55	2.760801469	2.7778743776011527	2.777794781975457	0.00585137	0.004262319067587647	0.00429145187605008
74.6	2.758059085	2.778098638697428	2.778015578376535	0.009662321	0.004139692354553233	0.004170431470304214
74.65	2.722125211	2.7783300855074273	2.77824357352624	0.013853436	0.004010073432155427	0.004042174942373538
74.7	2.658664765	2.778569354981727	2.77847875052768	-0.01168519	0.003868246875013344	0.003906647417636403
74.75	2.918598073	2.7788156339186165	2.7787210913849156	-0.053550374	0.0037197365181659047	0.0037638295198348126
74.8	2.828129957	2.7790689223181486	2.7789705775545275	0.009598728	0.003564542361613185	0.0036137162495908674
74.85	2.810984688	2.779329220180324	2.7792271904199577	0.004337898	0.003402664405355185	0.0034563158011591414
74.9	2.809156622	2.779596527505142	2.7794909116932995	0.006842384	0.0032341026493919044	0.0032916483285524156
74.95	2.78914975	2.779870844292603	2.7797617237494445	0.017780021	0.0030588570937233437	0.0031197446727365017
75.0	2.777570222	2.7801521705427072	2.780039545268227	0.00154817	0.002876927738349502	0.0029411572172153007
