freq_roi_Hz	n_opt	k_opt	alpha_cm	eps_r	eps_i	loss_tan	DR	alpha_max	H_meas_real	H_meas_imag	H_meas_mag	H_meas_phase	H_model_real	H_model_imag	H_model_mag	H_model_phase
3.030303030303031616e+11	1.668832449944146257e+00	7.626697235889976813e-03	9.687500264104645931e-01	2.784943579475853248e+00	2.545535966630503577e-02	9.140350222497477251e-03	1.279853650365473368e+04	6.434048445568537034e+01	8.429104075717588351e-01	8.777687166761656556e-02	8.474684267821083195e-01	1.037614788063017657e-01	8.429104075717588351e-01	8.777687166761584392e-02	8.474684267821083195e-01	1.037614788063009191e-01
3.128054740957968140e+11	1.669456949856090500e+00	7.843051620392536144e-03	1.028368059152126701e+00	2.787024993964080988e+00	2.618727407148878361e-02	9.396138939623117220e-03	1.556644782113134170e+04	6.567250465210977950e+01	7.481815275081246108e-01	-2.996939421945167825e-01	8.059727396708159519e-01	-3.809917486222674232e-01	7.481815275081259431e-01	-2.996939421945146176e-01	8.059727396708163960e-01	-3.809917486222643146e-01
3.225806451612904663e+11	1.669796182092583958e+00	7.624486476208095290e-03	1.030951098457978166e+00	2.788161156936943996e+00	2.546267681677763170e-02	9.132426493148181057e-03	1.408947927574106143e+04	6.499427592747998972e+01	5.772495412452885999e-01	-5.130216153592717099e-01	7.722746989858807476e-01	-7.265561211292319577e-01	5.772495412452884889e-01	-5.130216153592718209e-01	7.722746989858807476e-01	-7.265561211292321797e-01
3.323558162267841187e+11	1.669005839779820644e+00	7.749474433340811270e-03	1.079604520178322646e+00	2.785520438865151327e+00	2.586783616894046053e-02	9.286536120151131848e-03	1.528311087841508925e+04	6.554752956776461303e+01	3.752247803136778415e-01	-7.367693013669098789e-01	8.268147550679850744e-01	-1.099749171856905461e+00	3.752247803136747883e-01	-7.367693013669114332e-01	8.268147550679851854e-01	-1.099749171856909680e+00
3.421309872922777710e+11	1.668129338501274983e+00	7.995583242897650461e-03	1.146652232263844828e+00	2.782591560617307280e+00	2.667533397181347243e-02	9.586507178903271725e-03	1.697695422426422374e+04	6.626262591059408180e+01	9.660209733921164624e-03	-8.030298075345237985e-01	8.030879101574357470e-01	-1.558767204469209355e+00	9.660209733921639938e-03	-8.030298075345235764e-01	8.030879101574355250e-01	-1.558767204469208689e+00
3.519061583577714233e+11	1.668681234157291415e+00	8.579338090136780573e-03	1.265522324541017651e+00	2.784423456186636336e+00	2.863236094500420589e-02	1.028304832060896769e-02	1.551383450296923183e+04	6.564947071742946605e+01	-2.590000613733595136e-01	-6.996246257695405424e-01	7.460265737723916768e-01	-1.925350925691068360e+00	-2.590000613733622337e-01	-6.996246257695397652e-01	7.460265737723917878e-01	-1.925350925691072135e+00
3.616813294232650757e+11	1.669004284999495935e+00	8.626392346440981893e-03	1.307809411334400318e+00	2.785500888701764044e+00	2.879497158059371106e-02	1.033744835529891264e-02	1.657058486472296863e+04	6.609779505664779720e+01	-5.291481487200918599e-01	-5.878760481416352990e-01	7.909462758446534902e-01	-2.303667536904070001e+00	-5.291481487200901945e-01	-5.878760481416365202e-01	7.909462758446532682e-01	-2.303667536904067337e+00
3.714565004887587280e+11	1.668054252683907723e+00	8.513853155066513495e-03	1.325632916132167161e+00	2.782332504201324053e+00	2.840313792407000645e-02	1.020839093860322240e-02	1.809716804992860853e+04	6.669735512931697485e+01	-7.319353265298667033e-01	-2.960901931387656116e-01	7.895560301177707574e-01	-2.757186750101439099e+00	-7.319353265298668143e-01	-2.960901931387642239e-01	7.895560301177704243e-01	-2.757186750101440875e+00
3.812316715542523804e+11	1.668337620012703360e+00	8.854438959878146650e-03	1.414943774844946711e+00	2.783272013260357447e+00	2.954438724174172914e-02	1.061498376766023891e-02	1.694992026120763694e+04	6.625178357277272312e+01	-7.312302222428833653e-01	-3.959463193776449619e-03	7.312409420089657219e-01	-3.136177909536785879e+00	-7.312302222428833653e-01	-3.959463193777023812e-03	7.312409420089657219e-01	-3.136177909536784991e+00
3.910068426197460327e+11	1.668330399717740331e+00	9.370413091732428257e-03	1.535791486368585534e+00	2.783238517980845650e+00	3.126589003770061798e-02	1.123363658404061792e-02	1.891221067573757318e+04	6.699706133234899141e+01	-7.093020433950590897e-01	2.609335814972645329e-01	7.557749153798344333e-01	-3.494101036402824434e+00	-7.093020433950597559e-01	2.609335814972633116e-01	7.557749153798346553e-01	-3.494101036402822658e+00
4.007820136852396851e+11	1.668178956582202943e+00	9.171138631105855629e-03	1.540709081272553460e+00	2.782736921399896257e+00	3.059820094461779966e-02	1.099572176920875742e-02	1.848886689685875535e+04	6.684303868122280790e+01	-5.268954318580911789e-01	5.611625420256043384e-01	7.697546327795387056e-01	-3.958474238203698370e+00	-5.268954318580915119e-01	5.611625420256037833e-01	7.697546327795385945e-01	-3.958474238203697482e+00
4.105571847507333374e+11	1.668402523496544498e+00	9.227850289712465071e-03	1.588047022299881039e+00	2.783481827188668767e+00	3.079153741960919191e-02	1.106223763303991296e-02	1.931576505809455193e+04	6.714070744529792023e+01	-2.510561608029268088e-01	6.704890496134341404e-01	7.159502507357834444e-01	-4.354111660166468667e+00	-2.510561608029274194e-01	6.704890496134340294e-01	7.159502507357835555e-01	-4.354111660166466891e+00
4.203323558162269897e+11	1.668026306307744733e+00	9.376781498190473949e-03	1.652097899259392433e+00	2.782223834503393167e+00	3.128143641496291399e-02	1.124332126949319395e-02	1.982128061659120067e+04	6.731647051153055372e+01	-1.362112362188274382e-02	7.349102946285942517e-01	7.350365134874660145e-01	-4.693856699214094874e+00	-1.362112362188304393e-02	7.349102946285942517e-01	7.350365134874660145e-01	-4.693856699214094874e+00
4.301075268817206421e+11	1.667524521592803843e+00	9.813198069568811188e-03	1.769199339658637182e+00	2.780541731256956695e+00	3.272749683250631564e-02	1.177018724970248925e-02	1.960626097196259070e+04	6.724226439129428456e+01	3.081801117779660593e-01	6.809665735432003375e-01	7.474559890579822730e-01	-5.137372054453492431e+00	3.081801117779687793e-01	6.809665735431991163e-01	7.474559890579823840e-01	-5.137372054453496872e+00
4.398826979472142944e+11	1.667947376665524839e+00	1.025618355950494963e-02	1.891088380417402126e+00	2.781943262024199726e+00	3.421354892535272835e-02	1.229843519542459657e-02	2.050386443676075578e+04	6.754681536531734309e+01	5.157122224641392805e-01	4.585573808274118202e-01	6.900970713676430890e-01	-5.556384281960862204e+00	5.157122224641385033e-01	4.585573808274128749e-01	6.900970713676432000e-01	-5.556384281960860427e+00
4.496578690127079468e+11	1.668141589429750660e+00	1.036011017345393401e-02	1.952700929344287184e+00	2.782589030502408800e+00	3.456426130282554826e-02	1.242161919131292563e-02	2.018435537627851227e+04	6.743996392146799224e+01	6.488301960807530966e-01	2.552849459768512519e-01	6.972453133500378097e-01	-5.908334593052654959e+00	6.488301960807533186e-01	2.552849459768521401e-01	6.972453133500382538e-01	-5.908334593052654071e+00
4.594330400782015991e+11	1.667636421557817217e+00	1.022636626695499866e-02	1.969394535997762707e+00	2.780906655939136218e+00	3.410772169392881775e-02	1.226496460105394766e-02	2.138914650504156089e+04	6.783439738539834707e+01	7.252777849590343884e-01	-3.912060014453613149e-02	7.263320774347998832e-01	-6.337071870355086567e+00	7.252777849590346104e-01	-3.912060014453742213e-02	7.263320774348001052e-01	-6.337071870355088343e+00
4.692082111436951904e+11	1.667372862703264014e+00	1.029777336671657169e-02	2.025340720029986219e+00	2.780026219142965438e+00	3.434045571586327728e-02	1.235256541085783498e-02	2.132114746241722241e+04	6.781273393727509813e+01	6.083057564207245971e-01	-3.085107705229597763e-01	6.820665574731401559e-01	-6.752547664328143462e+00	6.083057564207237089e-01	-3.085107705229617192e-01	6.820665574731401559e-01	-6.752547664328146126e+00
4.789833822091888428e+11	1.667391349072946172e+00	1.098996834779799106e-02	2.206510756996695743e+00	2.780073131559014143e+00	3.664915629940773689e-02	1.318280295700550823e-02	2.253705032762526025e+04	6.819005963280123694e+01	4.563310898245211966e-01	-4.855231399416596871e-01	6.663113258524454574e-01	-7.099567785209613291e+00	4.563310898245203640e-01	-4.855231399416611859e-01	6.663113258524459015e-01	-7.099567785209615955e+00
4.887585532746824951e+11	1.667349643956022254e+00	1.113529520345641136e-02	2.281315055730847252e+00	2.779930840401005909e+00	3.713286098565649757e-02	1.335747654078332097e-02	2.247679393445467213e+04	6.817184525810490925e+01	2.234756568539927879e-01	-6.548194609299524682e-01	6.919030969860715530e-01	-7.525097754430712271e+00	2.234756568539926769e-01	-6.548194609299522462e-01	6.919030969860713309e-01	-7.525097754430712271e+00
4.985337243401761475e+11	1.667458418326151159e+00	1.076830839930562923e-02	2.250252166627145556e+00	2.780301620380967176e+00	3.591141298310874391e-02	1.291637307256902206e-02	2.409128154689965959e+04	6.864377516404952928e+01	-7.242023177843937010e-02	-6.613381020904712804e-01	6.652914964490899141e-01	-7.963052654381400863e+00	-7.242023177844100768e-02	-6.613381020904705032e-01	6.652914964490892480e-01	-7.963052654381403528e+00
5.083088954056697998e+11	1.667167901612882641e+00	1.106860344011100471e-02	2.358357821770329821e+00	2.779326298186187927e+00	3.690644074206999442e-02	1.327891610501273460e-02	2.398322250128005544e+04	6.861319047811227279e+01	-2.823283709757951621e-01	-5.831700799309008643e-01	6.479171638291884028e-01	-8.304850384432874932e+00	-2.823283709757932747e-01	-5.831700799309013084e-01	6.479171638291881807e-01	-8.304850384432871380e+00
5.180840664711634521e+11	1.666663781994649041e+00	1.150569061645716380e-02	2.498630798316227253e+00	2.777635781296145190e+00	3.835223567456968324e-02	1.380751066530153462e-02	2.521052120597845351e+04	6.895272779223033410e+01	-4.996615379769827614e-01	-4.422987955267407290e-01	6.673004398754203148e-01	-8.700201881348011312e+00	-4.996615379769835386e-01	-4.422987955267397298e-01	6.673004398754202038e-01	-8.700201881348013089e+00
5.278592375366571045e+11	1.667051999137370677e+00	1.176753715534693649e-02	2.603711525032118335e+00	2.778923892897201764e+00	3.923419267948879963e-02	1.411848405772088422e-02	2.521343408741411622e+04	6.895351382902873638e+01	-6.142309991160429528e-01	-1.700902041701828071e-01	6.373463719436603947e-01	-9.154631616979637343e+00	-6.142309991160425087e-01	-1.700902041701828071e-01	6.373463719436600616e-01	-9.154631616979635567e+00
5.376344086021507568e+11	1.667245192393797204e+00	1.186579420719677432e-02	2.674071582866286878e+00	2.779565734488062656e+00	3.956637669176597816e-02	1.423473321779643828e-02	2.657689042292060913e+04	6.931181641710081465e+01	-6.143712563185882436e-01	5.879537275430477689e-02	6.171782047737898180e-01	-9.520187470135283547e+00	-6.143712563185883546e-01	5.879537275430384707e-02	6.171782047737899290e-01	-9.520187470135283547e+00
5.474095796676444092e+11	1.666823309646378926e+00	1.167662929438174901e-02	2.679285828483069398e+00	2.778163601908829605e+00	3.892575577195049596e-02	1.401132595114458479e-02	2.492081978354668536e+04	6.887409510474762442e+01	-5.735029905798223471e-01	2.983537697923024923e-01	6.464678276242971089e-01	-9.904478705095215219e+00	-5.735029905798207928e-01	2.983537697923057674e-01	6.464678276242973309e-01	-9.904478705095220548e+00
5.571847507331380615e+11	1.666268190110852476e+00	1.139408481939231318e-02	2.661140662873628937e+00	2.776319856206424408e+00	3.797120217995673952e-02	1.367681108323043002e-02	1.827662228737384066e+04	6.676448652265882799e+01	-3.928023084578068369e-01	5.023513060019942911e-01	6.376915305786108323e-01	-1.033195070810434757e+01	-3.928023084578032287e-01	5.023513060019970666e-01	6.376915305786108323e-01	-1.033195070810435467e+01
5.669599217986317139e+11	1.666378741759187099e+00	1.224983043949037613e-02	2.911197021483420411e+00	2.776668052641135365e+00	4.082571406904272893e-02	1.470313098110873247e-02	2.484837157827257033e+04	6.885428784793137424e+01	-1.711530405703703406e-01	5.702662207762908553e-01	5.953964442747001762e-01	-1.070399977605151420e+01	-1.711530405703705071e-01	5.702662207762907443e-01	5.953964442747000652e-01	-1.070399977605151420e+01
5.767350928641253662e+11	1.666532368719826129e+00	1.282861553772157368e-02	3.101311067023812651e+00	2.777165562614300143e+00	4.275860607895019816e-02	1.539649153603184911e-02	2.571315086977635656e+04	6.908703505120332977e+01	6.039212056833705156e-02	5.998760334852847320e-01	6.029083377900649188e-01	-1.109591055349260813e+01	6.039212056833458825e-02	5.998760334852848430e-01	6.029083377900648077e-01	-1.109591055349260280e+01
5.865102639296190186e+11	1.666749521608272167e+00	1.257824758812317589e-02	3.092323471254394995e+00	2.777895755469016237e+00	4.192957630034941513e-02	1.509400639595638062e-02	2.569359717596566043e+04	6.908185939192124181e+01	3.153988042942206249e-01	5.118419141089239899e-01	6.012142303612841854e-01	-1.154782304387128278e+01	3.153988042942203474e-01	5.118419141089236568e-01	6.012142303612836303e-01	-1.154782304387128278e+01
5.962854349951126709e+11	1.666591798212717190e+00	1.240574282576980061e-02	3.100745601261287288e+00	2.777374319414839032e+00	4.135061848832841808e-02	1.488838511945358468e-02	2.560722083395115260e+04	6.905894924326527473e+01	4.632944210043099531e-01	3.480941687050111422e-01	5.794922525971780702e-01	-1.192200895493602530e+01	4.632944210043098421e-01	3.480941687050111977e-01	5.794922525971779592e-01	-1.192200895493602530e+01
6.060606060606063232e+11	1.666050136028671469e+00	1.273613752288938784e-02	3.235511566816940299e+00	2.775560846562152406e+00	4.243808730497946463e-02	1.528991423752927570e-02	2.602323056587280735e+04	6.916858796059334225e+01	5.630847819538367105e-01	1.660055846873529917e-01	5.870454205727098085e-01	-1.227967787980431957e+01	5.630847819538369325e-01	1.660055846873522423e-01	5.870454205727099195e-01	-1.227967787980432135e+01
6.158357771260999756e+11	1.665754727123505807e+00	1.316606318343116824e-02	3.398677933229362402e+00	2.774565465714554868e+00	4.386286397081444466e-02	1.580891296775299021e-02	2.618575090691312653e+04	6.921094454052955314e+01	5.720360538762232494e-01	-8.168594510127138997e-02	5.778389399835989204e-01	-1.270821029213858289e+01	5.720360538762228053e-01	-8.168594510127427655e-02	5.778389399835990314e-01	-1.270821029213858822e+01
6.256109481915936279e+11	1.666073618538135959e+00	1.351351974102669995e-02	3.543741069422682965e+00	2.775618687172966670e+00	4.502903746823777587e-02	1.622306323139109316e-02	2.658214982774219970e+04	6.931316263837405245e+01	4.659582345386519830e-01	-2.831250485382484361e-01	5.452310239193685071e-01	-1.311237345090349038e+01	4.659582345386526492e-01	-2.831250485382474369e-01	5.452310239193685071e-01	-1.311237345090348860e+01
6.353861192570872803e+11	1.666167476949148130e+00	1.349777034564142095e-02	3.594917421531525381e+00	2.775931871438786391e+00	4.497909192247279142e-02	1.620324057130400133e-02	2.656069399662512296e+04	6.930766903180602867e+01	3.342218700594244973e-01	-4.410680013670722488e-01	5.533942900464030590e-01	-1.348872052224218798e+01	3.342218700594255520e-01	-4.410680013670712496e-01	5.533942900464029480e-01	-1.348872052224218621e+01
6.451612903225809326e+11	1.665800389692421168e+00	1.330940222996759847e-02	3.599283149526479431e+00	2.774713798111703156e+00	4.434161484250640634e-02	1.598060847669497894e-02	2.598541017384030420e+04	6.915869314788338329e+01	1.280580457330560695e-01	-5.476214502447888099e-01	5.623949820590286031e-01	-1.390745066758913495e+01	1.280580457330539046e-01	-5.476214502447890320e-01	5.623949820590283810e-01	-1.390745066758913850e+01
6.549364613880745850e+11	1.665541220528729660e+00	1.348997249004828085e-02	3.703389527270185333e+00	2.773845577922548156e+00	4.493621049194800043e-02	1.619996832181359522e-02	2.638343842092431441e+04	6.926211354722093461e+01	-8.641809828498170365e-02	-5.276019821953503719e-01	5.346325273752575713e-01	-1.429951940549270795e+01	-8.641809828498404900e-02	-5.276019821953500388e-01	5.346325273752576823e-01	-1.429951940549271150e+01
6.647116324535682373e+11	1.665479359345554800e+00	1.396035686736980461e-02	3.889725556734950906e+00	2.773626604842215126e+00	4.650137242340475485e-02	1.676554888182221759e-02	2.566930211155080178e+04	6.907542325112987669e+01	-2.658445908617372289e-01	-4.545504552315662861e-01	5.265828166980657254e-01	-1.466637348995061352e+01	-2.658445908617383946e-01	-4.545504552315655089e-01	5.265828166980656144e-01	-1.466637348995061707e+01
6.744868035190618896e+11	1.665504830392626312e+00	1.411100500666981512e-02	3.989519241954115447e+00	2.773707219598872786e+00	4.700389400060622086e-02	1.694623486879909963e-02	2.514800391855467024e+04	6.893583566569834886e+01	-4.333073857206248825e-01	-3.069260917768273922e-01	5.309980379751321200e-01	-1.509166628922688780e+01	-4.333073857206256041e-01	-3.069260917768267816e-01	5.309980379751323420e-01	-1.509166628922688957e+01
6.842619745845555420e+11	1.665467231964365080e+00	1.401196065386254262e-02	4.018930320415729618e+00	2.773584765705678912e+00	4.667292264916408917e-02	1.682765323283320208e-02	2.487563180745775389e+04	6.886174753205443722e+01	-5.019899041521855843e-01	-1.052191428557061881e-01	5.128985590679798756e-01	-1.550135028064459064e+01	-5.019899041521859173e-01	-1.052191428557045505e-01	5.128985590679798756e-01	-1.550135028064459419e+01
6.940371456500491943e+11	1.665234456382513883e+00	1.413131420886564946e-02	4.111065810788497643e+00	2.772806100682296826e+00	4.706390266914176751e-02	1.697338398727588071e-02	2.387875387386153670e+04	6.858349071883762349e+01	-5.014281227757332315e-01	7.753341617538431207e-02	5.073870247988424564e-01	-1.586137352583845583e+01	-5.014281227757330095e-01	7.753341617538489494e-02	5.073870247988422344e-01	-1.586137352583845761e+01
7.038123167155428467e+11	1.665005670151242567e+00	1.443302991643367027e-02	4.257979200286763799e+00	2.772035569283219925e+00	4.806215329664915298e-02	1.733821666259385136e-02	2.324333912735600825e+04	6.839999918919392030e+01	-4.323845665708501151e-01	2.702631549626677288e-01	5.099005651487716895e-01	-1.626660050262121260e+01	-4.323845665708490604e-01	2.702631549626687280e-01	5.099005651487714674e-01	-1.626660050262121615e+01
7.135874877810364990e+11	1.665072629492014844e+00	1.460430823095838944e-02	4.368349500406363717e+00	2.772253575664547665e+00	4.863446781606751979e-02	1.754329699237890464e-02	2.303199372477524594e+04	6.833785460989342653e+01	-2.731437501659165767e-01	4.066832676302883365e-01	4.898967119966712302e-01	-1.668732350689284161e+01	-2.731437501659161882e-01	4.066832676302885585e-01	4.898967119966711192e-01	-1.668732350689284161e+01
7.233626588465301514e+11	1.665177933794575571e+00	1.466226465035217266e-02	4.445762940313638723e+00	2.772602569191695121e+00	4.883055911044534986e-02	1.761181341063283376e-02	2.291366238936382797e+04	6.830281064414776893e+01	-1.022400250574915931e-01	4.707194652222801978e-01	4.816947556937961061e-01	-1.706488208245866289e+01	-1.022400250574893588e-01	4.707194652222806974e-01	4.816947556937962172e-01	-1.706488208245866645e+01
7.331378299120238037e+11	1.664863024615428344e+00	1.467737573617510470e-02	4.510484585333871976e+00	2.771553465373131520e+00	4.887164032309116585e-02	1.763330238210347040e-02	2.304293987666098838e+04	6.834108722307175299e+01	8.703218374103054156e-02	4.823615490992012589e-01	4.901502474304319512e-01	-1.745726838341879628e+01	8.703218374102851540e-02	4.823615490992017030e-01	4.901502474304319512e-01	-1.745726838341879272e+01
7.429130009775174561e+11	1.664529692479216783e+00	1.480608207652467714e-02	4.610704319680571928e+00	2.770439877078499258e+00	4.929032649131932786e-02	1.779151639388661110e-02	2.267028798737955367e+04	6.823016258038778403e+01	2.625416659167132405e-01	3.961502828768530549e-01	4.752506422570450528e-01	-1.786403359418581616e+01	2.625416659167129074e-01	3.961502828768533324e-01	4.752506422570450528e-01	-1.786403359418581616e+01
7.526881720430111084e+11	1.664479431800666154e+00	1.503719137847382009e-02	4.744287287375565931e+00	2.770265661762915776e+00	5.005819152303996045e-02	1.806981626851787009e-02	1.807683024678073343e+04	6.668970507444366547e+01	3.770808193567015132e-01	2.637120140375300292e-01	4.601455972564029717e-01	-1.823926536491255845e+01	3.770808193567014577e-01	2.637120140375300847e-01	4.601455972564029717e-01	-1.823926536491255845e+01
7.624633431085047607e+11	1.664651850241140485e+00	1.536400703813507913e-02	4.910352019769833376e+00	2.770829729798984342e+00	5.115144548629892846e-02	1.846069606377791217e-02	2.303466206337415861e+04	6.833864276416240102e+01	4.508584219991975672e-01	9.328104015456270548e-02	4.604070689508619196e-01	-1.864553796890067972e+01	4.508584219991974562e-01	9.328104015456392673e-02	4.604070689508619751e-01	-1.864553796890067616e+01
7.722385141739984131e+11	1.664677888683678386e+00	1.532065951238060532e-02	4.959273723931822531e+00	2.770917750464454876e+00	5.100792626062251867e-02	1.840831480908182438e-02	2.359784393257172997e+04	6.850298076709118789e+01	4.421759983830081953e-01	-9.902556240489651662e-02	4.531287626664368684e-01	-1.906987126746485472e+01	4.421759983830085283e-01	-9.902556240489523987e-02	4.531287626664369239e-01	-1.906987126746485472e+01
7.820136852394920654e+11	1.664561245633368936e+00	1.524549935656184692e-02	4.997412149930436698e+00	2.770531715213881974e+00	5.075413479852262238e-02	1.831927587033756882e-02	2.326885056316939517e+04	6.840746239020283781e+01	3.662606615493656514e-01	-2.495435265971565064e-01	4.431916559064765782e-01	-1.944763989631130841e+01	3.662606615493659290e-01	-2.495435265971560901e-01	4.431916559064765782e-01	-1.944763989631130841e+01
7.917888563049857178e+11	1.664234999271881232e+00	1.549879899864482075e-02	5.143948267704197441e+00	2.769437920031078360e+00	5.158728748044939111e-02	1.862734929254903846e-02	2.333270825822702682e+04	6.842610771896063682e+01	2.489661100712586006e-01	-3.666129778580722864e-01	4.431582104598508209e-01	-1.982379269921781528e+01	2.489661100712568242e-01	-3.666129778580733967e-01	4.431582104598507654e-01	-1.982379269921781884e+01
8.015640273704793701e+11	1.664104142509764239e+00	1.578240872510856818e-02	5.302744059425022805e+00	2.768993512692991210e+00	5.252714347647083337e-02	1.896976039694128410e-02	2.268959198222176565e+04	6.823595329686044408e+01	7.774757223817037322e-02	-4.253294302701288720e-01	4.323769295913485466e-01	-2.023955453660951420e+01	7.774757223816938789e-02	-4.253294302701290941e-01	4.323769295913485466e-01	-2.023955453660951775e+01
8.113391984359730225e+11	1.664147631078484846e+00	1.595758054162667652e-02	5.426985545389224619e+00	2.769132693647390120e+00	5.311153971218431774e-02	1.917984639523645854e-02	2.292351331053508693e+04	6.830573490411651960e+01	-8.739319219948019080e-02	-4.073798166871491766e-01	4.166483950369550548e-01	-2.063167443771123644e+01	-8.739319219948041284e-02	-4.073798166871490656e-01	4.166483950369549993e-01	-2.063167443771123644e+01
8.211143695014666748e+11	1.664101740456480849e+00	1.605804375282835275e-02	5.526948913349756687e+00	2.768976741821120857e+00	5.344443711481595971e-02	1.930115060470541724e-02	2.170736830956444101e+04	6.793487114555551898e+01	-2.343633653841966646e-01	-3.452112672663116277e-01	4.172493332311260628e-01	-2.101677521518973890e+01	-2.343633653841951658e-01	-3.452112672663124604e-01	4.172493332311259517e-01	-2.101677521518973535e+01
8.308895405669603271e+11	1.663916097032153152e+00	1.606247970561915442e-02	5.594290891796394938e+00	2.768358774708420178e+00	5.345323708086398284e-02	1.930863787208866866e-02	2.209982521007459945e+04	6.805677435403727316e+01	-3.507129461539724713e-01	-2.220451771573887512e-01	4.150947256938533614e-01	-2.142672779920238924e+01	-3.507129461539740256e-01	-2.220451771573859479e-01	4.150947256938531393e-01	-2.142672779920239634e+01
8.406647116324539795e+11	1.663825028466241696e+00	1.624584630694016554e-02	5.724720909955366643e+00	2.768049797828461500e+00	5.406049138820581690e-02	1.953017298699479334e-02	2.063664277296930959e+04	6.759073068692133290e+01	-3.935580713951375986e-01	-6.880299060938808997e-02	3.995269791604263987e-01	-2.181807468413344253e+01	-3.935580713951373211e-01	-6.880299060938994959e-02	3.995269791604263987e-01	-2.181807468413343898e+01
8.504398826979476318e+11	1.663785165628175688e+00	1.637745150699129737e-02	5.838201795790621595e+00	2.767912856446512304e+00	5.449712173625385903e-02	1.968888637853219090e-02	2.112748942251762855e+04	6.775065678653288614e+01	-3.884666360464863466e-01	8.252682012046197446e-02	3.971360010883782099e-01	-2.220047894384038756e+01	-3.884666360464867352e-01	8.252682012046018423e-02	3.971360010883782099e-01	-2.220047894384038045e+01
8.602150537634412842e+11	1.663646203366230036e+00	1.643247227478717223e-02	5.925146703737073750e+00	2.767448663829810140e+00	5.467564022374103022e-02	1.975669537735042988e-02	2.020277151496699662e+04	6.744616850487439308e+01	-3.227056387605443666e-01	2.291064770146608032e-01	3.957634484106892225e-01	-2.260852453823128627e+01	-3.227056387605453103e-01	2.291064770146595264e-01	3.957634484106892225e-01	-2.260852453823128272e+01
8.699902248289349365e+11	1.663478581016594182e+00	1.651290299659800495e-02	6.021808823776725106e+00	2.766888313535606603e+00	5.493772089049103052e-02	1.985541686729309571e-02	2.089225668756014784e+04	6.767448294645768669e+01	-2.039060477450002629e-01	3.246802325207761575e-01	3.833991780073759958e-01	-2.300117603513480802e+01	-2.039060477450000408e-01	3.246802325207763795e-01	3.833991780073760514e-01	-2.300117603513481157e+01
8.797653958944285889e+11	1.663365742880774878e+00	1.682084195823896344e-02	6.203028366547411743e+00	2.766502653865127836e+00	5.595842455949252142e-02	2.022713568747604856e-02	2.045619513234821352e+04	6.753097973297191459e+01	-6.843199400306539115e-02	3.689343895717481225e-01	3.752272932662468197e-01	-2.337854370541890248e+01	-6.843199400306300417e-02	3.689343895717484556e-01	3.752272932662467086e-01	-2.337854370541890958e+01
8.895405669599222412e+11	1.663391262666745973e+00	1.706360835067699533e-02	6.362470682825529522e+00	2.766579325986126214e+00	5.676691408016687479e-02	2.051880947239159356e-02	2.044448859997155887e+04	6.752708520620326738e+01	8.396800838893787866e-02	3.613438897747849876e-01	3.709717416601656659e-01	-2.379026968698799749e+01	8.396800838893873908e-02	3.613438897747847656e-01	3.709717416601656659e-01	-2.379026968698799749e+01
8.993157380254158936e+11	1.663424696013374282e+00	1.702567283573253390e-02	6.418087570966995337e+00	2.766691845771677372e+00	5.664184932240310527e-02	2.047277126614898898e-02	2.018303097475684990e+04	6.743951749902589654e+01	2.153842151578184982e-01	2.917796669506885210e-01	3.626647683260729726e-01	-2.419783442299097587e+01	2.153842151578183595e-01	2.917796669506887430e-01	3.626647683260730282e-01	-2.419783442299097587e+01
9.090909090909095459e+11	1.663331767834268282e+00	1.696618721012388767e-02	6.465181637425174266e+00	2.766384718378223528e+00	5.644079633124503975e-02	2.040236701579710779e-02	1.979383643055041102e+04	6.730704409861593263e+01	3.060341407261977786e-01	1.900908411563875244e-01	3.602657674294980628e-01	-2.457692058584620654e+01	3.060341407261978897e-01	1.900908411563873301e-01	3.602657674294980628e-01	-2.457692058584620654e+01
9.188660801564031982e+11	1.662939524258534973e+00	1.709368674931474943e-02	6.583807465011064508e+00	2.765075667214519139e+00	5.685153462145978859e-02	2.056057101639133938e-02	1.897729906422757267e+04	6.702043581133689543e+01	3.535353485134146712e-01	6.155351257031756174e-02	3.588538387118714312e-01	-2.496036069292896897e+01	3.535353485134146712e-01	6.155351257031763806e-02	3.588538387118714312e-01	-2.496036069292896897e+01
9.286412512218968506e+11	1.662792295324750702e+00	1.740804773666082550e-02	6.776215382451408864e+00	2.764575177265351069e+00	5.789193530633016810e-02	2.094062617012839786e-02	1.926511822699767072e+04	6.712284514693104143e+01	3.362043147671631149e-01	-7.797709617433129514e-02	3.451286264508330315e-01	-2.536064534494760991e+01	3.362043147671633370e-01	-7.797709617433047635e-02	3.451286264508330315e-01	-2.536064534494760991e+01
9.384164222873903809e+11	1.662913578440448514e+00	1.768144067243407683e-02	6.955084464845507242e+00	2.764968936017365042e+00	5.880541556115968099e-02	2.126802033655482774e-02	1.805997308506847548e+04	6.668335773489525309e+01	2.722916097256206647e-01	-1.948322123535926875e-01	3.348168330558742301e-01	-2.575381268380012045e+01	2.722916097256217194e-01	-1.948322123535911332e-01	3.348168330558741745e-01	-2.575381268380011690e+01
9.481915933528840332e+11	1.663007700348528628e+00	1.775267397716193130e-02	7.055845118264913118e+00	2.765279453985162395e+00	5.904566705159446094e-02	2.135251356476873530e-02	1.804214834579506714e+04	6.667663961921689975e+01	1.727384263491649474e-01	-2.860669481980844808e-01	3.341748985021936735e-01	-2.616029992249879044e+01	1.727384263491645588e-01	-2.860669481980848694e-01	3.341748985021937846e-01	-2.616029992249879399e+01
9.579667644183776855e+11	1.662858058943698980e+00	1.759013399343312481e-02	7.063317863203888436e+00	2.764787511380099705e+00	5.849979213775956255e-02	2.115887455978785262e-02	1.701065994338795645e+04	6.627611988988408598e+01	4.689840107359644766e-02	-3.282093908010054739e-01	3.315431559137166917e-01	-2.656160662532085581e+01	4.689840107359738441e-02	-3.282093908010053629e-01	3.315431559137166917e-01	-2.656160662532085226e+01
9.677419354838713379e+11	1.662604862042796672e+00	1.770779988212009201e-02	7.183123399869288050e+00	2.763941361111681427e+00	5.888214836018745152e-02	2.130368943012037400e-02	1.645588961259806820e+04	6.605054068970733283e+01	-7.434526639917017621e-02	-3.148583286506241308e-01	3.235165927068162084e-01	-2.693541339700014703e+01	-7.434526639917100888e-02	-3.148583286506239087e-01	3.235165927068162084e-01	-2.693541339700014703e+01
9.775171065493649902e+11	1.662441311675892042e+00	1.797908464804188339e-02	7.366837743665004545e+00	2.763387867281879018e+00	5.977834613004528314e-02	2.163226770943465355e-02	1.563070410857685420e+04	6.570053046864819635e+01	-1.848285541403733856e-01	-2.595104778212197205e-01	3.186020755183787689e-01	-2.732241787095064467e+01	-1.848285541403752452e-01	-2.595104778212182217e-01	3.186020755183786024e-01	-2.732241787095065177e+01
9.872922776148586426e+11	1.662428928884293722e+00	1.811425509238414472e-02	7.496445371525627621e+00	2.763341817353828223e+00	6.022732338153807125e-02	2.179510439255454013e-02	1.395668109600307798e+04	6.492984729197873150e+01	-2.669645961439584547e-01	-1.609615103257492075e-01	3.117349890542495672e-01	-2.773176125392224023e+01	-2.669645961439592874e-01	-1.609615103257479307e-01	3.117349890542496227e-01	-2.773176125392224378e+01
9.970674486803522949e+11	1.662493514825447383e+00	1.826880183739490807e-02	7.635258833955891333e+00	2.763550937716096279e+00	6.074352915660050090e-02	2.198024589581159052e-02	1.512878970255235436e+04	6.547848290887405653e+01	-2.995658046861028323e-01	-4.421906274957066590e-02	3.028118175495844167e-01	-2.812778165439936018e+01	-2.995658046861027768e-01	-4.421906274957092264e-02	3.028118175495844167e-01	-2.812778165439935663e+01
1.006842619745845947e+12	1.662358475029849014e+00	1.836961138142983313e-02	7.752659692282578341e+00	2.763098256881260539e+00	6.107375832584931163e-02	2.210336102733600691e-02	1.587351514042674717e+04	6.580540385022257510e+01	-2.918627508080681721e-01	7.118993170678221405e-02	3.004194928523593600e-01	-2.851357807798643051e+01	-2.918627508080677280e-01	7.118993170678331039e-02	3.004194928523592489e-01	-2.851357807798643407e+01
1.016617790811339600e+12	1.662263656272129575e+00	1.848651152343916415e-02	7.877743436097453866e+00	2.762778711854882108e+00	6.145891247333767904e-02	2.224532576916926629e-02	1.560278991068486539e+04	6.568836968177774338e+01	-2.362792142621259195e-01	1.767964551314509525e-01	2.951014294092367818e-01	-2.891671549628303950e+01	-2.362792142621256697e-01	1.767964551314511468e-01	2.951014294092367263e-01	-2.891671549628304305e+01
1.026392961876833252e+12	1.662247341003136425e+00	1.864155156225508203e-02	8.020194173092535905e+00	2.762718715227349353e+00	6.197373903306274689e-02	2.243215666201573907e-02	1.571681512607740478e+04	6.573790825822170802e+01	-1.457989602753029801e-01	2.464588665391824474e-01	2.863552159698473654e-01	-2.931092842404224541e+01	-1.457989602753036462e-01	2.464588665391820033e-01	2.863552159698473099e-01	-2.931092842404224186e+01
1.036168132942326904e+12	1.662234677237963032e+00	1.865138282196010869e-02	8.100846981488842857e+00	2.762676248131223922e+00	6.200595061020509891e-02	2.244416103846703231e-02	1.562882173406689981e+04	6.569971109757720740e+01	-4.054104551302094989e-02	2.819847161512680223e-01	2.848841106734457118e-01	-2.970233831162671478e+01	-4.054104551301950660e-02	2.819847161512682998e-01	2.848841106734457118e-01	-2.970233831162672189e+01
1.045943304007820557e+12	1.662037798174495595e+00	1.867237119852210164e-02	8.186471937471843319e+00	2.762020985114549632e+00	6.206837342697708176e-02	2.247208611429247008e-02	1.561448049081281169e+04	6.569346531471252604e+01	7.036129313174833977e-02	2.733103577927712968e-01	2.822220105661223388e-01	-3.009709981685282898e+01	7.036129313174692423e-02	2.733103577927717409e-01	2.822220105661224498e-01	-3.009709981685282543e+01
1.055718475073314209e+12	1.661938155098524383e+00	1.894728978743803402e-02	8.384639221684496491e+00	2.761679431581997690e+00	6.297844766690376128e-02	2.280440189643127835e-02	1.547300944243540289e+04	6.563154375440954880e+01	1.630358776938308218e-01	2.173597330357211754e-01	2.717093133493177493e-01	-3.048867865647841668e+01	1.630358776938307386e-01	2.173597330357212309e-01	2.717093133493177493e-01	-3.048867865647841668e+01
1.065493646138807861e+12	1.661984996539574322e+00	1.931553826179331981e-02	8.626742607312511524e+00	2.761821038704306286e+00	6.420426958237317183e-02	2.324707817147133801e-02	1.519736580424162275e+04	6.550925189280032157e+01	2.267429324530925994e-01	1.337263381219513936e-01	2.632396074395610408e-01	-3.088306253360711295e+01	2.267429324530932933e-01	1.337263381219502834e-01	2.632396074395610408e-01	-3.088306253360711651e+01
1.075268817204301514e+12	1.662095239639411748e+00	1.951609901882246298e-02	8.796283650863477632e+00	2.762179707511080995e+00	6.487523055103242009e-02	2.348696950260690391e-02	1.464846312558465615e+04	6.525897678564986393e+01	2.560764880945569644e-01	3.103030286297826443e-02	2.579496994582662905e-01	-3.129533854901525558e+01	2.560764880945569089e-01	3.103030286297868770e-02	2.579496994582662905e-01	-3.129533854901525558e+01
1.085043988269795166e+12	1.662090393517348552e+00	1.937099194294228735e-02	8.810252728760261220e+00	2.762169240893801003e+00	6.439267924253266884e-02	2.331235837732233140e-02	1.380762866433658201e+04	6.485679844997930843e+01	2.455919182603908402e-01	-7.047481580987816074e-02	2.555036007148524524e-01	-3.169537660681039171e+01	2.455919182603903961e-01	-7.047481580987975669e-02	2.555036007148524524e-01	-3.169537660681039881e+01
1.094819159335288818e+12	1.661435191489756269e+00	1.938980203563703264e-02	8.898256594678533915e+00	2.759990931097621836e+00	6.442979891605415954e-02	2.334420674724139305e-02	9.266860278826203285e+03	6.214375551376578954e+01	2.045417876934886303e-01	-1.481607857397003736e-01	2.525647666319543738e-01	-3.204281156166096167e+01	2.045417876934904899e-01	-1.481607857396976535e-01	2.525647666319543183e-01	-3.204281156166094746e+01
1.104594330400782471e+12	1.661866954936822571e+00	1.923466522532375073e-02	8.905875155109319152e+00	2.761431803564657006e+00	6.393090905447594563e-02	2.315136262715207158e-02	7.728770759101102158e+03	6.090897102988459011e+01	1.243565532065853130e-01	-2.212855809175581778e-01	2.538343173163224442e-01	-3.247473371689138588e+01	1.243565532065848411e-01	-2.212855809175585664e-01	2.538343173163225552e-01	-3.247473371689139299e+01
1.114369501466276123e+12	1.661865226863192380e+00	1.986676461441567315e-02	9.279947620748030701e+00	2.761401343920805385e+00	6.603177056594708438e-02	2.391241342418960400e-02	8.965335788702082937e+03	6.191870490767030333e+01	2.629013305096035424e-02	-2.373115005695736190e-01	2.387633125051248917e-01	-3.287638954196157215e+01	2.629013305095923708e-02	-2.373115005695737023e-01	2.387633125051248639e-01	-3.287638954196157925e+01
1.124144672531769775e+12	1.662055715679722656e+00	2.035125294987601141e-02	9.589644772883421098e+00	2.762015028527005533e+00	6.764983257317047638e-02	2.449292703857893980e-02	1.289860261685509795e+04	6.439347049159755443e+01	-6.631743079332000357e-02	-2.181961459890524868e-01	2.280516602691212702e-01	-3.328178576543097478e+01	-6.631743079332109991e-02	-2.181961459890522093e-01	2.280516602691212702e-01	-3.328178576543098188e+01
1.133919843597263428e+12	1.662270763814316599e+00	2.059993637452047985e-02	9.791233227673462380e+00	2.762719734853197107e+00	6.848534394360096533e-02	2.478910295518632276e-02	1.348604849537163864e+04	6.469647232892455690e+01	-1.452681369053484550e-01	-1.686412609622760239e-01	2.225819096397942676e-01	-3.369779998431994272e+01	-1.452681369053477889e-01	-1.686412609622766345e-01	2.225819096397942953e-01	-3.369779998431993562e+01
1.143695014662757080e+12	1.662195321026359363e+00	2.085725679603548863e-02	9.999000206885725106e+00	2.762458260080865813e+00	6.933766931163085068e-02	2.509998804818180940e-02	1.326249205550419902e+04	6.458274778992810639e+01	-1.923996185489799116e-01	-9.594296301997840004e-02	2.149945705613188762e-01	-3.409494012057636780e+01	-1.923996185489801614e-01	-9.594296301997792820e-02	2.149945705613188762e-01	-3.409494012057636780e+01
1.153470185728250732e+12	1.661841661807301307e+00	2.146362200881954396e-02	1.037763869041635978e+01	2.761257021848715354e+00	7.133828253508087136e-02	2.583543725578957631e-02	1.049463707669240466e+04	6.299023472507622046e+01	-2.021638215161385699e-01	-1.900279750570233947e-02	2.030549606462542511e-01	-3.446379754252789240e+01	-2.021638215161384866e-01	-1.900279750570281131e-02	2.030549606462542234e-01	-3.446379754252789240e+01
1.163245356793744385e+12	1.661178816238480849e+00	2.169075354495976146e-02	1.057633329992293802e+01	2.759044570730132317e+00	7.206444059427377646e-02	2.611934629791181489e-02	4.720678879291269368e+03	5.755490627339745657e+01	-1.915736603430815976e-01	5.045008103410833500e-02	1.981052195516173065e-01	-3.481501844700833459e+01	-1.915736603430812646e-01	5.045008103410972278e-02	1.981052195516173342e-01	-3.481501844700834170e+01
1.173020527859238037e+12	1.662216943004523051e+00	2.202078114361058492e-02	1.082748258987066947e+01	2.762480250809127291e+00	7.320663103020806639e-02	2.650032738107934924e-02	1.020599529754687137e+04	6.280049393387096757e+01	-1.413448281965183073e-01	1.276826152324259944e-01	1.904762733006266640e-01	-3.529217722746630415e+01	-1.413448281965181685e-01	1.276826152324261054e-01	1.904762733006266362e-01	-3.529217722746630415e+01
1.182795698924731689e+12	1.662213269729027498e+00	2.368167728005091122e-02	1.174116945865528372e+01	2.762392132224468000e+00	7.872799644868209989e-02	2.849993508535115377e-02	1.235170775773987043e+04	6.409871491972150181e+01	-7.096726426480301497e-02	1.503258829236957528e-01	1.662354465029016459e-01	-3.568724459995622311e+01	-7.096726426480123862e-02	1.503258829236966132e-01	1.662354465029016459e-01	-3.568724459995623022e+01
1.192570869990225342e+12	1.660875689489782703e+00	2.480337314502123122e-02	1.239892705434905373e+01	2.757892848618789916e+00	8.239063894781899211e-02	2.987448877467517930e-02	1.242291196480159124e+04	6.413782212960538232e+01	-2.129514041324561541e-02	1.498385335979363631e-01	1.513442075402945675e-01	-3.598714036032102115e+01	-2.129514041324718360e-02	1.498385335979363076e-01	1.513442075402947062e-01	-3.598714036032101404e+01
1.202346041055718994e+12	1.659327457248712445e+00	2.535915977608457078e-02	1.278066639226364742e+01	2.752724523394928458e+00	8.415830021842847508e-02	3.057272876496782560e-02	1.190633761283486820e+04	6.384886967949346115e+01	2.058598315397612219e-02	1.416206228713971504e-01	1.431089917681565293e-01	-3.627266457190669513e+01	2.058598315397719772e-02	1.416206228713970672e-01	1.431089917681565571e-01	-3.627266457190670224e+01
1.212121212121212646e+12	1.657939731333170519e+00	2.479208641949393749e-02	1.259645355299206848e+01	2.748149505184073860e+00	8.220757019504905394e-02	2.991379109468889769e-02	7.600873071822502425e+03	6.079544441642240571e+01	6.217571628281544360e-02	1.329163225039327323e-01	1.467397985662056703e-01	-3.656585725373944484e+01	6.217571628281579055e-02	1.329163225039325658e-01	1.467397985662056703e-01	-3.656585725373944484e+01
1.221896383186706299e+12	1.656749862454186983e+00	2.376048747647413820e-02	1.216967238433861631e+01	2.744255545976847621e+00	7.873036871698592398e-02	2.868915354198946915e-02	1.117527424574879842e+04	6.341775664310812743e+01	1.056971880351556953e-01	1.152720078192948222e-01	1.563954326226652258e-01	-3.687040975217146865e+01	1.056971880351556398e-01	1.152720078192948638e-01	1.563954326226652536e-01	-3.687040975217146865e+01
1.231671554252199951e+12	1.656155863492007718e+00	2.241585984069778548e-02	1.157282737193847488e+01	2.742349773406559610e+00	7.424831542077331425e-02	2.707470656762419811e-02	7.376307259197203166e+03	6.059141015059011437e+01	1.520976644617167695e-01	7.846792646686753803e-02	1.711458881151361744e-01	-3.722282144535250126e+01	1.520976644617165474e-01	7.846792646686789885e-02	1.711458881151361744e-01	-3.722282144535250126e+01
1.241446725317693604e+12	1.656318694489520293e+00	2.210759753658678856e-02	1.150426290720346145e+01	2.742902871846629065e+00	7.323445418019833286e-02	2.669961628312928284e-02	1.079578640832966266e+04	6.318271381166879763e+01	1.719692465896812683e-01	1.154670875557849835e-02	1.723564569597227369e-01	-3.763206844037375731e+01	1.719692465896812683e-01	1.154670875557826590e-02	1.723564569597227369e-01	-3.763206844037376442e+01
1.251221896383187256e+12	1.656805240298784732e+00	2.197762022942554780e-02	1.152667800954022326e+01	2.744520588490564794e+00	7.282527273081765284e-02	2.653478827457811037e-02	1.050658307660408173e+04	6.299797461894129214e+01	1.606103813822191972e-01	-6.088449791366461195e-02	1.717632576948310286e-01	-3.806145640515403272e+01	1.606103813822193915e-01	-6.088449791366409847e-02	1.717632576948310286e-01	-3.806145640515403272e+01
1.260997067448680908e+12	1.657257680329113914e+00	2.160871206364555625e-02	1.142173606570844058e+01	2.746036082572786086e+00	7.162240805899394713e-02	2.608210741058080567e-02	1.063097906474600495e+04	6.307805266538677813e+01	1.225500651217163034e-01	-1.248533295932194725e-01	1.749481991100508560e-01	-3.849381949042588502e+01	1.225500651217153320e-01	-1.248533295932203607e-01	1.749481991100508005e-01	-3.849381949042589213e+01
1.270772238514174561e+12	1.657350475613970753e+00	2.128468403274442339e-02	1.133767718396762980e+01	2.746357561243481182e+00	7.055236240992411589e-02	2.568943075932901901e-02	1.042243294949424489e+04	6.294326479904971450e+01	6.401156393480554596e-02	-1.646007792711611517e-01	1.766094472389662939e-01	-3.889901609067236166e+01	6.401156393480382512e-02	-1.646007792711619011e-01	1.766094472389663494e-01	-3.889901609067237587e+01
1.280547409579668213e+12	1.657043312727699558e+00	2.136977098637755576e-02	1.147056185065130762e+01	2.745335873143578187e+00	7.082127221499869008e-02	2.579694270118722613e-02	1.043930296231200919e+04	6.295426807596426499e+01	4.449574167280631381e-04	-1.730784316833179903e-01	1.730790036401286813e-01	-3.926733733287019845e+01	4.449574167286637861e-04	-1.730784316833179903e-01	1.730790036401286813e-01	-3.926733733287019845e+01
1.290322580645161865e+12	1.656922358085526348e+00	2.164928437100737887e-02	1.170930190394636838e+01	2.744923009209924381e+00	7.174236662174734991e-02	2.613638574963057792e-02	1.048109993955685786e+04	6.298145326687836132e+01	-6.282457158928049512e-02	-1.554193653406644171e-01	1.676368274522980484e-01	-3.965405246162166009e+01	-6.282457158928127228e-02	-1.554193653406640840e-01	1.676368274522980206e-01	-3.965405246162166719e+01
1.300097751710655518e+12	1.657168040245473151e+00	2.188655406051780161e-02	1.192731138793720191e+01	2.745726892362378102e+00	7.253939580038977486e-02	2.641901348679951203e-02	1.032954065723146959e+04	6.288235598363686307e+01	-1.164524965184749322e-01	-1.126700582668513362e-01	1.620361872398912162e-01	-4.007181319662529972e+01	-1.164524965184745298e-01	-1.126700582668517941e-01	1.620361872398912439e-01	-4.007181319662529262e+01
1.309872922776149170e+12	1.657488676541767125e+00	2.170617935756079600e-02	1.191795422401950866e+01	2.746797554641876360e+00	7.195549299228333473e-02	2.619613989050051731e-02	1.015425399471576384e+04	6.276591495354342953e+01	-1.522018892239386523e-01	-5.553423111936616613e-02	1.620168692122992138e-01	-4.049084246231961259e+01	-1.522018892239389576e-01	-5.553423111936522244e-02	1.620168692122991860e-01	-4.049084246231961970e+01
1.319648093841642822e+12	1.657177206508526623e+00	2.160443277606336268e-02	1.195061249185394736e+01	2.745769542255828366e+00	7.160474711207587273e-02	2.607820722392015234e-02	9.910295774466570947e+03	6.260046584984765161e+01	-1.616723927847122655e-01	3.340260927892792827e-03	1.617068951275754674e-01	-4.086136223367194020e+01	-1.616723927847123210e-01	3.340260927891774544e-03	1.617068951275754951e-01	-4.086136223367193310e+01
1.329423264907136475e+12	1.656875007991197135e+00	2.160590655576495600e-02	1.203995681554806652e+01	2.744767976907733331e+00	7.159657319448023416e-02	2.608474515763668442e-02	9.292082833491151177e+03	6.216224790520089982e+01	-1.472085043005820770e-01	6.126719926874376471e-02	1.594490935836589962e-01	-4.123509224176023480e+01	-1.472085043005823823e-01	6.126719926874305000e-02	1.594490935836590240e-01	-4.123509224176022769e+01
1.339198435972630127e+12	1.656852186789604664e+00	2.207375199761247436e-02	1.239111117082877911e+01	2.744671918342243000e+00	7.314588853579126471e-02	2.665013914667466524e-02	9.472367474150878479e+03	6.229298331262668142e+01	-1.067745421940376610e-01	1.069439030923180350e-01	1.511218093769573778e-01	-4.162689510857149600e+01	-1.067745421940367867e-01	1.069439030923189232e-01	1.511218093769573778e-01	-4.162689510857150310e+01
1.348973607038123779e+12	1.656955279822176719e+00	2.214608253771148394e-02	1.252245639149624701e+01	2.745010350358820794e+00	7.339013677647750200e-02	2.673583244117244684e-02	9.253321785845189879e+03	6.213380874255508246e+01	-5.530726733517012800e-02	1.378879504985565108e-01	1.485664185230846646e-01	-4.203004396653623331e+01	-5.530726733517007943e-02	1.378879504985565385e-01	1.485664185230846646e-01	-4.203004396653623331e+01
1.358748778103617432e+12	1.656935758789119806e+00	2.187513137051904505e-02	1.245887984565857032e+01	2.744957587381598785e+00	7.249137479204530166e-02	2.640892344759121144e-02	9.235020780363311133e+03	6.212033978164781445e+01	2.263988121996269622e-03	1.499337346864542120e-01	1.499508267374494441e-01	-4.242659960080764847e+01	2.263988121997334308e-03	1.499337346864541287e-01	1.499508267374493609e-01	-4.242659960080765558e+01
1.368523949169111084e+12	1.656728691263476438e+00	2.183160244341679837e-02	1.252354201821477986e+01	2.744273337590343864e+00	7.233808428853284733e-02	2.635964985618034079e-02	9.167250756935691243e+03	6.207022969619367103e+01	5.665474183160133098e-02	1.369395474825190751e-01	1.481964892860910266e-01	-4.280377924970989056e+01	5.665474183160194160e-02	1.369395474825187975e-01	1.481964892860909988e-01	-4.280377924970989056e+01
1.378299120234604736e+12	1.656453130144863284e+00	2.216649942238461957e-02	1.280647936081808602e+01	2.743345618670073094e+00	7.343553470512662051e-02	2.676860480333021625e-02	9.053425326172025962e+03	6.198522607180889565e+01	9.839029287312620053e-02	1.029454286191452822e-01	1.424022858146563875e-01	-4.317427826791269041e+01	9.839029287312663075e-02	1.029454286191449769e-01	1.424022858146564430e-01	-4.317427826791269041e+01
1.388074291300098389e+12	1.656438936625601377e+00	2.244401506859984574e-02	1.305877452607421851e+01	2.743286216956953627e+00	7.435428090768100851e-02	2.710409159936654974e-02	9.099127871973167203e+03	6.201948395868596009e+01	1.258290653318358543e-01	5.496874229685553420e-02	1.373117486305579227e-01	-4.357043030970554298e+01	1.258290653318357155e-01	5.496874229685571461e-02	1.373117486305578949e-01	-4.357043030970554298e+01
1.397849462365592041e+12	1.656595477521042747e+00	2.228432007256383671e-02	1.305716681272239654e+01	2.743811985222075034e+00	7.383220770368129071e-02	2.690862497187669275e-02	8.994320462923215018e+03	6.194066467626758055e+01	1.370423808502185814e-01	4.330934525745808476e-04	1.370430651986265791e-01	-4.397913687233382518e+01	1.370423808502186092e-01	4.330934525735162153e-04	1.370430651986266068e-01	-4.397913687233383939e+01
1.407624633431085693e+12	1.656312705915149008e+00	2.203186179792799085e-02	1.299951705530036072e+01	2.742886376841679574e+00	7.298330526174942601e-02	2.660821311372973952e-02	7.268822444801643542e+03	6.049154391827753585e+01	1.291790633150901590e-01	-4.950258133420534085e-02	1.383392061481982238e-01	-4.434824526883506479e+01	1.291790633150902701e-01	-4.950258133420507023e-02	1.383392061481982238e-01	-4.434824526883505769e+01
1.417399804496579346e+12	1.656387787934941791e+00	2.187422390650918883e-02	1.299613406864026643e+01	2.743142022348497466e+00	7.246439469859275451e-02	2.641656688141633819e-02	4.615290284896814228e+03	5.740129976025770731e+01	9.954401600770959591e-02	-9.642079537272207901e-02	1.385856446507050255e-01	-4.475175900237902482e+01	9.954401600770920733e-02	-9.642079537272239820e-02	1.385856446507049700e-01	-4.475175900237902482e+01
1.427174975562072998e+12	1.656034605819922456e+00	2.220151905357372127e-02	1.328155954149930729e+01	2.741957708224859847e+00	7.353296770897690959e-02	2.681768850351162747e-02	8.710362555134230206e+03	6.172241177085532371e+01	5.608829828385986094e-02	-1.201905579263430474e-01	1.326335833001011100e-01	-4.511647061299233741e+01	5.608829828386043687e-02	-1.201905579263427559e-01	1.326335833001011100e-01	-4.511647061299233030e+01
1.436950146627566650e+12	1.656098184948044949e+00	2.259270994123401335e-02	1.360815316407006748e+01	2.742150767645720411e+00	7.483149185347059973e-02	2.728934263440129654e-02	9.230852663386429413e+03	6.211726844776900691e+01	4.779415828643071226e-03	-1.263527844034939562e-01	1.264431450976244431e-01	-4.551528553844786273e+01	4.779415828642015647e-03	-1.263527844034940395e-01	1.264431450976244709e-01	-4.551528553844786984e+01
1.446725317693060303e+12	1.656186812175538092e+00	2.252834848445794264e-02	1.366169540477751632e+01	2.742447230338733721e+00	7.462230732010803613e-02	2.721011602140875271e-02	8.982761028470016754e+03	6.193191535349657784e+01	-4.498296450892172449e-02	-1.173021152808087081e-01	1.256314186235395758e-01	-4.591927748612919657e+01	-4.498296450892260573e-02	-1.173021152808083750e-01	1.256314186235395758e-01	-4.591927748612920368e+01
1.456500488758553955e+12	1.656067275323397814e+00	2.236924103800758123e-02	1.365686590161774561e+01	2.742058437452445929e+00	7.408993611373110300e-02	2.701982390374056686e-02	8.819177701644979606e+03	6.180687766471773159e+01	-8.572082941435048287e-02	-9.171081511517513440e-02	1.255345936567845433e-01	-4.630474505774773775e+01	-8.572082941435124614e-02	-9.171081511517441276e-02	1.255345936567845433e-01	-4.630474505774775196e+01
1.466275659824047607e+12	1.655740080782039714e+00	2.259746056940726763e-02	1.388879039388318581e+01	2.740964569883929336e+00	7.483104237731869057e-02	2.730098856421465242e-02	8.474794948773680517e+03	6.153588282560116340e+01	-1.089359319343969484e-01	-5.332857784478958751e-02	1.212888060843347188e-01	-4.666864455069507756e+01	-1.089359319343973787e-01	-5.332857784478871321e-02	1.212888060843347188e-01	-4.666864455069508466e+01
1.476050830889541260e+12	1.655652243949471192e+00	2.283340074719477156e-02	1.412736199965911155e+01	2.740662988705237169e+00	7.560834236818110565e-02	2.758761025334987085e-02	8.299870370489792549e+03	6.139398697587813558e+01	-1.170128346497463084e-01	-7.973380090548961088e-03	1.172841773763078077e-01	-4.705585390249152056e+01	-1.170128346497462668e-01	-7.973380090549106805e-03	1.172841773763077661e-01	-4.705585390249151345e+01
1.485826001955034912e+12	1.655758281096818330e+00	2.272804058059697124e-02	1.415530109062193276e+01	2.741018921592057289e+00	7.526428280885594235e-02	2.745850538132747765e-02	7.890003410070955397e+03	6.104943937164654955e+01	-1.100980592350783577e-01	3.867524671884609716e-02	1.166934332175312977e-01	-4.746170448342273573e+01	-1.100980592350782189e-01	3.867524671884634002e-02	1.166934332175312561e-01	-4.746170448342274284e+01
1.495601173020528564e+12	1.655704858474378316e+00	2.259617507930401781e-02	1.416576031560414961e+01	2.740847991247446380e+00	7.482519372348266085e-02	2.730001589377722276e-02	7.867703719338543124e+03	6.103018350434685857e+01	-8.701799319597790239e-02	7.733722885066707242e-02	1.164181176026983788e-01	-4.785045447205811797e+01	-8.701799319597706972e-02	7.733722885066793284e-02	1.164181176026983233e-01	-4.785045447205813218e+01
1.505376344086022217e+12	1.655283694777860193e+00	2.264695394238452550e-02	1.429038880763911834e+01	2.739451225674575774e+00	7.497426719442856768e-02	2.736835264368196394e-02	7.592895990145308133e+03	6.078830051362739795e+01	-5.373110169669787634e-02	1.010733953638850852e-01	1.144677358032608200e-01	-4.820607551741822050e+01	-5.373110169669877145e-02	1.010733953638846550e-01	1.144677358032608477e-01	-4.820607551741821339e+01
1.515151515151515869e+12	1.655192797102054358e+00	2.299122397493025965e-02	1.460183100497992825e+01	2.739134599198656872e+00	7.610981663972925249e-02	2.778608129078265904e-02	7.619422084862985685e+03	6.081202710428311065e+01	-1.103901234704762584e-02	1.087455012301719870e-01	1.093043632770421825e-01	-4.859352031842595210e+01	-1.103901234704652602e-02	1.087455012301721258e-01	1.093043632770422102e-01	-4.859352031842595920e+01
1.524926686217009521e+12	1.655441815254306892e+00	2.315946739127038023e-02	1.480357789465343288e+01	2.739951242762627359e+00	7.667830147705513577e-02	2.798527954816533089e-02	7.447161135590183221e+03	6.065644918276002784e+01	3.293809047354574748e-02	1.007441878889624165e-01	1.059920242162118859e-01	-4.901067873721003565e+01	3.293809047354662872e-02	1.007441878889620834e-01	1.059920242162118442e-01	-4.901067873721004275e+01
1.534701857282503174e+12	1.655484445281994343e+00	2.293084959036971807e-02	1.475140291926992653e+01	2.740102924707696452e+00	7.592332962791611961e-02	2.770820356538808774e-02	7.391119913674901909e+03	6.060505865861259878e+01	7.003653225123043780e-02	8.078792071374740758e-02	1.069196145851095958e-01	-4.940892054851548920e+01	7.003653225123135373e-02	8.078792071374657491e-02	1.069196145851095681e-01	-4.940892054851550341e+01
1.544477028347996826e+12	1.655118475920356103e+00	2.275801712664178578e-02	1.473346969870851453e+01	2.738899241989385835e+00	7.533442924323342782e-02	2.750536715199301818e-02	7.052749112543638148e+03	6.028623849262955048e+01	9.432447017262732269e-02	5.096261927004659686e-02	1.072114463861512657e-01	-4.977012427265613326e+01	9.432447017262787781e-02	5.096261927004540337e-02	1.072114463861511963e-01	-4.977012427265614747e+01
1.554252199413490479e+12	1.654699155800783084e+00	2.292317843855038936e-02	1.493432116797968945e+01	2.737503824098098448e+00	7.586192802108009114e-02	2.771208111319211145e-02	7.109049799825612354e+03	6.034033317063024526e+01	1.029373308691345912e-01	1.464595702127480248e-02	1.039740262927752318e-01	-5.012415072868162724e+01	1.029373308691346051e-01	1.464595702127531596e-02	1.039740262927753428e-01	-5.012415072868162014e+01
1.564027370478984131e+12	1.654791697546338591e+00	2.348744301816940716e-02	1.539817494522124441e+01	2.737783902288761340e+00	7.773365140611890323e-02	2.839290980604214712e-02	6.891173545395468864e+03	6.012856193078093980e+01	9.389453730863042691e-02	-2.507277311286605637e-02	9.718450539037100377e-02	-5.052642517153041268e+01	9.389453730863031589e-02	-2.507277311286639637e-02	9.718450539037098990e-02	-5.052642517153041979e+01
1.573802541544477783e+12	1.655108045278577800e+00	2.351190359957669104e-02	1.551054992109615860e+01	2.738829831934998627e+00	7.782948161494747386e-02	2.841705633093696490e-02	6.730880843709198416e+03	5.996844097860746814e+01	7.393681402785194645e-02	-6.063962286602982837e-02	9.562330432443490180e-02	-5.095239258044862396e+01	7.393681402785190482e-02	-6.063962286602980062e-02	9.562330432443486017e-02	-5.095239258044862396e+01
1.583577712609971436e+12	1.655040008480491487e+00	2.316047479879979054e-02	1.537361497892964657e+01	2.738621022078199463e+00	7.666302481483562581e-02	2.799329450726993282e-02	6.388762861710562902e+03	5.961353827439216246e+01	4.637614785267274442e-02	-8.572189936821303369e-02	9.746276787033601730e-02	-5.134036619370687760e+01	4.637614785267371587e-02	-8.572189936821250633e-02	9.746276787033603117e-02	-5.134036619370686338e+01
1.593352883675465088e+12	1.654366475352181398e+00	2.300439139263885102e-02	1.536426820503678137e+01	2.736399232745854171e+00	7.611538781172398627e-02	2.781589283495946793e-02	5.985098681789050715e+03	5.916949420717386232e+01	1.636765610707246327e-02	-9.625250526229484072e-02	9.763424059062211779e-02	-5.166784086404923215e+01	1.636765610707329247e-02	-9.625250526229474357e-02	9.763424059062214555e-02	-5.166784086404922505e+01
1.603128054740958740e+12	1.653829538985089886e+00	2.341975629536906592e-02	1.573764508720081601e+01	2.734603659034700485e+00	7.746456951422675541e-02	2.832753085014568656e-02	4.047940752659426380e+03	5.650891978541658034e+01	-1.593677669514649564e-02	-9.110665831858134889e-02	9.249002130721829806e-02	-5.200945108717154852e+01	-1.593677669514710626e-02	-9.110665831858125174e-02	9.249002130721829806e-02	-5.200945108717155563e+01
1.612903225806452393e+12	1.654118557879061591e+00	2.382937778720897390e-02	1.611054284242836587e+01	2.735540364274180902e+00	7.883323204106690296e-02	2.881815712559725878e-02	5.288916857123973386e+03	5.832818825717580324e+01	-4.910586073748186842e-02	-7.239421306997979866e-02	8.747746935520367417e-02	-5.243230024346443230e+01	-4.910586073748259006e-02	-7.239421306997931294e-02	8.747746935520367417e-02	-5.243230024346444651e+01
1.622678396871946045e+12	1.654868741166235058e+00	2.367243062565638212e-02	1.610143072686262045e+01	2.738030166517392949e+00	7.834953093965001114e-02	2.861529134987794015e-02	5.515085771163927348e+03	5.861307265304803593e+01	-7.657558532692304576e-02	-4.249985035637679487e-02	8.757886473616390000e-02	-5.290039723657699966e+01	-7.657558532692280984e-02	-4.249985035637720426e-02	8.757886473616390000e-02	-5.290039723657699966e+01
1.632453567937439697e+12	1.654628577368036257e+00	2.319355393119775302e-02	1.587074445655419730e+01	2.737257788099012323e+00	7.675343429057313038e-02	2.804026519689887392e-02	5.685200090793899108e+03	5.881975440919193687e+01	-8.982919642615891376e-02	-1.229070063279420234e-02	9.066612296009138316e-02	-5.327109644175947523e+01	-8.982919642615878886e-02	-1.229070063279512695e-02	9.066612296009138316e-02	-5.327109644175946102e+01
1.642228739002933350e+12	1.653801300684443865e+00	2.346258919379647090e-02	1.615097503096350806e+01	2.734508249053881457e+00	7.760492105225076653e-02	2.837984528995349254e-02	5.595666175817274961e+03	5.871175752583422991e+01	-8.563179017163760620e-02	1.514759859372871199e-02	8.696121682196093772e-02	-5.358215619119761897e+01	-8.563179017163762008e-02	1.514759859372862873e-02	8.696121682196095160e-02	-5.358215619119761897e+01
1.652003910068427002e+12	1.653813874606582690e+00	2.428554616361072033e-02	1.681698384061083829e+01	2.734510544088772921e+00	8.032754639555615694e-02	2.937547509889887332e-02	5.154910757816549449e+03	5.815358767581348332e+01	-6.639295767303182716e-02	4.248897561666836742e-02	7.882472884524775736e-02	-5.397636140390833503e+01	-6.639295767303143858e-02	4.248897561666901967e-02	7.882472884524778511e-02	-5.397636140390834214e+01
1.661779081133920654e+12	1.655085616657804737e+00	2.331377006113995523e-02	1.623958615316965748e+01	2.738764866593082381e+00	7.717257099652018171e-02	2.817787387951995945e-02	2.026019082789684489e+03	5.180003472267770093e+01	-3.944043623864183085e-02	7.625532515142205425e-02	8.585116554039015635e-02	-5.450054647147577924e+01	-3.944043623864145615e-02	7.625532515142229018e-02	8.585116554039018411e-02	-5.450054647147578635e+01
1.671554252199414307e+12	1.655661205860650353e+00	2.132826929101298494e-02	1.494394475169282543e+01	2.740759133520993096e+00	7.062477610655847060e-02	2.576832646210262465e-02	6.742373604899307793e+02	4.431460499925234586e+01	-2.320212273229505309e-03	1.037560803596289938e-01	1.037820196208699419e-01	-5.495551298299916709e+01	-2.320212273229912102e-03	1.037560803596289938e-01	1.037820196208699558e-01	-5.495551298299916709e+01
1.681329423264907959e+12	1.655168540407748079e+00	2.426202516254887670e-02	1.709893349250412342e+01	2.738994251290526982e+00	8.031548155126416733e-02	2.932298288447376944e-02	2.592637526884477666e+03	5.347777655322155965e+01	2.378955521751541582e-02	7.175359173134872315e-02	7.559444995365922904e-02	-5.529801176333669588e+01	2.378955521751553379e-02	7.175359173134868152e-02	7.559444995365922904e-02	-5.529801176333669588e+01
1.691104594330401611e+12	1.653670220335876628e+00	2.345269491818077409e-02	1.662464516899781231e+01	2.734075168726781691e+00	7.756604634563618594e-02	2.837012209205555524e-02	4.923136282650201792e+03	5.784060320591151338e+01	4.298912210316884613e-02	6.878376304659412910e-02	8.111270355530733611e-02	-5.553646312341099645e+01	4.298912210316938737e-02	6.878376304659379603e-02	8.111270355530733611e-02	-5.553646312341100355e+01
1.700879765395895264e+12	1.653152576401774043e+00	2.450631950102629547e-02	1.747192943395799247e+01	2.732312881168336816e+00	8.102537044249331910e-02	2.965449930750495636e-02	5.034752942573376458e+03	5.799312675401930761e+01	5.602665167959950537e-02	4.460020956412043963e-02	7.161120297544673607e-02	-5.587633789010516949e+01	5.602665167959949843e-02	4.460020956412049514e-02	7.161120297544676383e-02	-5.587633789010516949e+01
1.710654936461388916e+12	1.654398376843558838e+00	2.455140467909014412e-02	1.760467130743628061e+01	2.736431217830885831e+00	8.123560810063218396e-02	2.968669834318949860e-02	3.944905930873096167e+03	5.633350605737388861e+01	6.940619012816014177e-02	1.034523112598196605e-02	7.017295087963952571e-02	-5.640070368016250768e+01	6.940619012816005851e-02	1.034523112598232687e-02	7.017295087963948408e-02	-5.640070368016250058e+01
1.720430107526882568e+12	1.645435096392870111e+00	1.683629262042867641e-02	1.214150884357756333e+01	2.707173195692213152e+00	5.540605354158725099e-02	2.046638672019658253e-02	2.004035937721125435e+02	3.606036875901955341e+01	1.195309214949223098e-01	1.012716109117717395e-01	1.566639089582873845e-01	-5.584577707183038342e+01	1.195309214949221294e-01	1.012716109117719337e-01	1.566639089582873845e-01	-5.584577707183038342e+01
1.730205278592376221e+12	1.654405766039227288e+00	2.401225961654586752e-02	1.741485344402226332e+01	2.736481850091950108e+00	7.945204153048873730e-02	2.903437548026091206e-02	3.556344212599250113e+03	5.562804632882966160e+01	5.783793427936610027e-02	-4.319190662609083409e-02	7.218564566242530178e-02	-5.719010149045988101e+01	5.783793427936598230e-02	-4.319190662609100756e-02	7.218564566242531566e-02	-5.719010149045988101e+01
1.739980449657869873e+12	1.652939770466413494e+00	2.344683605253345196e-02	1.710085310376748424e+01	2.731660130668684960e+00	7.751241560567655176e-02	2.837557086089704389e-02	4.745971852846055299e+03	5.759126105566703302e+01	4.824084541667841147e-02	-5.816723919882195448e-02	7.556855749932528399e-02	-5.742708281768469192e+01	4.824084541667809922e-02	-5.816723919882221122e-02	7.556855749932527011e-02	-5.742708281768469192e+01
1.749755620723363525e+12	1.652506751055098588e+00	2.447179188601797742e-02	1.794867232308143912e+01	2.730179693684565034e+00	8.087960260412017932e-02	2.962427813495587328e-02	5.094328855323076823e+03	5.807315855931847182e+01	2.265990178992338330e-02	-6.276625265189213210e-02	6.673135410802127909e-02	-5.777300541761943720e+01	2.265990178992351514e-02	-6.276625265189209046e-02	6.673135410802127909e-02	-5.777300541761943009e+01
1.759530791788857178e+12	1.653366515878498477e+00	2.509473118232345007e-02	1.850838736387856898e+01	2.732991090295092018e+00	8.298157652365127646e-02	3.036291512925913885e-02	4.923558021039407322e+03	5.784118599264765948e+01	-8.576647599239428654e-03	-6.086456908742396421e-02	6.146588203417684138e-02	-5.825945599105897088e+01	-8.576647599239064362e-03	-6.086456908742401278e-02	6.146588203417684831e-02	-5.825945599105896378e+01
1.769305962854350830e+12	1.653917112502733433e+00	2.472676116569814259e-02	1.833831111037949668e+01	2.734830402311633879e+00	8.179202685743239276e-02	2.990753166569200261e-02	4.151907080171725283e+03	5.668145079471068470e+01	-3.523175081918795276e-02	-5.220901630536245452e-02	6.298458263225178988e-02	-5.871309091127583457e+01	-3.523175081918823032e-02	-5.220901630536226717e-02	6.298458263225178988e-02	-5.871309091127583457e+01
1.779081133919844482e+12	1.652834530410256741e+00	2.387304757510148520e-02	1.780298307189593388e+01	2.731292062515970898e+00	7.891639475650916169e-02	2.889342953818499135e-02	4.838348902822798664e+03	5.772241253005555706e+01	-5.202540345146224043e-02	-4.402402504753904350e-02	6.815245693057415954e-02	-5.898797514979615642e+01	-5.202540345146279555e-02	-4.402402504753843288e-02	6.815245693057417342e-02	-5.898797514979617063e+01
1.788856304985338135e+12	1.651769455674232834e+00	2.444203470149390253e-02	1.832744705035350918e+01	2.727744921638002307e+00	8.074521270891459046e-02	2.960145285887924582e-02	4.605052347160115460e+03	5.738619121737781370e+01	-5.747421241518509832e-02	-2.610807805999406164e-02	6.312619767364861800e-02	-5.926387179994729593e+01	-5.747421241518483465e-02	-2.610807805999463410e-02	6.312619767364861800e-02	-5.926387179994728882e+01
1.798631476050831787e+12	1.651972096515315958e+00	2.598575777857567437e-02	1.959145704606859795e+01	2.728336548057881394e+00	8.585549351402567420e-02	3.146807294545110600e-02	2.637094623798539033e+03	5.359344877935647133e+01	-5.239960466953078738e-02	-5.978463511255116634e-04	5.240301508293837562e-02	-5.967885154564610417e+01	-5.239960466953082902e-02	-5.978463511258800753e-04	5.240301508293841726e-02	-5.967885154564609707e+01
1.808406647116325439e+12	1.652655677359323727e+00	2.518778957070396188e-02	1.909305010040935713e+01	2.730636363164546943e+00	8.325348686831172962e-02	3.048867582347320956e-02	4.246141796645908471e+03	5.683413979013633366e+01	-5.057898764473173908e-02	2.488477714814937500e-02	5.636919482198573389e-02	-6.014748622027355651e+01	-5.057898764473191949e-02	2.488477714814894826e-02	5.636919482198570613e-02	-6.014748622027354941e+01
1.818181818181819092e+12	1.652911596218233026e+00	2.433147677775524681e-02	1.854363799323320450e+01	2.731524724150520722e+00	8.043556023813258626e-02	2.944712875082882916e-02	4.352109600140225666e+03	5.700184353556091565e+01	-3.898577470952090118e-02	4.707928645670379081e-02	6.112568889569992142e-02	-6.056942229162449820e+01	-3.898577470952058893e-02	4.707928645670398510e-02	6.112568889569987285e-02	-6.056942229162450531e+01
1.827956989247312744e+12	1.652051144331756483e+00	2.417048379622127596e-02	1.851997846068948306e+01	2.728688771200922680e+00	7.986175082919907964e-02	2.926744584141456954e-02	4.350359479919724436e+03	5.699910711793936002e+01	-2.359905801082767818e-02	5.660823638563697302e-02	6.133031848678566905e-02	-6.086608060675519027e+01	-2.359905801082700164e-02	5.660823638563724364e-02	6.133031848678566211e-02	-6.086608060675520449e+01
1.837732160312806396e+12	1.651544045323539267e+00	2.492864309315408200e-02	1.920304132119231610e+01	2.726976296397174870e+00	8.234150411698880345e-02	3.019516679546379104e-02	4.170963175809043605e+03	5.671260513340757115e+01	-3.330505138204057670e-03	5.536013466435298069e-02	5.546022696068688557e-02	-6.120096845554073894e+01	-3.330505138203713328e-03	5.536013466435301539e-02	5.546022696068689251e-02	-6.120096845554074605e+01
1.847507331378300049e+12	1.652165891022239208e+00	2.557887570375631803e-02	1.980873687145352946e+01	2.728997852575041350e+00	8.452109193688732425e-02	3.097147616189382252e-02	4.039670658830753382e+03	5.649500593625781164e+01	1.989584512736149516e-02	4.667947885647646261e-02	5.074266843243650099e-02	-6.166396242232230662e+01	1.989584512736167210e-02	4.667947885647641404e-02	5.074266843243651487e-02	-6.166396242232230662e+01
1.857282502443793701e+12	1.652405779872999858e+00	2.490752665944338459e-02	1.939088952899592400e+01	2.729824476473406314e+00	8.231468202881016272e-02	3.015383689985463508e-02	3.737844568295370664e+03	5.596669323832741583e+01	3.957334996268922767e-02	3.666484372075264064e-02	5.394775984539756236e-02	-6.208458666728066078e+01	3.957334996268901950e-02	3.666484372075288350e-02	5.394775984539757624e-02	-6.208458666728065367e+01
1.867057673509287354e+12	1.651142617979574068e+00	2.405471108389414109e-02	1.882552253688389143e+01	2.725693315783112247e+00	7.943551726760650356e-02	2.914323368943804934e-02	2.550345532161935353e+03	5.336588176876141176e+01	5.144850676220578956e-02	2.808252066868740029e-02	5.861379372782476310e-02	-6.233221130884554384e+01	5.144850676220578956e-02	2.808252066868742458e-02	5.861379372782477698e-02	-6.233221130884554384e+01
1.876832844574780762e+12	1.651445900845267545e+00	2.387952463569480849e-02	1.878626452430959404e+01	2.726703331721810564e+00	7.887148614750354170e-02	2.892558395698265061e-02	2.267262575544364609e+03	5.256542143020809732e+01	5.880611776926476103e-02	4.279495737553359012e-03	5.896162795293541370e-02	-6.275920816318046036e+01	5.880611776926473327e-02	4.279495737553385901e-03	5.896162795293538594e-02	-6.275920816318046036e+01
1.886608015640274414e+12	1.650977249429264715e+00	2.533385042531305018e-02	2.003420154456862079e+01	2.725084074155648572e+00	8.365122138527149309e-02	3.069674883744287139e-02	3.346519376742926852e+03	5.521431501633304606e+01	4.736674309001104310e-02	-1.286870666332688706e-02	4.908372400441782246e-02	-6.309713225353976895e+01	4.736674309001084188e-02	-1.286870666332752544e-02	4.908372400441779471e-02	-6.309713225353978316e+01
1.896383186705768066e+12	1.651713120415437164e+00	2.567663207573340697e-02	2.041048456340896777e+01	2.727496942717747785e+00	8.482086017513745801e-02	3.109842539021135527e-02	3.490073379821796607e+03	5.550007171284374863e+01	3.418000534520899275e-02	-3.141202504479161800e-02	4.642184919639814888e-02	-6.357507631041353591e+01	3.418000534520929112e-02	-3.141202504479129881e-02	4.642184919639814888e-02	-6.357507631041352880e+01
1.906158357771261719e+12	1.652109075876893263e+00	2.481999324772463447e-02	1.983123668066084022e+01	2.728848366529985192e+00	8.201067221553814957e-02	3.005321703522254029e-02	3.512380226476588632e+03	5.554341744965039140e+01	1.915419306598194898e-02	-4.677774259754330366e-02	5.054740660539300268e-02	-6.401400395158867695e+01	1.915419306598144938e-02	-4.677774259754350489e-02	5.054740660539300268e-02	-6.401400395158869117e+01
1.915933528836755371e+12	1.650921350051502978e+00	2.435482971931459198e-02	1.955936252400870146e+01	2.724948146325220311e+00	8.041581672097063149e-02	2.951095301736911258e-02	3.091384089139295156e+03	5.467479127047659659e+01	7.125581519639624488e-03	-5.213748239881921959e-02	5.262215296697973083e-02	-6.426682183368252765e+01	7.125581519639153510e-03	-5.213748239881926122e-02	5.262215296697971001e-02	-6.426682183368254186e+01
1.925708699902249023e+12	1.649736746120420205e+00	2.396902076042782201e-02	1.934773120202236640e+01	2.721056817543777928e+00	7.908514863400198380e-02	2.906412983518291346e-02	1.472684536781747738e+03	4.962984134276594261e+01	-6.273431936262274626e-03	-5.391421732338289030e-02	5.427797691377115458e-02	-6.451848798318734168e+01	-6.273431936262171410e-03	-5.391421732338289030e-02	5.427797691377114764e-02	-6.451848798318734168e+01
1.935483870967742676e+12	1.650235752609490181e+00	2.558784629274475295e-02	2.075928784843118891e+01	2.722623301312709465e+00	8.445195756912718399e-02	3.101859795602600681e-02	3.430463746251813518e+03	5.538286719059598795e+01	-2.365400212952116846e-02	-3.722075997844246503e-02	4.410098400394504153e-02	-6.496876767266019215e+01	-2.365400212952136275e-02	-3.722075997844238177e-02	4.410098400394507623e-02	-6.496876767266019215e+01
1.945259042033236328e+12	1.651147545152453544e+00	2.583148356002264515e-02	2.106279268729450038e+01	2.725620950320061908e+00	8.530318133555470084e-02	3.129678810457403593e-02	3.662218781104553273e+03	5.582763184720325000e+01	-3.693628503678342972e-02	-2.035784514262205941e-02	4.217500457817986020e-02	-6.546971147770427990e+01	-3.693628503678328401e-02	-2.035784514262228839e-02	4.217500457817984633e-02	-6.546971147770426569e+01
1.955034213098729980e+12	1.651275594824657578e+00	2.479910542628034273e-02	2.032261257342115712e+01	2.726096094433582806e+00	8.190031512780093781e-02	3.004307709292905817e-02	3.699799259657315361e+03	5.589709047191097113e+01	-4.679362341518184670e-02	-4.499285600986821509e-03	4.700943270494872123e-02	-6.587758872254633502e+01	-4.679362341518191609e-02	-4.499285600986328848e-03	4.700943270494873510e-02	-6.587758872254634923e+01
1.964809384164223633e+12	1.650367659279696753e+00	2.457540164082119838e-02	2.023998606347417706e+01	2.723109460430537698e+00	8.111689616364099742e-02	2.978833474832700765e-02	3.633365698947818146e+03	5.577381833164430702e+01	-4.676115753638128425e-02	8.813666229488988091e-03	4.758452024079997539e-02	-6.615974276951548916e+01	-4.676115753638126343e-02	8.813666229489191054e-03	4.758452024079999620e-02	-6.615974276951548916e+01
1.974584555229717285e+12	1.649755379269541411e+00	2.532587333773997362e-02	2.096183640942169291e+01	2.721051411568469192e+00	8.356299154727114820e-02	3.070981723902958122e-02	3.618966614584311628e+03	5.574680272464751596e+01	-3.749427400373497865e-02	2.064858995491791055e-02	4.280402843417303177e-02	-6.647683629974569897e+01	-3.749427400373535335e-02	2.064858995491726870e-02	4.280402843417305259e-02	-6.647683629974568476e+01
1.984359726295210938e+12	1.650238883844095339e+00	2.620102810744393343e-02	2.179354594093353725e+01	2.722601879877118325e+00	8.647591075919208725e-02	3.176223134140165882e-02	3.540295985674082658e+03	5.559727601051051948e+01	-2.190966134700956733e-02	3.088792772882754598e-02	3.786947767954977617e-02	-6.692728331042013679e+01	-2.190966134700993509e-02	3.088792772882729964e-02	3.786947767954979005e-02	-6.692728331042012258e+01
1.994134897360704590e+12	1.650948594137880976e+00	2.531591803344808780e-02	2.116105790900089190e+01	2.724990364779969365e+00	8.359055857326189165e-02	3.067554280325371016e-02	3.502392351401932046e+03	5.552404356192776902e+01	-5.721146386362956256e-03	4.115030689650043400e-02	4.154611021082917771e-02	-6.740609713243394197e+01	-5.721146386362987481e-03	4.115030689650042706e-02	4.154611021082918465e-02	-6.740609713243394197e+01
2.003910068426198242e+12	1.650270905768420393e+00	2.459271933919520217e-02	2.065731832390608602e+01	2.722789260581226056e+00	8.116929843840442471e-02	2.981108366097985976e-02	3.509462333558105001e+03	5.553776319627156965e+01	7.583789624623741253e-03	4.410094670609150669e-02	4.474826661943537287e-02	-6.771454074017159996e+01	7.583789624623018741e-03	4.410094670609165934e-02	4.474826661943540063e-02	-6.771454074017158575e+01
