freq_roi_Hz	n_opt	k_opt	alpha_cm	eps_r	eps_i	loss_tan	DR	alpha_max	H_meas_real	H_meas_imag	H_meas_mag	H_meas_phase	H_model_real	H_model_imag	H_model_mag	H_model_phase
3.030303030303031616e+11	1.669547849037944287e+00	7.697583146479047671e-03	9.777540193095322074e-01	2.787330767440929336e+00	2.570296676998964913e-02	9.221355093635962355e-03	1.279853650365473368e+04	6.456009903893856006e+01	8.339899548961593467e-01	1.178060638498965307e-01	8.422692642780595929e-01	1.403275591351046125e-01	8.339899541426286644e-01	1.178060637315428150e-01	8.422692635153821161e-01	1.403275591210997042e-01
3.128054740957968140e+11	1.670442966179433109e+00	7.895340442803882794e-03	1.035224083748304880e+00	2.790317366857634873e+00	2.637743181654751343e-02	9.453201320340462108e-03	1.556644782113134170e+04	6.589666584490122148e+01	7.615336508975104612e-01	-2.826423375917332392e-01	8.122931690274212135e-01	-3.553900507844836021e-01	7.615336508975103502e-01	-2.826423375917346825e-01	8.122931690274216576e-01	-3.553900507844853229e-01
3.225806451612904663e+11	1.670756369685372666e+00	7.238392543966398578e-03	9.787450954970421391e-01	2.791374452517625393e+00	2.418718089822993744e-02	8.664971794240928712e-03	1.408947927574106143e+04	6.521612210943541754e+01	5.893871637867598157e-01	-5.046650954372737807e-01	7.759278880084884422e-01	-7.081136263681724330e-01	5.893871637868248747e-01	-5.046650954373267384e-01	7.759278880085724861e-01	-7.081136263681697685e-01
3.323558162267841187e+11	1.670144886235356951e+00	7.309105048082722468e-03	1.018255227014989162e+00	2.789330518001509773e+00	2.441452883802478283e-02	8.752827490489447151e-03	1.528311087841508925e+04	6.577126418075489767e+01	3.983067804693261604e-01	-7.276107371813784752e-01	8.294972430511562411e-01	-1.069938077598101556e+00	3.983067794552625496e-01	-7.276107364101001007e-01	8.294972418876818132e-01	-1.069938078223969358e+00
3.421309872922777710e+11	1.669139356227988813e+00	7.817608581911853968e-03	1.121128760603782748e+00	2.785965075505245192e+00	2.609735631130950459e-02	9.367438429419885568e-03	1.697695422426422374e+04	6.648880137535360291e+01	3.397973727626049656e-02	-8.126066476625229962e-01	8.133167810703819667e-01	-1.529004947189502195e+00	3.397973727625654833e-02	-8.126066476625217749e-01	8.133167810703805234e-01	-1.529004947189507080e+00
3.519061583577714233e+11	1.669652618531711319e+00	8.468985659767029259e-03	1.249244441243606785e+00	2.787668142851694952e+00	2.828052816627506585e-02	1.014486901491258412e-02	1.551383450296923183e+04	6.587355328805932686e+01	-2.456173551377727471e-01	-7.063162168049861300e-01	7.478037732363904677e-01	-1.905460097072110504e+00	-2.456173551377777431e-01	-7.063162168049991196e-01	7.478037732364044565e-01	-1.905460097072111170e+00
3.616813294232650757e+11	1.670199127523036564e+00	8.399396601757948971e-03	1.273395584637564637e+00	2.789494575715438796e+00	2.805732975195216958e-02	1.005821269423194143e-02	1.657058486472296863e+04	6.632340790115968332e+01	-5.111045856995307668e-01	-6.013845044071375323e-01	7.892345783505100298e-01	-2.275220646478088415e+00	-5.111045857139734361e-01	-6.013845040115461948e-01	7.892345780584285597e-01	-2.275220646816629166e+00
3.714565004887587280e+11	1.669275993240848299e+00	8.294912441906353295e-03	1.291543178999005281e+00	2.786413536037801730e+00	2.769299641061819667e-02	9.938580922197508272e-03	1.809716804992860853e+04	6.692501446347854710e+01	-7.323172832466788851e-01	-3.214465625805143500e-01	7.997602740425564516e-01	-2.727970515497338155e+00	-7.323172832466459115e-01	-3.214465625804991400e-01	7.997602740425200363e-01	-2.727970515497339044e+00
3.812316715542523804e+11	1.669235237545428019e+00	8.655960884806862196e-03	1.383226879168341972e+00	2.786271352604502205e+00	2.889766984746903328e-02	1.037144850247861613e-02	1.694992026120763694e+04	6.647792202917703719e+01	-7.360040448980021965e-01	-2.134894254418833598e-02	7.363136094450348779e-01	-3.112594228667405094e+00	-7.360040448980045280e-01	-2.134894254418595247e-02	7.363136094450372093e-01	-3.112594228667408647e+00
3.910068426197460327e+11	1.669465407637906962e+00	9.060658608562560667e-03	1.485023361904946437e+00	2.787032651765182223e+00	3.025291223482361180e-02	1.085488259911944996e-02	1.891221067573757318e+04	6.722574365931880891e+01	-7.162188078666347213e-01	2.397281996805918358e-01	7.552741161088476485e-01	-3.464584963448205546e+00	-7.162188078423424864e-01	2.397281997127593822e-01	7.552741160960216860e-01	-3.464584963498801518e+00
4.007820136852396851e+11	1.669415771624271461e+00	9.115760792202455207e-03	1.531405859204757691e+00	2.786865921453041128e+00	3.043598967371388339e-02	1.092122496436602648e-02	1.848886689685875535e+04	6.707119527978656492e+01	-5.491032402764282061e-01	5.476887744596198315e-01	7.755497161053913624e-01	-3.925701178647756695e+00	-5.491032402761942821e-01	5.476887744592937590e-01	7.755497161049955679e-01	-3.925701178647671430e+00
4.105571847507333374e+11	1.669540834274688690e+00	9.103270545399801822e-03	1.566607739500162966e+00	2.787283727776000752e+00	3.039656380198997240e-02	1.090544299422422682e-02	1.931576505809455193e+04	6.736988008224128066e+01	-2.670288090968784278e-01	6.701118742192705424e-01	7.213558822504746448e-01	-4.333190248291854729e+00	-2.670288090968753192e-01	6.701118742192710975e-01	7.213558822504739787e-01	-4.333190248291858282e+00
4.203323558162269897e+11	1.669161052385366384e+00	9.063935647671569548e-03	1.596977496535489704e+00	2.786016463870798709e+00	3.025833672884142844e-02	1.086078891536825311e-02	1.982128061659120067e+04	6.754624308384693165e+01	-3.495943618375418893e-02	7.338893977299609794e-01	7.347215869148876477e-01	-4.664789125103215639e+00	-3.495943618196056119e-02	7.338893977318823314e-01	7.347215869167215141e-01	-4.664789125105777146e+00
4.301075268817206421e+11	1.668722075417654604e+00	9.661772087281684379e-03	1.741899090955788321e+00	2.784540015146338199e+00	3.224562473940211643e-02	1.158023392158273081e-02	1.960626097196259070e+04	6.747178367446763048e+01	2.850535053912729988e-01	6.975164899483484726e-01	7.535149332864725658e-01	-5.100346392829337994e+00	2.850535053898515248e-01	6.975164899451790079e-01	7.535149332830007873e-01	-5.100346392829181674e+00
4.398826979472142944e+11	1.669007506694427656e+00	1.024091278742277761e-02	1.888272676166688369e+00	2.785481181107630100e+00	3.418432063522314213e-02	1.227232151740115067e-02	2.050386443676075578e+04	6.777737417804668496e+01	5.069732635298795920e-01	4.754810076831377241e-01	6.950568887519271710e-01	-5.529830850335178738e+00	5.069732635298811463e-01	4.754810076831349486e-01	6.950568887519263939e-01	-5.529830850335182291e+00
4.496578690127079468e+11	1.669306588728251883e+00	1.015549835285438525e-02	1.914135152962552100e+00	2.786481353024758523e+00	3.390528062447747265e-02	1.216777588971585528e-02	2.018435537627851227e+04	6.767015801615846726e+01	6.402240390224223088e-01	2.728293637359210932e-01	6.959329578764980040e-01	-5.880343792616627319e+00	6.402240390238136403e-01	2.728293637367507074e-01	6.959329578781032755e-01	-5.880343792616313792e+00
4.594330400782015991e+11	1.668923348939705509e+00	1.006074806385027186e-02	1.937499767539275108e+00	2.785203925984517603e+00	3.358123470311930731e-02	1.205701111858406040e-02	2.138914650504156089e+04	6.806593780723470388e+01	7.309848052918935801e-01	-1.240190470062069519e-02	7.310900032197341636e-01	-6.300149702158005738e+00	7.309848052788990858e-01	-1.240190470099477790e-02	7.310900032067478849e-01	-6.300149702158818421e+00
4.692082111436951904e+11	1.668469400190241592e+00	1.021304912951978214e-02	2.008677365588457331e+00	2.783685832998662679e+00	3.408031991048667692e-02	1.224287579671820385e-02	2.132114746241722241e+04	6.804420041485735737e+01	6.239258811885418643e-01	-2.937161482129704293e-01	6.896032779344671848e-01	-6.723164306026462533e+00	6.239258811885401990e-01	-2.937161482129724832e-01	6.896032779344666297e-01	-6.723164306026465198e+00
4.789833822091888428e+11	1.668464753884695950e+00	1.082629900790679431e-02	2.173650047335704549e+00	2.783657426205310426e+00	3.612659661941867301e-02	1.297810437423923581e-02	2.253705032762526025e+04	6.842281404326237748e+01	4.701957605328412337e-01	-4.709103556396118107e-01	6.654627084004652859e-01	-7.069342784491964515e+00	4.701957605334025070e-01	-4.709103556400680568e-01	6.654627084011847105e-01	-7.069342784491851717e+00
4.887585532746824951e+11	1.668596048783301589e+00	1.104975462246184439e-02	2.263790148511656941e+00	2.784090676938029585e+00	3.687515380612971239e-02	1.324495430827180194e-02	2.247679393445467213e+04	6.840453749709902809e+01	2.496602258368794125e-01	-6.466801511582808137e-01	6.931994274860724392e-01	-7.485546071199519425e+00	2.496602258287583531e-01	-6.466801511313983175e-01	6.931994274580690618e-01	-7.485546071196480966e+00
4.985337243401761475e+11	1.668649122930311979e+00	1.076297223281131969e-02	2.249137068529093231e+00	2.784274053884815192e+00	3.591924835280781853e-02	1.290075892590054202e-02	2.409128154689965959e+04	6.887807825024965780e+01	-5.241802740227027163e-02	-6.696597406287239096e-01	6.717081343974292684e-01	-7.932097966405685874e+00	-5.241802740227333168e-02	-6.696597406287236875e-01	6.717081343974293794e-01	-7.932097966405689426e+00
5.083088954056697998e+11	1.668284251284982256e+00	1.090431531312826066e-02	2.323353388610344350e+00	2.783053438993045692e+00	3.638299501587509421e-02	1.307304937307961212e-02	2.398322250128005544e+04	6.884738916902981032e+01	-2.652926426183372932e-01	-5.916564712501483081e-01	6.484115716114252637e-01	-8.275495591415142016e+00	-2.652926426184403774e-01	-5.916564712504225332e-01	6.484115716117175854e-01	-8.275495591415113594e+00
5.180840664711634521e+11	1.667874461857802526e+00	1.136947276559789610e-02	2.469049078384476292e+00	2.781675955606486728e+00	3.792570654105706374e-02	1.363412099264026296e-02	2.521052120597845351e+04	6.918808543223521212e+01	-4.814563625512929268e-01	-4.632422059673025339e-01	6.681269119191164396e-01	-8.658657798585423393e+00	-4.814563625232078925e-01	-4.632422059249922675e-01	6.681269118695425391e-01	-8.658657798601911537e+00
5.278592375366571045e+11	1.668210700632881238e+00	1.177345661524249743e-02	2.605021277935259505e+00	2.782788327425377517e+00	3.928121261796903296e-02	1.411577453837885819e-02	2.521343408741411622e+04	6.918887415202777902e+01	-6.133819618918792127e-01	-1.942105668944137942e-01	6.433934841664006310e-01	-9.118141728927220413e+00	-6.133819618918772143e-01	-1.942105668944180130e-01	6.433934841663998538e-01	-9.118141728927211531e+00
5.376344086021507568e+11	1.668401778018522075e+00	1.180380278776958780e-02	2.660101216435084126e+00	2.783425163135113234e+00	3.938697111698953590e-02	1.415054072178681746e-02	2.657689042292060913e+04	6.954839974104901046e+01	-6.158563040176209258e-01	4.073224144238271616e-02	6.172018330264136265e-01	-9.490820970522332090e+00	-6.158563040177278403e-01	4.073224144237506256e-02	6.172018330265197639e-01	-9.490820970522307221e+00
5.474095796676444092e+11	1.668038285310140090e+00	1.155625533237854448e-02	2.651665164815282250e+00	2.782218174223085150e+00	3.855255265845373980e-02	1.385676832091691305e-02	2.492081978354668536e+04	6.910918434632439755e+01	-5.850380467663676143e-01	2.738242285175394586e-01	6.459483139442598887e-01	-9.862536500140279827e+00	-5.850380467151587993e-01	2.738242285299754553e-01	6.459483139031515497e-01	-9.862536500191321664e+00
5.571847507331380615e+11	1.667434218698494064e+00	1.138458760847519888e-02	2.658922545793053427e+00	2.780207264851642268e+00	3.796610188828480198e-02	1.365585306112447432e-02	1.827662228737384066e+04	6.699237499766535109e+01	-4.171138006874730575e-01	4.906285497231993031e-01	6.439722793159957659e-01	-1.029098612044852246e+01	-4.171138006874728910e-01	4.906285497231839821e-01	6.439722793159839975e-01	-1.029098612044850647e+01
5.669599217986317139e+11	1.667403292216263822e+00	1.216915409961547533e-02	2.892024125865955586e+00	2.780085650582134971e+00	4.058177521837177254e-02	1.459731113315669571e-02	2.484837157827257033e+04	6.908930948102667458e+01	-1.917795401944480393e-01	5.658576411016981167e-01	5.974732312249412258e-01	-1.066880566476353209e+01	-1.917795401944647760e-01	5.658576411017155472e-01	5.974732312249632082e-01	-1.066880566476351433e+01
5.767350928641253662e+11	1.667696600978388455e+00	1.275114219742383252e-02	3.082581927705684954e+00	2.781049361287530886e+00	4.253007300247164946e-02	1.529281486135926696e-02	2.571315086977635656e+04	6.932285112469618582e+01	3.428505007874981664e-02	6.001521764215239640e-01	6.011306842296394448e-01	-1.105263952466830979e+01	3.428505008879277616e-02	6.001521764147547122e-01	6.011306842234538372e-01	-1.105263952468563105e+01
5.865102639296190186e+11	1.667938394078452902e+00	1.255837112846797630e-02	3.087436904800157311e+00	2.781860773755608029e+00	4.189317874451616713e-02	1.505940884595706464e-02	2.569359717596566043e+04	6.931765779923912874e+01	2.953678735138577371e-01	5.298321492829826118e-01	6.066005993385787942e-01	-1.150413790437678863e+01	2.953678735137931777e-01	5.298321492829556334e-01	6.066005993385238382e-01	-1.150413790437671580e+01
5.962854349951126709e+11	1.667707459149764482e+00	1.229747168518753250e-02	3.073683839009805130e+00	2.781096941493915065e+00	4.101717051614054560e-02	1.474855834910502976e-02	2.560722083395115260e+04	6.929466945094273456e+01	4.540642302597521773e-01	3.662490419173627942e-01	5.833632538194083450e-01	-1.188761710591239051e+01	4.540642302597522884e-01	3.662490419173658474e-01	5.833632538194102324e-01	-1.188761710591238696e+01
6.060606060606063232e+11	1.667232030150899602e+00	1.256255103348606454e-02	3.191413338975240599e+00	2.779504824672621055e+00	4.188937492686650721e-02	1.507080489842300280e-02	2.602323056587280735e+04	6.940468240016257084e+01	5.555365874322765185e-01	1.897131854614906576e-01	5.870366195680174481e-01	-1.223729228033714911e+01	5.555365874323511255e-01	1.897131854610629165e-01	5.870366195679499466e-01	-1.223729228033787919e+01
6.158357771260999756e+11	1.666974846024161128e+00	1.314461281938118092e-02	3.393140751921576381e+00	2.778632356431104178e+00	4.382347786127031852e-02	1.577159992391275259e-02	2.618575090691312653e+04	6.944718355660809550e+01	5.792168370369419339e-01	-5.564062613864229762e-02	5.818831700472006929e-01	-1.266213858200002917e+01	5.792168370368721009e-01	-5.564062613859827727e-02	5.818831700471269741e-01	-1.266213858199996523e+01
6.256109481915936279e+11	1.667215208639388990e+00	1.349725782529414067e-02	3.539476598007881947e+00	2.779424375949679060e+00	4.500566704251478950e-02	1.619244165516723830e-02	2.658214982774219970e+04	6.954975055740457890e+01	4.787839169534462980e-01	-2.672720303476769366e-01	5.483323602884058179e-01	-1.307551124878272475e+01	4.787839169534462425e-01	-2.672720303476747161e-01	5.483323602884047077e-01	-1.307551124878272120e+01
6.353861192570872803e+11	1.667399239338192674e+00	1.335986093655055704e-02	3.558187433938132749e+00	2.780041737461339757e+00	4.455244392653686519e-02	1.602581836315197794e-02	2.656069399662512296e+04	6.954423819940613782e+01	3.515545759851173013e-01	-4.270170843546924888e-01	5.531131983842531019e-01	-1.344839125839042104e+01	3.515545759851356200e-01	-4.270170843546761130e-01	5.531131983842522137e-01	-1.344839125839037663e+01
6.451612903225809326e+11	1.667068246301843581e+00	1.327807567740035659e-02	3.590811459300290664e+00	2.778940230534209466e+00	4.427091666757395488e-02	1.593086320502241915e-02	2.598541017384030420e+04	6.939475381330265691e+01	1.544675405706829596e-01	-5.440491180664837056e-01	5.655525297961934150e-01	-1.386052503865243501e+01	1.544675405706851246e-01	-5.440491180664148718e-01	5.655525297961279119e-01	-1.386052503865239771e+01
6.549364613880745850e+11	1.666675284188765982e+00	1.349757540537250070e-02	3.705476748501304485e+00	2.777624318383880020e+00	4.499215064921702201e-02	1.619806910223015387e-02	2.638343842092431441e+04	6.949852721943045708e+01	-6.541250249845621811e-02	-5.342448236090758806e-01	5.382344535945308150e-01	-1.425899973140383636e+01	-6.541250249845945164e-02	-5.342448236090749925e-01	5.382344535945303710e-01	-1.425899973140384347e+01
6.647116324535682373e+11	1.666648589326191976e+00	1.389602876076011240e-02	3.871802040690676794e+00	2.777524420687665696e+00	4.631959346271406763e-02	1.667657469281445815e-02	2.566930211155080178e+04	6.931119968984759794e+01	-2.458284033931728840e-01	-4.643205261675837914e-01	5.253809617176647961e-01	-1.462408577756126249e+01	-2.458284033931693591e-01	-4.643205261675846796e-01	5.253809617176640190e-01	-1.462408577756125716e+01
6.744868035190618896e+11	1.666774032654296356e+00	1.409352586174185407e-02	3.984577468849361814e+00	2.777937048459449887e+00	4.698144586978617726e-02	1.691235080213228728e-02	2.514800391855467024e+04	6.917113564749068644e+01	-4.191411364807882678e-01	-3.285902741794330395e-01	5.325888288123604708e-01	-1.504307904954736408e+01	-4.191411364807793860e-01	-3.285902741794377024e-01	5.325888288123563630e-01	-1.504307904954734809e+01
6.842619745845555420e+11	1.666640110638451855e+00	1.401539433311936242e-02	4.019915173143817633e+00	2.777492827110638274e+00	4.671723672398316735e-02	1.681993064679919783e-02	2.487563180745775389e+04	6.909679462742957412e+01	-5.009791568208483703e-01	-1.275813939986170653e-01	5.169691747711449015e-01	-1.545859972659161130e+01	-5.009791568208482593e-01	-1.275813939986163437e-01	5.169691747711445684e-01	-1.545859972659161130e+01
6.940371456500491943e+11	1.666396279332448715e+00	1.402833984654712311e-02	4.081108626760288516e+00	2.776679765454178384e+00	4.675354665099452217e-02	1.683793256704454663e-02	2.387875387386153670e+04	6.881758803500936494e+01	-5.046656739514282508e-01	5.599746122307808910e-02	5.077628955804858180e-01	-1.581847074474342918e+01	-5.046656739514274737e-01	5.599746122307731888e-02	5.077628955804850408e-01	-1.581847074474342740e+01
7.038123167155428467e+11	1.666217686781654495e+00	1.441993908988539394e-02	4.254117192968837280e+00	2.776073445100651682e+00	4.805351510776239427e-02	1.730988608841367571e-02	2.324333912735600825e+04	6.863347019028343254e+01	-4.462745326959287051e-01	2.474417647813847709e-01	5.102826525476794606e-01	-1.621422487710972504e+01	-4.462745326959329795e-01	2.474417647813825505e-01	5.102826525476820141e-01	-1.621422487710971438e+01
7.135874877810364990e+11	1.666275369600763501e+00	1.463444638649401275e-02	4.377364237331604180e+00	2.776259440317121463e+00	4.877003512311573613e-02	1.756681469133335866e-02	2.303199372477524594e+04	6.857111349172397752e+01	-2.934713514274385204e-01	3.966800311142820723e-01	4.934374136539252387e-01	-1.664180634901245170e+01	-2.934713514274364110e-01	3.966800311142839597e-01	4.934374136539255162e-01	-1.664180634901245881e+01
7.233626588465301514e+11	1.666357216860018475e+00	1.459894978704660146e-02	4.426565164283305265e+00	2.776533244846582260e+00	4.865413067244427070e-02	1.752333805573887821e-02	2.291366238936382797e+04	6.853594990975226153e+01	-1.225641610401878301e-01	4.663446476899523185e-01	4.821818163312993621e-01	-1.702175299805985631e+01	-1.225641610401867893e-01	4.663446476899523185e-01	4.821818163312990291e-01	-1.702175299805985986e+01
7.331378299120238037e+11	1.666132088658763388e+00	1.458982658868375124e-02	4.483579974637997623e+00	2.775783273818525299e+00	4.861715649474563500e-02	1.751475230552315687e-02	2.304293987666098838e+04	6.857435713884153472e+01	6.264485374830169873e-02	4.874572491763481397e-01	4.914661203742516915e-01	-1.740657255975024142e+01	6.264485374829775743e-02	4.874572491763506377e-01	4.914661203742536899e-01	-1.740657255975023077e+01
7.429130009775174561e+11	1.665740894171949149e+00	1.482992671124390774e-02	4.618129684455192674e+00	2.774472799790503874e+00	4.940563076098380274e-02	1.780721395600430579e-02	2.267028798737955367e+04	6.846305387499265294e+01	2.445981174427207805e-01	4.115941594430926331e-01	4.787880440698044637e-01	-1.781495530814125772e+01	2.445981174427217242e-01	4.115941594430916894e-01	4.787880440698040752e-01	-1.781495530814126127e+01
7.526881720430111084e+11	1.665648944055661884e+00	1.505031754646521218e-02	4.748428639996951084e+00	2.774159892775491798e+00	5.013709105794435933e-02	1.807289161252461154e-02	1.807683024678073343e+04	6.691733829652936549e+01	3.648564016055749204e-01	2.803016601071847691e-01	4.600969620106312719e-01	-1.819447550095656041e+01	3.648564016055740322e-01	2.803016601071857683e-01	4.600969620106312163e-01	-1.819447550095655686e+01
7.624633431085047607e+11	1.665892634657839544e+00	1.533857311027726419e-02	4.902223310981995041e+00	2.774962998382178636e+00	5.110483194114336797e-02	1.841640121721904721e-02	2.303466206337415861e+04	6.857190433621470049e+01	4.449104368991972369e-01	1.165394957033331069e-01	4.599203745439222613e-01	-1.859337228696617572e+01	4.449104368991974590e-01	1.165394957033334400e-01	4.599203745439225943e-01	-1.859337228696617572e+01
7.722385141739984131e+11	1.665919381593262472e+00	1.531662022515691696e-02	4.957966212921891547e+00	2.775052787112956221e+00	5.103250898718453277e-02	1.838974351196992138e-02	2.359784393257172997e+04	6.873680327713348959e+01	4.502604125237710808e-01	-7.697574338299782715e-02	4.567928459985353129e-01	-1.901887728961767365e+01	4.502604125237705257e-01	-7.697574338300108843e-02	4.567928459985353684e-01	-1.901887728961768076e+01
7.820136852394920654e+11	1.665707000372401270e+00	1.519444240131970734e-02	4.980675889444767357e+00	2.774348940009735642e+00	5.061897814926694800e-02	1.824535386276584029e-02	2.326885056316939517e+04	6.864095886557643666e+01	3.795315706328575289e-01	-2.328138168681266329e-01	4.452487916117789379e-01	-1.939978766390713361e+01	3.795315706328580840e-01	-2.328138168681260778e-01	4.452487916117791045e-01	-1.939978766390713005e+01
7.917888563049857178e+11	1.665471399113009232e+00	1.542078248941608325e-02	5.118055107367414536e+00	2.773557180730858551e+00	5.136574437613039557e-02	1.851980724716662668e-02	2.333270825822702682e+04	6.865966783678484830e+01	2.680915252468158982e-01	-3.533323307525371715e-01	4.435276788027827655e-01	-1.977127350664175154e+01	2.680915252468153431e-01	-3.533323307525371160e-01	4.435276788027823769e-01	-1.977127350664175509e+01
8.015640273704793701e+11	1.665345086577780354e+00	1.579108066422709594e-02	5.305657751146318546e+00	2.773124899160210433e+00	5.259519719184797132e-02	1.896603979423193420e-02	2.268959198222176565e+04	6.846886435702654694e+01	1.013234311279455624e-01	-4.231263668155677005e-01	4.350889104425461062e-01	-2.018531436323429418e+01	1.013234311279451599e-01	-4.231263668155680335e-01	4.350889104425463283e-01	-2.018531436323429773e+01
8.113391984359730225e+11	1.665381243120124699e+00	1.590432212578774679e-02	5.408872984266676731e+00	2.773241737474051227e+00	5.297351950565460516e-02	1.910165954515902209e-02	2.292351331053508693e+04	6.853888415115245891e+01	-6.891959438774523938e-02	-4.137436028148074874e-01	4.194444890098670831e-01	-2.058541233197533060e+01	-6.891959438774429569e-02	-4.137436028148074874e-01	4.194444890098669720e-01	-2.058541233197532705e+01
8.211143695014666748e+11	1.665381851425232762e+00	1.594790681406765137e-02	5.489041354784541582e+00	2.773242375324785680e+00	5.311870915273814164e-02	1.915400890501580897e-02	2.170736830956444101e+04	6.816675451636329797e+01	-2.172478296119244590e-01	-3.576081475441283408e-01	4.184258675811461381e-01	-2.096627000951663078e+01	-2.172478296119230434e-01	-3.576081475441291735e-01	4.184258675811460826e-01	-2.096627000951662723e+01
8.308895405669603271e+11	1.665231263782069426e+00	1.604270448956732209e-02	5.587403517426460020e+00	2.772737793509888249e+00	5.342962614328894411e-02	1.926962811570245848e-02	2.209982521007459945e+04	6.828907381935466958e+01	-3.406265355470289302e-01	-2.418550257724678965e-01	4.177562569371911505e-01	-2.137372280309741868e+01	-3.406265355470309286e-01	-2.418550257724653152e-01	4.177562569371912615e-01	-2.137372280309742578e+01
8.406647116324539795e+11	1.665047264722343989e+00	1.627750014991676680e-02	5.735875109825593121e+00	2.772117436748228858e+00	5.420561420227291288e-02	1.955386647178180420e-02	2.063664277296930959e+04	6.782143939664220511e+01	-3.912113895995416590e-01	-8.860771730307774596e-02	4.011205291655695615e-01	-2.176841091275104390e+01	-3.912113895995414370e-01	-8.860771730307892557e-02	4.011205291655695060e-01	-2.176841091275104034e+01
8.504398826979476318e+11	1.665080511030098354e+00	1.633744315242937131e-02	5.823939696015797196e+00	2.772226196163494638e+00	5.440631638634455675e-02	1.962549681611041805e-02	2.112748942251762855e+04	6.798191137501133596e+01	-3.920495879510431103e-01	6.308876039826333271e-02	3.970932775824493333e-01	-2.215070109406386933e+01	-3.920495879510431103e-01	6.308876039826348536e-02	3.970932775824493333e-01	-2.215070109406386933e+01
8.602150537634412842e+11	1.664977881002670079e+00	1.644296430093908010e-02	5.928929871183209244e+00	2.771880973153139749e+00	5.475434371836020164e-02	1.975349744403875549e-02	2.020277151496699662e+04	6.767638377778587255e+01	-3.357529117259764329e-01	2.120383784060231036e-01	3.971023692318230713e-01	-2.255443057406793628e+01	-3.357529117259776541e-01	2.120383784060209387e-01	3.971023692318229603e-01	-2.255443057406792917e+01
8.699902248289349365e+11	1.664748977400338781e+00	1.651020898940558368e-02	6.020826392263261440e+00	2.771116570754599717e+00	5.497070706355765279e-02	1.983702441236120245e-02	2.089225668756014784e+04	6.790547752933804304e+01	-2.214248511545912346e-01	3.161854099115819494e-01	3.860080027017419035e-01	-2.295101718098871402e+01	-2.214248511545904297e-01	3.161854099115823380e-01	3.860080027017417925e-01	-2.295101718098871402e+01
8.797653958944285889e+11	1.664597791555327833e+00	1.679459104077685866e-02	6.193347805605837308e+00	2.770603749362647417e+00	5.591247831310410671e-02	2.018061165403615270e-02	2.045619513234821352e+04	6.776148449364015391e+01	-8.807884654374828481e-02	3.648362987080587261e-01	3.753177428039780605e-01	-2.332505751756315604e+01	-8.807884654374759092e-02	3.648362987080588926e-01	3.753177428039780605e-01	-2.332505751756315604e+01
8.895405669599222412e+11	1.664710548721183292e+00	1.706198196028680183e-02	6.361864254163797305e+00	2.770970099795170061e+00	5.680652270275994564e-02	2.050059028314996437e-02	2.044448859997155887e+04	6.775757667361018832e+01	6.375601975938631483e-02	3.664978333561066948e-01	3.720020052503478225e-01	-2.373418144414733177e+01	6.375601975938428867e-02	3.664978333561068613e-01	3.720020052503476560e-01	-2.373418144414732467e+01
8.993157380254158936e+11	1.664727794108868508e+00	1.706474089951388190e-02	6.432814874668648208e+00	2.771027423096611653e+00	5.681629694937426894e-02	2.050369349498616309e-02	2.018303097475684990e+04	6.766971006993426840e+01	2.010693338683607889e-01	3.039887626825114597e-01	3.644695390008753644e-01	-2.414631803676238420e+01	2.010693338683599007e-01	3.039887626825120148e-01	3.644695390008753644e-01	-2.414631803676238420e+01
9.090909090909095459e+11	1.664639061062875403e+00	1.690538331319650645e-02	6.442011538390535641e+00	2.770737411631325475e+00	5.628272281077487116e-02	2.031326482780529061e-02	1.979383643055041102e+04	6.753678449558017860e+01	2.970601627341984408e-01	2.059208901798812996e-01	3.614528368904347255e-01	-2.452659637872152132e+01	2.970601627341977191e-01	2.059208901798826596e-01	3.614528368904348921e-01	-2.452659637872151777e+01
9.188660801564031982e+11	1.664269171706565853e+00	1.709069175934571291e-02	6.582653914135529583e+00	2.769499784148045762e+00	5.688702283643704005e-02	2.054054062832745206e-02	1.897729906422757267e+04	6.724919792285457731e+01	3.500404532627757193e-01	8.158975079496659510e-02	3.594234360127261385e-01	-2.490374327023886281e+01	3.500404532627754417e-01	8.158975079496869065e-02	3.594234360127263050e-01	-2.490374327023885570e+01
9.286412512218968506e+11	1.664102169234815687e+00	1.745535950745053660e-02	6.794631850159105646e+00	2.768931340076485004e+00	5.809500324224400186e-02	2.098101978962008812e-02	1.926511822699767072e+04	6.735195681415612512e+01	3.414961275584775802e-01	-5.990064397260391055e-02	3.467098099070296535e-01	-2.530638129865818087e+01	3.414961275584778022e-01	-5.990064397260323054e-02	3.467098099070297090e-01	-2.530638129865818087e+01
9.384164222873903809e+11	1.664213244146385051e+00	1.773882614326008703e-02	6.977657331165843857e+00	2.769291056039294485e+00	5.904237880644715164e-02	2.132039486340267867e-02	1.805997308506847548e+04	6.691096929148771721e+01	2.815693351151827284e-01	-1.801131328852988434e-01	3.342484571616800015e-01	-2.570182450048951850e+01	2.815693351151830059e-01	-1.801131328852987046e-01	3.342484571616801126e-01	-2.570182450048951850e+01
9.481915933528840332e+11	1.664394033501949810e+00	1.774773832283640593e-02	7.053883429984995068e+00	2.769892516541313743e+00	5.907845954536563443e-02	2.132879134932471471e-02	1.804214834579506714e+04	6.690422824473903063e+01	1.881698657947324382e-01	-2.766654929118397277e-01	3.345918309841991456e-01	-2.610626863672617759e+01	1.881698657947339925e-01	-2.766654929118387285e-01	3.345918309841991456e-01	-2.610626863672617404e+01
9.579667644183776855e+11	1.664200068948054723e+00	1.762995182269438271e-02	7.079306711543534192e+00	2.769251054285439384e+00	5.867953407775775010e-02	2.118967653255947325e-02	1.701065994338795645e+04	6.650234141389638864e+01	6.522020907382451715e-02	-3.266577350735414553e-01	3.331050158058406763e-01	-2.650646974766370789e+01	6.522020907382301835e-02	-3.266577350735417329e-01	3.331050158058406763e-01	-2.650646974766371500e+01
9.677419354838713379e+11	1.663900455754563579e+00	1.773556344025166431e-02	7.194385615695427560e+00	2.768250176449701172e+00	5.902042418259743906e-02	2.132048059987537436e-02	1.645588961259806820e+04	6.627599224000158529e+01	-5.741166250777603869e-02	-3.187907033038826499e-01	3.239191434677656245e-01	-2.688171962684158700e+01	-5.741166250777514357e-02	-3.187907033038827609e-01	3.239191434677655690e-01	-2.688171962684158345e+01
9.775171065493649902e+11	1.663781440300927894e+00	1.804149430989315447e-02	7.392409782592213041e+00	2.767843185572896214e+00	6.003420677619005635e-02	2.168988730615676111e-02	1.563070410857685420e+04	6.592478732248527251e+01	-1.691462825373135082e-01	-2.687366765356329901e-01	3.175371887064727949e-01	-2.726530377140649364e+01	-1.691462825373104828e-01	-2.687366765356348774e-01	3.175371887064727949e-01	-2.726530377140648298e+01
9.872922776148586426e+11	1.663804025921000296e+00	1.821734106313715323e-02	7.539106708929755207e+00	2.767911965155517962e+00	6.062017080484709969e-02	2.190104727606143054e-02	1.395668109600307798e+04	6.515147355846329447e+01	-2.576227598742301117e-01	-1.755910460161966558e-01	3.117718746876910751e-01	-2.767607620969802795e+01	-2.576227598742302782e-01	-1.755910460161963227e-01	3.117718746876909641e-01	-2.767607620969803151e+01
9.970674486803522949e+11	1.663834079574564306e+00	1.833139685149326459e-02	7.661419779737118851e+00	2.768007804243210579e+00	6.100080561544072438e-02	2.203780116585281681e-02	1.512878970255235436e+04	6.570198184360756954e+01	-2.968943150479808613e-01	-6.007220356718077914e-02	3.029107194359858535e-01	-2.807469384288176428e+01	-2.968943150479811943e-01	-6.007220356717991178e-02	3.029107194359859645e-01	-2.807469384288176784e+01
1.006842619745845947e+12	1.663707365678895433e+00	1.837432011642332538e-02	7.754646953701869627e+00	2.767584582974468965e+00	6.113898343407077329e-02	2.209109842936091486e-02	1.587351514042674717e+04	6.603001867034143402e+01	-2.955149943238076782e-01	5.439605335856223522e-02	3.004796873187730588e-01	-2.845636826626858351e+01	-2.955149943238076782e-01	5.439605335856189522e-02	3.004796873187730033e-01	-2.845636826626858351e+01
1.016617790811339600e+12	1.663617356099018840e+00	1.858499073585026529e-02	7.919708842506335778e+00	2.767277305633237816e+00	6.183662630219995127e-02	2.234565584602654642e-02	1.560278991068486539e+04	6.591258502697274935e+01	-2.461995127207130818e-01	1.624478848032619716e-01	2.949635830758950417e-01	-2.885758297385492810e+01	-2.461995127207114442e-01	1.624478848032644140e-01	2.949635830758949862e-01	-2.885758297385493876e+01
1.026392961876833252e+12	1.663574051816677724e+00	1.879182971016047157e-02	8.084848658645890751e+00	2.767125493013902648e+00	6.252320058396136637e-02	2.259500002504846033e-02	1.571681512607740478e+04	6.596229269436950915e+01	-1.587401575388000530e-01	2.368834741655353460e-01	2.851529728903012817e-01	-2.925474121680336026e+01	-1.587401575387973052e-01	2.368834741655370391e-01	2.851529728903012262e-01	-2.925474121680337092e+01
1.036168132942326904e+12	1.663590381023992260e+00	1.876038983093135382e-02	8.148191948240913973e+00	2.767181003608943257e+00	6.241920813399544354e-02	2.255696611554814518e-02	1.562882173406689981e+04	6.592396515463963169e+01	-5.630110123770367542e-02	2.774982593649873985e-01	2.831520756610764189e-01	-2.964495915567170670e+01	-5.630110123770466074e-02	2.774982593649870655e-01	2.831520756610763634e-01	-2.964495915567170314e+01
1.045943304007820557e+12	1.663394969878569718e+00	1.875359038651009877e-02	8.222080623491356377e+00	2.766531128664942774e+00	6.238925583216799881e-02	2.255143822013506993e-02	1.561448049081281169e+04	6.591769805292706508e+01	5.361342442113042894e-02	2.769935252828500949e-01	2.821343869980779129e-01	-3.003632084319434981e+01	5.361342442113099099e-02	2.769935252828501504e-01	2.821343869980780239e-01	-3.003632084319435336e+01
1.055718475073314209e+12	1.663209526307128483e+00	1.903398349108811893e-02	8.423003306260829604e+00	2.765903635871243438e+00	6.331500533190075053e-02	2.289125496303015539e-02	1.547300944243540289e+04	6.585556513460004169e+01	1.493025406167092506e-01	2.271592855441342262e-01	2.718319143211952449e-01	-3.042659167459361313e+01	1.493025406167074742e-01	2.271592855441353920e-01	2.718319143211952449e-01	-3.042659167459360248e+01
1.065493646138807861e+12	1.663278291973494083e+00	1.940928372410786681e-02	8.668611384823659449e+00	2.766117956255581323e+00	6.456608056212613522e-02	2.334176690336354359e-02	1.519736580424162275e+04	6.573285585188418167e+01	2.170065207831058385e-01	1.469059139052591723e-01	2.620556765321598314e-01	-3.082082786454137846e+01	2.170065207831080589e-01	1.469059139052558693e-01	2.620556765321597759e-01	-3.082082786454139267e+01
1.075268817204301514e+12	1.663480316427280892e+00	1.959761073373952542e-02	8.833022558807494207e+00	2.766782696794535035e+00	6.520047940915940643e-02	2.356545003866680060e-02	1.464846312558465615e+04	6.548172647601286656e+01	2.534856106339053450e-01	4.636100469032242849e-02	2.576903132722298539e-01	-3.123503181330492495e+01	2.534856106339050119e-01	4.636100469032433669e-02	2.576903132722298539e-01	-3.123503181330491785e+01
1.085043988269795166e+12	1.663462830826124783e+00	1.943408240721745256e-02	8.838947332354971209e+00	2.766730905981054089e+00	6.465574747123627175e-02	2.336900467315595684e-02	1.380762866433658201e+04	6.507817537748034908e+01	2.498100178656919301e-01	-5.626926143100274835e-02	2.560688868411152286e-01	-3.163747722340868407e+01	2.498100178656922077e-01	-5.626926143100180466e-02	2.560688868411152286e-01	-3.163747722340868052e+01
1.094819159335288818e+12	1.662757051384224249e+00	1.942013427921726945e-02	8.912176493704484059e+00	2.764383870312537184e+00	6.458193042319400334e-02	2.336214268819781018e-02	9.266860278826203285e+03	6.235587196088926731e+01	2.132933682688188948e-01	-1.354062031563197932e-01	2.526438220116782318e-01	-3.198156733051860812e+01	2.132933682688178401e-01	-1.354062031563214585e-01	2.526438220116782318e-01	-3.198156733051861522e+01
1.104594330400782471e+12	1.663192782587679774e+00	1.926818486110844567e-02	8.921395138849415929e+00	2.765838969103906919e+00	6.409341198912152371e-02	2.317322617299259757e-02	7.728770759101102158e+03	6.111687276395252866e+01	1.388276983526855746e-01	-2.129231932672104033e-01	2.541838233661026791e-01	-3.240893709731771821e+01	1.388276983526858244e-01	-2.129231932672102090e-01	2.541838233661026791e-01	-3.240893709731771821e+01
1.114369501466276123e+12	1.663196764794480753e+00	2.000020985991730546e-02	9.342281116540014807e+00	2.765823470028386577e+00	6.652856866845027750e-02	2.405380147698561386e-02	8.965335788702082937e+03	6.213005318533583221e+01	4.110009382972316938e-02	-2.346057752562976384e-01	2.381786881658820298e-01	-3.281329488246529991e+01	4.110009382972442532e-02	-2.346057752562973608e-01	2.381786881658820021e-01	-3.281329488246529991e+01
1.124144672531769775e+12	1.663459745494100694e+00	2.045688679533428159e-02	9.639420138382215342e+00	2.766679840661941281e+00	6.805841540433678338e-02	2.459931012041258885e-02	1.289860261685509795e+04	6.461326593308164945e+01	-5.347277592598536494e-02	-2.207702206065508266e-01	2.271537542544603550e-01	-3.322435651880022078e+01	-5.347277592598503188e-02	-2.207702206065509654e-01	2.271537542544603827e-01	-3.322435651880021368e+01
1.133919843597263428e+12	1.663716174086991684e+00	2.068726452516735786e-02	9.832740651520779807e+00	2.767523545005122987e+00	6.883547317627396189e-02	2.487258809433057216e-02	1.348604849537163864e+04	6.491730201226729946e+01	-1.348475069837554996e-01	-1.764447537221972007e-01	2.220734141130378814e-01	-3.363928034977332970e+01	-1.348475069837535567e-01	-1.764447537221986162e-01	2.220734141130378259e-01	-3.363928034977331549e+01
1.143695014662757080e+12	1.663609064729142606e+00	2.097921315630212752e-02	1.005746626900799789e+01	2.767154992864314877e+00	6.980241835541821371e-02	2.522533740806650812e-02	1.326249205550419902e+04	6.480318929516730009e+01	-1.859881629801602709e-01	-1.070203842925140231e-01	2.145808924924398620e-01	-3.403537305991022066e+01	-1.859881629801592440e-01	-1.070203842925158272e-01	2.145808924924398897e-01	-3.403537305991020645e+01
1.153470185728250732e+12	1.663282679796502572e+00	2.167752730139645492e-02	1.048106167463676819e+01	2.766039357721131964e+00	7.211171140245709044e-02	2.607038515238917567e-02	1.049463707669240466e+04	6.320524047557994862e+01	-1.986382058999449918e-01	-3.004613404056197604e-02	2.008977526353452336e-01	-3.440739661063732768e+01	-1.986382058999450750e-01	-3.004613404056126827e-02	2.008977526353452059e-01	-3.440739661063733479e+01
1.163245356793744385e+12	1.662758742732868722e+00	2.210994760787076199e-02	1.078073081509021591e+01	2.764277786751367483e+00	7.352701737270557480e-02	2.659899729510033922e-02	4.720678879291269368e+03	5.775135951527682465e+01	-1.888250574886183586e-01	3.989857304110790148e-02	1.929942964605344258e-01	-3.476575532978985450e+01	-1.888250574886185529e-01	3.989857304110682595e-02	1.929942964605343703e-01	-3.476575532978985450e+01
1.173020527859238037e+12	1.663587232809345728e+00	2.239596964984648733e-02	1.101196046977401188e+01	2.767020901709699388e+00	7.451529835174042216e-02	2.692979236466865045e-02	1.020599529754687137e+04	6.301485203857067319e+01	-1.462858560715324385e-01	1.158776259778063200e-01	1.866204058746885053e-01	-3.522744378031811152e+01	-1.462858560715329659e-01	1.158776259778056122e-01	1.866204058746885053e-01	-3.522744378031810442e+01
1.182795698924731689e+12	1.663483749052037552e+00	2.397786303916298045e-02	1.188801577987868185e+01	2.766603245444297254e+00	7.977357100528623124e-02	2.883448182772414478e-02	1.235170775773987043e+04	6.431750426647960239e+01	-8.013513879458827871e-02	1.426457134786778547e-01	1.636136914914793350e-01	-3.561647514012602045e+01	-8.013513879458862565e-02	1.426457134786777714e-01	1.636136914914794460e-01	-3.561647514012602045e+01
1.192570869990225342e+12	1.661926924350882961e+00	2.507672441230334587e-02	1.253557227608677316e+01	2.761372259775134896e+00	8.335136695066799883e-02	3.018476290388152905e-02	1.242291196480159124e+04	6.435674496173702153e+01	-3.394746690404017858e-02	1.451809273888267637e-01	1.490970562643028630e-01	-3.589861384927724686e+01	-3.394746690403990796e-02	1.451809273888267082e-01	1.490970562643027519e-01	-3.589861384927724686e+01
1.202346041055718994e+12	1.660311920950343412e+00	2.546368074335213921e-02	1.283334351664153239e+01	2.755987275812819881e+00	8.455530537892251564e-02	3.068058627156931492e-02	1.190633761283486820e+04	6.406680622480354259e+01	7.151611579658998311e-03	1.427836433031222096e-01	1.429626326810595205e-01	-3.617836074523216183e+01	7.151611579659229029e-03	1.427836433031222374e-01	1.429626326810595482e-01	-3.617836074523216183e+01
1.212121212121212646e+12	1.659018063273425714e+00	2.470578339650731856e-02	1.255260439878458101e+01	2.751730558534273285e+00	8.197468184425266147e-02	2.979022840372750475e-02	7.600873071822502425e+03	6.100295864796974143e+01	5.117742746344487031e-02	1.396143354325990737e-01	1.486986608549735744e-01	-3.647966878620422193e+01	5.117742746344348254e-02	1.396143354325996289e-01	1.486986608549736300e-01	-3.647966878620421483e+01
1.221896383186706299e+12	1.658166152963861384e+00	2.347521402756902117e-02	1.202356071821379402e+01	2.748963905161331489e+00	7.785161066819479281e-02	2.832034663024279517e-02	1.117527424574879842e+04	6.363422166219918807e+01	1.010516002804004859e-01	1.247818967866624051e-01	1.605675798064699622e-01	-3.680901915365684118e+01	1.010516002804010133e-01	1.247818967866619888e-01	1.605675798064699900e-01	-3.680901915365684829e+01
1.231671554252199951e+12	1.657715202953760736e+00	2.225211628242859674e-02	1.148829008688301734e+01	2.747524537424981705e+00	7.377534291855361581e-02	2.685156835312448032e-02	7.376307259197203166e+03	6.079822794814819531e+01	1.504008541548536304e-01	8.790474650326414452e-02	1.742058018216175452e-01	-3.717018993313283914e+01	1.504008541548539912e-01	8.790474650326342287e-02	1.742058018216174620e-01	-3.717018993313284625e+01
1.241446725317693604e+12	1.657844482679895037e+00	2.212386510067716056e-02	1.151272815693698526e+01	2.747958863345175917e+00	7.335585538542381545e-02	2.669467012913193452e-02	1.079578640832966266e+04	6.339837655465159116e+01	1.720322796789355291e-01	2.095685206573613332e-02	1.733040533283530804e-01	-3.757788982989025328e+01	1.720322796789356123e-01	2.095685206573601536e-02	1.733040533283531637e-01	-3.757788982989025328e+01
1.251221896383187256e+12	1.658263021958385375e+00	2.209549748845563572e-02	1.158850150067816820e+01	2.749348038985294007e+00	7.328029287376071343e-02	2.665369819850322772e-02	1.050658307660408173e+04	6.321300678817001995e+01	1.632293392952850752e-01	-5.103739868381213657e-02	1.710223180499717277e-01	-3.800215426467257629e+01	1.632293392952854083e-01	-5.103739868381133166e-02	1.710223180499718387e-01	-3.800215426467256918e+01
1.260997067448680908e+12	1.658848176720946865e+00	2.182242584756619030e-02	1.153469894967652287e+01	2.751301055140537244e+00	7.240018265772647788e-02	2.631488928572676966e-02	1.063097906474600495e+04	6.329335816651449420e+01	1.273627877782335105e-01	-1.169859405418352538e-01	1.729363755694595384e-01	-3.844206814105961456e+01	1.273627877782343709e-01	-1.169859405418343101e-01	1.729363755694595106e-01	-3.844206814105960746e+01
1.270772238514174561e+12	1.658903069397704932e+00	2.147547300065653572e-02	1.143930442565569905e+01	2.751498197716524707e+00	7.125145615511332964e-02	2.589551256629754952e-02	1.042243294949424489e+04	6.315811022622332160e+01	7.219524353309555997e-02	-1.596066054685851554e-01	1.751754026626100302e-01	-3.884511628781723402e+01	7.219524353309508813e-02	-1.596066054685854330e-01	1.751754026626101413e-01	-3.884511628781724113e+01
1.280547409579668213e+12	1.658492145317298494e+00	2.147806223120813165e-02	1.152868888544756132e+01	2.750134888921967224e+00	7.124239501418963560e-02	2.590505480337225788e-02	1.043930296231200919e+04	6.316915106082949194e+01	1.100049907358524939e-02	-1.721146585121790529e-01	1.724658419938045473e-01	-3.920608120205071145e+01	1.100049907358670136e-02	-1.721146585121788863e-01	1.724658419938044918e-01	-3.920608120205069724e+01
1.290322580645161865e+12	1.658381788572875326e+00	2.184056289028001377e-02	1.181275742199123080e+01	2.749753146482804667e+00	7.243998349884187005e-02	2.634417696421203700e-02	1.048109993955685786e+04	6.319642904346599011e+01	-5.237883077128625137e-02	-1.574240555261368357e-01	1.659092377514382322e-01	-3.959111062051068330e+01	-5.237883077128773629e-02	-1.574240555261363916e-01	1.659092377514382877e-01	-3.959111062051069041e+01
1.300097751710655518e+12	1.658705265942870266e+00	2.217466179750383209e-02	1.208431877625445594e+01	2.750811443640774456e+00	7.356245658804359822e-02	2.674209341323724801e-02	1.032954065723146959e+04	6.309699350960757158e+01	-1.081095506175334398e-01	-1.171774080795187634e-01	1.594309251649726200e-01	-4.001507779374403384e+01	-1.081095506175333704e-01	-1.171774080795188744e-01	1.594309251649726200e-01	-4.001507779374403384e+01
1.309872922776149170e+12	1.658986340781310354e+00	2.194594794250688194e-02	1.204960111464330730e+01	2.751754054267867122e+00	7.281605574423323513e-02	2.646168745760481972e-02	1.015425399471576384e+04	6.298015502916053521e+01	-1.466337828952970490e-01	-6.352642332029333205e-02	1.598032313379620650e-01	-4.043188212039572704e+01	-1.466337828952971878e-01	-6.352642332029319328e-02	1.598032313379621205e-01	-4.043188212039572704e+01
1.319648093841642822e+12	1.658715614797162896e+00	2.177974958769435254e-02	1.204758996406190086e+01	2.750863133279827455e+00	7.225282145496138286e-02	2.626550938898041324e-02	9.910295774466570947e+03	6.281414119493366144e+01	-1.600791196565060359e-01	-5.939079699845216387e-03	1.601892543764502630e-01	-4.080362060365940380e+01	-1.600791196565059527e-01	-5.939079699844853830e-03	1.601892543764501797e-01	-4.080362060365940380e+01
1.329423264907136475e+12	1.658342829072437796e+00	2.186997847382422464e-02	1.218711169106446590e+01	2.749622642777531212e+00	7.253584394806995850e-02	2.638029045134639844e-02	9.292082833491151177e+03	6.237442747275116517e+01	-1.485949988788652087e-01	5.097272049037667591e-02	1.570945318144461034e-01	-4.117115759016017051e+01	-1.485949988788650700e-01	5.097272049037700897e-02	1.570945318144461034e-01	-4.117115759016017762e+01
1.339198435972630127e+12	1.658249149202334349e+00	2.241459665918796654e-02	1.258244448353530132e+01	2.749287826686871661e+00	7.433797167962385988e-02	2.703899204660848918e-02	9.472367474150878479e+03	6.250560912179700068e+01	-1.113960282952999870e-01	9.723689084056033605e-02	1.478651008869446559e-01	-4.155834029928602291e+01	-1.113960282952991127e-01	9.723689084056119647e-02	1.478651008869445727e-01	-4.155834029928603002e+01
1.348973607038123779e+12	1.658431583738852799e+00	2.250815810661423166e-02	1.272719127019499652e+01	2.749888700761207172e+00	7.465648059159347982e-02	2.714890990712734431e-02	9.253321785845189879e+03	6.234589123817768552e+01	-6.239656371696759157e-02	1.307880410729839182e-01	1.449097748648935369e-01	-4.196635548498443313e+01	-6.239656371696940262e-02	1.307880410729830023e-01	1.449097748648934814e-01	-4.196635548498441892e+01
1.358748778103617432e+12	1.658488275664239175e+00	2.221169767069079704e-02	1.265056962447237510e+01	2.750090001002327256e+00	7.367568033887875179e-02	2.679027970431008612e-02	9.235020780363311133e+03	6.233237630341334778e+01	-6.354906954998250194e-03	1.466195497818263416e-01	1.467572050041568987e-01	-4.236818509920629339e+01	-6.354906954997737584e-03	1.466195497818263971e-01	1.467572050041569265e-01	-4.236818509920629339e+01
1.368523949169111084e+12	1.658202485472737964e+00	2.214627624203322279e-02	1.270405238382893565e+01	2.749145025276577226e+00	7.344602061701067941e-02	2.671594984685162627e-02	9.167250756935691243e+03	6.228209517626396519e+01	4.687593463484390766e-02	1.375100875505328724e-01	1.452803408106044247e-01	-4.274003767832953571e+01	4.687593463484243661e-02	1.375100875505333720e-01	1.452803408106044247e-01	-4.274003767832952150e+01
1.378299120234604736e+12	1.657782924175909445e+00	2.247402627364393848e-02	1.298415000689099585e+01	2.747739141832280740e+00	7.451411398785533213e-02	2.711833625449864421e-02	9.053425326172025962e+03	6.219680140741257190e+01	8.833321219366603583e-02	1.079399565642233660e-01	1.394768461055011788e-01	-4.309733411334400444e+01	8.833321219366632726e-02	1.079399565642231301e-01	1.394768461055011788e-01	-4.309733411334400444e+01
1.388074291300098389e+12	1.657850554506393959e+00	2.285603834543067925e-02	1.329850520951845283e+01	2.747946062588310312e+00	7.578379168958331025e-02	2.757834031800537183e-02	9.099127871973167203e+03	6.223117622737792942e+01	1.181435462358480237e-01	6.202403831150125196e-02	1.334349236356379698e-01	-4.349885893042957008e+01	1.181435462358479405e-01	6.202403831150150870e-02	1.334349236356379975e-01	-4.349885893042957008e+01
1.397849462365592041e+12	1.658029047508120080e+00	2.269558063547560955e-02	1.329813883950837194e+01	2.748545233000302623e+00	7.525986388736272126e-02	2.738170832473777599e-02	8.994320462923215018e+03	6.215208790962345375e+01	1.328729159651725056e-01	9.586654128014317905e-03	1.332183010492851705e-01	-4.391027290494037771e+01	1.328729159651724501e-01	9.586654128015657111e-03	1.332183010492851982e-01	-4.391027290494037061e+01
1.407624633431085693e+12	1.657676097879124510e+00	2.228345739921764809e-02	1.314796666614128640e+01	2.747393493006097920e+00	7.387750941758162992e-02	2.689003581236102877e-02	7.268822444801643542e+03	6.069802084055039160e+01	1.304041197640605498e-01	-3.899595386591941243e-02	1.361099513972154895e-01	-4.427287231581946969e+01	1.304041197640608829e-01	-3.899595386591851731e-02	1.361099513972155450e-01	-4.427287231581946259e+01
1.417399804496579346e+12	1.657756544100619012e+00	2.212774188003359052e-02	1.314675671869701645e+01	2.747667122547718055e+00	7.336481781559003879e-02	2.670076633866915253e-02	4.615290284896814228e+03	5.759722869414260771e+01	1.049718069338078374e-01	-8.710463700721386704e-02	1.364049047472528364e-01	-4.467494109038546668e+01	1.049718069338078236e-01	-8.710463700721389479e-02	1.364049047472528364e-01	-4.467494109038546668e+01
1.427174975562072998e+12	1.657308320080109754e+00	2.257793230808254406e-02	1.350674030682913518e+01	2.746161104779447193e+00	7.483719012878142784e-02	2.725156583076426484e-02	8.710362555134230206e+03	6.193309003747257435e+01	6.435245334292705177e-02	-1.121093387301267119e-01	1.292661675836330182e-01	-4.503199969033779126e+01	6.435245334292631625e-02	-1.121093387301271144e-01	1.292661675836329904e-01	-4.503199969033779837e+01
1.436950146627566650e+12	1.657469966370483272e+00	2.296918246885517462e-02	1.383491196508415833e+01	2.746679106076883592e+00	7.614146018842175845e-02	2.772127986118318871e-02	9.230852663386429413e+03	6.232929448609296941e+01	1.397846232532046554e-02	-1.222652101326374835e-01	1.230616878551501064e-01	-4.543925871732067634e+01	1.397846232531859204e-02	-1.222652101326376778e-01	1.230616878551501203e-01	-4.543925871732069055e+01
1.446725317693060303e+12	1.657616663951720914e+00	2.291531485861853651e-02	1.389636048638881860e+01	2.747167892955362678e+00	7.596961553869312211e-02	2.765379419783700610e-02	8.982761028470016754e+03	6.214330872262480909e+01	-3.533913467809785686e-02	-1.169273775322448028e-01	1.221509969519890826e-01	-4.584659624392092070e+01	-3.533913467809703807e-02	-1.169273775322450665e-01	1.221509969519890965e-01	-4.584659624392091359e+01
1.456500488758553955e+12	1.657396302628260099e+00	2.268065286573972897e-02	1.384698900701455138e+01	2.746448091951410930e+00	7.518166040174416309e-02	2.737414212271747915e-02	8.819177701644979606e+03	6.201784424035591314e+01	-7.639124615163574161e-02	-9.639219759868697390e-02	1.229921877458244051e-01	-4.622324722542632003e+01	-7.639124615163564447e-02	-9.639219759868714044e-02	1.229921877458244744e-01	-4.622324722542632003e+01
1.466275659824047607e+12	1.657016622606455991e+00	2.289865340309202649e-02	1.407390872265905735e+01	2.745179739266430996e+00	7.588689864845475641e-02	2.764369034310784623e-02	8.474794948773680517e+03	6.174592440946845784e+01	-1.018366925862988631e-01	-6.120805076418282809e-02	1.188155605771698681e-01	-4.658270504645893340e+01	-1.018366925862985023e-01	-6.120805076418345952e-02	1.188155605771698681e-01	-4.658270504645892629e+01
1.476050830889541260e+12	1.656888211898577046e+00	2.329093001141138708e-02	1.441044210728696662e+01	2.744736079307667609e+00	7.718093476012463650e-02	2.811961971206818414e-02	8.299870370489792549e+03	6.160354422397820429e+01	-1.118011134687745683e-01	-1.796859147710833451e-02	1.132358567439175484e-01	-4.696453332041853201e+01	-1.118011134687744018e-01	-1.796859147710913596e-02	1.132358567439175207e-01	-4.696453332041852491e+01
1.485826001955034912e+12	1.657086571266124242e+00	2.315915230334670769e-02	1.442380273367289689e+01	2.745399558335110513e+00	7.675344056756551459e-02	2.795711113689805169e-02	7.890003410070955397e+03	6.125782056894200167e+01	-1.093956327077579421e-01	2.845130849751249455e-02	1.130348681193166366e-01	-4.737833016121463459e+01	-1.093956327077580809e-01	2.845130849751183535e-02	1.130348681193166227e-01	-4.737833016121462748e+01
1.495601173020528564e+12	1.657118778053459085e+00	2.295718829689246537e-02	1.439208298717023204e+01	2.745515612082890300e+00	7.608557563617922292e-02	2.771267273124583194e-02	7.867703719338543124e+03	6.123849897522902097e+01	-9.017197553393556386e-02	6.875954931068847809e-02	1.133969170352601419e-01	-4.777536700001389391e+01	-9.017197553393621612e-02	6.875954931068763154e-02	1.133969170352601696e-01	-4.777536700001388681e+01
1.505376344086022217e+12	1.656595201882701707e+00	2.297096709089389149e-02	1.449484340593811638e+01	2.743779997571698548e+00	7.610718773076052823e-02	2.773807951006164799e-02	7.592895990145308133e+03	6.099579036075723337e+01	-6.074180667120317872e-02	9.385329367025399550e-02	1.117944891774042826e-01	-4.812028213254645692e+01	-6.074180667120303301e-02	9.385329367025410652e-02	1.117944891774042965e-01	-4.812028213254645692e+01
1.515151515151515869e+12	1.656449582960226818e+00	2.326908421701470719e-02	1.477830130957719490e+01	2.743283770608810901e+00	7.708812969428081863e-02	2.810067646671959851e-02	7.619422084862985685e+03	6.101959793783017716e+01	-2.056256984044960850e-02	1.053309577474701997e-01	1.073192896847659783e-01	-4.850189219888738990e+01	-2.056256984045012892e-02	1.053309577474701303e-01	1.073192896847660199e-01	-4.850189219888738279e+01
1.524926686217009521e+12	1.656663721638897302e+00	2.361518044820115972e-02	1.509487059244786877e+01	2.743977009846840787e+00	7.824482545698210889e-02	2.851511699121322616e-02	7.447161135590183221e+03	6.086348897926738744e+01	2.246767534069671682e-02	9.982450091295777539e-02	1.023216859601915329e-01	-4.891606886679064559e+01	2.246767534069728928e-02	9.982450091295765049e-02	1.023216859601915468e-01	-4.891606886679065269e+01
1.534701857282503174e+12	1.656846568261134633e+00	2.331411869516490307e-02	1.499795972341538253e+01	2.744597002628166749e+00	7.725583510423346401e-02	2.814833472100091577e-02	7.391119913674901909e+03	6.081192304287929318e+01	6.129697310855113102e-02	8.377872262048645380e-02	1.038084451101684291e-01	-4.932634153803494570e+01	6.129697310855171388e-02	8.377872262048603746e-02	1.038084451101684152e-01	-4.932634153803495280e+01
1.544477028347996826e+12	1.656509183825061848e+00	2.296513277463440098e-02	1.486755572680343640e+01	2.743495278773416146e+00	7.608390669788761551e-02	2.773247225411804712e-02	7.052749112543638148e+03	6.049201464203949286e+01	8.881371831441907394e-02	5.769333813009502182e-02	1.059074965497081994e-01	-4.968938890525930674e+01	8.881371831441930986e-02	5.769333813009464018e-02	1.059074965497081994e-01	-4.968938890525931384e+01
1.554252199413490479e+12	1.655929970875991142e+00	2.320801490100541514e-02	1.511989051308851550e+01	2.741565456489715391e+00	7.686169487822293311e-02	2.803569569943305598e-02	7.109049799825612354e+03	6.054629396241995209e+01	9.912079659272604593e-02	2.391948555032196583e-02	1.019660438879955444e-01	-5.002869303205167739e+01	9.912079659272585164e-02	2.391948555032282278e-02	1.019660438879955444e-01	-5.002869303205167029e+01
1.564027370478984131e+12	1.655910188136774819e+00	2.383825948361703584e-02	1.562816734177321898e+01	2.741470288559960888e+00	7.894803349273908644e-02	2.879769801707714183e-02	6.891173545395468864e+03	6.033379987982276305e+01	9.351206115240115468e-02	-1.450170712773939108e-02	9.462983192730049786e-02	-5.041933538310396301e+01	9.351206115240133510e-02	-1.450170712773840749e-02	9.462983192730053950e-02	-5.041933538310395591e+01
1.573802541544477783e+12	1.656500983661715720e+00	2.400936247358352593e-02	1.583871818983277535e+01	2.743419059385844072e+00	7.954306510916359096e-02	2.899413592576356724e-02	6.730880843709198416e+03	6.017313238379778539e+01	7.553448673460488871e-02	-5.222005007859020775e-02	9.182805843787981981e-02	-5.087037300531054029e+01	7.553448673460486096e-02	-5.222005007859026326e-02	9.182805843787981981e-02	-5.087037300531054740e+01
1.583577712609971436e+12	1.656424752260052591e+00	2.348763672387672169e-02	1.559078071130741350e+01	2.743191290820903738e+00	7.781100568304322174e-02	2.836514024501666023e-02	6.388762861710562902e+03	5.981701828352071715e+01	5.202833351829314751e-02	-7.967614002212489166e-02	9.515899735451187336e-02	-5.125779912658153847e+01	5.202833351829240505e-02	-7.967614002212532187e-02	9.515899735451183172e-02	-5.125779912658154558e+01
1.593352883675465088e+12	1.655675676827501608e+00	2.318334160629021909e-02	1.548378621492284601e+01	2.740724479510171285e+00	7.676818961023547383e-02	2.801018131671362613e-02	5.985098681789050715e+03	5.937145855235314684e+01	2.470586705818466483e-02	-9.341109626243593311e-02	9.662304472560760693e-02	-5.157771398948563046e+01	2.470586705818525117e-02	-9.341109626243580821e-02	9.662304472560762081e-02	-5.157771398948562336e+01
1.603128054740958740e+12	1.654892181983305566e+00	2.379838014297835230e-02	1.599207334256244906e+01	2.738101771092036785e+00	7.876750648496323726e-02	2.876719460049449034e-02	4.047940752659426380e+03	5.670180274198352066e+01	-5.169315251865510934e-03	-8.962660204006826781e-02	8.977555131226952478e-02	-5.189389108434559716e+01	-5.169315251865569047e-03	-8.962660204006824005e-02	8.977555131226951091e-02	-5.189389108434560427e+01
1.612903225806452393e+12	1.655353151576173021e+00	2.430072218290211042e-02	1.642920890866652073e+01	2.739603531334557918e+00	8.045255410208805580e-02	2.936649525447821568e-02	5.288916857123973386e+03	5.852728095696478050e+01	-4.014338282973205912e-02	-7.399276758529924058e-02	8.418088167717499570e-02	-5.233336969078582257e+01	-4.014338282973214933e-02	-7.399276758529924058e-02	8.418088167717503734e-02	-5.233336969078582257e+01
1.622678396871946045e+12	1.656164163979280124e+00	2.411485312581398630e-02	1.640235610925965659e+01	2.742298211907908456e+00	7.987631113319369758e-02	2.912750728069836079e-02	5.515085771163927348e+03	5.881313775409267919e+01	-6.969182493375239429e-02	-4.768405841745611967e-02	8.444358998619232171e-02	-5.280702315599526031e+01	-6.969182493375271348e-02	-4.768405841745575885e-02	8.444358998619237722e-02	-5.280702315599526742e+01
1.632453567937439697e+12	1.655930788039732482e+00	2.341766410781496305e-02	1.602409720938181437e+01	2.741558387785623108e+00	7.755606196020757570e-02	2.828904257729494484e-02	5.685200090793899108e+03	5.902052498095421385e+01	-8.696930525113767685e-02	-2.034797393930588491e-02	8.931797187184803422e-02	-5.317724202484393459e+01	-8.696930525113745480e-02	-2.034797393930702636e-02	8.931797187184807585e-02	-5.317724202484392038e+01
1.642228739002933350e+12	1.654958089264225496e+00	2.377477431571723560e-02	1.636587433587542151e+01	2.738321037327332785e+00	7.869251014845515813e-02	2.873750341021407209e-02	5.595666175817274961e+03	5.891215946980745599e+01	-8.477952663880895801e-02	5.645949363385745906e-03	8.496731654768456543e-02	-5.347357259176628475e+01	-8.477952663880883311e-02	5.645949363386916844e-03	8.496731654768452380e-02	-5.347357259176629896e+01
1.652003910068427002e+12	1.654945421397955307e+00	2.478596513530442746e-02	1.716350838256731492e+01	2.738230003738367113e+00	8.203883903120283427e-02	2.996053615627589789e-02	5.154910757816549449e+03	5.835208440816087005e+01	-6.775797735973966562e-02	3.339808479133705293e-02	7.554187953454913340e-02	-5.386502871504493584e+01	-6.775797735973929092e-02	3.339808479133787866e-02	7.554187953454916116e-02	-5.386502871504494294e+01
1.661779081133920654e+12	1.656666019119374056e+00	2.354193207270701207e-02	1.639851611747859295e+01	2.743988076339118454e+00	7.800223777854048413e-02	2.842659501735404076e-02	2.026019082789684489e+03	5.197684475347497823e+01	-4.378063040384413962e-02	7.229192602367606746e-02	8.451547885902709056e-02	-5.443333798411736524e+01	-4.378063040384505555e-02	7.229192602367551235e-02	8.451547885902707669e-02	-5.443333798411735813e+01
1.671554252199414307e+12	1.657456001146788926e+00	2.125281574268347851e-02	1.489107718695186300e+01	2.746708713560511939e+00	7.045121398795536893e-02	2.564932118216155937e-02	6.742373604899307793e+02	4.446586487227433793e+01	-7.152992411800485582e-03	1.051572569212291808e-01	1.054002560890659329e-01	-5.490995419737943450e+01	-7.152992411799009333e-03	1.051572569212292640e-01	1.054002560890658913e-01	-5.490995419737944871e+01
1.681329423264907959e+12	1.656824413884290692e+00	2.466015235139067813e-02	1.737951808006245358e+01	2.744459015329029583e+00	8.171508493178034072e-02	2.977456922306549042e-02	2.592637526884477666e+03	5.366031325169997501e+01	1.883726209529279494e-02	7.068585394768105157e-02	7.315280166582584231e-02	-5.523831137943470537e+01	1.883726209529338474e-02	7.068585394768088503e-02	7.315280166582584231e-02	-5.523831137943471248e+01
1.691104594330401611e+12	1.655040780784443610e+00	2.352054389825492323e-02	1.667274050400072838e+01	2.738606770074310859e+00	7.785491867568522517e-02	2.842865924616576681e-02	4.923136282650201792e+03	5.803803162249311498e+01	3.669777845485713147e-02	7.239902026983426053e-02	8.116862127419467721e-02	-5.544700967812804038e+01	3.669777845485707596e-02	7.239902026983427441e-02	8.116862127419467721e-02	-5.544700967812803327e+01
1.700879765395895264e+12	1.654426706507820199e+00	2.480414352468320732e-02	1.768426488175353128e+01	2.736512481670319907e+00	8.207327495857782984e-02	2.999192421314363088e-02	5.034752942573376458e+03	5.819107578209050757e+01	5.015206777716871983e-02	4.886533090781405853e-02	7.002178566029212958e-02	-5.577626392810179112e+01	5.015206777716833819e-02	4.886533090781444710e-02	7.002178566029212958e-02	-5.577626392810178402e+01
1.710654936461388916e+12	1.655938602630319778e+00	2.501920418535570970e-02	1.794010859313261363e+01	2.741506695103187674e+00	8.286053203524115784e-02	3.022445000161575954e-02	3.944905930873096167e+03	5.652579027097041120e+01	6.575587699740717551e-02	1.474905962467401056e-02	6.738968852510250629e-02	-5.632801945447766201e+01	6.575587699740713388e-02	1.474905962467429679e-02	6.738968852510252017e-02	-5.632801945447766201e+01
1.720430107526882568e+12	1.647826963712428094e+00	1.474183190904427079e-02	1.063108645884521763e+01	2.715116380729685197e+00	4.858397622847881320e-02	1.789388350838276576e-02	2.004035937721125435e+02	3.618345429255206369e+01	1.526235483618130495e-01	1.237058070244087815e-01	1.964613809533846955e-01	-5.586753961297480942e+01	1.526235483618141597e-01	1.237058070244073105e-01	1.964613809533846400e-01	-5.586753961297481652e+01
1.730205278592376221e+12	1.655853698430528098e+00	2.432421410920971444e-02	1.764109794819220056e+01	2.741259803214027624e+00	8.055467978830187226e-02	2.938600700811153793e-02	3.556344212599250113e+03	5.581792258349337743e+01	5.976444170163541098e-02	-3.727339925707367357e-02	7.043503946251039594e-02	-5.710631142765943480e+01	5.976444170163536934e-02	-3.727339925707368745e-02	7.043503946251038206e-02	-5.710631142765943480e+01
1.739980449657869873e+12	1.654270353742865574e+00	2.359206545030902158e-02	1.720677556563586208e+01	2.736053817720334180e+00	7.805530891601508703e-02	2.852842601650663543e-02	4.745971852846055299e+03	5.778783838800708850e+01	5.321536738535174310e-02	-5.291906864062206201e-02	7.504867188530937872e-02	-5.733127420474211533e+01	5.321536738535242311e-02	-5.291906864062138893e-02	7.504867188530939259e-02	-5.733127420474210112e+01
1.749755620723363525e+12	1.653532697825585540e+00	2.479034565036337956e-02	1.818231345406811172e+01	2.733555821540894382e+00	8.198329424654825226e-02	2.999144689144653958e-02	5.094328855323076823e+03	5.827138076145288181e+01	2.976987960672897518e-02	-5.783167707417338071e-02	6.504420500713808950e-02	-5.764407223686157522e+01	2.976987960672722658e-02	-5.783167707417426195e-02	6.504420500713808950e-02	-5.764407223686160364e+01
1.759530791788857178e+12	1.654612453555093010e+00	2.551401486812864342e-02	1.881762617643471103e+01	2.737091406504913671e+00	8.443161348199090810e-02	3.084720272086365761e-02	4.923558021039407322e+03	5.803861639846616782e+01	-1.978050267609340364e-03	-5.924298294239981749e-02	5.927599607576970048e-02	-5.815284046124732242e+01	-1.978050267609602741e-03	-5.924298294239981749e-02	5.927599607576971436e-02	-5.815284046124732953e+01
1.769305962854350830e+12	1.655324080510665263e+00	2.503832997009482891e-02	1.856938244354065404e+01	2.739470893550788322e+00	8.289310107053970977e-02	3.025879970679196118e-02	4.151907080171725283e+03	5.687492265461002461e+01	-2.967668851827345161e-02	-5.380623683570239651e-02	6.144767663492510523e-02	-5.862349452750163437e+01	-2.967668851827487062e-02	-5.380623683570161936e-02	6.144767663492511217e-02	-5.862349452750166279e+01
1.779081133919844482e+12	1.654203704657813523e+00	2.410367576216316393e-02	1.797497073694977843e+01	2.735808909318387272e+00	7.974477948328211052e-02	2.914851955180967555e-02	4.838348902822798664e+03	5.791943752418483626e+01	-4.689122789781766804e-02	-4.789270442929945137e-02	6.702610231333247515e-02	-5.889429675871900827e+01	-4.689122789781727946e-02	-4.789270442929979832e-02	6.702610231333244739e-02	-5.889429675871900116e+01
1.788856304985338135e+12	1.653094672208324845e+00	2.458830906207576730e-02	1.843712840999189595e+01	2.732117410341016850e+00	8.129360541825825237e-02	2.975479937668980626e-02	4.605052347160115460e+03	5.758206858098971281e+01	-5.421665928502823056e-02	-3.143096550879117407e-02	6.266858652342223446e-02	-5.916487948955650467e+01	-5.421665928502850812e-02	-3.143096550879071610e-02	6.266858652342223446e-02	-5.916487948955651177e+01
1.798631476050831787e+12	1.652989352216344576e+00	2.621520626160305650e-02	1.976444527053449107e+01	2.731686561501271981e+00	8.666691363317019503e-02	3.172652194237835649e-02	2.637094623798539033e+03	5.377638030401551106e+01	-5.105354568754984224e-02	-7.451471430271250362e-03	5.159446630935227845e-02	-5.954532972552325276e+01	-5.105354568754982142e-02	-7.451471430271392610e-03	5.159446630935227845e-02	-5.954532972552325276e+01
1.808406647116325439e+12	1.653952714233071442e+00	2.568299385638541515e-02	1.946842882151200627e+01	2.734899964745516776e+00	8.495691479679991220e-02	3.106399352515446660e-02	4.246141796645908471e+03	5.702813282624970981e+01	-5.051315798372237043e-02	1.866672248250061603e-02	5.385188629683447525e-02	-6.004423723679690994e+01	-5.051315798372221777e-02	1.866672248250104277e-02	5.385188629683447525e-02	-6.004423723679691705e+01
1.818181818181819092e+12	1.654464779960741261e+00	2.455120316973187847e-02	1.871109707134797517e+01	2.736650946553462305e+00	8.123820189996380781e-02	2.968526256601163732e-02	4.352109600140225666e+03	5.719640899801632372e+01	-4.177019735280767393e-02	4.331723600777404037e-02	6.017584500649490048e-02	-6.049383833102512398e+01	-4.177019735280811802e-02	4.331723600777362404e-02	6.017584500649490742e-02	-6.049383833102511687e+01
1.827956989247312744e+12	1.653388479263514288e+00	2.430747073243484657e-02	1.862494098975842149e+01	2.733102610227908347e+00	8.037938413808566607e-02	2.940957424623840896e-02	4.350359479919724436e+03	5.719366324012914049e+01	-2.894619261946013156e-02	5.364278126028340643e-02	6.095432756172035338e-02	-6.076622531690195927e+01	-2.894619261946006217e-02	5.364278126028347582e-02	6.095432756172038113e-02	-6.076622531690195927e+01
1.837732160312806396e+12	1.652614018538373308e+00	2.532648546750301474e-02	1.950950740221386326e+01	2.730491663403415536e+00	8.370980984780773682e-02	3.065741271792341710e-02	4.170963175809043605e+03	5.690618333299595122e+01	-1.012012743236581289e-02	5.256620301305957310e-02	5.353151107952695831e-02	-6.107086222434932665e+01	-1.012012743236580768e-02	5.256620301305958698e-02	5.353151107952695831e-02	-6.107086222434932665e+01
1.847507331378300049e+12	1.653534437266495072e+00	2.618965525552356330e-02	2.028173543353047847e+01	2.733490237183821225e+00	8.661099373029132464e-02	3.168513007733377018e-02	4.039670658830753382e+03	5.668784140042226483e+01	1.437688175961945349e-02	4.558641269415398406e-02	4.779974635342537637e-02	-6.156656001630182118e+01	1.437688175961919328e-02	4.558641269415407427e-02	4.779974635342537637e-02	-6.156656001630181407e+01
1.857282502443793701e+12	1.654103372468177735e+00	2.523724064461241312e-02	1.964757689703507992e+01	2.735421048495245255e+00	8.349000972408872345e-02	3.052181300206656053e-02	3.737844568295370664e+03	5.615772540284367409e+01	3.625056198292969656e-02	3.791221153320494669e-02	5.245416120210774635e-02	-6.202405321677060357e+01	3.625056198293067494e-02	3.791221153320401688e-02	5.245416120210775329e-02	-6.202405321677062489e+01
1.867057673509287354e+12	1.652395657408444407e+00	2.391994607415746932e-02	1.872005372792032318e+01	2.729839244802094278e+00	7.905043003676394398e-02	2.895790665596313651e-02	2.550345532161935353e+03	5.354803653467178748e+01	4.922794483003659766e-02	3.445028765113495456e-02	6.008504698704219410e-02	-6.222125355043948502e+01	4.922794483003646582e-02	3.445028765113519742e-02	6.008504698704222879e-02	-6.222125355043948502e+01
1.876832844574780762e+12	1.652693243554851144e+00	2.372953957343522727e-02	1.866826975275154510e+01	2.730831866243487394e+00	7.843529945136773485e-02	2.872212691704918719e-02	2.267262575544364609e+03	5.274484396982037282e+01	5.949647048972079438e-02	1.113960741441572845e-02	6.053033003446721405e-02	-6.264676461297389665e+01	5.949647048972093316e-02	1.113960741441505885e-02	6.053033003446722099e-02	-6.264676461297391086e+01
1.886608015640274414e+12	1.651736961456019559e+00	2.573248227514941117e-02	2.034944264245266154e+01	2.727572829195923365e+00	8.500658416775233595e-02	3.116565147512923017e-02	3.346519376742926852e+03	5.540277907414214553e+01	4.711805120213258258e-02	-4.521219050401277702e-03	4.733447127399331711e-02	-6.292751532620921751e+01	4.711805120213258952e-02	-4.521219050401328876e-03	4.733447127399333793e-02	-6.292751532620921751e+01
1.896383186705768066e+12	1.653129439411491264e+00	2.643415351561186760e-02	2.101264218320455512e+01	2.732138178976864396e+00	8.739815476516149539e-02	3.198892187725677072e-02	3.490073379821796607e+03	5.568951114934866098e+01	3.420290195325841748e-02	-2.595009791411347078e-02	4.293304186493527436e-02	-6.348090557814140311e+01	3.420290195325817462e-02	-2.595009791411376915e-02	4.293304186493526048e-02	-6.348090557814141022e+01
1.906158357771261719e+12	1.653739407037443598e+00	2.510779135142596902e-02	2.006118808531199704e+01	2.734223625202008900e+00	8.304348796305408009e-02	3.037187126818081256e-02	3.512380226476588632e+03	5.573300483897233448e+01	2.183131294454428856e-02	-4.424789172215219668e-02	4.934047169148195189e-02	-6.394430656386838052e+01	2.183131294454493734e-02	-4.424789172215187749e-02	4.934047169148195189e-02	-6.394430656386836631e+01
1.915933528836755371e+12	1.652231614015794881e+00	2.429450173241694613e-02	1.951091312076204787e+01	2.729279083538812323e+00	8.028028761812154579e-02	2.941446629709603550e-02	3.091384089139295156e+03	5.486141376175719842e+01	1.288564779266308628e-02	-5.192946978036058064e-02	5.350429656304198089e-02	-6.415942446179138869e+01	1.288564779266244270e-02	-5.192946978036071942e-02	5.350429656304195314e-02	-6.415942446179138869e+01
1.925708699902249023e+12	1.650876993026795914e+00	2.363098978333081149e-02	1.907487347670270950e+01	2.724836422427055815e+00	7.802371471150421067e-02	2.863427472905226076e-02	1.472684536781747738e+03	4.979924381176537906e+01	6.574566170681759095e-04	-5.703734227381086069e-02	5.704113132523914304e-02	-6.439112313395105502e+01	6.574566170686475374e-04	-5.703734227381084682e-02	5.704113132523914304e-02	-6.439112313395105502e+01
1.935483870967742676e+12	1.651244140963204154e+00	2.611050150523350905e-02	2.118331532918925220e+01	2.725925454776454870e+00	8.622962525625550712e-02	3.163315603702997886e-02	3.430463746251813518e+03	5.557190657070520245e+01	-1.715737269705732912e-02	-3.819222343974425227e-02	4.186909802153705729e-02	-6.482486891135904727e+01	-1.715737269705736728e-02	-3.819222343974421757e-02	4.186909802153704341e-02	-6.482486891135904727e+01
1.945259042033236328e+12	1.652894079108127245e+00	2.644821172003841009e-02	2.156566807765466720e+01	2.731359328847516199e+00	8.743218511009932803e-02	3.201050267779703695e-02	3.662218781104553273e+03	5.601818935086301821e+01	-3.351911393897977903e-02	-2.105114902259002524e-02	3.958133239831122113e-02	-6.541266750715969636e+01	-3.351911393898036190e-02	-2.105114902258912318e-02	3.958133239831123501e-02	-6.541266750715972478e+01
1.955034213098729980e+12	1.652891781811995919e+00	2.508779813181733626e-02	2.055919328496503695e+01	2.731421844766531937e+00	8.293483071167843945e-02	3.036324501489343769e-02	3.699799259657315361e+03	5.608788505999818597e+01	-4.521397933028391269e-02	-7.703738137491948287e-03	4.586558086594334782e-02	-6.580468238892677846e+01	-4.521397933028397514e-02	-7.703738137491457361e-03	4.586558086594332700e-02	-6.580468238892677846e+01
1.964809384164223633e+12	1.651629978537218379e+00	2.460653761798396039e-02	2.026562925551870364e+01	2.727276104309307225e+00	8.128179039573220355e-02	2.980328624127959875e-02	3.633365698947818146e+03	5.596419215262135793e+01	-4.775718896238796696e-02	3.391898782789901003e-03	4.787749027405177604e-02	-6.604435049821994141e+01	-4.775718896238793226e-02	3.391898782790608337e-03	4.787749027405179686e-02	-6.604435049821995563e+01
1.974584555229717285e+12	1.650732315232443792e+00	2.571607505152711387e-02	2.128480037524447610e+01	2.724255860036608468e+00	8.490071221699728443e-02	3.116473509792005644e-02	3.618966614584311628e+03	5.593708433274611735e+01	-3.870412534429092805e-02	1.425284284249024071e-02	4.124503421939796494e-02	-6.632628660275487675e+01	-3.870412534429096968e-02	1.425284284249019040e-02	4.124503421939797881e-02	-6.632628660275487675e+01
1.984359726295210938e+12	1.651583512406128662e+00	2.679357414925516087e-02	2.228641512650043310e+01	2.727010202836073205e+00	8.850365060668177741e-02	3.245446258860291283e-02	3.540295985674082658e+03	5.578704723626917428e+01	-2.358130314391717469e-02	2.668607544004351906e-02	3.561213950827740032e-02	-6.682053067709284733e+01	-2.358130314391717816e-02	2.668607544004355375e-02	3.561213950827742808e-02	-6.682053067709284733e+01
1.994134897360704590e+12	1.652626839318486640e+00	2.585129760370078605e-02	2.160857073766643310e+01	2.730507180448015880e+00	8.544509650217119168e-02	3.129275656698751046e-02	3.502392351401932046e+03	5.571356482199510651e+01	-7.991700176284321361e-03	3.849258595962423701e-02	3.931343848567157850e-02	-6.733953367151525526e+01	-7.991700176284430648e-03	3.849258595962421620e-02	3.931343848567158544e-02	-6.733953367151524105e+01
2.003910068426198242e+12	1.651795922896888813e+00	2.465043125141165234e-02	2.070579500211696455e+01	2.727822127137903951e+00	8.143496367746363984e-02	2.985347280062837158e-02	3.509462333558105001e+03	5.572733128582432727e+01	3.800829041749538215e-03	4.471507011972611356e-02	4.487631666276355874e-02	-6.762903929427830008e+01	3.800829041749500918e-03	4.471507011972613438e-02	4.487631666276356568e-02	-6.762903929427830008e+01
