freq_roi_Hz	n_opt	k_opt	alpha_cm	eps_r	eps_i	loss_tan	DR	alpha_max	H_meas_real	H_meas_imag	H_meas_mag	H_meas_phase	H_model_real	H_model_imag	H_model_mag	H_model_phase
3.030303030303031616e+11	1.670445375489030493e+00	7.726386064841225289e-03	9.814125922226867305e-01	2.790328055451065214e+00	2.581301174251382502e-02	9.250887791522086762e-03	1.279853650365473368e+04	6.478121798622403560e+01	8.245228578725731783e-01	1.435138248289855312e-01	8.369194471819855208e-01	1.723303645408980622e-01	8.245228572803312561e-01	1.435138246785347682e-01	8.369194465727168852e-01	1.723303644851395255e-01
3.128054740957968140e+11	1.671099821605044555e+00	8.320442673689830426e-03	1.090962790730771736e+00	2.792505384002125446e+00	2.780858053535615118e-02	9.958290750187139689e-03	1.556644782113134170e+04	6.612236254608595232e+01	7.714610792336760170e-01	-2.564114193577108902e-01	8.129569562710093900e-01	-3.208843550689362001e-01	7.714610792336753509e-01	-2.564114193577134992e-01	8.129569562710097230e-01	-3.208843550689395308e-01
3.225806451612904663e+11	1.671369016561793597e+00	7.571770934974101849e-03	1.023823123962832815e+00	2.793417057807645154e+00	2.531044668243767268e-02	9.060747521282068798e-03	1.408947927574106143e+04	6.543948794191628338e+01	5.974402128001834456e-01	-4.868448312679994339e-01	7.706832667205739673e-01	-6.837512528002612777e-01	5.974402128001961021e-01	-4.868448312680111467e-01	7.706832667205910647e-01	-6.837512528002627210e-01
3.323558162267841187e+11	1.670926844338397110e+00	7.424729572402607655e-03	1.034363256039791290e+00	2.791941392521450904e+00	2.481235990896133239e-02	8.887134943242077853e-03	1.528311087841508925e+04	6.599653138005878361e+01	4.193789813484015694e-01	-7.057182303810889401e-01	8.209244488313396371e-01	-1.034609292421403426e+00	4.193789809336412322e-01	-7.057182301180071615e-01	8.209244483932927050e-01	-1.034609292692019844e+00
3.421309872922777710e+11	1.669963504309231128e+00	8.244077366910752477e-03	1.182288949855044624e+00	2.788710140913135849e+00	2.753461665888539897e-02	9.873602944574748699e-03	1.697695422426422374e+04	6.671652614630730227e+01	6.371447197086564651e-02	-8.098362042116150628e-01	8.123387295890815984e-01	-1.492282306040100925e+00	6.371447197086232972e-02	-8.098362042116050707e-01	8.123387295890713844e-01	-1.492282306040104034e+00
3.519061583577714233e+11	1.670180365408535650e+00	8.644532203434609346e-03	1.275138987847702188e+00	2.789427725059173468e+00	2.887585590863653989e-02	1.035189248648626763e-02	1.551383450296923183e+04	6.609917082851916348e+01	-2.247165784651306286e-01	-7.121935135065593503e-01	7.468046205788319014e-01	-1.876436885309960001e+00	-2.247165784651334319e-01	-7.121935135065605715e-01	7.468046205788337888e-01	-1.876436885309963110e+00
3.616813294232650757e+11	1.670865025996018050e+00	8.571943936375241505e-03	1.299554727307009827e+00	2.791716456873825525e+00	2.864512265617605302e-02	1.026075645527876022e-02	1.657058486472296863e+04	6.655056619790647687e+01	-4.816286619558015070e-01	-6.124785342289723600e-01	7.791637330552585450e-01	-2.237164724005368477e+00	-4.816286619616898523e-01	-6.124785341858509646e-01	7.791637330250017479e-01	-2.237164724045518582e+00
3.714565004887587280e+11	1.670010285095670399e+00	8.726831148093130638e-03	1.358794239545390248e+00	2.788858194743434993e+00	2.914779554721757052e-02	1.045151582183584740e-02	1.809716804992860853e+04	6.715423326836769036e+01	-7.149638578345204332e-01	-3.518068036662770348e-01	7.968320683277642091e-01	-2.684315296075351576e+00	-7.149638578343421313e-01	-3.518068036662159170e-01	7.968320683275772476e-01	-2.684315296075321378e+00
3.812316715542523804e+11	1.669819772478517095e+00	8.916906831144528686e-03	1.424926171920209761e+00	2.788218561332771017e+00	2.977925467198778292e-02	1.068038750081101024e-02	1.694992026120763694e+04	6.670560953826762329e+01	-7.343460715851224396e-01	-4.451144895007572155e-02	7.356938370953891582e-01	-3.081053000027631050e+00	-7.343460715851223286e-01	-4.451144895007391744e-02	7.356938370953889361e-01	-3.081053000027633271e+00
3.910068426197460327e+11	1.670020223436231577e+00	9.234685374742217581e-03	1.513545991940839608e+00	2.788882267272030369e+00	3.084422266578059485e-02	1.105970769284253183e-02	1.891221067573757318e+04	6.745599246453619457e+01	-7.156714080805288702e-01	2.077368157451064401e-01	7.452114793532660375e-01	-3.424097663743791209e+00	-7.156714080810980816e-01	2.077368157453898245e-01	7.452114793538916482e-01	-3.424097663743942643e+00
4.007820136852396851e+11	1.670105401500686870e+00	9.433670293884021188e-03	1.584813192357736211e+00	2.789163057986556726e+00	3.151044742758455502e-02	1.129745618039676089e-02	1.848886689685875535e+04	6.730091475534840129e+01	-5.730527538682139710e-01	5.182623341168539621e-01	7.726482418799601737e-01	-3.876827070136474429e+00	-5.730527538669951682e-01	5.182623341155229157e-01	7.726482418781633887e-01	-3.876827070136254161e+00
4.105571847507333374e+11	1.669990854485943643e+00	9.373556948358620702e-03	1.613122095922418398e+00	2.788781590496828056e+00	3.130750875552413409e-02	1.122623186491510973e-02	1.931576505809455193e+04	6.760062255606476356e+01	-2.933048379518713444e-01	6.597863106644069608e-01	7.220427298339917588e-01	-4.294080517210773884e+00	-2.933048379518701787e-01	6.597863106644056286e-01	7.220427298339900934e-01	-4.294080517210772996e+00
4.203323558162269897e+11	1.669640223938609447e+00	9.280997186271953622e-03	1.635221633076467063e+00	2.787612340484998619e+00	3.099185244092141772e-02	1.111770528162081030e-02	1.982128061659120067e+04	6.777758960261203924e+01	-6.513223110413433881e-02	7.213352280608446021e-01	7.242697831403662745e-01	-4.622339192594752788e+00	-6.513223110451672737e-02	7.213352280624173440e-01	7.242697831419669940e-01	-4.622339192594421498e+00
4.301075268817206421e+11	1.669311914049194101e+00	9.948282634354661813e-03	1.793553431069298210e+00	2.786503298059211264e+00	3.321357345171387782e-02	1.191944523261357844e-02	1.960626097196259070e+04	6.770287516905429470e+01	2.445606943506792308e-01	7.075199204855772139e-01	7.485949312580226778e-01	-5.045191400482624822e+00	2.445606943472785066e-01	7.075199204743823911e-01	7.485949312463312522e-01	-5.045191400483216349e+00
4.398826979472142944e+11	1.669481314422671669e+00	1.043025108180580494e-02	1.923183854033036599e+00	2.787059069068821948e+00	3.482621857162329637e-02	1.249568728489812951e-02	2.050386443676075578e+04	6.800951232298639582e+01	4.876727695675540653e-01	4.995626746765173265e-01	6.981315034487732829e-01	-5.485744089255867095e+00	4.876727695675556196e-01	4.995626746765146065e-01	6.981315034487723947e-01	-5.485744089255870648e+00
4.496578690127079468e+11	1.669776702021207759e+00	1.033631136889206353e-02	1.948215267801389539e+00	2.788047395280106588e+00	3.451866381722581284e-02	1.238094584606508342e-02	2.018435537627851227e+04	6.790192894473386787e+01	6.201967693152377059e-01	2.970995062797278652e-01	6.876860833990435795e-01	-5.836445273469714756e+00	6.201967693158016992e-01	2.970995062800940723e-01	6.876860833997103795e-01	-5.836445273469587747e+00
4.594330400782015991e+11	1.669413641490273159e+00	1.027357567537131450e-02	1.978486128119121501e+00	2.786836360036656579e+00	3.430169475869503798e-02	1.230847108591760081e-02	2.138914650504156089e+04	6.829906428532230223e+01	7.247854894193392905e-01	3.191704911343257178e-02	7.254879073402537015e-01	-6.239177194177666586e+00	7.247854893844004609e-01	3.191704911413618256e-02	7.254879073053794869e-01	-6.239177194174578389e+00
4.692082111436951904e+11	1.668961534322420670e+00	1.044618245523700265e-02	2.054529454283399392e+00	2.785323480319960687e+00	3.486855339660859671e-02	1.251867283745553006e-02	2.132114746241722241e+04	6.827725244217131717e+01	6.404854801834313216e-01	-2.634994403717003109e-01	6.925702891418313856e-01	-6.673485435633205398e+00	6.404854801834320988e-01	-2.634994403716978684e-01	6.925702891418310525e-01	-6.673485435633200957e+00
4.789833822091888428e+11	1.668897107296771098e+00	1.097669073751738472e-02	2.203844944959371777e+00	2.785097067003983184e+00	3.663793483906804815e-02	1.315499386830371042e-02	2.253705032762526025e+04	6.865716282581971086e+01	4.871365054384944049e-01	-4.447533767870817112e-01	6.596268195687166047e-01	-7.023133957260372817e+00	4.871365054386512794e-01	-4.447533767871951760e-01	6.596268195689088953e-01	-7.023133957260339066e+00
4.887585532746824951e+11	1.669084222327311462e+00	1.118740476819191434e-02	2.291990869205624559e+00	2.785716983196518726e+00	3.734544157475691573e-02	1.340604296847996632e-02	2.247679393445467213e+04	6.863882368231359976e+01	2.872852330437423718e-01	-6.245508913760600134e-01	6.874566321184402140e-01	-7.422853699343407996e+00	2.872852330203106708e-01	-6.245508913354969049e-01	6.874566320717968582e-01	-7.422853699349714951e+00
4.985337243401761475e+11	1.669015197471008349e+00	1.091557639330843071e-02	2.281026742381402794e+00	2.785492579581190675e+00	3.643652577917509683e-02	1.308081954562358498e-02	2.409128154689965959e+04	6.911398631700394901e+01	-1.261384818902620657e-02	-6.762307459573971835e-01	6.763483798636865663e-01	-7.872632642690414961e+00	-1.261384818902567401e-02	-6.762307459573970725e-01	6.763483798636864552e-01	-7.872632642690413185e+00
5.083088954056697998e+11	1.668735050592869307e+00	1.103463958465582435e-02	2.351121233649380748e+00	2.784554905806423175e+00	3.682777969114943428e-02	1.322573299393566687e-02	2.398322250128005544e+04	6.908319212539187504e+01	-2.353855590089714289e-01	-6.000805568964205916e-01	6.445952498700903144e-01	-8.227794894445160878e+00	-2.353855590089865557e-01	-6.000805568964797665e-01	6.445952498701509326e-01	-8.227794894445150220e+00
5.180840664711634521e+11	1.668332168051055220e+00	1.149232489261123140e-02	2.495728233806499663e+00	2.783200149422497383e+00	3.834603060807441344e-02	1.377767625372938384e-02	2.521052120597845351e+04	6.942505527650769181e+01	-4.458412075084962067e-01	-4.881752208914210689e-01	6.611273921151821220e-01	-8.594086097544625602e+00	-4.458412075034716149e-01	-4.881752208515198754e-01	6.611273920823307337e-01	-8.594086097579713979e+00
5.278592375366571045e+11	1.668630295728594337e+00	1.185796336390580394e-02	2.623719429683831983e+00	2.784186452528156330e+00	3.957311382930595728e-02	1.421352862103467812e-02	2.521343408741411622e+04	6.942584669767296646e+01	-6.044056386199865294e-01	-2.348773210999644534e-01	6.484393047639305241e-01	-9.054130030795255024e+00	-6.044056386199783137e-01	-2.348773210999683392e-01	6.484393047639243068e-01	-9.054130030795242590e+00
5.376344086021507568e+11	1.668762489735063914e+00	1.186958974911115489e-02	2.674926944976702803e+00	2.784627359985957007e+00	3.961505228372104448e-02	1.422633881034653970e-02	2.657689042292060913e+04	6.978660366522289848e+01	-6.163404651826061009e-01	7.572328009036529903e-03	6.163869800482386641e-01	-9.437063292450005747e+00	-6.163404651826233094e-01	7.572328009031924212e-03	6.163869800482557615e-01	-9.437063292449998642e+00
5.474095796676444092e+11	1.668430423189818157e+00	1.159920889260986597e-02	2.661521165404943101e+00	2.783525535378421178e+00	3.870494600272836316e-02	1.390500841856527614e-02	2.492081978354668536e+04	6.934588395363448399e+01	-5.965497110567515859e-01	2.313399086958415618e-01	6.398356907185579479e-01	-9.794720042079029909e+00	-5.965497110425381777e-01	2.313399087081702832e-01	6.398356907097636492e-01	-9.794720042105026891e+00
5.571847507331380615e+11	1.667884327508850850e+00	1.144511672031737169e-02	2.673059396919234665e+00	2.781707139252910022e+00	3.817826160865368801e-02	1.372475954420828044e-02	1.827662228737384066e+04	6.722182451301851813e+01	-4.532947116634502560e-01	4.637940188063340297e-01	6.485221565240316677e-01	-1.022162414235787509e+01	-4.532947116634189477e-01	4.637940188062574798e-01	6.485221565239550623e-01	-1.022162414235782713e+01
5.669599217986317139e+11	1.667779372164881702e+00	1.221628220087969501e-02	2.903224214610553577e+00	2.781338796667875535e+00	4.074812691834431289e-02	1.465054417935770723e-02	2.484837157827257033e+04	6.932594101673592490e+01	-2.243420861484627105e-01	5.553810219643093848e-01	5.989803428957956033e-01	-1.061167369506621228e+01	-2.243420861484613227e-01	5.553810219643093848e-01	5.989803428957951592e-01	-1.061167369506621583e+01
5.767350928641253662e+11	1.668080420307039180e+00	1.275875474444899439e-02	3.084422256949940433e+00	2.782329502789079090e+00	4.256525795342981644e-02	1.529842454344868159e-02	2.571315086977635656e+04	6.956028254273468292e+01	-6.760093594046259237e-03	5.961964128237366989e-01	5.962347369361262750e-01	-1.098423607122390422e+01	-6.760093594046185511e-03	5.961964128237353666e-01	5.962347369361249427e-01	-1.098423607122390422e+01
5.865102639296190186e+11	1.668314983768429904e+00	1.256399116119162260e-02	3.088818572554651087e+00	2.783117031192358315e+00	4.192138942030019383e-02	1.506274761372143958e-02	2.569359717596566043e+04	6.955507143008901494e+01	2.557175532070516955e-01	5.546952942127859609e-01	6.108013887017698096e-01	-1.142754256375385324e+01	2.557175532069319024e-01	5.546952942126400776e-01	6.108013887015872889e-01	-1.142754256375377686e+01
5.962854349951126709e+11	1.668109597508802500e+00	1.233690233357504114e-02	3.083539307663280216e+00	2.782437430141790902e+00	4.115861037233053965e-02	1.479228604620702256e-02	2.560722083395115260e+04	6.953200434648319117e+01	4.331895327634699977e-01	3.950860232495355118e-01	5.862986756449019010e-01	-1.182694346102467620e+01	4.331895327634713300e-01	3.950860232495322921e-01	5.862986756449007908e-01	-1.182694346102468153e+01
6.060606060606063232e+11	1.667620294461328756e+00	1.250069485382697410e-02	3.175699282464276241e+00	2.780801179127460721e+00	4.169282486622031408e-02	1.499309809675151983e-02	2.602323056587280735e+04	6.964239409109028145e+01	5.382009579859777793e-01	2.261096772719569381e-01	5.837686676527378271e-01	-1.216863953010589761e+01	5.382009579859898807e-01	2.261096772719867198e-01	5.837686676527605867e-01	-1.216863953010585853e+01
6.158357771260999756e+11	1.667414829771653784e+00	1.307423878038364851e-02	3.374974448898351298e+00	2.780101278822746824e+00	4.360035926077471258e-02	1.568301111650061488e-02	2.618575090691312653e+04	6.968504081439694176e+01	5.857093819451522076e-01	-1.014187695936989708e-02	5.857971814261581089e-01	-1.258368442876568949e+01	5.857093819450108763e-01	-1.014187695933958452e-02	5.857971814260162224e-01	-1.258368442876564153e+01
6.256109481915936279e+11	1.667607971344882145e+00	1.342192704682096567e-02	3.519722101874908304e+00	2.780736197967343060e+00	4.476502506817622851e-02	1.609826387015729152e-02	2.658214982774219970e+04	6.978795910813721548e+01	5.010973728310595954e-01	-2.374582047297994492e-01	5.545132785170155953e-01	-1.300890177149816473e+01	5.010973728310600395e-01	-2.374582047297983389e-01	5.545132785170154843e-01	-1.300890177149816296e+01
6.353861192570872803e+11	1.667801384293119860e+00	1.331276351148732648e-02	3.545643780465487005e+00	2.781384227777734086e+00	4.440609082645100014e-02	1.596546438387281414e-02	2.656069399662512296e+04	6.978242787026070459e+01	3.786015869443244419e-01	-3.998299569042278456e-01	5.506388617549596853e-01	-1.337903271641163094e+01	3.786015869443294379e-01	-3.998299569042236823e-01	5.506388617549600184e-01	-1.337903271641162029e+01
6.451612903225809326e+11	1.667498664269015052e+00	1.318091500018223929e-02	3.564536140374220174e+00	2.780378058818707476e+00	4.395831631329461670e-02	1.581019393167383894e-02	2.598541017384030420e+04	6.963243149872685933e+01	1.997844819132586491e-01	-5.323577777775577724e-01	5.686111525230654884e-01	-1.377814874750639262e+01	1.997844819132488514e-01	-5.323577777774737285e-01	5.686111525229832209e-01	-1.377814874750635710e+01
6.549364613880745850e+11	1.667150692553673874e+00	1.340326075519484086e-02	3.679584635823256900e+00	2.779211784283322828e+00	4.469051090100111673e-02	1.608028260161018658e-02	2.638343842092431441e+04	6.973656032974805896e+01	-2.877985460788282449e-02	-5.448309305861173124e-01	5.455905268189554791e-01	-1.418994135135289625e+01	-2.877985460788464248e-02	-5.448309305861167573e-01	5.455905268189550350e-01	-1.418994135135289980e+01
6.647116324535682373e+11	1.667057025615284349e+00	1.377779363021327738e-02	3.838858598530765942e+00	2.778889299055962159e+00	4.593673533744911663e-02	1.653061003655476383e-02	2.566930211155080178e+04	6.954859120161198405e+01	-2.127438513612946447e-01	-4.807596307866620067e-01	5.257278467859242133e-01	-1.455377980752460587e+01	-2.127438513612934512e-01	-4.807596307866621177e-01	5.257278467859238802e-01	-1.455377980752460410e+01
6.744868035190618896e+11	1.667222768470320471e+00	1.394598554802805451e-02	3.942864286815415120e+00	2.779437269192933879e+00	4.650212926886082565e-02	1.673077129111234101e-02	2.514800391855467024e+04	6.940804743859077064e+01	-3.922485733134880026e-01	-3.644371065819170807e-01	5.354188527874848003e-01	-1.495930288655699769e+01	-3.922485733134787322e-01	-3.644371065819261291e-01	5.354188527874842451e-01	-1.495930288655697460e+01
6.842619745845555420e+11	1.667129378188604960e+00	1.390366752194159908e-02	3.987869531556756719e+00	2.779127051648963675e+00	4.635842518079120317e-02	1.668093049336659764e-02	2.487563180745775389e+04	6.933345179983574269e+01	-4.974908585297275199e-01	-1.668243013711123435e-01	5.247165919318780292e-01	-1.538441554125933841e+01	-4.974908585297278529e-01	-1.668243013711122602e-01	5.247165919318783622e-01	-1.538441554125933841e+01
6.940371456500491943e+11	1.666881628378414915e+00	1.389504633403355546e-02	4.042331030140814185e+00	2.778301290712851035e+00	4.632279491933475463e-02	1.667306388770000564e-02	2.387875387386153670e+04	6.905328892220671833e+01	-5.092424921045288766e-01	2.108800789827421432e-02	5.096789380011194082e-01	-1.574935016412286259e+01	-5.092424921045284325e-01	2.108800789827260450e-02	5.096789380011188531e-01	-1.574935016412285904e+01
7.038123167155428467e+11	1.666751947271227996e+00	1.424308244324660327e-02	4.201941598018881230e+00	2.777859188334945273e+00	4.747937079485183010e-02	1.709207255509271120e-02	2.324333912735600825e+04	6.886854047212843000e+01	-4.671792197360674637e-01	2.112457375555113204e-01	5.127194018062636305e-01	-1.613262262935774416e+01	-4.671792197360698506e-01	2.112457375555098493e-01	5.127194018062651848e-01	-1.613262262935774061e+01
7.135874877810364990e+11	1.666798065162279352e+00	1.449181611717754135e-02	4.334701561643161227e+00	2.778005777294343837e+00	4.830986212959812592e-02	1.739012298838694959e-02	2.303199372477524594e+04	6.880597020128908525e+01	-3.288423571752400187e-01	3.784740832729719950e-01	5.013780286190098190e-01	-1.656341566150704026e+01	-3.288423571752387420e-01	3.784740832729733273e-01	5.013780286190100410e-01	-1.656341566150704381e+01
7.233626588465301514e+11	1.666868722794853319e+00	1.451820044390272901e-02	4.402081058603554808e+00	2.778240560887616173e+00	4.839986846241563223e-02	1.742105026605486953e-02	2.291366238936382797e+04	6.877068618371791331e+01	-1.559530285735186150e-01	4.584186189600249484e-01	4.842199679179590710e-01	-1.695084375013981060e+01	-1.559530285735177269e-01	4.584186189600250594e-01	4.842199679179588490e-01	-1.695084375013981060e+01
7.331378299120238037e+11	1.666668984606658466e+00	1.446555780086176794e-02	4.445391100687752228e+00	2.777576251887300174e+00	4.821859306346241991e-02	1.735995295563856275e-02	2.304293987666098838e+04	6.880922495792857774e+01	2.221993559895586723e-02	4.916296102213570940e-01	4.921314856666105242e-01	-1.732392535353378804e+01	2.221993559895254697e-02	4.916296102213575381e-01	4.921314856666107462e-01	-1.732392535353378094e+01
7.429130009775174561e+11	1.666323261813361434e+00	1.472074388200227991e-02	4.584129485089995626e+00	2.776416512559880978e+00	4.905903592355424780e-02	1.766991216974191439e-02	2.267028798737955367e+04	6.869754047935266783e+01	2.133277395843786450e-01	4.359159240276242464e-01	4.853157913122526090e-01	-1.773387369385455870e+01	2.133277395843803659e-01	4.359159240276234693e-01	4.853157913122527201e-01	-1.773387369385456225e+01
7.526881720430111084e+11	1.666170516619686071e+00	1.494988983456844306e-02	4.716743340205255208e+00	2.775900691246645735e+00	4.981813133814059352e-02	1.794665475434118265e-02	1.807683024678073343e+04	6.714653081047438832e+01	3.459263756686876135e-01	3.089181625003557530e-01	4.637838812484433859e-01	-1.812061220847876797e+01	3.459263756686874469e-01	3.089181625003560305e-01	4.637838812484433859e-01	-1.812061220847876797e+01
7.624633431085047607e+11	1.666389824772836592e+00	1.520420506460867967e-02	4.859279149162517797e+00	2.776623880254798227e+00	5.067226522684706302e-02	1.824959642074283975e-02	2.303466206337415861e+04	6.880676375442963888e+01	4.341571328235289129e-01	1.542695177734338396e-01	4.607510174656103130e-01	-1.850813973781788491e+01	4.341571328235283023e-01	1.542695177734358103e-01	4.607510174656104240e-01	-1.850813973781788135e+01
7.722385141739984131e+11	1.666457324600881362e+00	1.520595819349208032e-02	4.922145084893502442e+00	2.776848793551345285e+00	5.068016081823932539e-02	1.825096164254009015e-02	2.359784393257172997e+04	6.897222747577421842e+01	4.609454196035599471e-01	-3.775805257920504532e-02	4.624892975930102179e-01	-1.893128780916964615e+01	4.609454196035603912e-01	-3.775805257920132607e-02	4.624892975930103844e-01	-1.893128780916963905e+01
7.820136852394920654e+11	1.666255060365218865e+00	1.513427339197487807e-02	4.960952735003145264e+00	2.776176879961596011e+00	5.043511924865765050e-02	1.816711305850056066e-02	2.326885056316939517e+04	6.887605479620484061e+01	3.995093002866386134e-01	-2.047660303963226569e-01	4.489285112574020187e-01	-1.932318816980195919e+01	3.995093002866396681e-01	-2.047660303963206307e-01	4.489285112574019632e-01	-1.932318816980195564e+01
7.917888563049857178e+11	1.665951466004520487e+00	1.529824572361960719e-02	5.077385970087552991e+00	2.775160250760390745e+00	5.097226978112294471e-02	1.836732483003696709e-02	2.333270825822702682e+04	6.889482784581586827e+01	2.981712335796985469e-01	-3.292482540784831824e-01	4.441964625570182790e-01	-1.968444512561359616e+01	2.981712335796982138e-01	-3.292482540784834044e-01	4.441964625570182235e-01	-1.968444512561359971e+01
8.015640273704793701e+11	1.665869317320722409e+00	1.563983178164670210e-02	5.254839518798687159e+00	2.774875978052451675e+00	5.210783178620545519e-02	1.877843629709799456e-02	2.268959198222176565e+04	6.870337086234225410e+01	1.416133875737027037e-01	-4.171976427718650515e-01	4.405771495147024486e-01	-2.009311618672573729e+01	1.416133875737058678e-01	-4.171976427718641078e-01	4.405771495147025596e-01	-2.009311618672573019e+01
8.113391984359730225e+11	1.665878687422046367e+00	1.580431861200744942e-02	5.374862964868179382e+00	2.774902024720210303e+00	5.265615508994157812e-02	1.897586099287625408e-02	2.292351331053508693e+04	6.877363047492255532e+01	-3.447573647776865091e-02	-4.231074576466831161e-01	4.245097138133876458e-01	-2.050165485718229874e+01	-3.447573647776627087e-02	-4.231074576466833936e-01	4.245097138133877568e-01	-2.050165485718229519e+01
8.211143695014666748e+11	1.665903998347916692e+00	1.583026543883352122e-02	5.448550876552987532e+00	2.774985534407711452e+00	5.274340497892320012e-02	1.900673150362229558e-02	2.170736830956444101e+04	6.840022629262922749e+01	-1.861739363250345947e-01	-3.759406569958901323e-01	4.195141381994885177e-01	-2.088016984116319108e+01	-1.861739363250355939e-01	-3.759406569958897992e-01	4.195141381994886842e-01	-2.088016984116319463e+01
8.308895405669603271e+11	1.665766847151211483e+00	1.588632127217405599e-02	5.532937879198328801e+00	2.774526813864524932e+00	5.292581459676119759e-02	1.907561834770772971e-02	2.209982521007459945e+04	6.852296454038544482e+01	-3.197345653998315829e-01	-2.761174788120980828e-01	4.224583463691641283e-01	-2.127882128622258406e+01	-3.197345653998335258e-01	-2.761174788120963064e-01	4.224583463691644059e-01	-2.127882128622259117e+01
8.406647116324539795e+11	1.665586588907691068e+00	1.610909982505705912e-02	5.676534103961477840e+00	2.773919182051984400e+00	5.366220125598054197e-02	1.934526485241158320e-02	2.063664277296930959e+04	6.805372846537065357e+01	-3.885433800174591945e-01	-1.241339552526317253e-01	4.078911582788404822e-01	-2.168191245780033682e+01	-3.885433800174582508e-01	-1.241339552526351669e-01	4.078911582788405932e-01	-2.168191245780032617e+01
8.504398826979476318e+11	1.665590203496661648e+00	1.618130789330386038e-02	5.768280905035792827e+00	2.773928891258912621e+00	5.390285581370023171e-02	1.943195299041609522e-02	2.112748942251762855e+04	6.821475006177713851e+01	-3.985723251006483836e-01	2.843569697991202641e-02	3.995853941260494868e-01	-2.206237177999740240e+01	-3.985723251006487167e-01	2.843569697991168294e-02	3.995853941260498199e-01	-2.206237177999740240e+01
8.602150537634412842e+11	1.665519220584696924e+00	1.629340550269131951e-02	5.875002634573033511e+00	2.773688799074181421e+00	5.427396006702571440e-02	1.956742951305193504e-02	2.020277151496699662e+04	6.790817602965348954e+01	-3.580577175408118928e-01	1.801647112748898105e-01	4.008299543189109970e-01	-2.245733077128229382e+01	-3.580577175408107271e-01	1.801647112748922808e-01	4.008299543189110525e-01	-2.245733077128230093e+01
8.699902248289349365e+11	1.665322801293130706e+00	1.640167671463542073e-02	5.981247608931815840e+00	2.773031017507748608e+00	5.462817242464194228e-02	1.969980576479047479e-02	2.089225668756014784e+04	6.813805442946251389e+01	-2.524473754757053379e-01	2.993325318902982923e-01	3.915732907546532471e-01	-2.286131387972165641e+01	-2.524473754757076138e-01	2.993325318902965160e-01	3.915732907546533026e-01	-2.286131387972164930e+01
8.797653958944285889e+11	1.665158269766014998e+00	1.664408229455838911e-02	6.137844637302817041e+00	2.772475037894720717e+00	5.543006255090002221e-02	1.999298886131391229e-02	2.045619513234821352e+04	6.799356821626111014e+01	-1.206948166672878048e-01	3.586361296434176227e-01	3.784007297244026957e-01	-2.323731259792359083e+01	-1.206948166672868472e-01	3.586361296434179557e-01	3.784007297244027512e-01	-2.323731259792359438e+01
8.895405669599222412e+11	1.665257754698211246e+00	1.690024525971038985e-02	6.301557840971096169e+00	2.772797771292689450e+00	5.628652895006882456e-02	2.029954349098737898e-02	2.044448859997155887e+04	6.798964701191073345e+01	2.760466670898403113e-02	3.743630226981405351e-01	3.753793952627162978e-01	-2.363554938871404687e+01	2.760466670898183844e-02	3.743630226981408682e-01	3.753793952627164643e-01	-2.363554938871404332e+01
8.993157380254158936e+11	1.665277810535212621e+00	1.692835307420277255e-02	6.381401399565137744e+00	2.772863617123146440e+00	5.638082148675085947e-02	2.033306691991080065e-02	2.018303097475684990e+04	6.790147946428963621e+01	1.738409011306498442e-01	3.269474276222519293e-01	3.702908037404170627e-01	-2.405063678299291041e+01	1.738409011306472352e-01	3.269474276222533726e-01	3.702908037404170627e-01	-2.405063678299290331e+01
9.090909090909095459e+11	1.665170116434221637e+00	1.683037194453427740e-02	6.413427501372260586e+00	2.772508255245768272e+00	5.605086482102279721e-02	2.021666291343618763e-02	1.979383643055041102e+04	6.776809861859138095e+01	2.785354229749593680e-01	2.337372102157514175e-01	3.636138958995955850e-01	-2.443457110175218006e+01	2.785354229749595345e-01	2.337372102157513065e-01	3.636138958995955850e-01	-2.443457110175218006e+01
9.188660801564031982e+11	1.664818313058395782e+00	1.692391734778723317e-02	6.518419051762404770e+00	2.771333596516208253e+00	5.635049505856572216e-02	2.033334966580814182e-02	1.897729906422757267e+04	6.747952705914548233e+01	3.430331733608609213e-01	1.171799575891351169e-01	3.624953799520953535e-01	-2.480356967149177549e+01	3.430331733608608102e-01	1.171799575891356859e-01	3.624953799520954645e-01	-2.480356967149177549e+01
9.286412512218968506e+11	1.664666793521413890e+00	1.727592901521107088e-02	6.724787162231617543e+00	2.770817075729526735e+00	5.751733071770993855e-02	2.075825619147602524e-02	1.926511822699767072e+04	6.758263790061759835e+01	3.519672996004977739e-01	-2.616562268443060890e-02	3.529385496067701800e-01	-2.520694579166930893e+01	3.519672996004978294e-01	-2.616562268443113279e-02	3.529385496067702355e-01	-2.520694579166930893e+01
9.384164222873903809e+11	1.664764545203631485e+00	1.757276833892235449e-02	6.912337650682098378e+00	2.771132188779960259e+00	5.850904338342969441e-02	2.111376845187213150e-02	1.805997308506847548e+04	6.714013999153048928e+01	3.012421352285257758e-01	-1.548218186064557467e-01	3.386984197684596576e-01	-2.560748231426535426e+01	3.012421352285269971e-01	-1.548218186064531376e-01	3.386984197684594911e-01	-2.560748231426534716e+01
9.481915933528840332e+11	1.664927609449655899e+00	1.760010059254437861e-02	6.995204441124340811e+00	2.771674181166878359e+00	5.860578681123677219e-02	2.114454404830645035e-02	1.804214834579506714e+04	6.713337585663319373e+01	2.172159955740321224e-01	-2.578911112773153991e-01	3.371803879365860013e-01	-2.600354365936234657e+01	2.172159955740318726e-01	-2.578911112773157877e-01	3.371803879365860568e-01	-2.600354365936235013e+01
9.579667644183776855e+11	1.664786615640309497e+00	1.748479524443222535e-02	7.021019091188656525e+00	2.771208757550375879e+00	5.821690620028420471e-02	2.100776639135094881e-02	1.701065994338795645e+04	6.673011255960963695e+01	9.970919657421771498e-02	-3.231776900195841851e-01	3.382096143043104020e-01	-2.640427586680392835e+01	9.970919657421607740e-02	-3.231776900195846292e-01	3.382096143043104020e-01	-2.640427586680393190e+01
9.677419354838713379e+11	1.664477225571044938e+00	1.756927031180392437e-02	7.126929236577627336e+00	2.770175755185393829e+00	5.848730060779824824e-02	2.111320933277173462e-02	1.645588961259806820e+04	6.650298813766231376e+01	-2.687162425695981474e-02	-3.277352114451952958e-01	3.288349935928871481e-01	-2.678534643267310855e+01	-2.687162425695876697e-02	-3.277352114451953513e-01	3.288349935928870926e-01	-2.678534643267310500e+01
9.775171065493649902e+11	1.664323629306576846e+00	1.784048863231625995e-02	7.310048736896503030e+00	2.769654860033575972e+00	5.938469357827864947e-02	2.144118909370489046e-02	1.563070410857685420e+04	6.615058033999558518e+01	-1.420578012339148433e-01	-2.880327163808045765e-01	3.211592511467161182e-01	-2.716173056441301270e+01	-1.420578012339139828e-01	-2.880327163808050761e-01	3.211592511467161737e-01	-2.716173056441300915e+01
9.872922776148586426e+11	1.664373000797594315e+00	1.803545898571154785e-02	7.463836207850530258e+00	2.769812208003163967e+00	6.003546198562133285e-02	2.167492143046860151e-02	1.395668109600307798e+04	6.537461796904815969e+01	-2.413965925273697799e-01	-2.053802153505351891e-01	3.169437611647485942e-01	-2.756937557354687840e+01	-2.413965925273707513e-01	-2.053802153505338568e-01	3.169437611647484832e-01	-2.756937557354688551e+01
9.970674486803522949e+11	1.664443031064049228e+00	1.821722882709184838e-02	7.613704421903312536e+00	2.770038736231541066e+00	6.064307913310425929e-02	2.189250220219131349e-02	1.512878970255235436e+04	6.592701175025416660e+01	-2.934114395415424181e-01	-9.018035306805131934e-02	3.069572754200796116e-01	-2.797614660255055341e+01	-2.934114395415423626e-01	-9.018035306805124995e-02	3.069572754200795561e-01	-2.797614660255055341e+01
1.006842619745845947e+12	1.664276792612042311e+00	1.825366231664693820e-02	7.703724871494320503e+00	2.769484046239056863e+00	6.075829314754493948e-02	2.193848822854002276e-02	1.587351514042674717e+04	6.625617210620930564e+01	-3.018123348306028797e-01	2.367366956070003289e-02	3.027393732013878291e-01	-2.835261198398469418e+01	-3.018123348306028797e-01	2.367366956069828429e-02	3.027393732013877181e-01	-2.835261198398469062e+01
1.016617790811339600e+12	1.664211427264895571e+00	1.839712385479069789e-02	7.839652251664378291e+00	2.769261220472932550e+00	6.123340749590056725e-02	2.211182067015085226e-02	1.560278991068486539e+04	6.613833625150600426e+01	-2.665345491352305585e-01	1.370954994011379102e-01	2.997262781918996755e-01	-2.874940572440294773e+01	-2.665345491352308360e-01	1.370954994011373274e-01	2.997262781918996755e-01	-2.874940572440294417e+01
1.026392961876833252e+12	1.664130392575846384e+00	1.861869387361863096e-02	8.010360061344904636e+00	2.768983307733080768e+00	6.196786869030895817e-02	2.237928575345619897e-02	1.571681512607740478e+04	6.618821416813177905e+01	-1.862052495201236557e-01	2.227395259662940108e-01	2.903192921191095621e-01	-2.914883342288902668e+01	-1.862052495201231006e-01	2.227395259662945104e-01	2.903192921191095621e-01	-2.914883342288902668e+01
1.036168132942326904e+12	1.664126665794283921e+00	1.860309833771832053e-02	8.079875602467964768e+00	2.768971484539837657e+00	6.191582402038074695e-02	2.236058564202594162e-02	1.562882173406689981e+04	6.614975535621732661e+01	-8.683218303459136478e-02	2.728049722465069049e-01	2.862907279200117006e-01	-2.953697557203845037e+01	-8.683218303459322440e-02	2.728049722465064053e-01	2.862907279200118116e-01	-2.953697557203844326e+01
1.045943304007820557e+12	1.663973205554128088e+00	1.858563962640349260e-02	8.148446473341287799e+00	2.768461402801758009e+00	6.185201269284089365e-02	2.234165613804295000e-02	1.561448049081281169e+04	6.614346678962236581e+01	2.266936630404500427e-02	2.852167642105505330e-01	2.861162399364351461e-01	-2.992444465756111427e+01	2.266936630404360956e-02	2.852167642105505885e-01	2.861162399364350906e-01	-2.992444465756111072e+01
1.055718475073314209e+12	1.663816424015575723e+00	1.885803120365853180e-02	8.345140114908506490e+00	2.767929467483099870e+00	6.275260408249055954e-02	2.267131616599753902e-02	1.547300944243540289e+04	6.608112106546487041e+01	1.265778265602219010e-01	2.463703078714499506e-01	2.769842500529274831e-01	-3.031973352894195983e+01	1.265778265602215402e-01	2.463703078714501449e-01	2.769842500529274831e-01	-3.031973352894195628e+01
1.065493646138807861e+12	1.663839807250836689e+00	1.921677474964631621e-02	8.582632658796518044e+00	2.767993619760722890e+00	6.394726959086854956e-02	2.310239053094220035e-02	1.519736580424162275e+04	6.595799150229993302e+01	2.027645222448723472e-01	1.721760549725100120e-01	2.660038446847866611e-01	-3.071193027133479347e+01	2.027645222448711260e-01	1.721760549725113443e-01	2.660038446847866056e-01	-3.071193027133478637e+01
1.075268817204301514e+12	1.664021235057779879e+00	1.940827591124538731e-02	8.747685688870623366e+00	2.768589989549372188e+00	6.459156650434541569e-02	2.333013076987200396e-02	1.464846312558465615e+04	6.570600200595093554e+01	2.501708437398101337e-01	7.670183847175815472e-02	2.616650971804153070e-01	-3.111842772943497337e+01	2.501708437398100227e-01	7.670183847175882086e-02	2.616650971804154180e-01	-3.111842772943496982e+01
1.085043988269795166e+12	1.664058556045585613e+00	1.926676502724184586e-02	8.762848575624229142e+00	2.768719669713904707e+00	6.412205038180331107e-02	2.315945925591994872e-02	1.380762866433658201e+04	6.530106874110497017e+01	2.592691416386845860e-01	-2.864093418508468700e-02	2.608462974953921765e-01	-3.152594840837949874e+01	2.592691416386849745e-01	-2.864093418508158184e-02	2.608462974953922320e-01	-3.152594840837948809e+01
1.094819159335288818e+12	1.663388751721499581e+00	1.924758775318517745e-02	8.832992432911494163e+00	2.766491669719291835e+00	6.403244193284142460e-02	2.314572013128042907e-02	9.266860278826203285e+03	6.256944140967130608e+01	2.299806861370645716e-01	-1.135992994021080976e-01	2.565071476990939958e-01	-3.187472362837682383e+01	2.299806861370637945e-01	-1.135992994021098462e-01	2.565071476990940513e-01	-3.187472362837683448e+01
1.104594330400782471e+12	1.663814069897597614e+00	1.902094607930606557e-02	8.806920688764661165e+00	2.767915462799455995e+00	6.329463541902595469e-02	2.286725742519971072e-02	7.728770759101102158e+03	6.132619862881519879e+01	1.651426170461805232e-01	-1.995438637795968750e-01	2.590170603202648913e-01	-3.229537740449086414e+01	1.651426170461817167e-01	-1.995438637795958203e-01	2.590170603202648358e-01	-3.229537740449085703e+01
1.114369501466276123e+12	1.663807446252440370e+00	1.971347080531701823e-02	9.208342679197144776e+00	2.767866597273874962e+00	6.559883903473309741e-02	2.370014476107434181e-02	8.965335788702082937e+03	6.234284920268466124e+01	6.940048367931404838e-02	-2.345595556626500211e-01	2.446111450600371995e-01	-3.269905406855170327e+01	6.940048367931284101e-02	-2.345595556626504652e-01	2.446111450600372550e-01	-3.269905406855171037e+01
1.124144672531769775e+12	1.664054945851487055e+00	2.026373924104379193e-02	9.548407735413272590e+00	2.768668243684766495e+00	6.743995101100756784e-02	2.435826363986934653e-02	1.289860261685509795e+04	6.483456697748033548e+01	-2.878199031548402467e-02	-2.294564747746127564e-01	2.312545713764662392e-01	-3.311150664570351410e+01	-2.878199031548502040e-02	-2.294564747746125344e-01	2.312545713764661282e-01	-3.311150664570351410e+01
1.133919843597263428e+12	1.664364786307849897e+00	2.048578762291225139e-02	9.736977863514846732e+00	2.769690474407043634e+00	6.819164707871269715e-02	2.462067429874512797e-02	1.348604849537163864e+04	6.513964438310084404e+01	-1.158508409967020369e-01	-1.938386556858163745e-01	2.258203750721524405e-01	-3.352542467390976810e+01	-1.158508409967037717e-01	-1.938386556858152088e-01	2.258203750721523295e-01	-3.352542467390977521e+01
1.143695014662757080e+12	1.664342909643069968e+00	2.074151758564935985e-02	9.943514655745767428e+00	2.769607110327404254e+00	6.904199545782511993e-02	2.492844389385736464e-02	1.326249205550419902e+04	6.502514082886997926e+01	-1.773346146470297646e-01	-1.296019930764095440e-01	2.196457196518708521e-01	-3.392639821627337682e+01	-1.773346146470295148e-01	-1.296019930764097938e-01	2.196457196518708244e-01	-3.392639821627337682e+01
1.153470185728250732e+12	1.664056487651238925e+00	2.140921389581910972e-02	1.035133242494477024e+01	2.768625639654541004e+00	7.125228255770169050e-02	2.573561464474203447e-02	1.049463707669240466e+04	6.342171901952480795e+01	-1.992843195582510996e-01	-5.172009970102140614e-02	2.058863976441346333e-01	-3.430359217214359546e+01	-1.992843195582513216e-01	-5.172009970102054571e-02	2.058863976441346610e-01	-3.430359217214360257e+01
1.163245356793744385e+12	1.663351945563672496e+00	2.190649881544291452e-02	1.068152991671092700e+01	2.766259800120103307e+00	7.287643485031052026e-02	2.634475433115372051e-02	4.720678879291269368e+03	5.794915846556376238e+01	-1.957136380503690376e-01	1.742042235533765651e-02	1.964874022270873266e-01	-3.464629498555115816e+01	-1.957136380503692041e-01	1.742042235533651506e-02	1.964874022270874099e-01	-3.464629498555115106e+01
1.173020527859238037e+12	1.664344427605548793e+00	2.229440004718316257e-02	1.096201932112332855e+01	2.769545333428177880e+00	7.421112097067636415e-02	2.679541658876437651e-02	1.020599529754687137e+04	6.323067850032555270e+01	-1.603099084819238629e-01	1.004564990376213413e-01	1.891844997783339033e-01	-3.511729650458585894e+01	-1.603099084819227527e-01	1.004564990376229511e-01	1.891844997783338200e-01	-3.511729650458587315e+01
1.182795698924731689e+12	1.664243948454234401e+00	2.396793921140411704e-02	1.188309563245764444e+01	2.769133457856498559e+00	7.977699557899650684e-02	2.880937188226003268e-02	1.235170775773987043e+04	6.453779232438446911e+01	-9.578195888935994717e-02	1.341094173939889056e-01	1.648014547339864133e-01	-3.550811778737197244e+01	-9.578195888935969737e-02	1.341094173939890166e-01	1.648014547339863578e-01	-3.550811778737197244e+01
1.192570869990225342e+12	1.662661318803675847e+00	2.515993042598002605e-02	1.257716602577671772e+01	2.763809638946938652e+00	8.366488620613736493e-02	3.027158058469439292e-02	1.242291196480159124e+04	6.457716741939273675e+01	-4.984018472402422517e-02	1.403757809233634191e-01	1.489610817736262971e-01	-3.578715040839377082e+01	-4.984018472402418354e-02	1.403757809233634191e-01	1.489610817736262693e-01	-3.578715040839377082e+01
1.202346041055718994e+12	1.660782505061207281e+00	2.546391905116703741e-02	1.283346362048991729e+01	2.757550117943934342e+00	8.458006254094597998e-02	3.067217599802319825e-02	1.190633761283486820e+04	6.428623563955439124e+01	-1.188895625007961934e-02	1.433471943505221224e-01	1.438393736390793376e-01	-3.604556671950823699e+01	-1.188895625007852300e-02	1.433471943505221502e-01	1.438393736390792543e-01	-3.604556671950824409e+01
1.212121212121212646e+12	1.659286377964982018e+00	2.459375951749293715e-02	1.249568689837924573e+01	2.752626431092944692e+00	8.161618030064532459e-02	2.965029303603656727e-02	7.600873071822502425e+03	6.121189435591223571e+01	3.058492878963264133e-02	1.479275809193305868e-01	1.510563042898640518e-01	-3.633219879981753309e+01	3.058492878963336645e-02	1.479275809193304203e-01	1.510563042898640240e-01	-3.633219879981753309e+01
1.221896383186706299e+12	1.658530100129884444e+00	2.326015784361646146e-02	1.191341300741787634e+01	2.750181058093934539e+00	7.715534383482025582e-02	2.805464156905154369e-02	1.117527424574879842e+04	6.385216947074869864e+01	8.445310437404202064e-02	1.406652704652581187e-01	1.640702445706626322e-01	-3.666901693827214359e+01	8.445310437404447701e-02	1.406652704652565922e-01	1.640702445706626045e-01	-3.666901693827216491e+01
1.231671554252199951e+12	1.658359602130551336e+00	2.202868084712545499e-02	1.137293516675443428e+01	2.749671307198735981e+00	7.306294881019972931e-02	2.657152097376816111e-02	7.376307259197203166e+03	6.100646245151549607e+01	1.415496523921862260e-01	1.078542420499374460e-01	1.779574151883400734e-01	-3.704800433442769503e+01	1.415496523921870586e-01	1.078542420499364329e-01	1.779574151883401012e-01	-3.704800433442770213e+01
1.241446725317693604e+12	1.658556730571167703e+00	2.183406605831774913e-02	1.136192369398975721e+01	2.750333702082282006e+00	7.242607443351677110e-02	2.633355886185115638e-02	1.079578640832966266e+04	6.361551659148637583e+01	1.733514608562482517e-01	4.220939350185293898e-02	1.784162601356435729e-01	-3.746026930923358833e+01	1.733514608562482795e-01	4.220939350185280714e-02	1.784162601356435451e-01	-3.746026930923358833e+01
1.251221896383187256e+12	1.658963177332821504e+00	2.183863970212010855e-02	1.145378641476687243e+01	2.751681897562171297e+00	7.245899821771176197e-02	2.633262161658518272e-02	1.050658307660408173e+04	6.342951193180865488e+01	1.723847698445777343e-01	-3.236274263748547403e-02	1.753962827011683046e-01	-3.788468729465652274e+01	1.723847698445778731e-01	-3.236274263748489116e-02	1.753962827011683323e-01	-3.788468729465652274e+01
1.260997067448680908e+12	1.659494379005688636e+00	2.152993059915834714e-02	1.138009447727907819e+01	2.753458056039871593e+00	7.145759761937170440e-02	2.595194702989038829e-02	1.063097906474600495e+04	6.351013851438076330e+01	1.448060143407239320e-01	-1.029177792559947541e-01	1.776537392689261918e-01	-3.831700199318157729e+01	1.448060143407224609e-01	-1.029177792559965859e-01	1.776537392689260531e-01	-3.831700199318158440e+01
1.270772238514174561e+12	1.659580947968436249e+00	2.126991094802235110e-02	1.132980802954031496e+01	2.753756513748077062e+00	7.059827794864630135e-02	2.563708069184248567e-02	1.042243294949424489e+04	6.337442734862022320e+01	9.344542275696754441e-02	-1.529538564063522010e-01	1.792398650518443881e-01	-3.872148434324018496e+01	9.344542275696496314e-02	-1.529538564063538941e-01	1.792398650518445269e-01	-3.872148434324019917e+01
1.280547409579668213e+12	1.659261602188368379e+00	2.130009769226507907e-02	1.143316361040038309e+01	2.752695370335011216e+00	7.068486844727304985e-02	2.567842021642608927e-02	1.043930296231200919e+04	6.338550599818891129e+01	3.127959752394615656e-02	-1.731363965323862442e-01	1.759392651612474712e-01	-3.909117167712724239e+01	3.127959752394564308e-02	-1.731363965323863829e-01	1.759392651612474989e-01	-3.909117167712724950e+01
1.290322580645161865e+12	1.659116073174933481e+00	2.159532134588795782e-02	1.168011528780030517e+01	2.752199786363379364e+00	7.165828950068089953e-02	2.603673245515603432e-02	1.048109993955685786e+04	6.341287740817286789e+01	-3.390473557030450336e-02	-1.664762317448098550e-01	1.698936927317901135e-01	-3.947082154474853155e+01	-3.390473557030314333e-02	-1.664762317448100770e-01	1.698936927317900580e-01	-3.947082154474852445e+01
1.300097751710655518e+12	1.659409494326264944e+00	2.194241981776193576e-02	1.195775602900455503e+01	2.753158400072691414e+00	7.282291954817389501e-02	2.645068280352164125e-02	1.032954065723146959e+04	6.331310130667441882e+01	-9.508944289129112049e-02	-1.330084802279210832e-01	1.635030824232907021e-01	-3.989057265502826510e+01	-9.508944289129024618e-02	-1.330084802279216938e-01	1.635030824232906743e-01	-3.989057265502825800e+01
1.309872922776149170e+12	1.659751461590287747e+00	2.181408062704293799e-02	1.197719829314924311e+01	2.754299060137493260e+00	7.241190440796579919e-02	2.629050180351549457e-02	1.015425399471576384e+04	6.319586265333138186e+01	-1.404865884617558791e-01	-8.178442902553388627e-02	1.625582183977646589e-01	-4.031351254564008713e+01	-1.404865884617549077e-01	-8.178442902553556548e-02	1.625582183977646589e-01	-4.031351254564007291e+01
1.319648093841642822e+12	1.659525942075488425e+00	2.168293636559800661e-02	1.199403719026988924e+01	2.753556202692102772e+00	7.196679079816380165e-02	2.613594403041534162e-02	9.910295774466570947e+03	6.302928022015863263e+01	-1.602740395311875454e-01	-2.482582167745795224e-02	1.621853543622407690e-01	-4.068702967255691760e+01	-1.602740395311873789e-01	-2.482582167745956553e-02	1.621853543622408522e-01	-4.068702967255691050e+01
1.329423264907136475e+12	1.659182881988684466e+00	2.173943090362009598e-02	1.211436366248368479e+01	2.752415233028263408e+00	7.213938323892452043e-02	2.620948408265975915e-02	9.292082833491151177e+03	6.258806047433609621e+01	-1.561249622447655472e-01	3.395175630758951596e-02	1.597739828391951111e-01	-4.105483580234619012e+01	-1.561249622447658525e-01	3.395175630758846125e-02	1.597739828391951666e-01	-4.105483580234618302e+01
1.339198435972630127e+12	1.659063205514757833e+00	2.223976929407058337e-02	1.248430505906831911e+01	2.751996112554649709e+00	7.379436586985885227e-02	2.681485105782227887e-02	9.472367474150878479e+03	6.271969142176548218e+01	-1.246495480409742784e-01	8.533974301082007663e-02	1.510641637317466923e-01	-4.144104541247662610e+01	-1.246495480409753193e-01	8.533974301081859171e-02	1.510641637317466923e-01	-4.144104541247661899e+01
1.348973607038123779e+12	1.659207832536490512e+00	2.240077724804494241e-02	1.266647298665994903e+01	2.752468836729121904e+00	7.433509012972275287e-02	2.700669636574645760e-02	9.253321785845189879e+03	6.255942650289043172e+01	-7.889922452515274465e-02	1.239940053892664429e-01	1.469680271458520537e-01	-4.184480634498136453e+01	-7.889922452515316098e-02	1.239940053892661515e-01	1.469680271458519982e-01	-4.184480634498135743e+01
1.358748778103617432e+12	1.659219842299407777e+00	2.218436091590574727e-02	1.263500010228444559e+01	2.752518339210824116e+00	7.361746364080455629e-02	2.674549433225990869e-02	9.235020780363311133e+03	6.254586527934722540e+01	-2.520829459081395940e-02	1.458334896903301925e-01	1.479961649213820118e-01	-4.224033553090784210e+01	-2.520829459081504881e-02	1.458334896903301092e-01	1.479961649213820951e-01	-4.224033553090783499e+01
1.368523949169111084e+12	1.659000476594360229e+00	2.213949162603104370e-02	1.270016043756429625e+01	2.751792424250854907e+00	7.345885431828469425e-02	2.669491116804824371e-02	9.167250756935691243e+03	6.249541193886376789e+01	3.008291841901551689e-02	1.433052454876054260e-01	1.464287381795936760e-01	-4.261841827543721450e+01	3.008291841901634608e-02	1.433052454876052872e-01	1.464287381795937315e-01	-4.261841827543722161e+01
1.378299120234604736e+12	1.658598375726050511e+00	2.244846894761808390e-02	1.296938451045283003e+01	2.750444638203000558e+00	7.446598826811207106e-02	2.707416365841281911e-02	9.053425326172025962e+03	6.240982603805069573e+01	7.531958017875720057e-02	1.187005861438941157e-01	1.405804691598668277e-01	-4.297692682586909285e+01	7.531958017875653444e-02	1.187005861438945459e-01	1.405804691598667999e-01	-4.297692682586909285e+01
1.388074291300098389e+12	1.658576190377641035e+00	2.277494366201533726e-02	1.325132126392104048e+01	2.750356281228800714e+00	7.554795859002159941e-02	2.746842622013624322e-02	9.099127871973167203e+03	6.244431859209820601e+01	1.104831060856202030e-01	7.788550444652413141e-02	1.351764348295069196e-01	-4.336825410487844579e+01	1.104831060856207720e-01	7.788550444652322935e-02	1.351764348295068918e-01	-4.336825410487845289e+01
1.397849462365592041e+12	1.658761812804587343e+00	2.273636010795099943e-02	1.332203296654083857e+01	2.750973809547802684e+00	7.542841181848540522e-02	2.741880404556963635e-02	8.994320462923215018e+03	6.236495939611049977e+01	1.310302058006697357e-01	2.686002778078333889e-02	1.337549099081985771e-01	-4.378010708155722597e+01	1.310302058006695969e-01	2.686002778078403624e-02	1.337549099081985771e-01	-4.378010708155721886e+01
1.407624633431085693e+12	1.658444744923550873e+00	2.241352458239146556e-02	1.322471054650467615e+01	2.749936605880336060e+00	7.434318411776390245e-02	2.703450834422579246e-02	7.268822444801643542e+03	6.090591213363033063e+01	1.336162828303378014e-01	-2.207113836879648697e-02	1.354269034804066740e-01	-4.414600191314147537e+01	1.336162828303375238e-01	-2.207113836879799618e-02	1.354269034804066463e-01	-4.414600191314148958e+01
1.417399804496579346e+12	1.658568504085787820e+00	2.223855048587013508e-02	1.321259144287126830e+01	2.750354929617655042e+00	7.376831882477180580e-02	2.682138149894233020e-02	4.615290284896814228e+03	5.779449974491543429e+01	1.146098681841886124e-01	-7.297524330598390008e-02	1.358705561214961499e-01	-4.454928523876014168e+01	1.146098681841880851e-01	-7.297524330598464948e-02	1.358705561214961222e-01	-4.454928523876014879e+01
1.427174975562072998e+12	1.658027504053123602e+00	2.264814596142694647e-02	1.354874404608992933e+01	2.748542265681140684e+00	7.510249783971109649e-02	2.732448351893882257e-02	8.710362555134230206e+03	6.214521145418481751e+01	7.888522422218972874e-02	-1.026210180025742130e-01	1.294370578175733089e-01	-4.489772865145302916e+01	7.888522422218804953e-02	-1.026210180025756702e-01	1.294370578175734199e-01	-4.489772865145304337e+01
1.436950146627566650e+12	1.658017079699363627e+00	2.302234525686345026e-02	1.386693323936809108e+01	2.748490608193679741e+00	7.634288330123047139e-02	2.777629404067833221e-02	9.230852663386429413e+03	6.254277290677349299e+01	3.204859573265986250e-02	-1.190993834509930099e-01	1.233360272866048241e-01	-4.529022888839367056e+01	3.204859573265991801e-02	-1.190993834509929961e-01	1.233360272866048379e-01	-4.529022888839367056e+01
1.446725317693060303e+12	1.658258515726782845e+00	2.303439352405907414e-02	1.396857245778913459e+01	2.749290721695371698e+00	7.639395843174563716e-02	2.778678799913772077e-02	8.982761028470016754e+03	6.235615014031370151e+01	-1.824562881446448875e-02	-1.202270276911757974e-01	1.216036231297816517e-01	-4.570370404754472560e+01	-1.824562881446435691e-02	-1.202270276911757835e-01	1.216036231297816378e-01	-4.570370404754471849e+01
1.456500488758553955e+12	1.658105680735905585e+00	2.280406444805838095e-02	1.392233422894535266e+01	2.748794423133329889e+00	7.562309761038661649e-02	2.751136897468833831e-02	8.819177701644979606e+03	6.223025594101131475e+01	-6.216907493566101173e-02	-1.056089560806175304e-01	1.225489513737006014e-01	-4.608514220261088923e+01	-6.216907493566063703e-02	-1.056089560806177663e-01	1.225489513737006153e-01	-4.608514220261088212e+01
1.466275659824047607e+12	1.657725547269358168e+00	2.290937253484888816e-02	1.408049688656881138e+01	2.747529150719552504e+00	7.595490424585994715e-02	2.764480377795739199e-02	8.474794948773680517e+03	6.195740478214192137e+01	-9.306711791096235198e-02	-7.506903885781926467e-02	1.195694318431335113e-01	-4.644513023716645961e+01	-9.306711791096276831e-02	-7.506903885781870955e-02	1.195694318431334696e-01	-4.644513023716646671e+01
1.476050830889541260e+12	1.657501774399174455e+00	2.322863971572273339e-02	1.437190218211320492e+01	2.746772562433369202e+00	7.700302309137913026e-02	2.803400039177690595e-02	8.299870370489792549e+03	6.181453694317531244e+01	-1.092388745648959769e-01	-3.464237101219334869e-02	1.146002861495185321e-01	-4.681679703686136662e+01	-1.092388745648959630e-01	-3.464237101219334175e-02	1.146002861495185182e-01	-4.681679703686136662e+01
1.485826001955034912e+12	1.657620739858364445e+00	2.320832812978062751e-02	1.445443003861296916e+01	2.747167890714012017e+00	7.694121209072531109e-02	2.800746628948391076e-02	7.890003410070955397e+03	6.146762918136430898e+01	-1.128256814265929386e-01	1.105409458844567629e-02	1.133659005016294241e-01	-4.722155309286641511e+01	-1.128256814265929664e-01	1.105409458844647252e-02	1.133659005016295213e-01	-4.722155309286642222e+01
1.495601173020528564e+12	1.657631777460987665e+00	2.304987820836944951e-02	1.445019118756473553e+01	2.747211812763052485e+00	7.641642116959747322e-02	2.781599176830141379e-02	7.867703719338543124e+03	6.144824141101088344e+01	-9.981362922859114695e-02	5.362107654962358638e-02	1.133048120342788206e-01	-4.761686196660196657e+01	-9.981362922859116082e-02	5.362107654962346148e-02	1.133048120342787929e-01	-4.761686196660196657e+01
1.505376344086022217e+12	1.657170568211489670e+00	2.303960120121218910e-02	1.453815201708335536e+01	2.745683468922880621e+00	7.636109802795784662e-02	2.781132599305555231e-02	7.592895990145308133e+03	6.120470151724850894e+01	-7.441758841978812766e-02	8.345215100939788744e-02	1.118134114241772642e-01	-4.796645357168149104e+01	-7.441758841978832195e-02	8.345215100939770703e-02	1.118134114241772642e-01	-4.796645357168148394e+01
1.515151515151515869e+12	1.656973462333967584e+00	2.323006470516920247e-02	1.475351983998313976e+01	2.745021418972810157e+00	7.698320148953262387e-02	2.804466331572007254e-02	7.619422084862985685e+03	6.122859063549717007e+01	-3.754590286300186347e-02	1.017888732364891635e-01	1.084927165138380722e-01	-4.834130879914045664e+01	-3.754590286300291124e-02	1.017888732364888166e-01	1.084927165138381000e-01	-4.834130879914044243e+01
1.524926686217009521e+12	1.657211215379784219e+00	2.358599201941073698e-02	1.507621329036395075e+01	2.745792713361001613e+00	7.817394100085112152e-02	2.847044520894001160e-02	7.447161135590183221e+03	6.107194700228094320e+01	6.496040277703093828e-03	1.032264101511888021e-01	1.034306061666032950e-01	-4.875753327806033610e+01	6.496040277703995017e-03	1.032264101511887189e-01	1.034306061666032672e-01	-4.875753327806035031e+01
1.534701857282503174e+12	1.657262843672825170e+00	2.343974836799176190e-02	1.507877722279243748e+01	2.745970711214984483e+00	7.769164807062697853e-02	2.829296312350377055e-02	7.391119913674901909e+03	6.102020445207503485e+01	4.585576992652069112e-02	9.257196011463417196e-02	1.033069186212589446e-01	-4.915460898883484475e+01	4.585576992652036499e-02	9.257196011463431073e-02	1.033069186212589169e-01	-4.915460898883484475e+01
1.544477028347996826e+12	1.656966664929952593e+00	2.301240088031954178e-02	1.489815695181139610e+01	2.745008958094813156e+00	7.626156227738835336e-02	2.778189923661235003e-02	7.052749112543638148e+03	6.069920036194920954e+01	7.798188082962531631e-02	7.206982896490830848e-02	1.061849046934498081e-01	-4.951946402182194618e+01	7.798188082962469181e-02	7.206982896490900237e-02	1.061849046934498220e-01	-4.951946402182193907e+01
1.554252199413490479e+12	1.656557787978026441e+00	2.325992743621069919e-02	1.515371123631317829e+01	2.743642680686314339e+00	7.706282788451720989e-02	2.808777849498979295e-02	7.109049799825612354e+03	6.075366558951321849e+01	9.457555756960818460e-02	3.896537324904607302e-02	1.022880071271297514e-01	-4.987467204565540868e+01	9.457555756960854543e-02	3.896537324904525423e-02	1.022880071271297792e-01	-4.987467204565541579e+01
1.564027370478984131e+12	1.656385060621270222e+00	2.384346037724720604e-02	1.563157700496758551e+01	2.743042958446567869e+00	7.898790312477493858e-02	2.879572224034987124e-02	6.891173545395468864e+03	6.054044371268170011e+01	9.528974363460593344e-02	1.445510151123573402e-03	9.530070693098725843e-02	-5.025031399090341466e+01	9.528974363460590569e-02	1.445510151124967469e-03	9.530070693098724455e-02	-5.025031399090340045e+01
1.573802541544477783e+12	1.656852217662709403e+00	2.392222636193871294e-02	1.578123543417783026e+01	2.744586998259726407e+00	7.927118759841497719e-02	2.888273814919288182e-02	6.730880843709198416e+03	6.037922592896954654e+01	8.512263137015152470e-02	-3.819446975323384508e-02	9.329887400772529649e-02	-5.068725423944264463e+01	8.512263137015135817e-02	-3.819446975323412263e-02	9.329887400772526873e-02	-5.068725423944265174e+01
1.583577712609971436e+12	1.656934267688104478e+00	2.356331480575676179e-02	1.564101481502397206e+01	2.744875937634479790e+00	7.808572752396170102e-02	2.844781669486147468e-02	6.388762861710562902e+03	6.002189213454487060e+01	6.472623001941363308e-02	-6.987429912109958952e-02	9.524653552854792093e-02	-5.108910900728820792e+01	6.472623001941382737e-02	-6.987429912109945074e-02	9.524653552854794869e-02	-5.108910900728820081e+01
1.593352883675465088e+12	1.656256528793208727e+00	2.320371991074210438e-02	1.549739656130492094e+01	2.742647276552432789e+00	7.686262518891116835e-02	2.802497639635569832e-02	5.985098681789050715e+03	5.957480635710142280e+01	3.965134324355700651e-02	-8.871684084446124219e-02	9.717462050576704258e-02	-5.141597022868706546e+01	3.965134324355792939e-02	-8.871684084446081198e-02	9.717462050576702870e-02	-5.141597022868705835e+01
1.603128054740958740e+12	1.655464928195209628e+00	2.359661256691518091e-02	1.585648924586478792e+01	2.740007328359737482e+00	7.812672905747684859e-02	2.851332850421469181e-02	4.047940752659426380e+03	5.689600695043638723e+01	9.791092180411811730e-03	-9.172937273634375333e-02	9.225043798643130233e-02	-5.172994250291914398e+01	9.791092180413274101e-03	-9.172937273634361455e-02	9.225043798643131621e-02	-5.172994250291912977e+01
1.612903225806452393e+12	1.655726308829928328e+00	2.395257491082426055e-02	1.619383383541154942e+01	2.740855883906720525e+00	7.931781688814280862e-02	2.893906876091783056e-02	5.288916857123973386e+03	5.872773744549773056e+01	-2.697903232951365943e-02	-8.362181803848833805e-02	8.786624287801883537e-02	-5.214836696406059957e+01	-2.697903232951394392e-02	-8.362181803848821315e-02	8.786624287801880762e-02	-5.214836696406060668e+01
1.622678396871946045e+12	1.656564754200224865e+00	2.408980239726405542e-02	1.638531719269115783e+01	2.743626466278911824e+00	7.981263517391143369e-02	2.909019728263469509e-02	5.515085771163927348e+03	5.901457330484821284e+01	-6.050272633177728593e-02	-6.021013104343229949e-02	8.535713077327064524e-02	-5.262410083785650272e+01	-6.050272633177703613e-02	-6.021013104343254929e-02	8.535713077327064524e-02	-5.262410083785650272e+01
1.632453567937439697e+12	1.656484648481666877e+00	2.344488001389851903e-02	1.604272034458080398e+01	2.743391728256565631e+00	7.767216765703509329e-02	2.831245966699623071e-02	5.685200090793899108e+03	5.922267083491507833e+01	-8.269033919868362670e-02	-3.486060593260119356e-02	8.973825295146692360e-02	-5.300810466617326000e+01	-8.269033919868409854e-02	-3.486060593259986129e-02	8.973825295146685421e-02	-5.300810466617327421e+01
1.642228739002933350e+12	1.655697892549905070e+00	2.354297930412973389e-02	1.620631328259484150e+01	2.740781239519682444e+00	7.796012243638726635e-02	2.844448922528733381e-02	5.595666175817274961e+03	5.911393417087197122e+01	-8.737199353701854965e-02	-7.442909829567201548e-03	8.768843801416398298e-02	-5.332209382832520106e+01	-8.737199353701857740e-02	-7.442909829567224966e-03	8.768843801416401074e-02	-5.332209382832520106e+01
1.652003910068427002e+12	1.655474602791966898e+00	2.450211610762815032e-02	1.696695177727434611e+01	2.739995806795469058e+00	8.112526186167673403e-02	2.960780511432820755e-02	5.154910757816549449e+03	5.855194084686402789e+01	-7.526251900719559129e-02	2.204959722184894610e-02	7.842596193196642307e-02	-5.369206918044220345e+01	-7.526251900719541088e-02	2.204959722184954632e-02	7.842596193196642307e-02	-5.369206918044221055e+01
1.661779081133920654e+12	1.656826981525827858e+00	2.378846385530388949e-02	1.657024184491251617e+01	2.744509755699390929e+00	7.882673752903880671e-02	2.872160952073248355e-02	2.026019082789684489e+03	5.215486593631388246e+01	-5.703023025809146607e-02	6.038599296742815092e-02	8.305970930573507160e-02	-5.422104555668777692e+01	-5.703023025809084157e-02	6.038599296742878236e-02	8.305970930573509936e-02	-5.422104555668779113e+01
1.671554252199414307e+12	1.658286751214749666e+00	2.130306907035655825e-02	1.492628787104856514e+01	2.749461128502552310e+00	7.065319439916999122e-02	2.569710612262776986e-02	6.742373604899307793e+02	4.461816087827589428e+01	-2.242844376924326560e-02	1.032565058100300276e-01	1.056642847986341699e-01	-5.476398297586810315e+01	-2.242844376924393174e-02	1.032565058100298888e-01	1.056642847986341699e-01	-5.476398297586809605e+01
1.681329423264907959e+12	1.656880275551252391e+00	2.471954432035426349e-02	1.742137523421563472e+01	2.744641191639388023e+00	8.191465081001993165e-02	2.984530402718757469e-02	2.592637526884477666e+03	5.384410033000151685e+01	2.565263707911686220e-03	7.331749856954179745e-02	7.336236211018488940e-02	-5.501284559455429246e+01	2.565263707911113761e-03	7.331749856954185296e-02	7.336236211018493103e-02	-5.501284559455428536e+01
1.691104594330401611e+12	1.655494563628333360e+00	2.350963469322437174e-02	1.666500741987792722e+01	2.740109547279557134e+00	7.784014485504200942e-02	2.840767623043519152e-02	4.923136282650201792e+03	5.823681242744737574e+01	2.296937481311722012e-02	7.862185453245811029e-02	8.190841342272763004e-02	-5.526211092927050572e+01	2.296937481311678644e-02	7.862185453245820743e-02	8.190841342272760228e-02	-5.526211092927049862e+01
1.700879765395895264e+12	1.654864459822041223e+00	2.453636136028554404e-02	1.749334796010674609e+01	2.737974347353293592e+00	8.120870477697468559e-02	2.966014084663589831e-02	5.034752942573376458e+03	5.839038076473287475e+01	4.162797684548850963e-02	5.951009199085006973e-02	7.262464805427951142e-02	-5.558826928429243708e+01	4.162797684548828064e-02	5.951009199085018769e-02	7.262464805427948367e-02	-5.558826928429242997e+01
1.710654936461388916e+12	1.656238728809582339e+00	2.476776467951136151e-02	1.775981300874742175e+01	2.742513284641561633e+00	8.204266217649754112e-02	2.991513756230364945e-02	3.944905930873096167e+03	5.671939163505224002e+01	6.363769928835380507e-02	2.874574643571670141e-02	6.982889594474099570e-02	-5.612439321662395741e+01	6.363769928835333323e-02	2.874574643571772836e-02	6.982889594474098183e-02	-5.612439321662393610e+01
1.720430107526882568e+12	1.648795122522054957e+00	1.523282404868344340e-02	1.098516591920828489e+01	2.718293317124020003e+00	5.023161198741184913e-02	1.847909924619811281e-02	2.004035937721125435e+02	3.630738296430790513e+01	1.293026587129372518e-01	1.363413166821073330e-01	1.879045826605753589e-01	-5.573677921518830658e+01	1.293026587129373628e-01	1.363413166821072220e-01	1.879045826605753866e-01	-5.573677921518830658e+01
1.730205278592376221e+12	1.656216411733832938e+00	2.458620921605511253e-02	1.783110948653237671e+01	2.742448320812877594e+00	8.144016641190418571e-02	2.969615354055782017e-02	3.556344212599250113e+03	5.600909949407834887e+01	6.472033006249813814e-02	-2.420521797437423864e-02	6.909857958442902626e-02	-5.690655892040686581e+01	6.472033006249851284e-02	-2.420521797437322556e-02	6.909857958442901238e-02	-5.690655892040685160e+01
1.739980449657869873e+12	1.654895272099136561e+00	2.355138846282344919e-02	1.717710797269769429e+01	2.738123693717548157e+00	7.795016283699335302e-02	2.846845926495033055e-02	4.745971852846055299e+03	5.798576227877671840e+01	6.231193808816616608e-02	-4.358841799033976588e-02	7.604424903438805616e-02	-5.715907119684840154e+01	6.231193808816568730e-02	-4.358841799034045977e-02	7.604424903438805616e-02	-5.715907119684841575e+01
1.749755620723363525e+12	1.654182514013095240e+00	2.455946627792890760e-02	1.801297652029201402e+01	2.735716622282827082e+00	8.125167934088854682e-02	2.970032739468747920e-02	5.094328855323076823e+03	5.847096078940594310e+01	4.045482893214803755e-02	-5.375411223863916371e-02	6.727627937463231955e-02	-5.747430718573863118e+01	4.045482893214810000e-02	-5.375411223863913596e-02	6.727627937463233343e-02	-5.747430718573863118e+01
1.759530791788857178e+12	1.655030191100565151e+00	2.546133930045179489e-02	1.877877579768022187e+01	2.738476653655400384e+00	8.427857049620612884e-02	3.077571261515360188e-02	4.923558021039407322e+03	5.823739920628364075e+01	9.771592991268715500e-03	-5.936049006892828162e-02	6.015938672235900120e-02	-5.795631285092176199e+01	9.771592991269076323e-03	-5.936049006892821223e-02	6.015938672235899426e-02	-5.795631285092176199e+01
1.769305962854350830e+12	1.655967634820844081e+00	2.517040421189050900e-02	1.866733374899009235e+01	2.741595258325950191e+00	8.336274946049787582e-02	3.040665802413159216e-02	4.151907080171725283e+03	5.706971980039422476e+01	-1.984596237126279999e-02	-5.783687939131557099e-02	6.114709183736510845e-02	-5.845001167595006564e+01	-1.984596237126298734e-02	-5.783687939131550854e-02	6.114709183736510845e-02	-5.845001167595006564e+01
1.779081133919844482e+12	1.654737197703605833e+00	2.397163681406906319e-02	1.787650458383902574e+01	2.737580554092436724e+00	7.933351825216247710e-02	2.897942788699532646e-02	4.838348902822798664e+03	5.811781214323537625e+01	-3.813275403063549895e-02	-5.703910881297352686e-02	6.861171083815927052e-02	-5.870876041563281689e+01	-3.813275403063614427e-02	-5.703910881297308277e-02	6.861171083815925664e-02	-5.870876041563283110e+01
1.788856304985338135e+12	1.653689621448104941e+00	2.459337013973246500e-02	1.844092337362334533e+01	2.734084530230346921e+00	8.133960191301461973e-02	2.975021474780874947e-02	4.605052347160115460e+03	5.777928770823220361e+01	-4.812462686762594699e-02	-4.095310309198260668e-02	6.319126809940421585e-02	-5.898519759067500701e+01	-4.812462686762643271e-02	-4.095310309198203769e-02	6.319126809940421585e-02	-5.898519759067502122e+01
1.798631476050831787e+12	1.653520323520174751e+00	2.603577226138647366e-02	1.962916449335639513e+01	2.733451598857016496e+00	8.610135714549070618e-02	3.149913361608220469e-02	2.637094623798539033e+03	5.396056491306443803e+01	-5.022785990975794923e-02	-1.736160662305602856e-02	5.314379828021340013e-02	-5.935745995264863240e+01	-5.022785990975781739e-02	-1.736160662305651775e-02	5.314379828021342789e-02	-5.935745995264862529e+01
1.808406647116325439e+12	1.654249135093377454e+00	2.572765027414799024e-02	1.950227963717219737e+01	2.735878288968558447e+00	8.511988642798841431e-02	3.111245363918549445e-02	4.246141796645908471e+03	5.722345471831481944e+01	-5.359360356291203303e-02	7.501214801208192645e-03	5.411601025900229789e-02	-5.982932177756701009e+01	-5.359360356291207467e-02	7.501214801207844833e-03	5.411601025900229095e-02	-5.982932177756700298e+01
1.818181818181819092e+12	1.655046029216325598e+00	2.470590839435328825e-02	1.882900186221804972e+01	2.738566976915136397e+00	8.177883117251338874e-02	2.986190655984367892e-02	4.352109600140225666e+03	5.739230723755468944e+01	-4.861481448679880191e-02	3.462515381579717860e-02	5.968501875976479909e-02	-6.030915042770082124e+01	-4.861481448679913497e-02	3.462515381579670676e-02	5.968501875976479909e-02	-6.030915042770081413e+01
1.827956989247312744e+12	1.654121653572009132e+00	2.417202666665425187e-02	1.852116064336432544e+01	2.735534157942624223e+00	7.996694544006566208e-02	2.923266200419454355e-02	4.350359479919724436e+03	5.738955207542088033e+01	-3.845929926678628291e-02	4.921033657627826158e-02	6.245618404964250331e-02	-6.059768059567034726e+01	-3.845929926678625516e-02	4.921033657627828933e-02	6.245618404964249637e-02	-6.059768059567034726e+01
1.837732160312806396e+12	1.653227605161516234e+00	2.510518378950279614e-02	1.933903421395379141e+01	2.732531244214977395e+00	8.300916574691885597e-02	3.037812135640058017e-02	4.170963175809043605e+03	5.710108754689805011e+01	-2.016989033895748296e-02	5.162343600110699815e-02	5.542385425830614887e-02	-6.088858291214484098e+01	-2.016989033895779521e-02	5.162343600110688019e-02	5.542385425830614887e-02	-6.088858291214483387e+01
1.847507331378300049e+12	1.653878476822520982e+00	2.591665876132222615e-02	2.007032208670892715e+01	2.734642342895431177e+00	8.572600823300929873e-02	3.134816092339258453e-02	4.039670658830753382e+03	5.688199779114878396e+01	4.549788998285915660e-03	4.958304864141526574e-02	4.979135760858380277e-02	-6.135256147077342348e+01	4.549788998286586131e-03	4.958304864141520329e-02	4.979135760858379584e-02	-6.135256147077343059e+01
1.857282502443793701e+12	1.654449930824045900e+00	2.547892382059682020e-02	1.983573093700089629e+01	2.736555398044634213e+00	8.430720750491509097e-02	3.080778396269835337e-02	3.737844568295370664e+03	5.635006614128544555e+01	2.682645882075676905e-02	4.399751922554923089e-02	5.153096729990940678e-02	-6.180859749469982489e+01	2.682645882075664415e-02	4.399751922554930028e-02	5.153096729990939984e-02	-6.180859749469981779e+01
1.867057673509287354e+12	1.653477695909251421e+00	2.406689561289172483e-02	1.883505830409578152e+01	2.733409275404925065e+00	7.958815021138536394e-02	2.911680695880979747e-02	2.550345532161935353e+03	5.373143906415999993e+01	4.395079338010294406e-02	4.031920387021654950e-02	5.964319273369415170e-02	-6.208952295149403966e+01	4.395079338010258324e-02	4.031920387021695890e-02	5.964319273369415864e-02	-6.208952295149403255e+01
1.876832844574780762e+12	1.653550276493028992e+00	2.399284299591790057e-02	1.887541322903003405e+01	2.733652860375145988e+00	7.934674433950775208e-02	2.902590357746403713e-02	2.267262575544364609e+03	5.292549555720887611e+01	5.580972750210989181e-02	1.994397555039765027e-02	5.926624540676269509e-02	-6.248863956319661384e+01	5.580972750211007222e-02	1.994397555039710904e-02	5.926624540676268815e-02	-6.248863956319662094e+01
1.886608015640274414e+12	1.652443877457034471e+00	2.542850096147790742e-02	2.010905190825172895e+01	2.729924159484090840e+00	8.403834145340896566e-02	3.078413045338621382e-02	3.346519376742926852e+03	5.559253411429745029e+01	4.935363816081365235e-02	3.979592518660720821e-03	4.951382389114278304e-02	-6.275139292305119199e+01	4.935363816081365235e-02	3.979592518660227292e-03	4.951382389114274835e-02	-6.275139292305119909e+01
1.896383186705768066e+12	1.653174268570441363e+00	2.619700672212776568e-02	2.082413299892396807e+01	2.732298879102214251e+00	8.661643485317700730e-02	3.170093708109913977e-02	3.490073379821796607e+03	5.588024824956220726e+01	4.117423870913467648e-02	-1.714898825317657388e-02	4.460275475107330911e-02	-6.322650047062472822e+01	4.117423870913458628e-02	-1.714898825317682715e-02	4.460275475107332299e-02	-6.322650047062473533e+01
1.906158357771261719e+12	1.654146011341339984e+00	2.535842459732694232e-02	2.026144467562997420e+01	2.735555977138406369e+00	8.389307380313697216e-02	3.066765019771056783e-02	3.512380226476588632e+03	5.592389090548250152e+01	3.012843326822357143e-02	-3.787648714280927170e-02	4.839783847939075484e-02	-6.373069577702543143e+01	3.012843326822382470e-02	-3.787648714280904272e-02	4.839783847939074096e-02	-6.373069577702542432e+01
1.915933528836755371e+12	1.652982222291666137e+00	2.441413364069272562e-02	1.960698950028808341e+01	2.731754177290869556e+00	8.071225776143597930e-02	2.954594466529920221e-02	3.091384089139295156e+03	5.504931462061858127e+01	2.158055369693575448e-02	-4.869152711526189559e-02	5.325960111268775860e-02	-6.398545667546576965e+01	2.158055369693609449e-02	-4.869152711526174293e-02	5.325960111268776553e-02	-6.398545667546576254e+01
1.925708699902249023e+12	1.651798729294614576e+00	2.362577616323670651e-02	1.907066505612606377e+01	2.727880864799987926e+00	7.805005409006676720e-02	2.861197316100148186e-02	1.472684536781747738e+03	4.996980669086859450e+01	9.510037073168640248e-03	-5.682868696767118255e-02	5.761892456131581519e-02	-6.423684010142190459e+01	9.510037073169046173e-03	-5.682868696767112010e-02	5.761892456131581519e-02	-6.423684010142190459e+01
1.935483870967742676e+12	1.651817315945718789e+00	2.574368414046649539e-02	2.088571829128768798e+01	2.727837707984994697e+00	8.504772647891946369e-02	3.117770761433703852e-02	3.430463746251813518e+03	5.576224087412920483e+01	-9.906776388081888624e-03	-4.306862541004107675e-02	4.419333335599265333e-02	-6.462873967424525290e+01	-9.906776388081689130e-03	-4.306862541004110451e-02	4.419333335599263252e-02	-6.462873967424523869e+01
1.945259042033236328e+12	1.652942487320554266e+00	2.643376060443284464e-02	2.155388474932228959e+01	2.731520122689768293e+00	8.738697200545460231e-02	3.199206598536911278e-02	3.662218781104553273e+03	5.621005217701249990e+01	-2.730433151051810808e-02	-2.933259849625230106e-02	4.007402966733710631e-02	-6.515225111996703333e+01	-2.730433151051811155e-02	-2.933259849625230453e-02	4.007402966733711325e-02	-6.515225111996703333e+01
1.955034213098729980e+12	1.653403926573463689e+00	2.528218125075512579e-02	2.071848825746834422e+01	2.733105355719751550e+00	8.360331550468105832e-02	3.058913017374863957e-02	3.699799259657315361e+03	5.627998659460789810e+01	-4.212409239869173427e-02	-1.659013891445240696e-02	4.527330195175017363e-02	-6.559826122702025941e+01	-4.212409239869177591e-02	-1.659013891445231675e-02	4.527330195175019445e-02	-6.559826122702025941e+01
1.964809384164223633e+12	1.652385035011852521e+00	2.465750249801354141e-02	2.030760327802305909e+01	2.729768311501681755e+00	8.148737625696989006e-02	2.985138918699755881e-02	3.633365698947818146e+03	5.615587003785827136e+01	-4.779743368619626676e-02	-5.113298757177158274e-03	4.807016217121052454e-02	-6.586687252673256410e+01	-4.779743368619627369e-02	-5.113298757176980465e-03	4.807016217121051066e-02	-6.586687252673256410e+01
1.974584555229717285e+12	1.651476105471548994e+00	2.551449896017079708e-02	2.111795894021426889e+01	2.726722337286286546e+00	8.427317075160151161e-02	3.090639981901223757e-02	3.618966614584311628e+03	5.612866937344464446e+01	-4.206366807244566602e-02	7.373405404756400681e-03	4.270502639001380607e-02	-6.614697426049571050e+01	-4.206366807244550643e-02	7.373405404757427638e-03	4.270502639001382689e-02	-6.614697426049573892e+01
1.984359726295210938e+12	1.651845598344574118e+00	2.657865256925986616e-02	2.210764720532887040e+01	2.727887455997946908e+00	8.780766051292322738e-02	3.218888679584488988e-02	3.540295985674082658e+03	5.597811839849909177e+01	-3.034030232433726146e-02	2.110880243935759487e-02	3.696099952052182142e-02	-6.658130336142602346e+01	-3.034030232433717472e-02	2.110880243935771630e-02	3.696099952052181448e-02	-6.658130336142602346e+01
1.994134897360704590e+12	1.652801910263378637e+00	2.594401617826837259e-02	2.168607229708341677e+01	2.731081062594815201e+00	8.576063899869193485e-02	3.140171859901158546e-02	3.502392351401932046e+03	5.590438430626402777e+01	-1.730724573139879111e-02	3.528009306510136028e-02	3.929663753413559918e-02	-6.708816936437112588e+01	-1.730724573139928377e-02	3.528009306510110354e-02	3.929663753413559224e-02	-6.708816936437111167e+01
2.003910068426198242e+12	1.652324274214757249e+00	2.491729391939143112e-02	2.092995350224830986e+01	2.729554635623058889e+00	8.234289918150845822e-02	3.016715551572483542e-02	3.509462333558105001e+03	5.591819792036152847e+01	-5.430516864029832740e-03	4.353868902053571743e-02	4.387605218154238401e-02	-6.742015435592712436e+01	-5.430516864029973252e-03	4.353868902053570356e-02	4.387605218154238401e-02	-6.742015435592712436e+01
