freq_roi_Hz	n_opt	k_opt	alpha_cm	eps_r	eps_i	loss_tan	DR	alpha_max	H_meas_real	H_meas_imag	H_meas_mag	H_meas_phase	H_model_real	H_model_imag	H_model_mag	H_model_phase
3.030303030303031616e+11	1.668438709976824752e+00	6.095270453496655014e-03	7.742268022672812444e-01	2.783650576627230144e+00	2.033917034478362890e-02	7.306653541777247823e-03	1.279853650365473368e+04	6.478121798622403560e+01	8.245228578725731783e-01	1.435138248289855312e-01	8.369194471819855208e-01	1.723303645408980622e-01	8.245228578725336543e-01	1.435138248292188168e-01	8.369194471819865200e-01	1.723303645411807805e-01
3.128054740957968140e+11	1.673327310795062139e+00	7.383293015920382174e-03	9.680852653311348144e-01	2.799969776036875579e+00	2.470933169428403409e-02	8.824856577294216617e-03	1.556644782113134170e+04	6.612236254608595232e+01	7.714610792336760170e-01	-2.564114193577108902e-01	8.129569562710093900e-01	-3.208843550689362001e-01	7.714610792337580625e-01	-2.564114193574698053e-01	8.129569562710112773e-01	-3.208843550686229507e-01
3.225806451612904663e+11	1.671325273024954372e+00	9.879528858119459439e-03	1.335868475904365082e+00	2.793230563161479996e+00	3.302381253230884245e-02	1.182280223045078377e-02	1.408947927574106143e+04	6.543948794191628338e+01	5.974402128001834456e-01	-4.868448312679994339e-01	7.706832667205739673e-01	-6.837512528002612777e-01	5.974402128003499790e-01	-4.868448312677979839e-01	7.706832667205757437e-01	-6.837512527999221046e-01
3.323558162267841187e+11	1.668806965891825422e+00	6.501569242629250470e-03	9.057547841433339908e-01	2.784874419006463153e+00	2.169972808265546727e-02	7.791995191796512177e-03	1.528311087841508925e+04	6.599653138005878361e+01	4.193789813484015694e-01	-7.057182303810889401e-01	8.209244488313396371e-01	-1.034609292421403426e+00	4.193789813486338836e-01	-7.057182303809533819e-01	8.209244488313417465e-01	-1.034609292421075688e+00
3.421309872922777710e+11	1.671561175291563561e+00	6.797488177453618607e-03	9.748325738948296904e-01	2.794070556896590674e+00	2.272483465386975973e-02	8.133235790262404938e-03	1.697695422426422374e+04	6.671652614630730227e+01	6.371447197086564651e-02	-8.098362042116150628e-01	8.123387295890815984e-01	-1.492282306040100925e+00	6.371447197113479233e-02	-8.098362042115965220e-01	8.123387295890841520e-01	-1.492282306039768747e+00
3.519061583577714233e+11	1.670772221431221061e+00	1.051972369264916364e-02	1.551745022888862291e+00	2.791369151319647468e+00	3.515212424562018378e-02	1.259314778520127624e-02	1.551383450296923183e+04	6.609917082851916348e+01	-2.247165784651306286e-01	-7.121935135065593503e-01	7.468046205788319014e-01	-1.876436885309960001e+00	-2.247165784648628428e-01	-7.121935135066468359e-01	7.468046205788345659e-01	-1.876436885309582747e+00
3.616813294232650757e+11	1.668927100291094590e+00	8.330657875309078683e-03	1.262974408581265306e+00	2.785248266225405889e+00	2.780652138271350396e-02	9.983498318588725218e-03	1.657058486472296863e+04	6.655056619790647687e+01	-4.816286619558015070e-01	-6.124785342289723600e-01	7.791637330552585450e-01	-2.237164724005368477e+00	-4.816286619555811832e-01	-6.124785342291478862e-01	7.791637330552603213e-01	-2.237164724005006988e+00
3.714565004887587280e+11	1.670987721538094384e+00	7.110571904776067861e-03	1.107137743371393590e+00	2.792149405298259168e+00	2.376335669198909734e-02	8.510775478882614056e-03	1.809716804992860853e+04	6.715423326836769036e+01	-7.149638578345204332e-01	-3.518068036662770348e-01	7.968320683277642091e-01	-2.684315296075351576e+00	-7.149638578343942008e-01	-3.518068036665371046e-01	7.968320683277657634e-01	-2.684315296074988755e+00
3.812316715542523804e+11	1.670810460309778867e+00	1.035079843853548530e-02	1.654062768024563201e+00	2.791500455252259538e+00	3.458844460732642817e-02	1.239062832400676488e-02	1.694992026120763694e+04	6.670560953826762329e+01	-7.343460715851224396e-01	-4.451144895007572155e-02	7.356938370953891582e-01	-3.081053000027631050e+00	-7.343460715851076737e-01	-4.451144895035471366e-02	7.356938370953911566e-01	-3.081053000027251354e+00
3.910068426197460327e+11	1.668372556929106798e+00	9.569462538595334064e-03	1.568415282445211778e+00	2.783375414100888179e+00	3.193085736790719775e-02	1.147199088061996199e-02	1.891221067573757318e+04	6.745599246453619457e+01	-7.156714080805288702e-01	2.077368157451064401e-01	7.452114793532660375e-01	-3.424097663743791209e+00	-7.156714080806086953e-01	2.077368157448358787e-01	7.452114793532671477e-01	-3.424097663743411957e+00
4.007820136852396851e+11	1.670520327053754972e+00	7.847860112706680699e-03	1.318404380367093287e+00	2.790576574191435899e+00	2.622001968430176522e-02	9.395914782198358170e-03	1.848886689685875535e+04	6.730091475534840129e+01	-5.730527538682139710e-01	5.182623341168539621e-01	7.726482418799601737e-01	-3.876827070136474429e+00	-5.730527538683971578e-01	5.182623341166533448e-01	7.726482418799613949e-01	-3.876827070136121822e+00
4.105571847507333374e+11	1.671179085143942533e+00	1.035275034678586129e-02	1.781634275011588553e+00	2.792732355182801829e+00	3.460259970653045691e-02	1.239023125231257690e-02	1.931576505809455193e+04	6.760062255606476356e+01	-2.933048379518713444e-01	6.597863106644069608e-01	7.220427298339917588e-01	-4.294080517210773884e+00	-2.933048379521202009e-01	6.597863106642966047e-01	7.220427298339919808e-01	-4.294080517210395520e+00
4.203323558162269897e+11	1.668330385314421127e+00	1.000827924022605793e-02	1.763361672783962053e+00	2.783226108910014318e+00	3.339423272236131945e-02	1.199839014712297119e-02	1.982128061659120067e+04	6.777758960261203924e+01	-6.513223110413433881e-02	7.213352280608446021e-01	7.242697831403662745e-01	-4.622339192594752788e+00	-6.513223110440607977e-02	7.213352280608215095e-01	7.242697831403676068e-01	-4.622339192594375312e+00
4.301075268817206421e+11	1.669198797685682356e+00	8.519986092367889605e-03	1.536049070003166594e+00	2.786152036032313095e+00	2.844310108335843315e-02	1.020873976563874651e-02	1.960626097196259070e+04	6.770287516905429470e+01	2.445606943506792308e-01	7.075199204855772139e-01	7.485949312580226778e-01	-5.045191400482624822e+00	2.445606943504280428e-01	7.075199204856655877e-01	7.485949312580243431e-01	-5.045191400482268662e+00
4.398826979472142944e+11	1.670707995973717885e+00	1.091432598873580233e-02	2.012440098954528800e+00	2.791146085298727986e+00	3.646930340008931737e-02	1.306606758857127917e-02	2.050386443676075578e+04	6.800951232298639582e+01	4.876727695675540653e-01	4.995626746765173265e-01	6.981315034487732829e-01	-5.485744089255867095e+00	4.876727695673702123e-01	4.995626746766987369e-01	6.981315034487746152e-01	-5.485744089255495837e+00
4.496578690127079468e+11	1.668874622730354140e+00	1.123431817159742559e-02	2.117473961854026587e+00	2.785016296488601384e+00	3.749733700051482987e-02	1.346395604499411522e-02	2.018435537627851227e+04	6.790192894473386787e+01	6.201967693152377059e-01	2.970995062797278652e-01	6.876860833990435795e-01	-5.836445273469714756e+00	6.201967693151296812e-01	2.970995062799551278e-01	6.876860833990442456e-01	-5.836445273469347939e+00
4.594330400782015991e+11	1.668956807211509741e+00	9.090697579852292931e-03	1.750687358032604113e+00	2.785334183555148169e+00	3.034396321639136127e-02	1.089419122328111333e-02	2.138914650504156089e+04	6.829906428532230223e+01	7.247854894193392905e-01	3.191704911343257178e-02	7.254879073402537015e-01	-6.239177194177666586e+00	7.247854894193294095e-01	3.191704911367490571e-02	7.254879073402543677e-01	-6.239177194177331742e+00
4.692082111436951904e+11	1.670154112365201282e+00	1.051161655496074196e-02	2.067398871965218987e+00	2.789304264967794822e+00	3.511203923374762309e-02	1.258809936038047216e-02	2.132114746241722241e+04	6.827725244217131717e+01	6.404854801834313216e-01	-2.634994403717003109e-01	6.925702891418313856e-01	-6.673485435633205398e+00	6.404854801835222489e-01	-2.634994403714809863e-01	6.925702891418319407e-01	-6.673485435632861673e+00
4.789833822091888428e+11	1.668414239752652684e+00	1.196817460438626829e-02	2.402910105877074987e+00	2.783462838206061107e+00	3.993574586760824385e-02	1.434750459731188275e-02	2.253705032762526025e+04	6.865716282581971086e+01	4.871365054384944049e-01	-4.447533767870817112e-01	6.596268195687166047e-01	-7.023133957260372817e+00	4.871365054386447291e-01	-4.447533767869187860e-01	6.596268195687178260e-01	-7.023133957260036198e+00
4.887585532746824951e+11	1.668402617824319201e+00	1.034643032847300248e-02	2.119698386989252281e+00	2.783460246542499128e+00	3.452402289032257404e-02	1.240327500031908337e-02	2.247679393445467213e+04	6.863882368231359976e+01	2.872852330437423718e-01	-6.245508913760600134e-01	6.874566321184402140e-01	-7.422853699343407996e+00	2.872852330439444324e-01	-6.245508913759686420e-01	6.874566321184416573e-01	-7.422853699343084699e+00
4.985337243401761475e+11	1.670042063314251868e+00	1.066875562282825450e-02	2.229448634386519412e+00	2.788926670892383886e+00	3.563454130668725073e-02	1.277715247180920971e-02	2.409128154689965959e+04	6.911398631700394901e+01	-1.261384818902620657e-02	-6.762307459573971835e-01	6.763483798636865663e-01	-7.872632642690414961e+00	-1.261384818882043540e-02	-6.762307459574021795e-01	6.763483798636876765e-01	-7.872632642690109428e+00
5.083088954056697998e+11	1.668581469089397862e+00	1.201597512121340382e-02	2.560211779800390275e+00	2.784019735330419909e+00	4.009926684059183372e-02	1.440337018150938952e-02	2.398322250128005544e+04	6.908319212539187504e+01	-2.353855590089714289e-01	-6.000805568964205916e-01	6.445952498700903144e-01	-8.227794894445160878e+00	-2.353855590087891581e-01	-6.000805568964928671e-01	6.445952498700910915e-01	-8.227794894444857121e+00
5.180840664711634521e+11	1.667515745481000788e+00	1.099483446599398666e-02	2.387690833597307716e+00	2.780487875042123136e+00	3.666811918200432729e-02	1.318765656600779865e-02	2.521052120597845351e+04	6.942505527650769181e+01	-4.458412075084962067e-01	-4.881752208914210689e-01	6.611273921151821220e-01	-8.594086097544625602e+00	-4.458412075083533765e-01	-4.881752208915525748e-01	6.611273921151828992e-01	-8.594086097544330727e+00
5.278592375366571045e+11	1.669398640065327344e+00	1.138165824792354737e-02	2.518331097057981527e+00	2.786762277307491598e+00	3.800104960154377515e-02	1.363627242660236938e-02	2.521343408741411622e+04	6.942584669767296646e+01	-6.044056386199865294e-01	-2.348773210999644534e-01	6.484393047639305241e-01	-9.054130030795255024e+00	-6.044056386199201381e-01	-2.348773211001391192e-01	6.484393047639319674e-01	-9.054130030794965478e+00
5.376344086021507568e+11	1.668873516886423269e+00	1.271736098938569537e-02	2.865980400211455059e+00	2.784977084094324873e+00	4.244733391974062076e-02	1.524153795094673226e-02	2.657689042292060913e+04	6.978660366522289848e+01	-6.163404651826061009e-01	7.572328009036529903e-03	6.163869800482386641e-01	-9.437063292450005747e+00	-6.163404651826095426e-01	7.572328008865019527e-03	6.163869800482398853e-01	-9.437063292449726859e+00
5.474095796676444092e+11	1.667600469188476930e+00	1.138068263775673765e-02	2.611378758463825278e+00	2.780761804900326872e+00	3.795686341281657994e-02	1.364980752609880506e-02	2.492081978354668536e+04	6.934588395363448399e+01	-5.965497110567515859e-01	2.313399086958415618e-01	6.398356907185579479e-01	-9.794720042079029909e+00	-5.965497110568143135e-01	2.313399086956834660e-01	6.398356907185592801e-01	-9.794720042078765232e+00
5.571847507331380615e+11	1.668406401219915569e+00	1.078124283033882191e-02	2.518008611213723213e+00	2.783463684434623442e+00	3.597498910248721898e-02	1.292454049379647245e-02	1.827662228737384066e+04	6.722182451301851813e+01	-4.532947116634502560e-01	4.637940188063340297e-01	6.485221565240316677e-01	-1.022162414235787509e+01	-4.532947116635676621e-01	4.637940188062205094e-01	6.485221565240325559e-01	-1.022162414235762284e+01
5.669599217986317139e+11	1.668134033753667422e+00	1.288646580321176419e-02	3.062494705462940559e+00	2.782505093566384424e+00	4.299270436228067038e-02	1.545107840473930114e-02	2.484837157827257033e+04	6.932594101673592490e+01	-2.243420861484627105e-01	5.553810219643093848e-01	5.989803428957956033e-01	-1.061167369506621228e+01	-2.243420861485208861e-01	5.553810219642859591e-01	5.989803428957958253e-01	-1.061167369506610747e+01
5.767350928641253662e+11	1.667365983109714511e+00	1.280084020878344449e-02	3.094596395844155357e+00	2.779945460121374001e+00	4.268737103869714444e-02	1.535547069216005103e-02	2.571315086977635656e+04	6.956028254273468292e+01	-6.760093594046259237e-03	5.961964128237366989e-01	5.962347369361262750e-01	-1.098423607122390422e+01	-6.760093594096810814e-03	5.961964128237361438e-01	5.962347369361263860e-01	-1.098423607122382073e+01
5.865102639296190186e+11	1.668591325461674213e+00	1.190907147115666254e-02	2.927808581688034373e+00	2.784055185422641632e+00	3.974274670215021538e-02	1.427512892353710768e-02	2.569359717596566043e+04	6.955507143008901494e+01	2.557175532070516955e-01	5.546952942127859609e-01	6.108013887017698096e-01	-1.142754256375385324e+01	2.557175532069538293e-01	5.546952942128318131e-01	6.108013887017704757e-01	-1.142754256375367738e+01
5.962854349951126709e+11	1.668580725744778448e+00	1.283530030423328874e-02	3.208111075505019283e+00	2.783996893393071659e+00	4.283346939357951522e-02	1.538560243915181383e-02	2.560722083395115260e+04	6.953200434648319117e+01	4.331895327634699977e-01	3.950860232495355118e-01	5.862986756449019010e-01	-1.182694346102467620e+01	4.331895327634469606e-01	3.950860232495607693e-01	5.862986756449019010e-01	-1.182694346102461758e+01
6.060606060606063232e+11	1.667010333114769649e+00	1.275061739882978225e-02	3.239190060866413479e+00	2.778760872467363807e+00	4.251082191488442935e-02	1.529848154121211251e-02	2.602323056587280735e+04	6.964239409109028145e+01	5.382009579859777793e-01	2.261096772719569381e-01	5.837686676527378271e-01	-1.216863953010589761e+01	5.382009579859668991e-01	2.261096772719823900e-01	5.837686676527378271e-01	-1.216863953010584964e+01
6.158357771260999756e+11	1.667435389034637394e+00	1.245377449218605485e-02	3.214808250751300722e+00	2.780185680105990098e+00	4.153172863065579534e-02	1.493847296885309622e-02	2.618575090691312653e+04	6.968504081439694176e+01	5.857093819451522076e-01	-1.014187695936989708e-02	5.857971814261581089e-01	-1.258368442876568949e+01	5.857093819451526517e-01	-1.014187695934017953e-02	5.857971814261581089e-01	-1.258368442876563797e+01
6.256109481915936279e+11	1.668118960584031196e+00	1.368944708164251088e-02	3.589875677883113347e+00	2.782433465698547881e+00	4.567125247359921092e-02	1.641414000968147158e-02	2.658214982774219970e+04	6.978795910813721548e+01	5.010973728310595954e-01	-2.374582047297994492e-01	5.545132785170155953e-01	-1.300890177149816473e+01	5.010973728310602615e-01	-2.374582047297984500e-01	5.545132785170157064e-01	-1.300890177149816296e+01
6.353861192570872803e+11	1.667359729025594817e+00	1.366145142970716722e-02	3.638511286711867410e+00	2.779901830721138722e+00	4.555710790786573344e-02	1.638802759306349013e-02	2.656069399662512296e+04	6.978242787026070459e+01	3.786015869443244419e-01	-3.998299569042278456e-01	5.506388617549596853e-01	-1.337903271641163094e+01	3.786015869443287718e-01	-3.998299569042237933e-01	5.506388617549596853e-01	-1.337903271641162029e+01
6.451612903225809326e+11	1.667353898163168813e+00	1.264023133252964101e-02	3.418318182529023641e+00	2.779909246271774936e+00	4.215147797195504392e-02	1.516289714438906130e-02	2.598541017384030420e+04	6.963243149872685933e+01	1.997844819132586491e-01	-5.323577777775577724e-01	5.686111525230654884e-01	-1.377814874750639262e+01	1.997844819132689465e-01	-5.323577777775539976e-01	5.686111525230655994e-01	-1.377814874750637308e+01
6.549364613880745850e+11	1.667671604927778439e+00	1.348091721010818977e-02	3.700903589739818145e+00	2.780946846753566515e+00	4.496348567935926771e-02	1.616840887550545156e-02	2.638343842092431441e+04	6.973656032974805896e+01	-2.877985460788282449e-02	-5.448309305861173124e-01	5.455905268189554791e-01	-1.418994135135289625e+01	-2.877985460788305347e-02	-5.448309305861174234e-01	5.455905268189555901e-01	-1.418994135135289625e+01
6.647116324535682373e+11	1.666800522092704684e+00	1.419698830799201623e-02	3.955657349944807333e+00	2.778022425971495402e+00	4.732709504781023452e-02	1.703625377727452719e-02	2.566930211155080178e+04	6.954859120161198405e+01	-2.127438513612946447e-01	-4.807596307866620067e-01	5.257278467859242133e-01	-1.455377980752460587e+01	-2.127438513612919802e-01	-4.807596307866632834e-01	5.257278467859243243e-01	-1.455377980752460054e+01
6.744868035190618896e+11	1.666959653697241972e+00	1.354739446241901360e-02	3.830173035911810686e+00	2.778570955157708688e+00	4.516591996314786583e-02	1.625508964574355966e-02	2.514800391855467024e+04	6.940804743859077064e+01	-3.922485733134880026e-01	-3.644371065819170807e-01	5.354188527874848003e-01	-1.495930288655699769e+01	-3.922485733134910557e-01	-3.644371065819136390e-01	5.354188527874846892e-01	-1.495930288655700835e+01
6.842619745845555420e+11	1.667585491971541156e+00	1.383312426019044257e-02	3.967636213710935333e+00	2.780650017707169130e+00	4.613583464986627941e-02	1.659174450436892712e-02	2.487563180745775389e+04	6.933345179983574269e+01	-4.974908585297275199e-01	-1.668243013711123435e-01	5.247165919318780292e-01	-1.538441554125933841e+01	-4.974908585297265207e-01	-1.668243013711150358e-01	5.247165919318780292e-01	-1.538441554125933308e+01
6.940371456500491943e+11	1.666777442045084268e+00	1.432516901396713171e-02	4.167461829568533282e+00	2.777941830843075888e+00	4.775373713192727909e-02	1.719033012200782071e-02	2.387875387386153670e+04	6.905328892220671833e+01	-5.092424921045288766e-01	2.108800789827421432e-02	5.096789380011194082e-01	-1.574935016412286259e+01	-5.092424921045289876e-01	2.108800789827744437e-02	5.096789380011196302e-01	-1.574935016412286970e+01
7.038123167155428467e+11	1.666414714487230997e+00	1.398869367155731319e-02	4.126892761779293650e+00	2.776742317108922720e+00	4.662192994147502934e-02	1.679015357464521893e-02	2.324333912735600825e+04	6.886854047212843000e+01	-4.671792197360674637e-01	2.112457375555113204e-01	5.127194018062636305e-01	-1.613262262935774416e+01	-4.671792197360671861e-01	2.112457375555121253e-01	5.127194018062637415e-01	-1.613262262935774771e+01
7.135874877810364990e+11	1.667152500752867361e+00	1.430608016698623093e-02	4.279145383808884873e+00	2.779192796836795321e+00	4.770083465272418471e-02	1.716355724115866538e-02	2.303199372477524594e+04	6.880597020128908525e+01	-3.288423571752400187e-01	3.784740832729719950e-01	5.013780286190098190e-01	-1.656341566150704026e+01	-3.288423571752394636e-01	3.784740832729726612e-01	5.013780286190099300e-01	-1.656341566150704026e+01
7.233626588465301514e+11	1.666891589377009320e+00	1.489964464102612809e-02	4.517739213452653502e+00	2.778305571325383472e+00	4.967218467366536772e-02	1.787858944902499803e-02	2.291366238936382797e+04	6.877068618371791331e+01	-1.559530285735186150e-01	4.584186189600249484e-01	4.842199679179590710e-01	-1.695084375013981060e+01	-1.559530285735197530e-01	4.584186189600245598e-01	4.842199679179589600e-01	-1.695084375013980704e+01
7.331378299120238037e+11	1.666313931565111206e+00	1.434099041042636614e-02	4.407110463570222514e+00	2.776396454522026325e+00	4.779318422667023364e-02	1.721410649002507939e-02	2.304293987666098838e+04	6.880922495792857774e+01	2.221993559895586723e-02	4.916296102213570940e-01	4.921314856666105242e-01	-1.732392535353378804e+01	2.221993559895428516e-02	4.916296102213570385e-01	4.921314856666103577e-01	-1.732392535353378449e+01
7.429130009775174561e+11	1.666564716482891395e+00	1.445754534765379337e-02	4.502167855201542501e+00	2.777228933608220540e+00	4.818886992670237679e-02	1.735142153516837371e-02	2.267028798737955367e+04	6.869754047935266783e+01	2.133277395843786450e-01	4.359159240276242464e-01	4.853157913122526090e-01	-1.773387369385455870e+01	2.133277395843806712e-01	4.359159240276233027e-01	4.853157913122527201e-01	-1.773387369385456225e+01
7.526881720430111084e+11	1.666307310018600774e+00	1.525525857591781241e-02	4.813088262676590290e+00	2.776347328507207113e+00	5.083989776255160020e-02	1.831179306729151593e-02	1.807683024678073343e+04	6.714653081047438832e+01	3.459263756686876135e-01	3.089181625003557530e-01	4.637838812484433859e-01	-1.812061220847876797e+01	3.459263756686873914e-01	3.089181625003559195e-01	4.637838812484433304e-01	-1.812061220847876797e+01
7.624633431085047607e+11	1.666070633224352671e+00	1.520038396561912072e-02	4.858057922102770654e+00	2.775560303219893221e+00	5.064982667770469293e-02	1.824850521854864960e-02	2.303466206337415861e+04	6.880676375442963888e+01	4.341571328235289129e-01	1.542695177734338396e-01	4.607510174656103130e-01	-1.850813973781788491e+01	4.341571328235310223e-01	1.542695177734279555e-01	4.607510174656103685e-01	-1.850813973781789912e+01
7.722385141739984131e+11	1.666593051803304748e+00	1.492591048114305999e-02	4.831494074721427445e+00	2.777309617515361762e+00	4.975083739942229299e-02	1.791332053353504594e-02	2.359784393257172997e+04	6.897222747577421842e+01	4.609454196035599471e-01	-3.775805257920504532e-02	4.624892975930102179e-01	-1.893128780916964615e+01	4.609454196035600582e-01	-3.775805257920450408e-02	4.624892975930102179e-01	-1.893128780916964615e+01
7.820136852394920654e+11	1.666451663829081609e+00	1.536100860050741701e-02	5.035275606260873893e+00	2.776825187293489705e+00	5.119675668081683645e-02	1.843715510615819009e-02	2.326885056316939517e+04	6.887605479620484061e+01	3.995093002866386134e-01	-2.047660303963226569e-01	4.489285112574020187e-01	-1.932318816980195919e+01	3.995093002866377252e-01	-2.047660303963245443e-01	4.489285112574021297e-01	-1.932318816980196630e+01
7.917888563049857178e+11	1.665680023299934698e+00	1.539181876194098408e-02	5.108442238926135914e+00	2.774253031935670410e+00	5.127569006803646412e-02	1.848270128131032294e-02	2.333270825822702682e+04	6.889482784581586827e+01	2.981712335796985469e-01	-3.292482540784831824e-01	4.441964625570182790e-01	-1.968444512561359616e+01	2.981712335797024327e-01	-3.292482540784797407e-01	4.441964625570183900e-01	-1.968444512561358550e+01
8.015640273704793701e+11	1.665893719345079349e+00	1.536956204765422759e-02	5.164031375926876777e+00	2.774965660715845495e+00	5.120811376854334657e-02	1.845360268542329055e-02	2.268959198222176565e+04	6.870337086234225410e+01	1.416133875737027037e-01	-4.171976427718650515e-01	4.405771495147024486e-01	-2.009311618672573729e+01	1.416133875737017600e-01	-4.171976427718653291e-01	4.405771495147023376e-01	-2.009311618672574085e+01
8.113391984359730225e+11	1.666101395251292860e+00	1.593136249606548482e-02	5.418069096312387423e+00	2.775640050947323800e+00	5.308653056589764802e-02	1.912586992242717304e-02	2.292351331053508693e+04	6.877363047492255532e+01	-3.447573647776865091e-02	-4.231074576466831161e-01	4.245097138133876458e-01	-2.050165485718229874e+01	-3.447573647777014277e-02	-4.231074576466830051e-01	4.245097138133876458e-01	-2.050165485718230229e+01
8.211143695014666748e+11	1.665705012159704790e+00	1.597781852876366607e-02	5.499336539028664816e+00	2.774317896849024301e+00	5.322866481347967443e-02	1.918621686214654065e-02	2.170736830956444101e+04	6.840022629262922749e+01	-1.861739363250345947e-01	-3.759406569958901323e-01	4.195141381994885177e-01	-2.088016984116319108e+01	-1.861739363250340396e-01	-3.759406569958903543e-01	4.195141381994884622e-01	-2.088016984116319108e+01
8.308895405669603271e+11	1.665712889736207236e+00	1.565157744870443457e-02	5.451180562917818939e+00	2.774354459156713304e+00	5.214206860202303534e-02	1.879430670076383258e-02	2.209982521007459945e+04	6.852296454038544482e+01	-3.197345653998315829e-01	-2.761174788120980828e-01	4.224583463691641283e-01	-2.127882128622258406e+01	-3.197345653998331372e-01	-2.761174788120963064e-01	4.224583463691640728e-01	-2.127882128622258762e+01
8.406647116324539795e+11	1.665809342733998832e+00	1.615075679257294700e-02	5.691213210760713181e+00	2.774659919394904417e+00	5.380816311458521545e-02	1.939270565681420685e-02	2.063664277296930959e+04	6.805372846537065357e+01	-3.885433800174591945e-01	-1.241339552526317253e-01	4.078911582788404822e-01	-2.168191245780033682e+01	-3.885433800174598606e-01	-1.241339552526297546e-01	4.078911582788404822e-01	-2.168191245780034038e+01
8.504398826979476318e+11	1.665467829785467258e+00	1.636076438479071998e-02	5.832253203193269897e+00	2.773515417439059494e+00	5.449665350713753242e-02	1.964894558165366720e-02	2.112748942251762855e+04	6.821475006177713851e+01	-3.985723251006483836e-01	2.843569697991202641e-02	3.995853941260494868e-01	-2.206237177999740240e+01	-3.985723251006486612e-01	2.843569697990977127e-02	3.995853941260495978e-01	-2.206237177999739885e+01
8.602150537634412842e+11	1.665408219746202567e+00	1.611525120455268439e-02	5.810764561645179072e+00	2.773324837076830196e+00	5.367694363867386853e-02	1.935472647165667817e-02	2.020277151496699662e+04	6.790817602965348954e+01	-3.580577175408118928e-01	1.801647112748898105e-01	4.008299543189109970e-01	-2.245733077128229382e+01	-3.580577175408120594e-01	1.801647112748896162e-01	4.008299543189109970e-01	-2.245733077128229382e+01
8.699902248289349365e+11	1.665520905797556406e+00	1.637205953517662307e-02	5.970447025131552898e+00	2.773691843315289507e+00	5.453601485359777651e-02	1.966188673231014997e-02	2.089225668756014784e+04	6.813805442946251389e+01	-2.524473754757053379e-01	2.993325318902982923e-01	3.915732907546532471e-01	-2.286131387972165641e+01	-2.524473754757062260e-01	2.993325318902976817e-01	3.915732907546533026e-01	-2.286131387972165285e+01
8.797653958944285889e+11	1.665111818496477714e+00	1.682626448310287764e-02	6.205028033129660336e+00	2.772314244920191850e+00	5.603522370392425428e-02	2.021243580398562195e-02	2.045619513234821352e+04	6.799356821626111014e+01	-1.206948166672878048e-01	3.586361296434176227e-01	3.784007297244026957e-01	-2.323731259792359083e+01	-1.206948166672910522e-01	3.586361296434166235e-01	3.784007297244027512e-01	-2.323731259792358017e+01
8.895405669599222412e+11	1.665118887678062265e+00	1.678792864384278175e-02	6.259678587710839182e+00	2.772339075554076437e+00	5.590779413970834583e-02	2.016629013120795066e-02	2.044448859997155887e+04	6.798964701191073345e+01	2.760466670898403113e-02	3.743630226981405351e-01	3.753793952627162978e-01	-2.363554938871404687e+01	2.760466670898271621e-02	3.743630226981406461e-01	3.753793952627163533e-01	-2.363554938871404332e+01
8.993157380254158936e+11	1.665432296206342366e+00	1.685191119728534151e-02	6.352585465835018930e+00	2.773380746336128855e+00	5.613143432152059575e-02	2.023935386285312041e-02	2.018303097475684990e+04	6.790147946428963621e+01	1.738409011306498442e-01	3.269474276222519293e-01	3.702908037404170627e-01	-2.405063678299291041e+01	1.738409011306510654e-01	3.269474276222512077e-01	3.702908037404169517e-01	-2.405063678299291752e+01
9.090909090909095459e+11	1.665179166409904488e+00	1.699781862823034756e-02	6.477235192002574138e+00	2.772532730407466506e+00	5.660882690828671071e-02	2.041773079445924691e-02	1.979383643055041102e+04	6.776809861859138095e+01	2.785354229749593680e-01	2.337372102157514175e-01	3.636138958995955850e-01	-2.443457110175218006e+01	2.785354229749611443e-01	2.337372102157491138e-01	3.636138958995954185e-01	-2.443457110175218716e+01
9.188660801564031982e+11	1.664665046791897973e+00	1.687249772306744292e-02	6.498614259850454822e+00	2.770825036831257027e+00	5.617411442333251209e-02	2.027342530713299382e-02	1.897729906422757267e+04	6.747952705914548233e+01	3.430331733608609213e-01	1.171799575891351169e-01	3.624953799520953535e-01	-2.480356967149177549e+01	3.430331733608605327e-01	1.171799575891362966e-01	3.624953799520953535e-01	-2.480356967149177194e+01
9.286412512218968506e+11	1.664767854909322997e+00	1.716410836710006993e-02	6.681260121907059535e+00	2.771157404123350876e+00	5.714851173545669460e-02	2.062261481445349168e-02	1.926511822699767072e+04	6.758263790061759835e+01	3.519672996004977739e-01	-2.616562268443060890e-02	3.529385496067701800e-01	-2.520694579166930893e+01	3.519672996004978294e-01	-2.616562268442962358e-02	3.529385496067701244e-01	-2.520694579166930538e+01
9.384164222873903809e+11	1.664819728594840065e+00	1.770169626692656012e-02	6.963052105785564549e+00	2.771311378667870695e+00	5.894026634954593891e-02	2.126800575468992469e-02	1.805997308506847548e+04	6.714013999153048928e+01	3.012421352285257758e-01	-1.548218186064557467e-01	3.386984197684596576e-01	-2.560748231426535426e+01	3.012421352285263865e-01	-1.548218186064548862e-01	3.386984197684598241e-01	-2.560748231426535071e+01
9.481915933528840332e+11	1.664791701481788122e+00	1.759601151367409799e-02	6.993579226397693027e+00	2.771221789701438176e+00	5.858738789428526855e-02	2.114135653523324318e-02	1.804214834579506714e+04	6.713337585663319373e+01	2.172159955740321224e-01	-2.578911112773153991e-01	3.371803879365860013e-01	-2.600354365936234657e+01	2.172159955740309012e-01	-2.578911112773163428e-01	3.371803879365858903e-01	-2.600354365936235368e+01
9.579667644183776855e+11	1.664843596295310313e+00	1.736364259988877959e-02	6.972370249815556420e+00	2.771402704041165510e+00	5.781549838157057364e-02	2.086145701498593949e-02	1.701065994338795645e+04	6.673011255960963695e+01	9.970919657421771498e-02	-3.231776900195841851e-01	3.382096143043104020e-01	-2.640427586680392835e+01	9.970919657421827009e-02	-3.231776900195837965e-01	3.382096143043102354e-01	-2.640427586680392480e+01
9.677419354838713379e+11	1.664563795237395061e+00	1.766298102661701189e-02	7.164942746605603929e+00	2.770460647516373776e+00	5.880231746574342971e-02	2.122474380513499070e-02	1.645588961259806820e+04	6.650298813766231376e+01	-2.687162425695981474e-02	-3.277352114451952958e-01	3.288349935928871481e-01	-2.678534643267310855e+01	-2.687162425695857615e-02	-3.277352114451954623e-01	3.288349935928871481e-01	-2.678534643267310500e+01
9.775171065493649902e+11	1.664211034625206365e+00	1.788143589018491297e-02	7.326826665844028419e+00	2.769278622018804814e+00	5.951696584677786117e-02	2.149186628371470287e-02	1.563070410857685420e+04	6.615058033999558518e+01	-1.420578012339148433e-01	-2.880327163808045765e-01	3.211592511467161182e-01	-2.716173056441301270e+01	-1.420578012339148433e-01	-2.880327163808045765e-01	3.211592511467161182e-01	-2.716173056441301270e+01
9.872922776148586426e+11	1.664382257488450811e+00	1.792197468343121811e-02	7.416871600792088515e+00	2.769847101865797967e+00	5.965803336452022571e-02	2.153838503372043633e-02	1.395668109600307798e+04	6.537461796904815969e+01	-2.413965925273697799e-01	-2.053802153505351891e-01	3.169437611647485942e-01	-2.756937557354687840e+01	-2.413965925273703628e-01	-2.053802153505345507e-01	3.169437611647486497e-01	-2.756937557354688195e+01
9.970674486803522949e+11	1.664536573886712167e+00	1.826994231063520935e-02	7.635735483079376884e+00	2.770348215014479809e+00	6.082197435770522742e-02	2.195463156150113254e-02	1.512878970255235436e+04	6.592701175025416660e+01	-2.934114395415424181e-01	-9.018035306805131934e-02	3.069572754200796116e-01	-2.797614660255055341e+01	-2.934114395415426957e-01	-9.018035306805047280e-02	3.069572754200796116e-01	-2.797614660255055696e+01
1.006842619745845947e+12	1.664195245673739665e+00	1.831730916974535356e-02	7.730586212342038799e+00	2.769210291907858945e+00	6.096715766765242739e-02	2.201608084651774516e-02	1.587351514042674717e+04	6.625617210620930564e+01	-3.018123348306028797e-01	2.367366956070003289e-02	3.027393732013878291e-01	-2.835261198398469418e+01	-3.018123348306031017e-01	2.367366956069701794e-02	3.027393732013877736e-01	-2.835261198398468707e+01
1.016617790811339600e+12	1.664187106705858676e+00	1.830130765075154223e-02	7.798821645441879724e+00	2.769183788264289792e+00	6.091360045647600807e-02	2.199695112856931214e-02	1.560278991068486539e+04	6.613833625150600426e+01	-2.665345491352305585e-01	1.370954994011379102e-01	2.997262781918996755e-01	-2.874940572440294773e+01	-2.665345491352303364e-01	1.370954994011386874e-01	2.997262781918998420e-01	-2.874940572440294773e+01
1.026392961876833252e+12	1.664221916482528263e+00	1.863396454183707460e-02	8.016929993244392705e+00	2.769287362666232877e+00	6.202210436296714396e-02	2.239641331524840073e-02	1.571681512607740478e+04	6.618821416813177905e+01	-1.862052495201236557e-01	2.227395259662940108e-01	2.903192921191095621e-01	-2.914883342288902668e+01	-1.862052495201249880e-01	2.227395259662926508e-01	2.903192921191093956e-01	-2.914883342288901957e+01
1.036168132942326904e+12	1.664077375151732818e+00	1.867822427502447216e-02	8.112505018113301603e+00	2.768804634429812950e+00	6.216402084815620538e-02	2.245157353290756774e-02	1.562882173406689981e+04	6.614975535621732661e+01	-8.683218303459136478e-02	2.728049722465069049e-01	2.862907279200117006e-01	-2.953697557203845037e+01	-8.683218303459105947e-02	2.728049722465070159e-01	2.862907279200117006e-01	-2.953697557203845037e+01
1.045943304007820557e+12	1.663924514487030715e+00	1.851286807808426305e-02	8.116541460751944825e+00	2.768302063626424392e+00	6.160803005717761099e-02	2.225480769120702015e-02	1.561448049081281169e+04	6.614346678962236581e+01	2.266936630404500427e-02	2.852167642105505330e-01	2.861162399364351461e-01	-2.992444465756111427e+01	2.266936630404498346e-02	2.852167642105504775e-01	2.861162399364350906e-01	-2.992444465756111427e+01
1.055718475073314209e+12	1.663896716591090952e+00	1.884295748118394384e-02	8.338469623978399525e+00	2.768197226435975544e+00	6.270547016761499060e-02	2.265209630613914532e-02	1.547300944243540289e+04	6.608112106546487041e+01	1.265778265602219010e-01	2.463703078714499506e-01	2.769842500529274831e-01	-3.031973352894195983e+01	1.265778265602191810e-01	2.463703078714515604e-01	2.769842500529276497e-01	-3.031973352894194562e+01
1.065493646138807861e+12	1.663822280387680985e+00	1.928998627990664155e-02	8.615330532336630043e+00	2.767932477143783654e+00	6.419021792176270169e-02	2.319067334619386370e-02	1.519736580424162275e+04	6.595799150229993302e+01	2.027645222448723472e-01	1.721760549725100120e-01	2.660038446847866611e-01	-3.071193027133479347e+01	2.027645222448741791e-01	1.721760549725079859e-01	2.660038446847867166e-01	-3.071193027133480413e+01
1.075268817204301514e+12	1.663965669101239220e+00	1.936354049328361041e-02	8.727522569937265828e+00	2.768406801247099480e+00	6.444053322615120316e-02	2.327711852070379200e-02	1.464846312558465615e+04	6.570600200595093554e+01	2.501708437398101337e-01	7.670183847175815472e-02	2.616650971804153070e-01	-3.111842772943497337e+01	2.501708437398106333e-01	7.670183847175673919e-02	2.616650971804153070e-01	-3.111842772943498048e+01
1.085043988269795166e+12	1.664121415766928846e+00	1.923524804476033773e-02	8.748514122245286018e+00	2.768930091646784053e+00	6.401957641774924657e-02	2.312069077181882343e-02	1.380762866433658201e+04	6.530106874110497017e+01	2.592691416386845860e-01	-2.864093418508468700e-02	2.608462974953921765e-01	-3.152594840837949874e+01	2.592691416386843084e-01	-2.864093418508575212e-02	2.608462974953920654e-01	-3.152594840837950230e+01
1.094819159335288818e+12	1.663397971775548267e+00	1.931488367297065634e-02	8.863875489939383456e+00	2.766519747775707305e+00	6.425667665340008272e-02	2.322653821830214863e-02	9.266860278826203285e+03	6.256944140967130608e+01	2.299806861370645716e-01	-1.135992994021080976e-01	2.565071476990939958e-01	-3.187472362837682383e+01	2.299806861370655986e-01	-1.135992994021061825e-01	2.565071476990940513e-01	-3.187472362837681672e+01
1.104594330400782471e+12	1.663749857004890087e+00	1.899840028032932782e-02	8.796481719923411546e+00	2.767702647470580590e+00	6.321717149943915925e-02	2.284102721700024402e-02	7.728770759101102158e+03	6.132619862881519879e+01	1.651426170461805232e-01	-1.995438637795968750e-01	2.590170603202648913e-01	-3.229537740449086414e+01	1.651426170461804399e-01	-1.995438637795967918e-01	2.590170603202647803e-01	-3.229537740449086414e+01
1.114369501466276123e+12	1.663848841540737977e+00	1.967003083465317104e-02	9.188051471230910039e+00	2.768006057383419538e+00	6.545591603461654862e-02	2.364731676074858721e-02	8.965335788702082937e+03	6.234284920268466124e+01	6.940048367931404838e-02	-2.345595556626500211e-01	2.446111450600371995e-01	-3.269905406855170327e+01	6.940048367931461737e-02	-2.345595556626498546e-01	2.446111450600371717e-01	-3.269905406855170327e+01
1.124144672531769775e+12	1.664073624781455818e+00	2.031408547110506030e-02	9.572131211463151601e+00	2.768728366624765957e+00	6.760826768804420461e-02	2.441852675149294022e-02	1.289860261685509795e+04	6.483456697748033548e+01	-2.878199031548402467e-02	-2.294564747746127564e-01	2.312545713764662392e-01	-3.311150664570351410e+01	-2.878199031548497183e-02	-2.294564747746125621e-01	2.312545713764661559e-01	-3.311150664570351410e+01
1.133919843597263428e+12	1.664314587485274277e+00	2.048044971619252322e-02	9.734440734822301877e+00	2.769523597295701300e+00	6.817182244183572770e-02	2.461499967301309169e-02	1.348604849537163864e+04	6.513964438310084404e+01	-1.158508409967020369e-01	-1.938386556858163745e-01	2.258203750721524405e-01	-3.352542467390976810e+01	-1.158508409967012875e-01	-1.938386556858167631e-01	2.258203750721523850e-01	-3.352542467390976810e+01
1.143695014662757080e+12	1.664366587170632572e+00	2.070074899525200379e-02	9.923970132331016103e+00	2.769687615481054799e+00	6.890726991420695335e-02	2.487907644495812587e-02	1.326249205550419902e+04	6.502514082886997926e+01	-1.773346146470297646e-01	-1.296019930764095440e-01	2.196457196518708521e-01	-3.392639821627337682e+01	-1.773346146470297924e-01	-1.296019930764094608e-01	2.196457196518708521e-01	-3.392639821627337682e+01
1.153470185728250732e+12	1.664081943687591547e+00	2.144180012306783067e-02	1.036708783158266378e+01	2.768708964514555060e+00	7.136182484991110409e-02	2.577440452013097724e-02	1.049463707669240466e+04	6.342171901952480795e+01	-1.992843195582510996e-01	-5.172009970102140614e-02	2.058863976441346333e-01	-3.430359217214359546e+01	-1.992843195582503502e-01	-5.172009970102378618e-02	2.058863976441345500e-01	-3.430359217214358125e+01
1.163245356793744385e+12	1.663316947739751583e+00	2.191904972978522825e-02	1.068764969733671144e+01	2.766142823897226766e+00	7.291665378780438911e-02	2.636040813144705994e-02	4.720678879291269368e+03	5.794915846556376238e+01	-1.957136380503690376e-01	1.742042235533765651e-02	1.964874022270873266e-01	-3.464629498555115816e+01	-1.957136380503692874e-01	1.742042235533495034e-02	1.964874022270873544e-01	-3.464629498555114395e+01
1.173020527859238037e+12	1.664351845853566214e+00	2.226113942873324258e-02	1.094566527969100100e+01	2.769571508467507659e+00	7.410073699803154668e-02	2.675530737209014936e-02	1.020599529754687137e+04	6.323067850032555270e+01	-1.603099084819238629e-01	1.004564990376213413e-01	1.891844997783339033e-01	-3.511729650458585894e+01	-1.603099084819229192e-01	1.004564990376227290e-01	1.891844997783338200e-01	-3.511729650458587315e+01
1.182795698924731689e+12	1.664264779258459281e+00	2.398310738813406659e-02	1.189061588244919321e+01	2.769202066040217236e+00	7.982848184648973222e-02	2.882725057353412515e-02	1.235170775773987043e+04	6.453779232438446911e+01	-9.578195888935994717e-02	1.341094173939889056e-01	1.648014547339864133e-01	-3.550811778737197244e+01	-9.578195888935860103e-02	1.341094173939899048e-01	1.648014547339864411e-01	-3.550811778737197955e+01
1.192570869990225342e+12	1.662646118696589292e+00	2.517410861297300281e-02	1.258425354186821821e+01	2.763758380272375081e+00	8.371126795401188925e-02	3.028892415181458006e-02	1.242291196480159124e+04	6.457716741939273675e+01	-4.984018472402422517e-02	1.403757809233634191e-01	1.489610817736262971e-01	-3.578715040839377082e+01	-4.984018472402412109e-02	1.403757809233633913e-01	1.489610817736262138e-01	-3.578715040839377082e+01
1.202346041055718994e+12	1.660771621708288626e+00	2.544827310780194488e-02	1.282557828105804631e+01	2.757514764867409873e+00	8.452753959783933235e-02	3.065352203178636076e-02	1.190633761283486820e+04	6.428623563955439124e+01	-1.188895625007961934e-02	1.433471943505221224e-01	1.438393736390793376e-01	-3.604556671950823699e+01	-1.188895625008044681e-02	1.433471943505220392e-01	1.438393736390793098e-01	-3.604556671950822988e+01
1.212121212121212646e+12	1.659305394492208263e+00	2.458539421243343195e-02	1.249143662372080321e+01	2.752689950582361877e+00	8.158935448481662023e-02	2.963986353332510176e-02	7.600873071822502425e+03	6.121189435591223571e+01	3.058492878963264133e-02	1.479275809193305868e-01	1.510563042898640518e-01	-3.633219879981753309e+01	3.058492878963085457e-02	1.479275809193308922e-01	1.510563042898639963e-01	-3.633219879981751887e+01
1.221896383186706299e+12	1.658532934314341567e+00	2.328433282020732006e-02	1.192579497328878269e+01	2.750189334050458179e+00	7.723566567170034314e-02	2.808376307603092578e-02	1.117527424574879842e+04	6.385216947074869864e+01	8.445310437404202064e-02	1.406652704652581187e-01	1.640702445706626322e-01	-3.666901693827214359e+01	8.445310437404231207e-02	1.406652704652579244e-01	1.640702445706626322e-01	-3.666901693827215070e+01
1.231671554252199951e+12	1.658332331550899097e+00	2.202121637470528734e-02	1.136908141983796128e+01	2.749581187896419809e+00	7.303699018850370872e-02	2.656295093594999643e-02	7.376307259197203166e+03	6.100646245151549607e+01	1.415496523921862260e-01	1.078542420499374460e-01	1.779574151883400734e-01	-3.704800433442769503e+01	1.415496523921864480e-01	1.078542420499369603e-01	1.779574151883399347e-01	-3.704800433442769503e+01
1.241446725317693604e+12	1.658575108741915383e+00	2.181274497449152069e-02	1.135082871393154136e+01	2.750395595494934398e+00	7.235615173605387807e-02	2.630754348740635407e-02	1.079578640832966266e+04	6.361551659148637583e+01	1.733514608562482517e-01	4.220939350185293898e-02	1.784162601356435729e-01	-3.746026930923358833e+01	1.733514608562488624e-01	4.220939350185052424e-02	1.784162601356435729e-01	-3.746026930923360254e+01
1.251221896383187256e+12	1.658973351268559160e+00	2.186381376989563613e-02	1.146698954460575948e+01	2.751714553866669188e+00	7.254296880271086934e-02	2.636282484343245233e-02	1.050658307660408173e+04	6.342951193180865488e+01	1.723847698445777343e-01	-3.236274263748547403e-02	1.753962827011683046e-01	-3.788468729465652274e+01	1.723847698445776788e-01	-3.236274263748595281e-02	1.753962827011683601e-01	-3.788468729465652984e+01
1.260997067448680908e+12	1.659466975883877815e+00	2.152691207708396295e-02	1.137849897439391889e+01	2.753367236105608296e+00	7.144639936935330560e-02	2.594873594501249589e-02	1.063097906474600495e+04	6.351013851438076330e+01	1.448060143407239320e-01	-1.029177792559947541e-01	1.776537392689261918e-01	-3.831700199318157729e+01	1.448060143407238765e-01	-1.029177792559948790e-01	1.776537392689262196e-01	-3.831700199318157729e+01
1.270772238514174561e+12	1.659595190375070084e+00	2.124607352021868484e-02	1.131711058658469859e+01	2.753804800276038467e+00	7.051976285702012126e-02	2.560811966409213061e-02	1.042243294949424489e+04	6.337442734862022320e+01	9.344542275696754441e-02	-1.529538564063522010e-01	1.792398650518443881e-01	-3.872148434324018496e+01	9.344542275696757216e-02	-1.529538564063521455e-01	1.792398650518443604e-01	-3.872148434324018496e+01
1.280547409579668213e+12	1.659278103499693957e+00	2.132103422479142765e-02	1.144440162466992028e+01	2.752749238253126229e+00	7.075505046632797612e-02	2.570341296733174088e-02	1.043930296231200919e+04	6.338550599818891129e+01	3.127959752394615656e-02	-1.731363965323862442e-01	1.759392651612474712e-01	-3.909117167712724239e+01	3.127959752394655901e-02	-1.731363965323861609e-01	1.759392651612474712e-01	-3.909117167712724239e+01
1.290322580645161865e+12	1.659092407070992925e+00	2.160205012378689504e-02	1.168375463635857869e+01	2.752120966631070420e+00	7.167959467508368265e-02	2.604521950313404624e-02	1.048109993955685786e+04	6.341287740817286789e+01	-3.390473557030450336e-02	-1.664762317448098550e-01	1.698936927317901135e-01	-3.947082154474853155e+01	-3.390473557030487806e-02	-1.664762317448097162e-01	1.698936927317900580e-01	-3.947082154474853155e+01
1.300097751710655518e+12	1.659413651288655922e+00	2.192026508933581086e-02	1.194568257313192561e+01	2.753173168061562315e+00	7.274957425821998447e-02	2.642390064749943271e-02	1.032954065723146959e+04	6.331310130667441882e+01	-9.508944289129112049e-02	-1.330084802279210832e-01	1.635030824232907021e-01	-3.989057265502826510e+01	-9.508944289128991312e-02	-1.330084802279219436e-01	1.635030824232907021e-01	-3.989057265502825800e+01
1.309872922776149170e+12	1.659769084089807611e+00	2.182761351899383667e-02	1.198462863748265228e+01	2.754356967788384125e+00	7.245759619657340944e-02	2.630653798470913851e-02	1.015425399471576384e+04	6.319586265333138186e+01	-1.404865884617558791e-01	-8.178442902553388627e-02	1.625582183977646589e-01	-4.031351254564008713e+01	-1.404865884617551020e-01	-8.178442902553505200e-02	1.625582183977645756e-01	-4.031351254564008002e+01
1.319648093841642822e+12	1.659507129783850399e+00	2.169419090008146977e-02	1.200026269879317375e+01	2.753493275884623781e+00	7.200332894715424925e-02	2.614981107009295425e-02	9.910295774466570947e+03	6.302928022015863263e+01	-1.602740395311875454e-01	-2.482582167745795224e-02	1.621853543622407690e-01	-4.068702967255691760e+01	-1.602740395311876009e-01	-2.482582167745791754e-02	1.621853543622408245e-01	-4.068702967255691760e+01
1.329423264907136475e+12	1.659179128009077520e+00	2.171876549489681202e-02	1.210284780093157764e+01	2.752403674046340676e+00	7.207064479051306094e-02	2.618462018129817659e-02	9.292082833491151177e+03	6.258806047433609621e+01	-1.561249622447655472e-01	3.395175630758951596e-02	1.597739828391951111e-01	-4.105483580234619012e+01	-1.561249622447660190e-01	3.395175630758763552e-02	1.597739828391951666e-01	-4.105483580234617591e+01
1.339198435972630127e+12	1.659081449858293755e+00	2.224378707956069928e-02	1.248656044486199690e+01	2.752056471200257537e+00	7.380850903659350037e-02	2.681940207586049757e-02	9.472367474150878479e+03	6.271969142176548218e+01	-1.246495480409742784e-01	8.533974301082007663e-02	1.510641637317466923e-01	-4.144104541247662610e+01	-1.246495480409738066e-01	8.533974301082077052e-02	1.510641637317466923e-01	-4.144104541247663320e+01
1.348973607038123779e+12	1.659197143588221568e+00	2.241472492011981760e-02	1.267435966887668464e+01	2.752432741398068927e+00	7.438089512355705590e-02	2.702369217050371031e-02	9.253321785845189879e+03	6.255942650289043172e+01	-7.889922452515274465e-02	1.239940053892664429e-01	1.469680271458520537e-01	-4.184480634498136453e+01	-7.889922452515193974e-02	1.239940053892669425e-01	1.469680271458520260e-01	-4.184480634498136453e+01
1.358748778103617432e+12	1.659211379940326081e+00	2.216891277928515966e-02	1.262620168755791283e+01	2.752490942629665760e+00	7.356582472858891331e-02	2.672699974747449678e-02	9.235020780363311133e+03	6.254586527934722540e+01	-2.520829459081395940e-02	1.458334896903301925e-01	1.479961649213820118e-01	-4.224033553090784210e+01	-2.520829459081508003e-02	1.458334896903299704e-01	1.479961649213820118e-01	-4.224033553090783499e+01
1.368523949169111084e+12	1.659017477079934189e+00	2.213739285969622272e-02	1.269895649532283066e+01	2.751848925094045217e+00	7.345264330244115347e-02	2.669210603555603398e-02	9.167250756935691243e+03	6.249541193886376789e+01	3.008291841901551689e-02	1.433052454876054260e-01	1.464287381795936760e-01	-4.261841827543721450e+01	3.008291841901527403e-02	1.433052454876054538e-01	1.464287381795936482e-01	-4.261841827543720740e+01
1.378299120234604736e+12	1.658594903308330926e+00	2.246376688067887664e-02	1.297822274242952112e+01	2.750432432457902365e+00	7.451657851480093797e-02	2.709267736790384878e-02	9.053425326172025962e+03	6.240982603805069573e+01	7.531958017875720057e-02	1.187005861438941157e-01	1.405804691598668277e-01	-4.297692682586909285e+01	7.531958017875692302e-02	1.187005861438942961e-01	1.405804691598668277e-01	-4.297692682586909285e+01
1.388074291300098389e+12	1.658564624498547913e+00	2.276645250798433814e-02	1.324638079023047688e+01	2.750318302278210947e+00	7.551926551013814215e-02	2.745837288999683143e-02	9.099127871973167203e+03	6.244431859209820601e+01	1.104831060856202030e-01	7.788550444652413141e-02	1.351764348295069196e-01	-4.336825410487844579e+01	1.104831060856203695e-01	7.788550444652390936e-02	1.351764348295069473e-01	-4.336825410487844579e+01
1.397849462365592041e+12	1.658774112257439537e+00	2.272977527359499803e-02	1.331817468051997366e+01	2.751014912811468704e+00	7.540712560253728935e-02	2.741065679119604817e-02	8.994320462923215018e+03	6.236495939611049977e+01	1.310302058006697357e-01	2.686002778078333889e-02	1.337549099081985771e-01	-4.378010708155722597e+01	1.310302058006698744e-01	2.686002778078256867e-02	1.337549099081985771e-01	-4.378010708155723307e+01
1.407624633431085693e+12	1.658446639593814664e+00	2.242761917232106647e-02	1.323302681427441030e+01	2.749942258278277762e+00	7.439001930085137326e-02	2.705148410913417456e-02	7.268822444801643542e+03	6.090591213363033063e+01	1.336162828303378014e-01	-2.207113836879648697e-02	1.354269034804066740e-01	-4.414600191314147537e+01	1.336162828303376904e-01	-2.207113836879722249e-02	1.354269034804066740e-01	-4.414600191314148248e+01
1.417399804496579346e+12	1.658554961059232280e+00	2.223435979917673389e-02	1.321010162991425219e+01	2.750310192098512019e+00	7.375381550180105938e-02	2.681654444422002306e-02	4.615290284896814228e+03	5.779449974491543429e+01	1.146098681841886124e-01	-7.297524330598390008e-02	1.358705561214961499e-01	-4.454928523876014168e+01	1.146098681841887235e-01	-7.297524330598360864e-02	1.358705561214960944e-01	-4.454928523876013458e+01
1.427174975562072998e+12	1.658034915590387515e+00	2.263778110604272240e-02	1.354254350442463029e+01	2.748567312183418210e+00	7.506846297062243212e-02	2.731185175559307579e-02	8.710362555134230206e+03	6.214521145418481751e+01	7.888522422218972874e-02	-1.026210180025742130e-01	1.294370578175733089e-01	-4.489772865145302916e+01	7.888522422219072794e-02	-1.026210180025735053e-01	1.294370578175733366e-01	-4.489772865145301495e+01
1.436950146627566650e+12	1.658022983644989123e+00	2.303223163912776483e-02	1.387288805419293070e+01	2.748509730600753542e+00	7.637593884461826854e-02	2.778812750570995929e-02	9.230852663386429413e+03	6.254277290677349299e+01	3.204859573265986250e-02	-1.190993834509930099e-01	1.233360272866048241e-01	-4.529022888839367056e+01	3.204859573266084088e-02	-1.190993834509928434e-01	1.233360272866049212e-01	-4.529022888839366345e+01
1.446725317693060303e+12	1.658247450089574748e+00	2.303531999240205491e-02	1.396913428895544129e+01	2.749253979761424382e+00	7.639652127879621724e-02	2.778809154817547117e-02	8.982761028470016754e+03	6.235615014031370151e+01	-1.824562881446448875e-02	-1.202270276911757974e-01	1.216036231297816517e-01	-4.570370404754472560e+01	-1.824562881446384691e-02	-1.202270276911758667e-01	1.216036231297816378e-01	-4.570370404754471849e+01
1.456500488758553955e+12	1.658109007151376879e+00	2.279339878390018032e-02	1.391582262915916601e+01	2.748805940568403106e+00	7.558787965435626033e-02	2.749844161015093866e-02	8.819177701644979606e+03	6.223025594101131475e+01	-6.216907493566101173e-02	-1.056089560806175304e-01	1.225489513737006014e-01	-4.608514220261088923e+01	-6.216907493566162235e-02	-1.056089560806171695e-01	1.225489513737006014e-01	-4.608514220261089633e+01
1.466275659824047607e+12	1.657733980734492851e+00	2.291574945511555550e-02	1.408441625213956705e+01	2.747556819308738518e+00	7.597643313148598476e-02	2.765236103492156247e-02	8.474794948773680517e+03	6.195740478214192137e+01	-9.306711791096235198e-02	-7.506903885781926467e-02	1.195694318431335113e-01	-4.644513023716645961e+01	-9.306711791096150543e-02	-7.506903885782030550e-02	1.195694318431334974e-01	-4.644513023716644540e+01
1.476050830889541260e+12	1.657493567174419979e+00	2.323368687852957887e-02	1.437502493622385913e+01	2.746745121018614011e+00	7.701937308581500996e-02	2.804023296389904565e-02	8.299870370489792549e+03	6.181453694317531244e+01	-1.092388745648959769e-01	-3.464237101219334869e-02	1.146002861495185321e-01	-4.681679703686136662e+01	-1.092388745648958520e-01	-3.464237101219378584e-02	1.146002861495185599e-01	-4.681679703686135952e+01
1.485826001955034912e+12	1.657619645579210932e+00	2.319904813782216677e-02	1.444865034635024337e+01	2.747164693575647743e+00	7.691039590398367209e-02	2.799628143294126056e-02	7.890003410070955397e+03	6.146762918136430898e+01	-1.128256814265929386e-01	1.105409458844567629e-02	1.133659005016294241e-01	-4.722155309286641511e+01	-1.128256814265929525e-01	1.105409458844560690e-02	1.133659005016294380e-01	-4.722155309286641511e+01
1.495601173020528564e+12	1.657640654246557377e+00	2.305259451747783406e-02	1.445189406796982290e+01	2.747241116496967450e+00	7.642583571606512138e-02	2.781912197554629179e-02	7.867703719338543124e+03	6.144824141101088344e+01	-9.981362922859114695e-02	5.362107654962358638e-02	1.133048120342788206e-01	-4.761686196660196657e+01	-9.981362922859149389e-02	5.362107654962300352e-02	1.133048120342788623e-01	-4.761686196660195947e+01
1.505376344086022217e+12	1.657165328697818962e+00	2.304688319982031719e-02	1.454274700993191161e+01	2.745665767812924152e+00	7.638499154658096035e-02	2.782020755841154921e-02	7.592895990145308133e+03	6.120470151724850894e+01	-7.441758841978812766e-02	8.345215100939788744e-02	1.118134114241772642e-01	-4.796645357168149104e+01	-7.441758841978766970e-02	8.345215100939837316e-02	1.118134114241773197e-01	-4.796645357168149815e+01
1.515151515151515869e+12	1.656968938197580288e+00	2.322302896159146937e-02	1.474905140720946584e+01	2.745006753077465778e+00	7.695967528043974604e-02	2.803624260456159811e-02	7.619422084862985685e+03	6.122859063549717007e+01	-3.754590286300186347e-02	1.017888732364891635e-01	1.084927165138380722e-01	-4.834130879914045664e+01	-3.754590286300206470e-02	1.017888732364891080e-01	1.084927165138380722e-01	-4.834130879914045664e+01
1.524926686217009521e+12	1.657218726239800377e+00	2.358512942555977474e-02	1.507566191864851213e+01	2.745817648269845979e+00	7.817143628965400604e-02	2.846927447600543920e-02	7.447161135590183221e+03	6.107194700228094320e+01	6.496040277703093828e-03	1.032264101511888021e-01	1.034306061666032950e-01	-4.875753327806033610e+01	6.496040277703863178e-03	1.032264101511887189e-01	1.034306061666032672e-01	-4.875753327806034321e+01
1.534701857282503174e+12	1.657260581935594557e+00	2.344689786676823484e-02	1.508337649141992287e+01	2.745962879417930935e+00	7.771523920652954887e-02	2.830163502538062675e-02	7.391119913674901909e+03	6.102020445207503485e+01	4.585576992652069112e-02	9.257196011463417196e-02	1.033069186212589446e-01	-4.915460898883484475e+01	4.585576992652033029e-02	9.257196011463431073e-02	1.033069186212589169e-01	-4.915460898883484475e+01
1.544477028347996826e+12	1.656960471536693680e+00	2.300758270309464365e-02	1.489503767882064977e+01	2.744988655373262532e+00	7.624531016927835192e-02	2.777618407275732337e-02	7.052749112543638148e+03	6.069920036194920954e+01	7.798188082962531631e-02	7.206982896490830848e-02	1.061849046934498081e-01	-4.951946402182194618e+01	7.798188082962601020e-02	7.206982896490750357e-02	1.061849046934497942e-01	-4.951946402182195328e+01
1.554252199413490479e+12	1.656563851248269437e+00	2.325599946844586485e-02	1.515115218751919102e+01	2.743662951751222323e+00	7.705009608815277522e-02	2.808293053597320232e-02	7.109049799825612354e+03	6.075366558951321849e+01	9.457555756960818460e-02	3.896537324904607302e-02	1.022880071271297514e-01	-4.987467204565540868e+01	9.457555756960812909e-02	3.896537324904619098e-02	1.022880071271297514e-01	-4.987467204565540868e+01
1.564027370478984131e+12	1.656386273694718136e+00	2.384957586218772532e-02	1.563558626672145913e+01	2.743046685415467145e+00	7.900822018313724548e-02	2.880308986471752722e-02	6.891173545395468864e+03	6.054044371268170011e+01	9.528974363460593344e-02	1.445510151123573402e-03	9.530070693098725843e-02	-5.025031399090341466e+01	9.528974363460589181e-02	1.445510151122986198e-03	9.530070693098721679e-02	-5.025031399090342177e+01
1.573802541544477783e+12	1.656846556851874652e+00	2.392044563220862771e-02	1.578006070592762633e+01	2.744568325232668915e+00	7.926501596817465967e-02	2.888068598600292483e-02	6.730880843709198416e+03	6.037922592896954654e+01	8.512263137015152470e-02	-3.819446975323384508e-02	9.329887400772529649e-02	-5.068725423944264463e+01	8.512263137015139980e-02	-3.819446975323408794e-02	9.329887400772529649e-02	-5.068725423944265174e+01
1.583577712609971436e+12	1.656938370105713210e+00	2.355874555917415042e-02	1.563798180994462506e+01	2.744889747836255722e+00	7.807077893710645533e-02	2.844222759717331475e-02	6.388762861710562902e+03	6.002189213454487060e+01	6.472623001941363308e-02	-6.987429912109958952e-02	9.524653552854792093e-02	-5.108910900728820792e+01	6.472623001941217591e-02	-6.987429912110086627e-02	9.524653552854786542e-02	-5.108910900728822924e+01
1.593352883675465088e+12	1.656259903603287009e+00	2.320909493095388645e-02	1.550098645206672288e+01	2.742658206196455506e+00	7.688058666612243575e-02	2.803141364550166409e-02	5.985098681789050715e+03	5.957480635710142280e+01	3.965134324355700651e-02	-8.871684084446124219e-02	9.717462050576704258e-02	-5.141597022868706546e+01	3.965134324355724937e-02	-8.871684084446111729e-02	9.717462050576701482e-02	-5.141597022868706546e+01
1.603128054740958740e+12	1.655459522773316650e+00	2.359831296580266330e-02	1.585763188261387846e+01	2.739989351166025155e+00	7.813210384124609498e-02	2.851547718898846465e-02	4.047940752659426380e+03	5.689600695043638723e+01	9.791092180411811730e-03	-9.172937273634375333e-02	9.225043798643130233e-02	-5.172994250291914398e+01	9.791092180411834281e-03	-9.172937273634373945e-02	9.225043798643128845e-02	-5.172994250291914398e+01
1.612903225806452393e+12	1.655727109530962471e+00	2.394753384466397420e-02	1.619042567624465789e+01	2.740858776858514645e+00	7.930116198604075795e-02	2.893296168908535831e-02	5.288916857123973386e+03	5.872773744549773056e+01	-2.697903232951365943e-02	-8.362181803848833805e-02	8.786624287801883537e-02	-5.214836696406059957e+01	-2.697903232951385025e-02	-8.362181803848825479e-02	8.786624287801882149e-02	-5.214836696406059957e+01
1.622678396871946045e+12	1.656568317726135664e+00	2.409301946554704213e-02	1.638750536689773796e+01	2.743638117707031920e+00	7.982346544996861415e-02	2.909402115927747778e-02	5.515085771163927348e+03	5.901457330484821284e+01	-6.050272633177728593e-02	-6.021013104343229949e-02	8.535713077327064524e-02	-5.262410083785650272e+01	-6.050272633177713327e-02	-6.021013104343245909e-02	8.535713077327064524e-02	-5.262410083785650272e+01
1.632453567937439697e+12	1.656479888998445338e+00	2.344713952822737035e-02	1.604426647134582851e+01	2.743375854304245465e+00	7.767943016609826778e-02	2.831527078005822290e-02	5.685200090793899108e+03	5.922267083491507833e+01	-8.269033919868362670e-02	-3.486060593260119356e-02	8.973825295146692360e-02	-5.300810466617326000e+01	-8.269033919868355731e-02	-3.486060593260129764e-02	8.973825295146690972e-02	-5.300810466617326000e+01
1.642228739002933350e+12	1.655696951696482788e+00	2.353808731028645546e-02	1.620294577401504199e+01	2.740778354302798814e+00	7.794387881681390240e-02	2.843859252407198931e-02	5.595666175817274961e+03	5.911393417087197122e+01	-8.737199353701854965e-02	-7.442909829567201548e-03	8.768843801416398298e-02	-5.332209382832520106e+01	-8.737199353701856352e-02	-7.442909829566684600e-03	8.768843801416395523e-02	-5.332209382832520816e+01
1.652003910068427002e+12	1.655478500852979762e+00	2.450281397379087261e-02	1.696743502784249458e+01	2.740008678893794958e+00	8.112776348802151760e-02	2.960857902128057398e-02	5.154910757816549449e+03	5.855194084686402789e+01	-7.526251900719559129e-02	2.204959722184894610e-02	7.842596193196642307e-02	-5.369206918044220345e+01	-7.526251900719579946e-02	2.204959722184820017e-02	7.842596193196640919e-02	-5.369206918044218924e+01
1.661779081133920654e+12	1.656823625657467991e+00	2.379135387330620285e-02	1.657225493401006133e+01	2.744498498017632571e+00	7.883615436734205117e-02	2.872515850319680084e-02	2.026019082789684489e+03	5.215486593631388246e+01	-5.703023025809146607e-02	6.038599296742815092e-02	8.305970930573507160e-02	-5.422104555668777692e+01	-5.703023025809191016e-02	6.038599296742772765e-02	8.305970930573505773e-02	-5.422104555668776982e+01
1.671554252199414307e+12	1.658286705001468242e+00	2.129593595430931061e-02	1.492128995534040037e+01	2.749461279096456767e+00	7.062953492718776483e-02	2.568849958505269038e-02	6.742373604899307793e+02	4.461816087827589428e+01	-2.242844376924326560e-02	1.032565058100300276e-01	1.056642847986341699e-01	-5.476398297586810315e+01	-2.242844376924161415e-02	1.032565058100304439e-01	1.056642847986342393e-01	-5.476398297586811736e+01
1.681329423264907959e+12	1.656883658260575265e+00	2.471996921652322432e-02	1.742167468454121959e+01	2.744652380132881042e+00	8.191622605512360877e-02	2.984575629616078099e-02	2.592637526884477666e+03	5.384410033000151685e+01	2.565263707911686220e-03	7.331749856954179745e-02	7.336236211018488940e-02	-5.501284559455429246e+01	2.565263707913481659e-03	7.331749856954171418e-02	7.336236211018487552e-02	-5.501284559455432088e+01
1.691104594330401611e+12	1.655493535183716114e+00	2.351371654736804373e-02	1.666790087741049931e+01	2.740105950169207549e+00	7.785361146462033144e-02	2.841262815396342761e-02	4.923136282650201792e+03	5.823681242744737574e+01	2.296937481311722012e-02	7.862185453245811029e-02	8.190841342272763004e-02	-5.526211092927050572e+01	2.296937481311964527e-02	7.862185453245747191e-02	8.190841342272769943e-02	-5.526211092927053414e+01
1.700879765395895264e+12	1.654861625972002814e+00	2.453471004554778900e-02	1.749217064522802190e+01	2.737965049117681904e+00	8.120310031745368862e-02	2.965819463021328664e-02	5.034752942573376458e+03	5.839038076473287475e+01	4.162797684548850963e-02	5.951009199085006973e-02	7.262464805427951142e-02	-5.558826928429243708e+01	4.162797684548852351e-02	5.951009199085010443e-02	7.262464805427955306e-02	-5.558826928429243708e+01
1.710654936461388916e+12	1.656241573196713501e+00	2.476673956215561315e-02	1.775907794473233281e+01	2.742522757396584687e+00	8.203940739075579747e-02	2.991384744921277150e-02	3.944905930873096167e+03	5.671939163505224002e+01	6.363769928835380507e-02	2.874574643571670141e-02	6.982889594474099570e-02	-5.612439321662395741e+01	6.363769928835366629e-02	2.874574643571699978e-02	6.982889594474099570e-02	-5.612439321662395031e+01
1.720430107526882568e+12	1.648816433207061616e+00	1.523386043840572329e-02	1.098591331266729298e+01	2.718363559909799498e+00	5.023567886405257837e-02	1.848011781975163539e-02	2.004035937721125435e+02	3.630738296430790513e+01	1.293026587129372518e-01	1.363413166821073330e-01	1.879045826605753589e-01	-5.573677921518830658e+01	1.293026587129369465e-01	1.363413166821075828e-01	1.879045826605753589e-01	-5.573677921518830658e+01
1.730205278592376221e+12	1.656213806176640269e+00	2.458488595343735067e-02	1.783014979240428133e+01	2.742439755152770609e+00	8.143565507872219111e-02	2.969460128548410960e-02	3.556344212599250113e+03	5.600909949407834887e+01	6.472033006249813814e-02	-2.420521797437423864e-02	6.909857958442902626e-02	-5.690655892040686581e+01	6.472033006249806875e-02	-2.420521797437438088e-02	6.909857958442898462e-02	-5.690655892040686581e+01
1.739980449657869873e+12	1.654897242467181950e+00	2.354849117842604950e-02	1.717499485028029227e+01	2.738130351688702113e+00	7.794066623088005685e-02	2.846492176050394521e-02	4.745971852846055299e+03	5.798576227877671840e+01	6.231193808816616608e-02	-4.358841799033976588e-02	7.604424903438805616e-02	-5.715907119684840154e+01	6.231193808816655466e-02	-4.358841799033922465e-02	7.604424903438805616e-02	-5.715907119684839444e+01
1.749755620723363525e+12	1.654184298877792170e+00	2.456152226829467697e-02	1.801448447269478592e+01	2.735722426277677144e+00	8.125856898550061491e-02	2.970278278416716572e-02	5.094328855323076823e+03	5.847096078940594310e+01	4.045482893214803755e-02	-5.375411223863916371e-02	6.727627937463231955e-02	-5.747430718573863118e+01	4.045482893214855796e-02	-5.375411223863880289e-02	6.727627937463234731e-02	-5.747430718573862407e+01
1.759530791788857178e+12	1.655028039848296606e+00	2.546160424733104680e-02	1.877897120680560406e+01	2.738469519393247342e+00	8.427933793770672755e-02	3.077607303673045649e-02	4.923558021039407322e+03	5.823739920628364075e+01	9.771592991268715500e-03	-5.936049006892828162e-02	6.015938672235900120e-02	-5.795631285092176199e+01	9.771592991268755399e-03	-5.936049006892826080e-02	6.015938672235899426e-02	-5.795631285092176199e+01
1.769305962854350830e+12	1.655968682112572754e+00	2.516843599146953089e-02	1.866587404150265428e+01	2.741598825967394237e+00	8.335628355925688016e-02	3.040426001417037213e-02	4.151907080171725283e+03	5.706971980039422476e+01	-1.984596237126279999e-02	-5.783687939131557099e-02	6.114709183736510845e-02	-5.845001167595006564e+01	-1.984596237126320939e-02	-5.783687939131542527e-02	6.114709183736510151e-02	-5.845001167595007274e+01
1.779081133919844482e+12	1.654739447585886536e+00	2.397327352926704666e-02	1.787772514073992269e+01	2.737587921553135573e+00	7.933904279328941878e-02	2.898136792928185726e-02	4.838348902822798664e+03	5.811781214323537625e+01	-3.813275403063549895e-02	-5.703910881297352686e-02	6.861171083815927052e-02	-5.870876041563281689e+01	-3.813275403063583202e-02	-5.703910881297330482e-02	6.861171083815927052e-02	-5.870876041563282399e+01
1.788856304985338135e+12	1.653687927700155269e+00	2.459498357789317510e-02	1.844213318298744042e+01	2.734078849004037082e+00	8.134485484949102729e-02	2.975219784869156600e-02	4.605052347160115460e+03	5.777928770823220361e+01	-4.812462686762594699e-02	-4.095310309198260668e-02	6.319126809940421585e-02	-5.898519759067500701e+01	-4.812462686762557229e-02	-4.095310309198305770e-02	6.319126809940421585e-02	-5.898519759067499990e+01
1.798631476050831787e+12	1.653519702564270499e+00	2.603425126727213282e-02	1.962801776940428411e+01	2.733449624529186384e+00	8.609629482388660160e-02	3.149730437732722182e-02	2.637094623798539033e+03	5.396056491306443803e+01	-5.022785990975794923e-02	-1.736160662305602856e-02	5.314379828021340013e-02	-5.935745995264863240e+01	-5.022785990975803944e-02	-1.736160662305586549e-02	5.314379828021343483e-02	-5.935745995264863950e+01
1.808406647116325439e+12	1.654250804143809983e+00	2.572795465106605603e-02	1.950251036340284472e+01	2.735883795359914661e+00	8.512097934100300300e-02	3.111279049401477134e-02	4.246141796645908471e+03	5.722345471831481944e+01	-5.359360356291203303e-02	7.501214801208192645e-03	5.411601025900229789e-02	-5.982932177756701009e+01	-5.359360356291185956e-02	7.501214801209261235e-03	5.411601025900227707e-02	-5.982932177756703140e+01
1.818181818181819092e+12	1.655044608134390582e+00	2.470739327404098198e-02	1.883013352683682839e+01	2.738562199632320393e+00	8.178367603851487144e-02	2.986372778003550804e-02	4.352109600140225666e+03	5.739230723755468944e+01	-4.861481448679880191e-02	3.462515381579717860e-02	5.968501875976479909e-02	-6.030915042770082124e+01	-4.861481448679915579e-02	3.462515381579668594e-02	5.968501875976480603e-02	-6.030915042770081413e+01
1.827956989247312744e+12	1.654120383235715419e+00	2.417019367747830563e-02	1.851975616506164002e+01	2.735530043973463332e+00	7.996082005734375664e-02	2.923046677315872810e-02	4.350359479919724436e+03	5.738955207542088033e+01	-3.845929926678628291e-02	4.921033657627826158e-02	6.245618404964250331e-02	-6.059768059567034726e+01	-3.845929926678678251e-02	4.921033657627788688e-02	6.245618404964251025e-02	-6.059768059567033305e+01
1.837732160312806396e+12	1.653229211901461548e+00	2.510451056011403156e-02	1.933851561164869537e+01	2.732536590633864559e+00	8.300702041693848454e-02	3.037727681358638396e-02	4.170963175809043605e+03	5.710108754689805011e+01	-2.016989033895748296e-02	5.162343600110699815e-02	5.542385425830614887e-02	-6.088858291214484098e+01	-2.016989033895700764e-02	5.162343600110719244e-02	5.542385425830615581e-02	-6.088858291214484808e+01
1.847507331378300049e+12	1.653878255108112150e+00	2.591804145732053491e-02	2.007139287111403192e+01	2.734641537846470349e+00	8.573057036250600338e-02	3.134983842526534864e-02	4.039670658830753382e+03	5.688199779114878396e+01	4.549788998285915660e-03	4.958304864141526574e-02	4.979135760858380277e-02	-6.135256147077342348e+01	4.549788998284566913e-03	4.958304864141539758e-02	4.979135760858380277e-02	-6.135256147077339506e+01
1.857282502443793701e+12	1.654448785251359855e+00	2.547796752342232351e-02	1.983498644505992203e+01	2.736551656190575610e+00	8.430398483959931910e-02	3.080664845075678851e-02	3.737844568295370664e+03	5.635006614128544555e+01	2.682645882075676905e-02	4.399751922554923089e-02	5.153096729990940678e-02	-6.180859749469982489e+01	2.682645882075662333e-02	4.399751922554932804e-02	5.153096729990941371e-02	-6.180859749469981779e+01
1.867057673509287354e+12	1.653479222081481126e+00	2.406563146762062330e-02	1.883406896794420859e+01	2.733414383237244394e+00	7.958404319596192045e-02	2.911525002722373245e-02	2.550345532161935353e+03	5.373143906415999993e+01	4.395079338010294406e-02	4.031920387021654950e-02	5.964319273369415170e-02	-6.208952295149403966e+01	4.395079338010275671e-02	4.031920387021681318e-02	5.964319273369418639e-02	-6.208952295149403966e+01
1.876832844574780762e+12	1.653550791956336585e+00	2.399471993318515878e-02	1.887688983463823433e+01	2.733654474994756001e+00	7.935297629657762919e-02	2.902816614990446145e-02	2.267262575544364609e+03	5.292549555720887611e+01	5.580972750210989181e-02	1.994397555039765027e-02	5.926624540676269509e-02	-6.248863956319661384e+01	5.580972750211016242e-02	1.994397555039700495e-02	5.926624540676272979e-02	-6.248863956319662805e+01
1.886608015640274414e+12	1.652442539601700400e+00	2.542865268412108914e-02	2.010917189167159336e+01	2.729919730307987624e+00	8.403877483999729059e-02	3.078433915363368301e-02	3.346519376742926852e+03	5.559253411429745029e+01	4.935363816081365235e-02	3.979592518660720821e-03	4.951382389114278304e-02	-6.275139292305119199e+01	4.935363816081368010e-02	3.979592518660766791e-03	4.951382389114281080e-02	-6.275139292305119199e+01
1.896383186705768066e+12	1.653174755762917281e+00	2.619603398617783088e-02	2.082335976620279894e+01	2.732300540895176155e+00	8.661324417411322973e-02	3.169975003765009014e-02	3.490073379821796607e+03	5.588024824956220726e+01	4.117423870913467648e-02	-1.714898825317657388e-02	4.460275475107330911e-02	-6.322650047062472822e+01	4.117423870913478751e-02	-1.714898825317635184e-02	4.460275475107332993e-02	-6.322650047062472822e+01
1.906158357771261719e+12	1.654146595034595935e+00	2.535956016305944416e-02	2.026235199549033084e+01	2.735557850572883698e+00	8.389686019059952593e-02	3.066901333233722216e-02	3.512380226476588632e+03	5.592389090548250152e+01	3.012843326822357143e-02	-3.787648714280927170e-02	4.839783847939075484e-02	-6.373069577702543143e+01	3.012843326822341530e-02	-3.787648714280938966e-02	4.839783847939075484e-02	-6.373069577702543853e+01
1.915933528836755371e+12	1.652980778628501790e+00	2.441464695377989005e-02	1.960740174200260100e+01	2.731749379529410326e+00	8.071388426319812959e-02	2.954659196338957350e-02	3.091384089139295156e+03	5.504931462061858127e+01	2.158055369693575448e-02	-4.869152711526189559e-02	5.325960111268775860e-02	-6.398545667546576965e+01	2.158055369693549774e-02	-4.869152711526200661e-02	5.325960111268776553e-02	-6.398545667546576965e+01
1.925708699902249023e+12	1.651798349596310889e+00	2.362404071459203725e-02	1.906926420649488563e+01	2.727879692429411751e+00	7.804430292631836519e-02	2.860987716683839263e-02	1.472684536781747738e+03	4.996980669086859450e+01	9.510037073168640248e-03	-5.682868696767118255e-02	5.761892456131581519e-02	-6.423684010142190459e+01	9.510037073168633309e-03	-5.682868696767118255e-02	5.761892456131581519e-02	-6.423684010142190459e+01
1.935483870967742676e+12	1.651818335019337836e+00	2.574388964607400923e-02	2.088588501692813182e+01	2.727841064051948372e+00	8.504845786419908127e-02	3.117793737508580895e-02	3.430463746251813518e+03	5.576224087412920483e+01	-9.906776388081888624e-03	-4.306862541004107675e-02	4.419333335599265333e-02	-6.462873967424525290e+01	-9.906776388082082913e-03	-4.306862541004102818e-02	4.419333335599265333e-02	-6.462873967424525290e+01
1.945259042033236328e+12	1.652941833964034934e+00	2.643430795569447211e-02	2.155433105532418736e+01	2.731517933831290712e+00	8.738874694371140395e-02	3.199274142093510437e-02	3.662218781104553273e+03	5.621005217701249990e+01	-2.730433151051810808e-02	-2.933259849625230106e-02	4.007402966733710631e-02	-6.515225111996703333e+01	-2.730433151051825033e-02	-2.933259849625217269e-02	4.007402966733711325e-02	-6.515225111996704754e+01
1.955034213098729980e+12	1.653403729801281585e+00	2.528111702448049627e-02	2.071761613495029408e+01	2.733104758842784143e+00	8.359978636363746274e-02	3.058784559690064936e-02	3.699799259657315361e+03	5.627998659460789810e+01	-4.212409239869173427e-02	-1.659013891445240696e-02	4.527330195175017363e-02	-6.559826122702025941e+01	-4.212409239869174815e-02	-1.659013891445238267e-02	4.527330195175018057e-02	-6.559826122702025941e+01
1.964809384164223633e+12	1.652386244789311842e+00	2.465747609807858454e-02	2.030758153537471955e+01	2.729772310841396266e+00	8.148734867137256976e-02	2.985133534681351161e-02	3.633365698947818146e+03	5.615587003785827136e+01	-4.779743368619626676e-02	-5.113298757177158274e-03	4.807016217121052454e-02	-6.586687252673256410e+01	-4.779743368619623206e-02	-5.113298757176953577e-03	4.807016217121046903e-02	-6.586687252673256410e+01
1.974584555229717285e+12	1.651475948503237534e+00	2.551543344826280590e-02	2.111873240165625276e+01	2.726721771140615314e+00	8.427624931088209537e-02	3.090753526922128402e-02	3.618966614584311628e+03	5.612866937344464446e+01	-4.206366807244566602e-02	7.373405404756400681e-03	4.270502639001380607e-02	-6.614697426049571050e+01	-4.206366807244558970e-02	7.373405404756757167e-03	4.270502639001379913e-02	-6.614697426049572471e+01
1.984359726295210938e+12	1.651845041836669248e+00	2.657821770706113307e-02	2.210728549473998683e+01	2.727885640583903815e+00	8.780619428052900688e-02	3.218837071987155907e-02	3.540295985674082658e+03	5.597811839849909177e+01	-3.034030232433726146e-02	2.110880243935759487e-02	3.696099952052182142e-02	-6.658130336142602346e+01	-3.034030232433697696e-02	2.110880243935803896e-02	3.696099952052183529e-02	-6.658130336142603767e+01
1.994134897360704590e+12	1.652802677019808097e+00	2.594380380464853669e-02	2.168589477831985590e+01	2.731083608207990121e+00	8.575997676079956389e-02	3.140144684807773950e-02	3.502392351401932046e+03	5.590438430626402777e+01	-1.730724573139879111e-02	3.528009306510136028e-02	3.929663753413559918e-02	-6.708816936437112588e+01	-1.730724573139908948e-02	3.528009306510122844e-02	3.929663753413561306e-02	-6.708816936437111167e+01
2.003910068426198242e+12	1.652324257551884168e+00	2.491827888245207179e-02	2.093078084855354248e+01	2.729554531471921397e+00	8.234615330783683074e-02	3.016834884900848265e-02	3.509462333558105001e+03	5.591819792036152847e+01	-5.430516864029832740e-03	4.353868902053571743e-02	4.387605218154238401e-02	-6.742015435592712436e+01	-5.430516864029903863e-03	4.353868902053570356e-02	4.387605218154237707e-02	-6.742015435592712436e+01
