freq_roi_Hz	n_opt	k_opt	alpha_cm	eps_r	eps_i	loss_tan	DR	alpha_max	H_meas_real	H_meas_imag	H_meas_mag	H_meas_phase	H_model_real	H_model_imag	H_model_mag	H_model_phase
3.030303030303031616e+11	1.671074924899290437e+00	5.406242122940084667e-03	6.867057964139074988e-01	2.792462177173277382e+00	1.806847129915896411e-02	6.470444415275524580e-03	2.182357965216076991e+04	6.751188498598696697e+01	8.452415406928718289e-01	-3.987172502388428713e-02	8.461814324181546887e-01	-4.713704708762603279e-02	8.452415406930676722e-01	-3.987172502025893711e-02	8.461814324181793356e-01	-4.713704708333552040e-02
3.128054740957968140e+11	1.673167599607281009e+00	8.950368078843761593e-03	1.173557576238041467e+00	2.799409707286843574e+00	2.995093174816129689e-02	1.069901689281109285e-02	2.654331718541846567e+04	6.883490413368058114e+01	6.929555220949407124e-01	-3.732897065536497361e-01	7.871039071309338109e-01	-4.941201358168652580e-01	6.929555220967128504e-01	-3.732897065504128808e-01	7.871039071309589019e-01	-4.941201358121770082e-01
3.225806451612904663e+11	1.669566481195511987e+00	9.222637079050277284e-03	1.247046323315776029e+00	2.787367178096872067e+00	3.079561147082645126e-02	1.104827943473623772e-02	2.402484636769204371e+04	6.816125850007102827e+01	5.256117720424038353e-01	-5.749588674837255997e-01	7.790028460844826697e-01	-8.302058876805717968e-01	5.256117720451244368e-01	-5.749588674812710076e-01	7.790028460845066505e-01	-8.302058876758681150e-01
3.323558162267841187e+11	1.670473061545452831e+00	5.930238478225378571e-03	8.261608347635372995e-01	2.790445081620629875e+00	1.981260725283159191e-02	7.100160251612928734e-03	2.606018176317686084e+04	6.871077356117342561e+01	2.571388012321906280e-01	-7.880482362679920305e-01	8.289393136920345517e-01	-1.255390606646444862e+00	2.571388012356444208e-01	-7.880482362668904672e-01	8.289393136920585325e-01	-1.255390606642071694e+00
3.421309872922777710e+11	1.672227800921628704e+00	8.913067494763476928e-03	1.278229295938765331e+00	2.796266375403019921e+00	2.980935851246875948e-02	1.066041446361575690e-02	2.894845927567723265e+04	6.942103768220452764e+01	-9.888769524721732762e-02	-7.687490349162604542e-01	7.750831277714593792e-01	-1.698728351436288087e+00	-9.888769524369889208e-02	-7.687490349167379611e-01	7.750831277714840262e-01	-1.698728351431707084e+00
3.519061583577714233e+11	1.669305133782136963e+00	1.023392595838772123e-02	1.509587526679812886e+00	2.786474896430876314e+00	3.416709028216580180e-02	1.226176138386516484e-02	2.645360294822053402e+04	6.881202584946944967e+01	-3.403887084393760198e-01	-6.675393896647530134e-01	7.493152271154093214e-01	-2.042344866043252161e+00	-3.403887084363177440e-01	-6.675393896663384119e-01	7.493152271154324140e-01	-2.042344866038654949e+00
3.616813294232650757e+11	1.669893732896017502e+00	6.950593854104470011e-03	1.053748970797877105e+00	2.788496768410471116e+00	2.321350623374926134e-02	8.324738438546469901e-03	2.825553363659235401e+04	6.925732066313304358e+01	-6.233880944269712954e-01	-5.038083889570931229e-01	8.015208101208801672e-01	-2.461885130467917904e+00	-6.233880944248673117e-01	-5.038083889597305687e-01	8.015208101209017055e-01	-2.461885130463708826e+00
3.714565004887587280e+11	1.671621366322184832e+00	8.898002364895995706e-03	1.385446120327858521e+00	2.794238817898762495e+00	2.974818174149095398e-02	1.064625598604390828e-02	3.085860545878632547e+04	6.985282924360591039e+01	-7.421257501149092217e-01	-1.768961305465398814e-01	7.629173415160748206e-01	-2.907595057763996849e+00	-7.421257501141816926e-01	-1.768961305496887237e-01	7.629173415160972471e-01	-2.907595057759760682e+00
3.812316715542523804e+11	1.669418871987176090e+00	1.074878684446985665e-02	1.717661514369645204e+00	2.786843833728307462e+00	3.588845521825093088e-02	1.287781352650768478e-02	2.890236198588863044e+04	6.941026861084814925e+01	-7.212458886480822562e-01	8.761482614834453786e-02	7.265479954227156423e-01	-3.262477411085109580e+00	-7.212458886484731657e-01	8.761482614528651180e-02	7.265479954227349602e-01	-3.262477411080866307e+00
3.910068426197460327e+11	1.669349500092566885e+00	8.226271652963331252e-03	1.348269051267678709e+00	2.786660081913994613e+00	2.746504494299998114e-02	9.855900660885714981e-03	3.224838527143669489e+04	7.015051019946400856e+01	-6.638291968018317224e-01	3.849393899470280322e-01	7.673640182203979032e-01	-3.667084524308135585e+00	-6.638291968033362966e-01	3.849393899444698564e-01	7.673640182204161109e-01	-3.667084524304268012e+00
4.007820136852396851e+11	1.671588170555348363e+00	9.122044737795001468e-03	1.532461533143413712e+00	2.794123800240377875e+00	3.049660414994957713e-02	1.091455008089690232e-02	3.152651549546891692e+04	6.999752834741290997e+01	-4.115247656199281234e-01	6.227825807985772899e-01	7.464655220870374253e-01	-4.128470056251086540e+00	-4.115247656222909556e-01	6.227825807970357452e-01	7.464655220870538566e-01	-4.128470056247307340e+00
4.105571847507333374e+11	1.669658857469079161e+00	1.096568994861346971e-02	1.887116795747448839e+00	2.787640453968901699e+00	3.661792270192425897e-02	1.313581263673710420e-02	3.293651091805504984e+04	7.029318563218893701e+01	-1.588327898947237415e-01	6.904604065615972397e-01	7.084937742668933058e-01	-4.486283595577279293e+00	-1.588327898972826391e-01	6.904604065610201458e-01	7.084937742669046301e-01	-4.486283595573576477e+00
4.203323558162269897e+11	1.668658363869324202e+00	8.819318934105039448e-03	1.553878405585680245e+00	2.784342954924588831e+00	2.943286060605093332e-02	1.057084600659335613e-02	3.379849690005446610e+04	7.046776098976033609e+01	1.143239737973018311e-01	7.355753221089640359e-01	7.444064920999226009e-01	-4.866576538552731535e+00	1.143239737947962242e-01	7.355753221093659366e-01	7.444064920999350354e-01	-4.866576538549322706e+00
4.301075268817206421e+11	1.670686136481625672e+00	9.631770355919689122e-03	1.736490146497726261e+00	2.791099395631712277e+00	3.218333040681943535e-02	1.153070021697860485e-02	3.343185354673107213e+04	7.039405631305037048e+01	4.170838782166840231e-01	5.921886295686529245e-01	7.243247437846292991e-01	-5.326001149713902372e+00	4.170838782147634483e-01	5.921886295700220515e-01	7.243247437846428438e-01	-5.326001149710645421e+00
4.398826979472142944e+11	1.669685149827364823e+00	1.167998414692671474e-02	2.153616125877793941e+00	2.787712077524357124e+00	3.900379216068515509e-02	1.399132732363188823e-02	3.496241297471601865e+04	7.069654930164230677e+01	5.703762327899385420e-01	3.721686081280776714e-01	6.810569137800693840e-01	-5.705056940951182654e+00	5.703762327887722527e-01	3.721686081298844484e-01	6.810569137800799311e-01	-5.705056940948025179e+00
4.496578690127079468e+11	1.668707618157615036e+00	9.885202434039430316e-03	1.863189064259716643e+00	2.784487397670099007e+00	3.299102521742359323e-02	1.184815030767552048e-02	3.441759822741814423e+04	7.059041990018813806e+01	6.970163819917056802e-01	1.406043232549733790e-01	7.110565466141188784e-01	-6.084133446037912840e+00	6.970163819913063330e-01	1.406043232570053092e-01	7.110565466141289814e-01	-6.084133446035000503e+00
4.594330400782015991e+11	1.670359559908472180e+00	9.811939380007933531e-03	1.889584168813727150e+00	2.790004785223227923e+00	3.277893348927731626e-02	1.174870153014976985e-02	3.647196242407992395e+04	7.098218800300801945e+01	6.854612434816551580e-01	-1.775953475239474277e-01	7.080940783381602932e-01	-6.536699695874238714e+00	6.854612434821371059e-01	-1.775953475221175304e-01	7.080940783381678427e-01	-6.536699695871567073e+00
4.692082111436951904e+11	1.669355176357663284e+00	1.180459650267237474e-02	2.321698985691414308e+00	2.786607356333534291e+00	3.941212855309939728e-02	1.414340935529421854e-02	3.635601303232257487e+04	7.096067094437101730e+01	5.366086389039079751e-01	-3.916279669683334630e-01	6.643201757120242856e-01	-6.913645933967709212e+00	5.366086389049248284e-01	-3.916279669669527341e-01	6.643201757120317241e-01	-6.913645933965128165e+00
4.789833822091888428e+11	1.668119019040470885e+00	1.093706839024406047e-02	2.195889768683221277e+00	2.782501442219570187e+00	3.648866358862493109e-02	1.311361893114360196e-02	3.842932454107052035e+04	7.133544688353316587e+01	3.658905613904526732e-01	-5.695086594410369019e-01	6.769165503169113363e-01	-7.282920209333639150e+00	3.658905613918077004e-01	-5.695086594401754798e-01	6.769165503169189968e-01	-7.282920209331267714e+00
4.887585532746824951e+11	1.669837299836326672e+00	1.053373184052690259e-02	2.158071304060825479e+00	2.788245648418186118e+00	3.517923666757076517e-02	1.261697895503879896e-02	3.832657762187904154e+04	7.131735559141071690e+01	7.726727520145332262e-02	-6.761239002148927701e-01	6.805246213465427907e-01	-7.740195507047003431e+00	7.726727520292861473e-02	-6.761239002147308996e-01	6.805246213465493410e-01	-7.740195507044822065e+00
4.985337243401761475e+11	1.669539371439561437e+00	1.195585687733640053e-02	2.498414035378585751e+00	2.787218770273134361e+00	3.992154755201914040e-02	1.432307645808047342e-02	4.107954074368275178e+04	7.178609645856126065e+01	-1.806667892736950054e-01	-6.213832149937061899e-01	6.471148187318693790e-01	-8.136930170581385013e+00	-1.806667892724282409e-01	-6.213832149940824445e-01	6.471148187318770395e-01	-8.136930170579343979e+00
5.083088954056697998e+11	1.667892230677809451e+00	1.137924108311144655e-02	2.424544556083312319e+00	2.781735006027771906e+00	3.795869558706264912e-02	1.364569073071645461e-02	4.089528255224481109e+04	7.175571844685404699e+01	-3.892581667562990955e-01	-5.260098550370069237e-01	6.543762587246940710e-01	-8.491065321008701261e+00	-3.892581667553277058e-01	-5.260098550377322324e-01	6.543762587246992890e-01	-8.491065321006848521e+00
5.180840664711634521e+11	1.668850469440610107e+00	1.097984048138425997e-02	2.384434668193229356e+00	2.784941332455147744e+00	3.664742388348227187e-02	1.315913676758664365e-02	4.298802581483040558e+04	7.209296135738988198e+01	-5.782608397370466724e-01	-3.143114486333289936e-01	6.581620511054828704e-01	-8.926903226533600133e+00	-5.782608397365159858e-01	-3.143114486343142611e-01	6.581620511054870892e-01	-8.926903226531900160e+00
5.278592375366571045e+11	1.669308573368294413e+00	1.273400047377042620e-02	2.817553355100751666e+00	2.786428958352824559e+00	4.251395232828179133e-02	1.525750448466971741e-02	4.299299274991788843e+04	7.209374208259049510e+01	-6.153887531944922662e-01	-4.783561494348726600e-02	6.172451406169945365e-01	-9.347201605205023967e+00	-6.153887531944233213e-01	-4.783561494444472928e-02	6.172451406169998656e-01	-9.347201605203469654e+00
5.376344086021507568e+11	1.667992882692973522e+00	1.229689601540560374e-02	2.771224548316700620e+00	2.782049043062801985e+00	4.102227006582426228e-02	1.474534396441199748e-02	4.531790684706268803e+04	7.244962346183686464e+01	-5.966217370319568669e-01	1.744426351825008326e-01	6.216009411740337498e-01	-9.709233014015838492e+00	-5.966217370322112190e-01	1.744426351816431575e-01	6.216009411740371915e-01	-9.709233014014397867e+00
5.474095796676444092e+11	1.668612604556527712e+00	1.109812365724194456e-02	2.546543586162160366e+00	2.784144855736207624e+00	3.703693804280179525e-02	1.330280569507514589e-02	4.249403792285708187e+04	7.201486002570325695e+01	-4.869750288635191771e-01	4.191820853553136494e-01	6.425405041080716195e-01	-1.013550156217947062e+01	-4.869750288640473102e-01	4.191820853547071346e-01	6.425405041080761714e-01	-1.013550156217822007e+01
5.571847507331380615e+11	1.668579630792544899e+00	1.221384776836653523e-02	2.852600051847077101e+00	2.784008806218476462e+00	4.075955519979476693e-02	1.464059851705660879e-02	3.116460402695741141e+04	6.991950700047556211e+01	-2.703938849904640729e-01	5.513419969842529023e-01	6.140772351087608882e-01	-1.053961307371553424e+01	-2.703938849910882403e-01	5.513419969839511436e-01	6.140772351087647740e-01	-1.053961307371440448e+01
5.669599217986317139e+11	1.667442262282650800e+00	1.282007079556325355e-02	3.046715797382336000e+00	2.780199343831081027e+00	4.275345569995547129e-02	1.537783820963058330e-02	4.237050198747851391e+04	7.199518661526883534e+01	-5.402489623210871700e-02	5.943265903361930613e-01	5.967769980432683363e-01	-1.090492240018813774e+01	-5.402489623271059666e-02	5.943265903361406588e-01	5.967769980432707788e-01	-1.090492240018712522e+01
5.767350928641253662e+11	1.668269646679578777e+00	1.226209978067715860e-02	2.964356180364448257e+00	2.782973254941375263e+00	4.091297773732004844e-02	1.470117532199636569e-02	4.384509087850389187e+04	7.222636104289952641e+01	2.035570849162923190e-01	5.686702064043775984e-01	6.040043795136059712e-01	-1.133931635192164045e+01	2.035570849157856688e-01	5.686702064045613403e-01	6.040043795136081917e-01	-1.133931635192074694e+01
5.865102639296190186e+11	1.668996983288135949e+00	1.304614577412709260e-02	3.207354800746070378e+00	2.785380728305338227e+00	4.354795588111076005e-02	1.563447159613468723e-02	4.381174866048937110e+04	7.222122035783294791e+01	4.077723216386612282e-01	4.160952318414015139e-01	5.825920598976040976e-01	-1.177087055163030982e+01	4.077723216383373206e-01	4.160952318417217577e-01	5.825920598976059850e-01	-1.177087055162952822e+01
5.962854349951126709e+11	1.667693087527720941e+00	1.307931481933496953e-02	3.269101130270119171e+00	2.781029165711599305e+00	4.362456582760762536e-02	1.568648267536063012e-02	4.366446299392291257e+04	7.219846502316933368e+01	5.228682583691177665e-01	2.449304001927940788e-01	5.773925151476738682e-01	-1.212829138744683632e+01	5.228682583689511221e-01	2.449304001931530417e-01	5.773925151476752005e-01	-1.212829138744615065e+01
6.060606060606063232e+11	1.667562570328730454e+00	1.229887012625176766e-02	3.124427361180003526e+00	2.780613663754979648e+00	4.101827095974327347e-02	1.475151744178356157e-02	4.437382703082461376e+04	7.230736286326437323e+01	5.894577541279012456e-01	2.241320241487120349e-02	5.898837135775145679e-01	-1.252836549848391812e+01	5.894577541278888111e-01	2.241320241522355358e-02	5.898837135775155671e-01	-1.252836549848331948e+01
6.158357771260999756e+11	1.668041527842833327e+00	1.344937148031492141e-02	3.471810930048892629e+00	2.782181653015038059e+00	4.486822030510066034e-02	1.612699165652147978e-02	4.465095056028261024e+04	7.234943322108389907e+01	5.192793679337024404e-01	-2.103628256523404627e-01	5.602709883423043769e-01	-1.295127035208263067e+01	5.192793679338078006e-01	-2.103628256520850281e-01	5.602709883423060422e-01	-1.295127035208213684e+01
6.256109481915936279e+11	1.667367254676054733e+00	1.405450762412210550e-02	3.685607956519824313e+00	2.779916032781406976e+00	4.686805158611231231e-02	1.685952058746865295e-02	4.532687498494424653e+04	7.245096058609843226e+01	3.920948825582788455e-01	-3.754500320716001038e-01	5.428638167265856795e-01	-1.333008634369369716e+01	3.920948825584363306e-01	-3.754500320714367345e-01	5.428638167265864567e-01	-1.333008634369327972e+01
6.353861192570872803e+11	1.667554323646515346e+00	1.311367755228417045e-02	3.492620387357243228e+00	2.780565453773241824e+00	4.373553940243544297e-02	1.572900912765282447e-02	4.529028931444566115e+04	7.244550410225613746e+01	2.148869791838551035e-01	-5.155702178622012521e-01	5.585598118100157938e-01	-1.374226665872213182e+01	2.148869791840387344e-01	-5.155702178621252019e-01	5.585598118100162379e-01	-1.374226665872177655e+01
6.451612903225809326e+11	1.668054189884897953e+00	1.349110364387474600e-02	3.648420956470850740e+00	2.782222770515033528e+00	4.500778391867336914e-02	1.617691595211181305e-02	4.430933713092382823e+04	7.229753491417376665e+01	-1.627508114537259271e-02	-5.455302106784016836e-01	5.457729280837496644e-01	-1.416699160516301248e+01	-1.627508114521182200e-02	-5.455302106784073457e-01	5.457729280837505526e-01	-1.416699160516271760e+01
6.549364613880745850e+11	1.667099766814667428e+00	1.409087205039625049e-02	3.868353921406319618e+00	2.779023079838378152e+00	4.698177901886180924e-02	1.690586140133610096e-02	4.498803982099837594e+04	7.240025645619917327e+01	-2.038242575093299203e-01	-4.874607252925713397e-01	5.283581045578740198e-01	-1.453320830059321622e+01	-2.038242575092121811e-01	-4.874607252926210221e-01	5.283581045578744639e-01	-1.453320830059297464e+01
6.647116324535682373e+11	1.666880766131146885e+00	1.369678100273349734e-02	3.816286332612343291e+00	2.778303886688122226e+00	4.566180162273390103e-02	1.643513578248816456e-02	4.377032163691830647e+04	7.221482770888731295e+01	-3.788152806744397028e-01	-3.741649420466076625e-01	5.324475755688965473e-01	-1.492874093675089675e+01	-3.788152806743699808e-01	-3.741649420466789389e-01	5.324475755688969913e-01	-1.492874093675071023e+01
6.744868035190618896e+11	1.667637719827734344e+00	1.411116246257311871e-02	3.989563758510922487e+00	2.780816439686199626e+00	4.706461358640830206e-02	1.692474660129645106e-02	4.288142370439845399e+04	7.207618337841699940e+01	-4.886251934245057771e-01	-1.746315034340305827e-01	5.188937672016936675e-01	-1.536471699140098224e+01	-4.886251934244819628e-01	-1.746315034340985839e-01	5.188937672016941116e-01	-1.536471699140084368e+01
6.842619745845555420e+11	1.667056718447989638e+00	1.463162390126380996e-02	4.196663007150167601e+00	2.778864018104592049e+00	4.878349385281204043e-02	1.755519288996598357e-02	4.241698509769890370e+04	7.200259589101183622e+01	-5.029208936011850817e-01	1.853761212123666846e-02	5.032624248677541878e-01	-1.574480648485728373e+01	-5.029208936011875242e-01	1.853761212118477594e-02	5.032624248677547429e-01	-1.574480648485718071e+01
6.940371456500491943e+11	1.666649978666898457e+00	1.408613816017762962e-02	4.097923246234147499e+00	2.777523732102105125e+00	4.695332372831806378e-02	1.690474258982569214e-02	4.071714660592244036e+04	7.172621938196920155e+01	-4.654881488311307103e-01	2.100510716695587476e-01	5.106864687964259852e-01	-1.613185539574324423e+01	-4.654881488311459758e-01	2.100510716695261626e-01	5.106864687964265404e-01	-1.613185539574317673e+01
7.038123167155428467e+11	1.667113372793751269e+00	1.439188761553741175e-02	4.245841550570625955e+00	2.779059871318618757e+00	4.798581660721438352e-02	1.726692436620514207e-02	3.963366144896241167e+04	7.154396778562716008e+01	-3.303494179865720248e-01	3.747650384665500156e-01	4.995793951124301580e-01	-1.655626897082381888e+01	-3.303494179865871794e-01	3.747650384665368040e-01	4.995793951124302690e-01	-1.655626897082377980e+01
7.135874877810364990e+11	1.666826782647748306e+00	1.507372735179587399e-02	4.508759217153150090e+00	2.778084306095567779e+00	5.025058492860656062e-02	1.808821453630785059e-02	3.927328327400294802e+04	7.148224314469406693e+01	-1.560593740812008801e-01	4.544743253258484161e-01	4.805220500861550614e-01	-1.694799055757811956e+01	-1.560593740812109553e-01	4.544743253258452520e-01	4.805220500861553945e-01	-1.694799055757809825e+01
7.233626588465301514e+11	1.666528485412543503e+00	1.470701958284543510e-02	4.459333137347969434e+00	2.777100896266416097e+00	4.901933414066404066e-02	1.765126150316198572e-02	3.907150916311454785e+04	7.144743598650150318e+01	2.914153939226842710e-02	4.831787013620077453e-01	4.840566978857201441e-01	-1.733899876006956475e+01	2.914153939226037104e-02	4.831787013620082449e-01	4.840566978857201996e-01	-1.733899876006954699e+01
7.331378299120238037e+11	1.666841287985739273e+00	1.463007681183410742e-02	4.495949216547399097e+00	2.778145840186438065e+00	4.877203215273572673e-02	1.755560541395576740e-02	3.929194823757084669e+04	7.148545391367751733e+01	2.217175196541247562e-01	4.273058543053369074e-01	4.814031072242793141e-01	-1.775739144593814700e+01	2.217175196541231186e-01	4.273058543053376290e-01	4.814031072242792586e-01	-1.775739144593814345e+01
7.429130009775174561e+11	1.666432730754591862e+00	1.532252914165915456e-02	4.771529087623558318e+00	2.776763266230909188e+00	5.106792815920375289e-02	1.839117103724933339e-02	3.865651635159394209e+04	7.137527883779210924e+01	3.514767656602992285e-01	3.001245589018165516e-01	4.621803410520993749e-01	-1.814280444722135499e+01	3.514767656602980073e-01	3.001245589018181059e-01	4.621803410520993749e-01	-1.814280444722135144e+01
7.526881720430111084e+11	1.665938212926630468e+00	1.516440416900242255e-02	4.784423374607945867e+00	2.775120170135374487e+00	5.052592076281008093e-02	1.820675057842462835e-02	3.082392620723120126e+04	6.984523088353189735e+01	4.370637738481557566e-01	1.476171089781289358e-01	4.613193614768977269e-01	-1.852383807260168780e+01	4.370637738481557566e-01	1.476171089781284640e-01	4.613193614768975603e-01	-1.852383807260168780e+01
7.624633431085047607e+11	1.666472948170850010e+00	1.527685068929999015e-02	4.882496763489627689e+00	2.776898704818261621e+00	5.091691681392727237e-02	1.833589274451392220e-02	3.927783322390820831e+04	7.148302597305657002e+01	4.521949625772874737e-01	-4.690296775288293335e-02	4.546209108304438140e-01	-1.895290922754421103e+01	4.521949625772871961e-01	-4.690296775288550074e-02	4.546209108304438140e-01	-1.895290922754421814e+01
7.722385141739984131e+11	1.666508146818843406e+00	1.577510246392897081e-02	5.106376202569808953e+00	2.777000549555828091e+00	5.257867354607927840e-02	1.893362014439970570e-02	4.023814961458117614e+04	7.164625347152254164e+01	3.840199303475671511e-01	-2.143441453096288640e-01	4.397894036157142250e-01	-1.935864158200951124e+01	3.840199303475629322e-01	-2.143441453096365523e-01	4.397894036157143360e-01	-1.935864158200953256e+01
7.820136852394920654e+11	1.665991126242443610e+00	1.555073390928980379e-02	5.097466784200237910e+00	2.775284607393448066e+00	5.181476939886855287e-02	1.867007414692976874e-02	3.967716258296749584e+04	7.155138055449084789e+01	2.778076359264763373e-01	-3.417105137094257894e-01	4.403897793530377469e-01	-1.973773989703641263e+01	2.778076359264641804e-01	-3.417105137094356149e-01	4.403897793530377469e-01	-1.973773989703644816e+01
7.917888563049857178e+11	1.666038266667142942e+00	1.542605284191493273e-02	5.119804302295937859e+00	2.775445542892976292e+00	5.140078867651941968e-02	1.851983325997525603e-02	3.978605030572358373e+04	7.156989988852785700e+01	1.197985757668307699e-01	-4.222533257831556641e-01	4.389186369826381107e-01	-2.014390421015394139e+01	1.197985757668045825e-01	-4.222533257831632691e-01	4.389186369826383327e-01	-2.014390421015400534e+01
8.015640273704793701e+11	1.666015451665186831e+00	1.607675292588046922e-02	5.401641001536668263e+00	2.775349023202516641e+00	5.356823757424072907e-02	1.930144177413316633e-02	3.868943279238571267e+04	7.138103042383619368e+01	-5.297670022895990122e-02	-4.176299058757187987e-01	4.209765659141976868e-01	-2.054652918161314901e+01	-5.297670022899576836e-02	-4.176299058757143023e-01	4.209765659141977978e-01	-2.054652918161323427e+01
8.113391984359730225e+11	1.665590332537035145e+00	1.620132658354680316e-02	5.509880708775410696e+00	2.773928672857764788e+00	5.396954586366165679e-02	1.945599625244184491e-02	3.908830658075419342e+04	7.145034048595420018e+01	-2.017482618395334826e-01	-3.618592720093313786e-01	4.143000046999713026e-01	-2.092896007864790420e+01	-2.017482618395724792e-01	-3.618592720093098403e-01	4.143000046999715247e-01	-2.092896007864801078e+01
8.211143695014666748e+11	1.665794321416542045e+00	1.603167639063082101e-02	5.517873644525688626e+00	2.774613706615703723e+00	5.341095098860093593e-02	1.924986922008260423e-02	3.701458219127566554e+04	7.108198281759531767e+01	-3.298597139471204365e-01	-2.498178775496601445e-01	4.137830383530637923e-01	-2.134296269054106432e+01	-3.298597139471556305e-01	-2.498178775496134596e-01	4.137830383530637368e-01	-2.134296269054120643e+01
8.308895405669603271e+11	1.665873608655279448e+00	1.634726268107453140e-02	5.693476001127387498e+00	2.774867647016999062e+00	5.446494694831481576e-02	1.962794405955361338e-02	3.768378483220870112e+04	7.120306227226093654e+01	-3.915530034555879668e-01	-9.600095534983683898e-02	4.031500191531348642e-01	-2.175071152627878490e+01	-3.915530034556046202e-01	-9.600095534976735290e-02	4.031500191531345312e-01	-2.175071152627896254e+01
8.406647116324539795e+11	1.665414561710048424e+00	1.652970303111388206e-02	5.824746509952241524e+00	2.773332431273575871e+00	5.505761625751957183e-02	1.985251231935289060e-02	3.518882156412788754e+04	7.074016786802378931e+01	-3.915746386954040981e-01	5.492444657351418236e-02	3.954078811820055939e-01	-2.213050498872396332e+01	-3.915746386953920521e-01	5.492444657359744908e-02	3.954078811820052608e-01	-2.213050498872417648e+01
8.504398826979476318e+11	1.665438375504639801e+00	1.630875457082160349e-02	5.813712846704738979e+00	2.773419007127882363e+00	5.432245143786600117e-02	1.958681731763338776e-02	3.602579467823004234e+04	7.089901327635166695e+01	-3.388423920910599296e-01	2.050176308993926222e-01	3.960383764960047071e-01	-2.253527528940404778e+01	-3.388423920910070275e-01	2.050176308994795804e-01	3.960383764960044850e-01	-2.253527528940430358e+01
8.602150537634412842e+11	1.665507978819564139e+00	1.664555069313038496e-02	6.001977558338357888e+00	2.773639753153751997e+00	5.544659498250836815e-02	1.999055389924488807e-02	3.444900072952755727e+04	7.059658255648430725e+01	-2.236265024143968272e-01	3.135654746933951298e-01	3.851390911109782711e-01	-2.294243244859252684e+01	-2.236265024144017954e-01	3.135654746933916326e-01	3.851390911109783821e-01	-2.294243244859250908e+01
8.699902248289349365e+11	1.665124181567177564e+00	1.686949349922525765e-02	6.151847729451770164e+00	2.772353960228842507e+00	5.617960311270055879e-02	2.026422452494602844e-02	3.562468472892652062e+04	7.082335417655471588e+01	-8.834237962049083792e-02	3.661944352508684775e-01	3.766998014941252970e-01	-2.332522356874467917e+01	-8.834237962051337545e-02	3.661944352508630929e-01	3.766998014941254080e-01	-2.332522356874461877e+01
8.797653958944285889e+11	1.665077604382911192e+00	1.685557488700860015e-02	6.215836842065237455e+00	2.772199318212762886e+00	5.613168050671407672e-02	2.024806807286215482e-02	3.488112908249028260e+04	7.068082067765816134e+01	6.093665353630760284e-02	3.681290576210662358e-01	3.731384177609942676e-01	-2.372598809261227615e+01	6.093665353628220649e-02	3.681290576210705656e-01	3.731384177609943786e-01	-2.372598809261220865e+01
8.895405669599222412e+11	1.665311465429522686e+00	1.718478128028989166e-02	6.407652170607599729e+00	2.772966960183372631e+00	5.723602659393077496e-02	2.064071711483566815e-02	3.486116754691162350e+04	7.067695246792683861e+01	1.988037335730110933e-01	3.033249229308562778e-01	3.626691789407788802e-01	-2.414211745423778410e+01	1.988037335729922472e-01	3.033249229308687678e-01	3.626691789407789912e-01	-2.414211745423772371e+01
8.993157380254158936e+11	1.665063960814219479e+00	1.733363305008580810e-02	6.534177880181963438e+00	2.772137538767621479e+00	5.772321540335226958e-02	2.082263762028692053e-02	3.441533990811021795e+04	7.058997649441961642e+01	2.935632556165408968e-01	2.012840731840287445e-01	3.559419379136658512e-01	-2.453170557770262050e+01	2.935632556165302387e-01	2.012840731840445929e-01	3.559419379136660178e-01	-2.453170557770256366e+01
9.090909090909095459e+11	1.664902058813284347e+00	1.707803928339928293e-02	6.507804293965031128e+00	2.771607206014947700e+00	5.686652552685122347e-02	2.051752694373119509e-02	3.375170011357196927e+04	7.045839827528078558e+01	3.497110805258277777e-01	7.339054483957636876e-02	3.573289967444453485e-01	-2.492588263894927891e+01	3.497110805258241140e-01	7.339054483959368824e-02	3.573289967444453485e-01	-2.492588263894922918e+01
9.188660801564031982e+11	1.664833091776177110e+00	1.725085165046628954e-02	6.644341126626263083e+00	2.771371631590358930e+00	5.743957737803592062e-02	2.072604652630945232e-02	3.235937152601639536e+04	7.017372672677446133e+01	3.437135920781049792e-01	-6.694215344861206840e-02	3.501717939634365062e-01	-2.532509467288800309e+01	3.437135920781071996e-01	-6.694215344860042494e-02	3.501717939634365617e-01	-2.532509467288796756e+01
9.286412512218968506e+11	1.664578492141750798e+00	1.765671028706926673e-02	6.873009177172498596e+00	2.770509797082743031e+00	5.878196037166699695e-02	2.121701949351072203e-02	3.285014986011246947e+04	7.027544403726069788e+01	2.830201161865412707e-01	-1.857306311787525754e-01	3.385206840420554864e-01	-2.571349432209926178e+01	2.830201161865437687e-01	-1.857306311787486897e-01	3.385206840420553753e-01	-2.571349432209924757e+01
9.384164222873903809e+11	1.664543712529970243e+00	1.772453558829252540e-02	6.972036068810008480e+00	2.770391611761235495e+00	5.900652854201204195e-02	2.129898469642691264e-02	3.079518201360939565e+04	6.983892643576001547e+01	1.853453782389982152e-01	-2.773551152120019569e-01	3.335847256227721380e-01	-2.611443256408042046e+01	1.853453782390023230e-01	-2.773551152119992369e-01	3.335847256227721935e-01	-2.611443256408040625e+01
9.481915933528840332e+11	1.664812240852300507e+00	1.782461375214904400e-02	7.084437763564708668e+00	2.771282080436245021e+00	5.934927032608396102e-02	2.141581715735751262e-02	3.076478794338104490e+04	6.983225371735622389e+01	5.562231512222585994e-02	-3.233055495897665388e-01	3.280553616923478355e-01	-2.653316288051644278e+01	5.562231512222917673e-02	-3.233055495897659837e-01	3.280553616923478910e-01	-2.653316288051643212e+01
9.579667644183776855e+11	1.664650533088567919e+00	1.794084000616608804e-02	7.204143853807174480e+00	2.770739523571926544e+00	5.973045776064216800e-02	2.155758679316056858e-02	2.900593299119307267e+04	6.943444047671708574e+01	-7.131215131809057195e-02	-3.143017549465524363e-01	3.222902668218464162e-01	-2.692665088156185504e+01	-7.131215131808954499e-02	-3.143017549465527138e-01	3.222902668218464162e-01	-2.692665088156185149e+01
9.677419354838713379e+11	1.664353404645664281e+00	1.786865593217224282e-02	7.248374242143986734e+00	2.769752966690791851e+00	5.947951667430563527e-02	2.147466484903517298e-02	2.805995963719346400e+04	6.921038561481904594e+01	-1.829809155574321222e-01	-2.627529974572277993e-01	3.201892458078410830e-01	-2.731184262723611411e+01	-1.829809155574337598e-01	-2.627529974572266891e-01	3.201892458078410830e-01	-2.731184262723611766e+01
9.775171065493649902e+11	1.664344851492347788e+00	1.801289917827990708e-02	7.380693074040174828e+00	2.769719320152278286e+00	5.995935201564180778e-02	2.164816903264597456e-02	2.665288457281614683e+04	6.886274056739954119e+01	-2.659785468234148742e-01	-1.668275572147140950e-01	3.139681850387459061e-01	-2.771413842462894195e+01	-2.659785468234149297e-01	-1.668275572147142616e-01	3.139681850387460726e-01	-2.771413842462894195e+01
9.872922776148586426e+11	1.664228439514671365e+00	1.830995532687905089e-02	7.577434410799046560e+00	2.769321044425365752e+00	6.094389676247053550e-02	2.200680086736436780e-02	2.379840394184544493e+04	6.809726523731364978e+01	-3.008331796542954573e-01	-4.995036062764274948e-02	3.049518658866430809e-01	-2.810979493350647118e+01	-3.008331796542954573e-01	-4.995036062764283274e-02	3.049518658866430809e-01	-2.810979493350647118e+01
9.970674486803522949e+11	1.664174629549653117e+00	1.846804481362236683e-02	7.718530397569353774e+00	2.769136128957487397e+00	6.146810327243278776e-02	2.219757368720404536e-02	2.579703913960472346e+04	6.864219348105022789e+01	-2.904412938743442529e-01	6.949844901911751693e-02	2.986405525099798952e-01	-2.850920335880720202e+01	-2.904412938743439754e-01	6.949844901911836348e-02	2.986405525099798397e-01	-2.850920335880720557e+01
1.006842619745845947e+12	1.664256592364262044e+00	1.853331852475969058e-02	7.821750199701539508e+00	2.769406521332365312e+00	6.168839506643603032e-02	2.227495118223295559e-02	2.706691674692342349e+04	6.896690527321911190e+01	-2.354180976538647607e-01	1.762714219515591485e-01	2.940974241638121267e-01	-2.891704028486984868e+01	-2.354180976538661207e-01	1.762714219515575664e-01	2.940974241638121822e-01	-2.891704028486984157e+01
1.016617790811339600e+12	1.664261432161057597e+00	1.875428818990907548e-02	7.991852356752862541e+00	2.769414391253264274e+00	6.242407704419856984e-02	2.254053320490954915e-02	2.660528633992850155e+04	6.885066195633656605e+01	-1.437451939586196492e-01	2.481468016386425279e-01	2.867743293073649058e-01	-2.932008922295144515e+01	-1.437451939586201211e-01	2.481468016386423059e-01	2.867743293073649613e-01	-2.932008922295144160e+01
1.026392961876833252e+12	1.664031399730908412e+00	1.882666252145419328e-02	8.099834852753037495e+00	2.768646056068709616e+00	6.265631517567371578e-02	2.263066997615486090e-02	2.679971781807158914e+04	6.889986577874164198e+01	-3.852087108601366661e-02	2.795848730429388862e-01	2.822260773629211017e-01	-2.970821342041077529e+01	-3.852087108601254944e-02	2.795848730429389972e-01	2.822260773629210462e-01	-2.970821342041077884e+01
1.036168132942326904e+12	1.664069043668356729e+00	1.880126003168328813e-02	8.165943084741330793e+00	2.768772294716540294e+00	6.257318960136661057e-02	2.259961562052999889e-02	2.664967481910395873e+04	6.886192673318073787e+01	7.404303679562487805e-02	2.694776229545853274e-01	2.794647751885233622e-01	-3.011327799041243125e+01	7.404303679562310170e-02	2.694776229545859381e-01	2.794647751885234732e-01	-3.011327799041242770e+01
1.045943304007820557e+12	1.663917429809443016e+00	1.905925077661880032e-02	8.356090395438243945e+00	2.768257958183496736e+00	6.342603913265036641e-02	2.291189625054664350e-02	2.662522067433692064e+04	6.885572315582921021e+01	1.667876961763215260e-01	2.144890139973384957e-01	2.717051208964516573e-01	-3.050606561760740121e+01	1.667876961763193888e-01	2.144890139973401333e-01	2.717051208964516573e-01	-3.050606561760739055e+01
1.055718475073314209e+12	1.663767362738333366e+00	1.930527181283198807e-02	8.543055024918066565e+00	2.767749143793501343e+00	6.423896234196432853e-02	2.320982105116572991e-02	2.638398960140467898e+04	6.879422002685578263e+01	2.297245580357779593e-01	1.306648160076963883e-01	2.642851995611155691e-01	-3.089877246763731122e+01	2.297245580357784867e-01	1.306648160076952225e-01	2.642851995611154026e-01	-3.089877246763731833e+01
1.065493646138807861e+12	1.663888344675654496e+00	1.951362367310436122e-02	8.715211892221029544e+00	2.768143642038634056e+00	6.493698198413055955e-02	2.345867497551785627e-02	2.591397251062124633e+04	6.867275454536351731e+01	2.561555901393965939e-01	2.743841939918530495e-02	2.576209487188262925e-01	-3.130921719486608978e+01	2.561555901393965939e-01	2.743841939918608558e-02	2.576209487188263481e-01	-3.130921719486608623e+01
1.075268817204301514e+12	1.663956507865140155e+00	1.980918206806314696e-02	8.928381855114984944e+00	2.768358856372546306e+00	6.592323483527821881e-02	2.381311031390604196e-02	2.497800445477876929e+04	6.842417065764173856e+01	2.384333242753901294e-01	-7.384638477565449999e-02	2.496071687060436861e-01	-3.171627220186395490e+01	2.384333242753906013e-01	-7.384638477565300119e-02	2.496071687060437139e-01	-3.171627220186394780e+01
1.085043988269795166e+12	1.663758001306897771e+00	1.978324590174957570e-02	8.997752758506928572e+00	2.767699310094314136e+00	6.582906732171550646e-02	2.378476125698505278e-02	2.354424538130274959e+04	6.802471001860035926e+01	1.906048349785791074e-01	-1.571800859013476881e-01	2.470542096811272903e-01	-3.210551144606842655e+01	1.906048349785788298e-01	-1.571800859013478546e-01	2.470542096811271793e-01	-3.210551144606842655e+01
1.094819159335288818e+12	1.663273643186263362e+00	1.974611118692663064e-02	9.061771944107050558e+00	2.766089303211098915e+00	6.568637258528096934e-02	2.374701804060589880e-02	1.580149912942453375e+04	6.533000031167505028e+01	1.198191281272807523e-01	-2.133940937777630276e-01	2.447318179649193848e-01	-3.247509926932291080e+01	1.198191281272801556e-01	-2.133940937777632774e-01	2.447318179649193015e-01	-3.247509926932291080e+01
1.104594330400782471e+12	1.663690364904845786e+00	1.969277367689620944e-02	9.117984730680895211e+00	2.767477824942129239e+00	6.552535564900799359e-02	2.367692165713313271e-02	1.317880714145472302e+04	6.410355981187250052e+01	1.960666643185742658e-02	-2.418842233162978583e-01	2.426775615047645496e-01	-3.290584163206630564e+01	1.960666643185380448e-02	-2.418842233162980526e-01	2.426775615047644663e-01	-3.290584163206631985e+01
1.114369501466276123e+12	1.663608763627173026e+00	2.013293125238503969e-02	9.404276493953384275e+00	2.767188783496318027e+00	6.698664173794229015e-02	2.420747082289964949e-02	1.528735099026645003e+04	6.510647047191463344e+01	-7.225095750430995944e-02	-2.210972632571812924e-01	2.326030968841664714e-01	-3.330256711151714910e+01	-7.225095750430646224e-02	-2.210972632571825691e-01	2.326030968841665825e-01	-3.330256711151713489e+01
1.124144672531769775e+12	1.663675260279563028e+00	2.048528929867254184e-02	9.652803585501928296e+00	2.767395724588621153e+00	6.816173801174237046e-02	2.463028232865928369e-02	2.199420859800052858e+04	6.756451297185412841e+01	-1.483013665658766966e-01	-1.681318869675988148e-01	2.241910496442530709e-01	-3.370953398614592800e+01	-1.483013665658776681e-01	-1.681318869675981209e-01	2.241910496442532097e-01	-3.370953398614592800e+01
1.133919843597263428e+12	1.663981251451602361e+00	2.083451779306743842e-02	9.902730726409073370e+00	2.768399528050771163e+00	6.933649398139805908e-02	2.504569635951998940e-02	2.299589905827138864e+04	6.786546729195080729e+01	-1.968927969000854317e-01	-8.889509128250201730e-02	2.160303467692968604e-01	-3.413342702785173799e+01	-1.968927969000851264e-01	-8.889509128250272507e-02	2.160303467692968882e-01	-3.413342702785173088e+01
1.143695014662757080e+12	1.663940356832356748e+00	2.111507767301132321e-02	1.012259992219972027e+01	2.768251664590253736e+00	7.026845975554678325e-02	2.538369637933466511e-02	2.261469908507074797e+04	6.775251123988883251e+01	-2.090434651437599045e-01	-5.107199813906467163e-03	2.091058435559597917e-01	-3.453309276681598305e+01	-2.090434651437600433e-01	-5.107199813908003261e-03	2.091058435559599582e-01	-3.453309276681597595e+01
1.153470185728250732e+12	1.663745151354651064e+00	2.139344916808543287e-02	1.034371019564881600e+01	2.767590248988803570e+00	7.118649464830865969e-02	2.572147183793486655e-02	1.789505761837024693e+04	6.617075948912183492e+01	-1.891008441042957289e-01	7.207529221679893905e-02	2.023708896780713473e-01	-3.492166842554404838e+01	-1.891008441042966448e-01	7.207529221679656595e-02	2.023708896780713473e-01	-3.492166842554404127e+01
1.163245356793744385e+12	1.663128436996047954e+00	2.152724939681388561e-02	1.049660926621768375e+01	2.765532775478324545e+00	7.160516128429439409e-02	2.589199517691834901e-02	8.049522811070405623e+03	6.077215995220929301e+01	-1.484729367459743377e-01	1.307725846402634229e-01	1.978526771096842107e-01	-3.527961569868917735e+01	-1.484729367459751426e-01	1.307725846402625625e-01	1.978526771096842662e-01	-3.527961569868917024e+01
1.173020527859238037e+12	1.664314987742670837e+00	2.212924004498694266e-02	1.088081116430726425e+01	2.769454675159918278e+00	7.366005174845412229e-02	2.659731260783342738e-02	1.740287658999054474e+04	6.598230086023848173e+01	-6.589469736858803717e-02	1.748707001011113871e-01	1.868739492148401293e-01	-3.576795058491640589e+01	-6.589469736858782900e-02	1.748707001011114703e-01	1.868739492148401293e-01	-3.576795058491640589e+01
1.182795698924731689e+12	1.664380008087003260e+00	2.406652023874245386e-02	1.193197124771496220e+01	2.769581613923290941e+00	8.011167029916838045e-02	2.892554958352898387e-02	2.106166419998672427e+04	6.727174919355090310e+01	7.501292275955974767e-03	1.597677961941761926e-01	1.599437966491765450e-01	-3.617523227762161042e+01	7.501292275955153376e-03	1.597677961941762481e-01	1.599437966491765728e-01	-3.617523227762160332e+01
1.192570869990225342e+12	1.663302338240404188e+00	2.548334326070522335e-02	1.273883646159818106e+01	2.765925267612252991e+00	8.477300886342768738e-02	3.064905977615580562e-02	2.118307891673474296e+04	6.731059213874659974e+01	5.131192813104508421e-02	1.323611759857039050e-01	1.419591310090478620e-01	-3.649814412838343003e+01	5.131192813104556300e-02	1.323611759857037662e-01	1.419591310090479175e-01	-3.649814412838343003e+01
1.202346041055718994e+12	1.661567783611647142e+00	2.616436375772410866e-02	1.318647808152799250e+01	2.760122925605275057e+00	8.694772779706111399e-02	3.150139690897792166e-02	2.030223589900456136e+04	6.702359226795088887e+01	7.963318315686022941e-02	1.063865992292687412e-01	1.328892484562355092e-01	-3.677087288408747412e+01	7.963318315686068738e-02	1.063865992292683249e-01	1.328892484562354537e-01	-3.677087288408748122e+01
1.212121212121212646e+12	1.659687975036939767e+00	2.562509307774463521e-02	1.301969060946414913e+01	2.753907529086974559e+00	8.505931768067019616e-02	3.088677335105387625e-02	1.296072084972483390e+04	6.399080034787453286e+01	1.069299494132001649e-01	8.442804912689433339e-02	1.362428330624507744e-01	-3.703076672769975630e+01	1.069299494132002343e-01	8.442804912689434726e-02	1.362428330624508299e-01	-3.703076672769975630e+01
1.221896383186706299e+12	1.658016619515934931e+00	2.447190567620306789e-02	1.253404733361224999e+01	2.748420236423623653e+00	8.114965264474205409e-02	2.952592604627954365e-02	1.905565433729055076e+04	6.659539245274596908e+01	1.351590077172622750e-01	5.632342587858445160e-02	1.464250172266179373e-01	-3.730427550624290944e+01	1.351590077172626359e-01	5.632342587858377159e-02	1.464250172266179928e-01	-3.730427550624291655e+01
1.231671554252199951e+12	1.657529144444162661e+00	2.307993104043387644e-02	1.191567308081772048e+01	2.746870181464966532e+00	7.651131670256126893e-02	2.785399805889483132e-02	1.257779973233137571e+04	6.378814483168466865e+01	1.603734786023792436e-01	5.273304174136356735e-03	1.604601519877778271e-01	-3.766624228772968763e+01	1.603734786023793268e-01	5.273304174135138092e-03	1.604601519877778548e-01	-3.766624228772969474e+01
1.241446725317693604e+12	1.657968650940135014e+00	2.257167460754140598e-02	1.174575747144235471e+01	2.748350567005662715e+00	7.484625779705025850e-02	2.723315529524878223e-02	1.840856605148710514e+04	6.636193790952125937e+01	1.515545781329795949e-01	-6.403192250821426734e-02	1.645262205642716857e-01	-3.809886369787136573e+01	1.515545781329792063e-01	-6.403192250821507225e-02	1.645262205642716302e-01	-3.809886369787137284e+01
1.251221896383187256e+12	1.658485522709248983e+00	2.231307225445660486e-02	1.170261368591542173e+01	2.750076355842738351e+00	7.401181460236340437e-02	2.691263987820552428e-02	1.791542748491887323e+04	6.617844708110585827e+01	1.106428328393930655e-01	-1.231569354400540300e-01	1.655580478433818503e-01	-3.853798385117860192e+01	1.106428328393923161e-01	-1.231569354400547517e-01	1.655580478433819058e-01	-3.853798385117860903e+01
1.260997067448680908e+12	1.658852014553304111e+00	2.191769643593748790e-02	1.158505620891514276e+01	2.751309620770497677e+00	7.271642977424534748e-02	2.642975157186463336e-02	1.812754281192124472e+04	6.625798400482644013e+01	5.040905191619940440e-02	-1.607252457794981493e-01	1.684448786575898638e-01	-3.896598967425701687e+01	5.040905191619975134e-02	-1.607252457794981215e-01	1.684448786575899748e-01	-3.896598967425701687e+01
1.270772238514174561e+12	1.658848067737144438e+00	2.174984056048611877e-02	1.158545133666059002e+01	2.751303856270851167e+00	7.215936197470673719e-02	2.622733283720699721e-02	1.777193787568140033e+04	6.612410695962894636e+01	-1.602614932742653722e-02	-1.676620168000643729e-01	1.684262133390466154e-01	-3.936520468844821607e+01	-1.602614932742778275e-02	-1.676620168000642619e-01	1.684262133390466432e-01	-3.936520468844822318e+01
1.280547409579668213e+12	1.658591824935479409e+00	2.182381077248774642e-02	1.171427487184153904e+01	2.750450563026170858e+00	7.239358827237404870e-02	2.632062878916948540e-02	1.780070398252153245e+04	6.613503588254197041e+01	-7.548830911992039649e-02	-1.469930906725061270e-01	1.652436186944605256e-01	-3.974433696493213830e+01	-7.548830911992056303e-02	-1.469930906725059605e-01	1.652436186944604701e-01	-3.974433696493213830e+01
1.290322580645161865e+12	1.658641718354388894e+00	2.198109445769529102e-02	1.188876577966719950e+01	2.750609181352041688e+00	7.291752056524369863e-02	2.650958960640189058e-02	1.787197460489792866e+04	6.616203737111518990e+01	-1.238733227627485528e-01	-1.028752792305062808e-01	1.610214990895275367e-01	-4.014764792289597750e+01	-1.238733227627483585e-01	-1.028752792305066693e-01	1.610214990895276477e-01	-4.014764792289597750e+01
1.300097751710655518e+12	1.658852212893982214e+00	2.207811399768270025e-02	1.203170402159263297e+01	2.751303221105567243e+00	7.324865652316310538e-02	2.662325837489089991e-02	1.761354145756831713e+04	6.606360973198114550e+01	-1.516403504842306627e-01	-4.306752587153534623e-02	1.576375833349258071e-01	-4.056398029147303674e+01	-1.516403504842310235e-01	-4.306752587153393069e-02	1.576375833349257793e-01	-4.056398029147304385e+01
1.309872922776149170e+12	1.658975938633727054e+00	2.191777599601394538e-02	1.203413307841391955e+01	2.751720776061044038e+00	7.272212601150201960e-02	2.642787256765210396e-02	1.731464928030409646e+04	6.594795554535221527e+01	-1.561807692086723820e-01	2.087212453123368089e-02	1.575692808039051707e-01	-4.097355812285606191e+01	-1.561807692086725763e-01	2.087212453123270250e-02	1.575692808039052262e-01	-4.097355812285606191e+01
1.319648093841642822e+12	1.658777335851917334e+00	2.195294914474070144e-02	1.214339626508707326e+01	2.751060317959832968e+00	7.283010899281121275e-02	2.647346861766430165e-02	1.689866096399251546e+04	6.578362445431781680e+01	-1.348395901256192464e-01	7.651907187428928780e-02	1.550383288923988800e-01	-4.135687062277851567e+01	-1.348395901256199958e-01	7.651907187428798329e-02	1.550383288923988800e-01	-4.135687062277850856e+01
1.329423264907136475e+12	1.658689766785291786e+00	2.204388477348107056e-02	1.228402150285208982e+01	2.750765809582338850e+00	7.312793218793432748e-02	2.658457217011784418e-02	1.584450767423778416e+04	6.534836774185437491e+01	-9.338399393387647462e-02	1.197268192259569458e-01	1.518389988277295544e-01	-4.174908971952389436e+01	-9.338399393387560032e-02	1.197268192259575703e-01	1.518389988277294989e-01	-4.174908971952389436e+01
1.339198435972630127e+12	1.658615156972329308e+00	2.231869425595106593e-02	1.252860962391621058e+01	2.750506114825054027e+00	7.403624915350340285e-02	2.691731850892921038e-02	1.615192221451551450e+04	6.547821971239515904e+01	-3.895305073526449807e-02	1.411590889688084660e-01	1.464350660193386444e-01	-4.214225030234239000e+01	-3.895305073526467154e-02	1.411590889688083550e-01	1.464350660193386167e-01	-4.214225030234239000e+01
1.348973607038123779e+12	1.658629469945411827e+00	2.223939630034489287e-02	1.257522046484030298e+01	2.750557127823594072e+00	7.377383619509400581e-02	2.682141572295511367e-02	1.577841380401588503e+04	6.532012075519023142e+01	1.904109674941683455e-02	1.441680047043192303e-01	1.454200018767888292e-01	-4.254281653189951840e+01	1.904109674941787886e-02	1.441680047043191748e-01	1.454200018767889124e-01	-4.254281653189952550e+01
1.358748778103617432e+12	1.658584624849029909e+00	2.217868599204558464e-02	1.263176797566040577e+01	2.750411063673263712e+00	7.357045517152271952e-02	2.674889442644510715e-02	1.574720762268926410e+04	6.530674281000013082e+01	7.251369551170271099e-02	1.246423263929185288e-01	1.442010595155346631e-01	-4.293841122598906423e+01	7.251369551170268324e-02	1.246423263929185982e-01	1.442010595155347186e-01	-4.293841122598906423e+01
1.368523949169111084e+12	1.658473700732956857e+00	2.228828488168178162e-02	1.278551462051988175e+01	2.750038248379902406e+00	7.392906862142639701e-02	2.688292377932538155e-02	1.563164874579118259e+04	6.525697134052364845e+01	1.118688314762680130e-01	8.574816268883261872e-02	1.409517039995478727e-01	-4.332831544231075327e+01	1.118688314762681379e-01	8.574816268883238279e-02	1.409517039995478171e-01	-4.332831544231075327e+01
1.378299120234604736e+12	1.658344365388045416e+00	2.248763596015104088e-02	1.299201287084796341e+01	2.749600340443203006e+00	7.458448877082812789e-02	2.712557446032538497e-02	1.543755793282963532e+04	6.517254212316920814e+01	1.319038755828000342e-01	3.590976024974792263e-02	1.367045839573683419e-01	-4.371649693702350703e+01	1.319038755827996179e-01	3.590976024974944919e-02	1.367045839573683141e-01	-4.371649693702349282e+01
1.388074291300098389e+12	1.658347384801695856e+00	2.261411347207974848e-02	1.315774419311017240e+01	2.749604650550495855e+00	7.500411187206450225e-02	2.727814409866087531e-02	1.551548818276976817e+04	6.520656851437524892e+01	1.321956999306041769e-01	-1.777145310296034467e-02	1.333848852963972764e-01	-4.411592890012238399e+01	1.321956999306042602e-01	-1.777145310295997344e-02	1.333848852963973319e-01	-4.411592890012238399e+01
1.397849462365592041e+12	1.658303284991691884e+00	2.253359128514667922e-02	1.320322358240194305e+01	2.749462022278030382e+00	7.473505690163780024e-02	2.718170183697138712e-02	1.533677455884213668e+04	6.512828184865733760e+01	1.143735886494195303e-01	-6.686207550461070737e-02	1.324834137593491057e-01	-4.451131143485091002e+01	1.143735886494191695e-01	-6.686207550461131799e-02	1.324834137593491057e-01	-4.451131143485091712e+01
1.407624633431085693e+12	1.657979832535299236e+00	2.251264369856387573e-02	1.328319405793042129e+01	2.748390305967480352e+00	7.465101845854359153e-02	2.716172382665465665e-02	1.239452069822545491e+04	6.368895343960799238e+01	8.138944147743029656e-02	-1.025514736154253953e-01	1.309238172553158497e-01	-4.488223970151485531e+01	8.138944147742888102e-02	-1.025514736154264639e-01	1.309238172553157942e-01	-4.488223970151486242e+01
1.417399804496579346e+12	1.658080166707011971e+00	2.248521605109196977e-02	1.335914287113867083e+01	2.748724254286288637e+00	7.456458155687550882e-02	2.712697770269296982e-02	7.869818171907960277e+03	6.061959142611645746e+01	3.366162190854068287e-02	-1.249977445282298705e-01	1.294509209185402687e-01	-4.529003621391865408e+01	3.366162190853998204e-02	-1.249977445282301342e-01	1.294509209185403242e-01	-4.529003621391866119e+01
1.427174975562072998e+12	1.658056509693352165e+00	2.268456092138237609e-02	1.357052847704180465e+01	2.748636800032305150e+00	7.522456781046694962e-02	2.736795483840674323e-02	1.485258029047995115e+04	6.491150377451454290e+01	-1.674218557932848073e-02	-1.243351028470197489e-01	1.254572380452863567e-01	-4.568694211888689694e+01	-1.674218557932744683e-02	-1.243351028470198322e-01	1.254572380452863012e-01	-4.568694211888688983e+01
1.436950146627566650e+12	1.658006871867053977e+00	2.283248414613645721e-02	1.375257515300334177e+01	2.748465464826089999e+00	7.571283123217961708e-02	2.754731038142055333e-02	1.574010030750377337e+04	6.530369223048074900e+01	-6.156708959452598939e-02	-1.054602830152181064e-01	1.221162471368584662e-01	-4.608151163099132219e+01	-6.156708959452707880e-02	-1.054602830152174264e-01	1.221162471368584246e-01	-4.608151163099132930e+01
1.446725317693060303e+12	1.657939535994749969e+00	2.285723493521739716e-02	1.386113951920666665e+01	2.748241051825603076e+00	7.579182696523463492e-02	2.757830391729560945e-02	1.531706384907064967e+04	6.511959164892428475e+01	-9.570157386396037358e-02	-7.266787927534631986e-02	1.201641041177246433e-01	-4.647445211942397947e+01	-9.570157386395970744e-02	-7.266787927534716640e-02	1.201641041177246433e-01	-4.647445211942396526e+01
1.456500488758553955e+12	1.657835545558567159e+00	2.293537047125466730e-02	1.400249916381370596e+01	2.747892664898818449e+00	7.604614483560066807e-02	2.767435053304776946e-02	1.503812775651724041e+04	6.499539889502923984e+01	-1.137194682342651669e-01	-3.023951725293954479e-02	1.176713468061569845e-01	-4.686399090949431212e+01	-1.137194682342650698e-01	-3.023951725293984663e-02	1.176713468061569706e-01	-4.686399090949431212e+01
1.466275659824047607e+12	1.657727177005117403e+00	2.318733547083708796e-02	1.425133771814592087e+01	2.747521740855118910e+00	7.687655234468278309e-02	2.798032539708176364e-02	1.445089933114446285e+04	6.472623528772072632e+01	-1.124684816566406120e-01	1.459952535847826131e-02	1.134121047633054047e-01	-4.725297788889692185e+01	-1.124684816566405010e-01	1.459952535847911480e-02	1.134121047633053908e-01	-4.725297788889692896e+01
1.476050830889541260e+12	1.657617166255850982e+00	2.324571401335427667e-02	1.438246630202689502e+01	2.747154306646086841e+00	7.706498918082048399e-02	2.805266125545989933e-02	1.415262456619700606e+04	6.458529829092012164e+01	-9.664557997403737388e-02	5.505665159293254146e-02	1.112277079380116357e-01	-4.764171362783962138e+01	-9.664557997403772083e-02	5.505665159293199329e-02	1.112277079380116773e-01	-4.764171362783961428e+01
1.485826001955034912e+12	1.657501356007014648e+00	2.312268626026937890e-02	1.440109123694212023e+01	2.746776086545201778e+00	7.665176766184252088e-02	2.790608526021224126e-02	1.345373495058077606e+04	6.424307894701377109e+01	-6.843137287036900329e-02	8.729073954246510669e-02	1.109167525795538012e-01	-4.802981011638701858e+01	-6.843137287036774041e-02	8.729073954246611977e-02	1.109167525795538289e-01	-4.802981011638703279e+01
1.495601173020528564e+12	1.657361535013899045e+00	2.320424315838404833e-02	1.454696406507000184e+01	2.746308820843074372e+00	7.691564011963029912e-02	2.800691587773380259e-02	1.341571036263055430e+04	6.422395320011345632e+01	-2.991111703105686984e-02	1.043411377140743834e-01	1.085437604909329501e-01	-4.841550627088587788e+01	-2.991111703105622799e-02	1.043411377140746193e-01	1.085437604909329917e-01	-4.841550627088588499e+01
1.505376344086022217e+12	1.657065544856469064e+00	2.343980300762077418e-02	1.479068219971400211e+01	2.745316795585430736e+00	7.768257988430284089e-02	2.829639916574264169e-02	1.294711863221157910e+04	6.398370471958568828e+01	9.591408062470746509e-03	1.042568882544882281e-01	1.046971530516932342e-01	-4.878642573195463683e+01	9.591408062469235565e-03	1.042568882544883807e-01	1.046971530516932203e-01	-4.878642573195462262e+01
1.515151515151515869e+12	1.657203908421288396e+00	2.354276697028831467e-02	1.495211847201432320e+01	2.745770532210176640e+00	7.803033087642681498e-02	2.841837289790461601e-02	1.299234992414614499e+04	6.400727097918991149e+01	4.928713922502708789e-02	8.954932430772048757e-02	1.022169436881992938e-01	-4.919782945883167713e+01	4.928713922502725442e-02	8.954932430772034879e-02	1.022169436881992521e-01	-4.919782945883167713e+01
1.524926686217009521e+12	1.657312192785576066e+00	2.356708517306654871e-02	1.506412799635136501e+01	2.746128296852179851e+00	7.811603521147872375e-02	2.844587971400361695e-02	1.269861707849318191e+04	6.385274436639083717e+01	7.948363282389683815e-02	6.154947232116915468e-02	1.005285304274285002e-01	-4.960656821662261962e+01	7.948363282389649120e-02	6.154947232116960570e-02	1.005285304274285141e-01	-4.960656821662261962e+01
1.534701857282503174e+12	1.657121911200405640e+00	2.338725219590533089e-02	1.504500646418559207e+01	2.745506065015209884e+00	7.751105611320904809e-02	2.823197409792633020e-02	1.260305770966039927e+04	6.380170111071080186e+01	9.692751326511470089e-02	2.770768573293215520e-02	1.008100127786616257e-01	-4.998704821261905096e+01	9.692751326511488130e-02	2.770768573293133294e-02	1.008100127786615702e-01	-4.998704821261905806e+01
1.544477028347996826e+12	1.656716019822806807e+00	2.343006822157712651e-02	1.516855349305289735e+01	2.744159002240655010e+00	7.763393873645617338e-02	2.829061241461106047e-02	1.202608063666889939e+04	6.348503535339069259e+01	9.865818520275913828e-02	-8.021107854848280247e-03	9.898371420956597611e-02	-5.034660602955565878e+01	9.865818520275924930e-02	-8.021107854847359109e-03	9.898371420956598998e-02	-5.034660602955564457e+01
1.554252199413490479e+12	1.656553823845879236e+00	2.374057808625530674e-02	1.546685241769894503e+01	2.743606956250534523e+00	7.865509081819582748e-02	2.866849810210693114e-02	1.212208243601671529e+04	6.353876448976214419e+01	8.470759753130424619e-02	-4.235310860839773539e-02	9.470566449964941402e-02	-5.072912354839638738e+01	8.470759753130459313e-02	-4.235310860839706232e-02	9.470566449964942790e-02	-5.072912354839638027e+01
1.564027370478984131e+12	1.656717825360330298e+00	2.405789465765981183e-02	1.577215835992783788e+01	2.744135170571302851e+00	7.971428583997214323e-02	2.904896475029558611e-02	1.175056809986485132e+04	6.332842428170559401e+01	5.783779289573601906e-02	-6.962435416739432004e-02	9.051387175608395508e-02	-5.114308946578659487e+01	5.783779289573572069e-02	-6.962435416739463923e-02	9.051387175608399671e-02	-5.114308946578660198e+01
1.573802541544477783e+12	1.656840310979684983e+00	2.397664876393334685e-02	1.581713730743061674e+01	2.744544936401310586e+00	7.945095638857201104e-02	2.894868119475912938e-02	1.147724305665296197e+04	6.316938533752058760e+01	2.510628132392139084e-02	-8.632916174104142415e-02	8.990578139823253434e-02	-5.155326477194861212e+01	2.510628132392166492e-02	-8.632916174104135476e-02	8.990578139823254822e-02	-5.155326477194861212e+01
1.583577712609971436e+12	1.656554893591414057e+00	2.376199203602682650e-02	1.577289411671300279e+01	2.743609483216141065e+00	7.872608837752088917e-02	2.869434912625969461e-02	1.089387643278532960e+04	6.281688086761426604e+01	-7.886843862307552772e-03	-9.015017714914588809e-02	9.049451224317861531e-02	-5.192354222335560365e+01	-7.886843862308607483e-03	-9.015017714914579094e-02	9.049451224317860143e-02	-5.192354222335561786e+01
1.593352883675465088e+12	1.656070687883659298e+00	2.390845272384296144e-02	1.596807643144642697e+01	2.741998509155808339e+00	7.918817549721712812e-02	2.887972959605917406e-02	1.020556356351893373e+04	6.237583740226249773e+01	-3.724843299949969627e-02	-7.963868154360688456e-02	8.791908415652570363e-02	-5.227376879518382680e+01	-3.724843299950034159e-02	-7.963868154360650986e-02	8.791908415652564812e-02	-5.227376879518383390e+01
1.603128054740958740e+12	1.655827899747181142e+00	2.425995813971581691e-02	1.630224525900342769e+01	2.741177488012220387e+00	8.034063106888034156e-02	2.930880303089742137e-02	6.902395240085786099e+03	5.973324165686943132e+01	-6.066823511321146195e-02	-5.762675837082183866e-02	8.367483511833763432e-02	-5.264738223511500337e+01	-6.066823511321075418e-02	-5.762675837082263663e-02	8.367483511833766208e-02	-5.264738223511498916e+01
1.612903225806452393e+12	1.656037109876170366e+00	2.437168967324703645e-02	1.647718854136323685e+01	2.741864930029489944e+00	8.072084505856585990e-02	2.944012455701006115e-02	9.018460686668413473e+03	6.154021652811670862e+01	-7.683079456715541378e-02	-2.727425911711989920e-02	8.152825402403902910e-02	-5.306596069021226469e+01	-7.683079456715559419e-02	-2.727425911711961470e-02	8.152825402403909849e-02	-5.306596069021227180e+01
1.622678396871946045e+12	1.656278408966370241e+00	2.412865723969642023e-02	1.641174534296102649e+01	2.742675975907979957e+00	7.992754804691855341e-02	2.914217674600005914e-02	9.404115351870499580e+03	6.182317583431179742e+01	-8.204302495698036213e-02	6.660409903911429161e-03	8.231293339554740518e-02	-5.348807938502859827e+01	-8.204302495698034825e-02	6.660409903911810800e-03	8.231293339554741906e-02	-5.348807938502860537e+01
1.632453567937439697e+12	1.655874038601865772e+00	2.400512865741712826e-02	1.642608388946017683e+01	2.741342585513794283e+00	7.949893867422937188e-02	2.900000134763504323e-02	9.694187845968375768e+03	6.202846095055203079e+01	-7.438395746889188420e-02	3.483839416217945906e-02	8.213821788018836612e-02	-5.384509103950929187e+01	-7.438395746889243931e-02	3.483839416217834190e-02	8.213821788018839387e-02	-5.384509103950927766e+01
1.642228739002933350e+12	1.655453954322154253e+00	2.441359094620803444e-02	1.680561742489259913e+01	2.739931771457968512e+00	8.083115134220726639e-02	2.950115480401014137e-02	9.541518005592157351e+03	6.192119384983011798e+01	-5.449755944404385127e-02	5.531603601919150848e-02	7.765209479617136978e-02	-5.419992646285817273e+01	-5.449755944404319208e-02	5.531603601919216073e-02	7.765209479617138366e-02	-5.419992646285817983e+01
1.652003910068427002e+12	1.655670710910626120e+00	2.473892586250932973e-02	1.713093515217175877e+01	2.740633488514467420e+00	8.191902993989219617e-02	2.989054548271450132e-02	8.789958562126610559e+03	6.136679579999195511e+01	-2.595193268426592564e-02	6.929445885380623726e-02	7.399476223281289955e-02	-5.461952454200672946e+01	-2.595193268426517971e-02	6.929445885380658421e-02	7.399476223281296894e-02	-5.461952454200674367e+01
1.661779081133920654e+12	1.655997696832306021e+00	2.369334178441411323e-02	1.650398301756578689e+01	2.741766997468988887e+00	7.847223885050082226e-02	2.862104581568784140e-02	3.454690996695786907e+03	5.505617661009660679e+01	5.928548196619359313e-03	8.096174729463684328e-02	8.117852061179899048e-02	-5.505096750870341538e+01	5.928548196619841566e-03	8.096174729463680164e-02	8.117852061179899048e-02	-5.505096750870342248e+01
1.671554252199414307e+12	1.654818614469067306e+00	2.242058657912473704e-02	1.570929185895854197e+01	2.737921964090771709e+00	7.420400803690192781e-02	2.710230934633088215e-02	1.149684007770173594e+03	4.762132924112222554e+01	3.121173764346184959e-02	8.582064881747820950e-02	9.132007627119688442e-02	-5.532668596272241501e+01	3.121173764346107243e-02	8.582064881747841767e-02	9.132007627119681503e-02	-5.532668596272240791e+01
1.681329423264907959e+12	1.656450265402348077e+00	2.420313158582525562e-02	1.705742758585428120e+01	2.743241690172948388e+00	8.018256747781639382e-02	2.922912981566755733e-02	4.420867304709989185e+03	5.672258119814600974e+01	5.930135156833525600e-02	4.555516598855152699e-02	7.477916451843910628e-02	-5.589362144754663575e+01	5.930135156833577642e-02	4.555516598855084004e-02	7.477916451843907852e-02	-5.589362144754664996e+01
1.691104594330401611e+12	1.655092551199644824e+00	2.427863775984171260e-02	1.721012187947352245e+01	2.738741900785075067e+00	8.036678501917690620e-02	2.934441722899822427e-02	8.394745506424018458e+03	6.105592630437726598e+01	6.736326682919582809e-02	2.843610005597071999e-02	7.311922800669200251e-02	-5.614922998499645956e+01	6.736326682919616116e-02	2.843610005596998794e-02	7.311922800669201639e-02	-5.614922998499646667e+01
1.700879765395895264e+12	1.655074976957577437e+00	2.505199602699209604e-02	1.786097282968465549e+01	2.738645576846189034e+00	8.292586349423053393e-02	3.027988148423629150e-02	8.585070007014064686e+03	6.120741918351112076e+01	6.640025274290227431e-02	2.786818740114798592e-04	6.640083755426737233e-02	-5.654447078905959501e+01	6.640025274290226043e-02	2.786818740111535685e-04	6.640083755426735845e-02	-5.654447078905960211e+01
1.710654936461388916e+12	1.655549884873560140e+00	2.462538255978065360e-02	1.765771740767372933e+01	2.740239011838642824e+00	8.153709852362447941e-02	2.975546956720202113e-02	6.726704164816510456e+03	5.955901327685553071e+01	6.180000133485030051e-02	-2.935687977566633564e-02	6.841832031810211878e-02	-5.699214090998101767e+01	6.180000133484991887e-02	-2.935687977566705034e-02	6.841832031810207715e-02	-5.699214090998103188e+01
1.720430107526882568e+12	1.648019551348251621e+00	1.924764522145230167e-02	1.388045812358637576e+01	2.715597969779521836e+00	6.344099128473627836e-02	2.336170228094809620e-02	3.417206170421180218e+02	3.942287052050446761e+01	1.197033906747201060e-01	-4.576714038311615988e-03	1.197908512801088288e-01	-5.658688293840493344e+01	1.197033906747202031e-01	-4.576714038309499626e-03	1.197908512801088149e-01	-5.658688293840491923e+01
1.730205278592376221e+12	1.655339853052596455e+00	2.433175137225486451e-02	1.764656433633710719e+01	2.739557994979350486e+00	8.055463548212135616e-02	2.940424536722703597e-02	6.064143441087805513e+03	5.885832065125109125e+01	2.380694116235733751e-02	-6.425535132471421607e-02	6.852386899008547361e-02	-5.776463988774516878e+01	2.380694116235780589e-02	-6.425535132471406341e-02	6.852386899008548748e-02	-5.776463988774516167e+01
1.739980449657869873e+12	1.654374313282685582e+00	2.434901806166620691e-02	1.775885582859030976e+01	2.736361493768990183e+00	8.056478006975348327e-02	2.944230148436482314e-02	8.092651431507221787e+03	6.080826906915959995e+01	4.153845685232662038e-03	-6.727213159797587605e-02	6.740025314278953739e-02	-5.805779548457775974e+01	4.153845685231618602e-03	-6.727213159797594544e-02	6.740025314278953739e-02	-5.805779548457777395e+01
1.749755620723363525e+12	1.654255114076869315e+00	2.494029255795297481e-02	1.829229101201402941e+01	2.735937964256599297e+00	8.251521302113398737e-02	3.015975292537554503e-02	8.686656596767665178e+03	6.128691017855723544e+01	-1.971458686317361514e-02	-5.907844161371626074e-02	6.228103402072655143e-02	-5.844154629852522476e+01	-1.971458686317373657e-02	-5.907844161371619829e-02	6.228103402072653755e-02	-5.844154629852522476e+01
1.759530791788857178e+12	1.654881883054917679e+00	2.521280426558171125e-02	1.859547107664337062e+01	2.737998361364455846e+00	8.344842600024184043e-02	3.047789479269669838e-02	8.395464638750327140e+03	6.105650515296606784e+01	-4.217382655852908169e-02	-4.202575151045327695e-02	5.953818469358347631e-02	-5.890662087283045878e+01	-4.217382655853024742e-02	-4.202575151045207652e-02	5.953818469358345550e-02	-5.890662087283048720e+01
1.769305962854350830e+12	1.654835480736416065e+00	2.505410792089084529e-02	1.858108397486708441e+01	2.737852759980413442e+00	8.292085345137890917e-02	3.028681989895326554e-02	7.079674683634614667e+03	5.990460679793841337e+01	-5.514444124199448932e-02	-2.277158130719835263e-02	5.966116253579147044e-02	-5.929864522705887708e+01	-5.514444124199465586e-02	-2.277158130719796406e-02	5.966116253579147738e-02	-5.929864522705888419e+01
1.779081133919844482e+12	1.654137157056024598e+00	2.476614321922666201e-02	1.846899634832936243e+01	2.735556372503431977e+00	8.193319547178785911e-02	2.995119979808972752e-02	8.250169277990951741e+03	6.093853429511492692e+01	-6.050611423737613931e-02	-4.337786847408356752e-03	6.066140663420162282e-02	-5.961869115462024382e+01	-6.050611423737620870e-02	-4.337786847407381838e-03	6.066140663420162282e-02	-5.961869115462025803e+01
1.788856304985338135e+12	1.653755423807317992e+00	2.504906849688413872e-02	1.878262109288564119e+01	2.734279545939560130e+00	8.285006577608633460e-02	3.030051038458000251e-02	7.852360828280670830e+03	6.060458497833322866e+01	-5.561155120662592682e-02	1.615203748796577646e-02	5.790969644731208676e-02	-5.997292728332165268e+01	-5.561155120662592682e-02	1.615203748796570360e-02	5.790969644731205901e-02	-5.997292728332165268e+01
1.798631476050831787e+12	1.653953269935536596e+00	2.549951209724563017e-02	1.922486156477507535e+01	2.734911194013256441e+00	8.435000283000036736e-02	3.084195311885929922e-02	4.496673862384048334e+03	5.683747177596429623e+01	-4.144396998550602118e-02	3.498403385952628120e-02	5.423546139975214675e-02	-6.039133584916731223e+01	-4.144396998550577832e-02	3.498403385952651018e-02	5.423546139975211205e-02	-6.039133584916731934e+01
1.808406647116325439e+12	1.653971533506062075e+00	2.521413528612894903e-02	1.911302089074522215e+01	2.734986081030167604e+00	8.340692401045601834e-02	3.049628829520029116e-02	7.240360152663503868e+03	6.005626400638952589e+01	-2.502441108537992523e-02	4.913030949744017634e-02	5.513627174088166216e-02	-6.078995895588837328e+01	-2.502441108537912032e-02	4.913030949744062043e-02	5.513627174088170380e-02	-6.078995895588838749e+01
1.818181818181819092e+12	1.653980174887808241e+00	2.489237988721367673e-02	1.897111653496253680e+01	2.735030788345455655e+00	8.234300567845487251e-02	3.010679295799368119e-02	7.421052437243258282e+03	6.022283450354283474e+01	-4.136258206891352436e-03	5.614989250982253821e-02	5.630203425115917759e-02	-6.118752497980312910e+01	-4.136258206892177297e-03	5.614989250982252433e-02	5.630203425115921922e-02	-6.118752497980311489e+01
1.827956989247312744e+12	1.653678324151413026e+00	2.507152611024390451e-02	1.921037772570037561e+01	2.734023418346729351e+00	8.292047856381307147e-02	3.032910325762874781e-02	7.418068198535805095e+03	6.022011657710363863e+01	1.547451526177000790e-02	5.209218160551545157e-02	5.434202799867479672e-02	-6.154981432206609071e+01	1.547451526177036352e-02	5.209218160551538218e-02	5.434202799867482447e-02	-6.154981432206609782e+01
1.837732160312806396e+12	1.653444633811546050e+00	2.541423816330231483e-02	1.957710509043070601e+01	2.733233273578776767e+00	8.404207142704163414e-02	3.074822490983384130e-02	7.112168416092341431e+03	5.993555061300994424e+01	3.149275256047624760e-02	4.071025449799949014e-02	5.146958602055461823e-02	-6.191948079987584208e+01	3.149275256047582433e-02	4.071025449799982321e-02	5.146958602055461823e-02	-6.191948079987582787e+01
1.847507331378300049e+12	1.653724541422247452e+00	2.548456348096260482e-02	1.973569980654421485e+01	2.734155395926407550e+00	8.428889611180206964e-02	3.082812931458954464e-02	6.888293389350793404e+03	5.971942182973423030e+01	4.449362720567077295e-02	2.339547355192549138e-02	5.026958369268688664e-02	-6.234776637909954644e+01	4.449362720567021784e-02	2.339547355192650446e-02	5.026958369268686583e-02	-6.234776637909952512e+01
1.857282502443793701e+12	1.653375891617882232e+00	2.519876973708961437e-02	1.961762670856175461e+01	2.733016860986964058e+00	8.332607676346849568e-02	3.048868009302264925e-02	6.373630972595701678e+03	5.919467917402385382e+01	5.073733848582978601e-02	6.520667078791788154e-03	5.115463435289224758e-02	-6.270403560064264781e+01	5.073733848582967498e-02	6.520667078792515003e-03	5.115463435289222677e-02	-6.270403560064263360e+01
1.867057673509287354e+12	1.652600229651529196e+00	2.510472766164374703e-02	1.964727885229281057e+01	2.730457271693321974e+00	8.297615739794310386e-02	3.038910671049782283e-02	4.348752597281322778e+03	5.661144253616083688e+01	5.012350856028291446e-02	-9.045590877962162227e-03	5.093317999815274305e-02	-6.301039738319530414e+01	5.012350856028281731e-02	-9.045590877962710399e-03	5.093317999815274999e-02	-6.301039738319531835e+01
1.876832844574780762e+12	1.652608578685440532e+00	2.520548480704244004e-02	1.982941085605861886e+01	2.730479797880353665e+00	8.330960084408774169e-02	3.051097499741994845e-02	3.866050262514485894e+03	5.581639126162450992e+01	4.159724070171480492e-02	-2.696916071429246442e-02	4.957485313775255448e-02	-6.340706054359998234e+01	4.159724070171457594e-02	-2.696916071429278014e-02	4.957485313775253366e-02	-6.340706054359998944e+01
1.886608015640274414e+12	1.652952254768777385e+00	2.586586197795944994e-02	2.045492032559951667e+01	2.731582113729322359e+00	8.551006975601212201e-02	3.130422817100254190e-02	5.706358078909526739e+03	5.844738510395024633e+01	2.399315374118321867e-02	-3.828964549105764309e-02	4.518593119853706735e-02	-6.384288418564507595e+01	2.399315374118304867e-02	-3.828964549105775411e-02	4.518593119853706735e-02	-6.384288418564508305e+01
1.896383186705768066e+12	1.653206301898863861e+00	2.557369587796892371e-02	2.032866005973998469e+01	2.732437062717258502e+00	8.455719037660644477e-02	3.094570467160878344e-02	5.951140927298764836e+03	5.873121081626317164e+01	6.145939747149360179e-03	-4.562050161554714878e-02	4.603262694035319125e-02	-6.426873683671861670e+01	6.145939747149073949e-03	-4.562050161554718347e-02	4.603262694035319125e-02	-6.426873683671861670e+01
1.906158357771261719e+12	1.652979014284599035e+00	2.524082573790123463e-02	2.016748289282969608e+01	2.731702522381353582e+00	8.344511049593064667e-02	3.054692442249810555e-02	5.989177717256771757e+03	5.877426364678331083e+01	-1.099235707793539372e-02	-4.584232648019622575e-02	4.714181595193100982e-02	-6.463799220980513383e+01	-1.099235707793587077e-02	-4.584232648019615636e-02	4.714181595193105145e-02	-6.463799220980514804e+01
1.915933528836755371e+12	1.652299536587327422e+00	2.547449501866000734e-02	2.045856566966165602e+01	2.729444808710241421e+00	8.418299262825622298e-02	3.084253338247042522e-02	5.271311050719637933e+03	5.791150715831584250e+01	-2.362118068361157563e-02	-3.848482675701716399e-02	4.515575342528844321e-02	-6.495313899999216289e+01	-2.362118068361192952e-02	-3.848482675701694194e-02	4.515575342528843628e-02	-6.495313899999217711e+01
1.925708699902249023e+12	1.651501286850058703e+00	2.579437418404754989e-02	2.082115173688177023e+01	2.726791150727853275e+00	8.519888431689291719e-02	3.124510811697150600e-02	2.511165888520481531e+03	5.290064818528105661e+01	-3.217124054017227175e-02	-2.822692453235530960e-02	4.279892506183894524e-02	-6.525326019060902638e+01	-3.217124054017195950e-02	-2.822692453235560797e-02	4.279892506183891054e-02	-6.525326019060902638e+01
1.935483870967742676e+12	1.652463530078581488e+00	2.589680275101975335e-02	2.100994263104105642e+01	2.729965073847041790e+00	8.558704418339764530e-02	3.135096672236512005e-02	5.849496838079723602e+03	5.861479829673356789e+01	-4.069891226958394920e-02	-8.659228300227594238e-03	4.160989899870887188e-02	-6.576380857655762213e+01	-4.069891226958376879e-02	-8.659228300228543132e-03	4.160989899870889269e-02	-6.576380857655759371e+01
1.945259042033236328e+12	1.652647447832221506e+00	2.561820999217578193e-02	2.088889106314658406e+01	2.730587294143151933e+00	8.467573872319844597e-02	3.101008303408566910e-02	6.244676744895927186e+03	5.905655748213355594e+01	-4.144237856080321136e-02	8.756265327216822270e-03	4.235732431655168939e-02	-6.618167092168160082e+01	-4.144237856080325993e-02	8.756265327216466651e-03	4.235732431655166857e-02	-6.618167092168160082e+01
1.955034213098729980e+12	1.652290339080275450e+00	2.529583950015400901e-02	2.072968105278065210e+01	2.729423485121994286e+00	8.359214245005938682e-02	3.062629998815414797e-02	6.308757553418708085e+03	5.912554674423894596e+01	-3.672590571039462820e-02	2.306150894316623401e-02	4.336617743108715783e-02	-6.653415335295747468e+01	-3.672590571039455187e-02	2.306150894316635544e-02	4.336617743108715783e-02	-6.653415335295747468e+01
1.964809384164223633e+12	1.651765847086518191e+00	2.563479874161019023e-02	2.111249194838461563e+01	2.727673270694920049e+00	8.468537011665633329e-02	3.104674266763677790e-02	6.195477562123894131e+03	5.900310760826505430e+01	-2.572040720773970460e-02	3.190077685080124764e-02	4.097802960876187339e-02	-6.686569402549709196e+01	-2.572040720773988848e-02	3.190077685080111580e-02	4.097802960876189421e-02	-6.686569402549709196e+01
1.974584555229717285e+12	1.652047556691849772e+00	2.604099739605557351e-02	2.155373360968586383e+01	2.728582996026129415e+00	8.604193224394486583e-02	3.153355876264535285e-02	6.170924788888029980e+03	5.897627455765572080e+01	-9.455506392858456510e-03	3.720003157252229492e-02	3.838292524211830981e-02	-6.729533309737510649e+01	-9.455506392858550185e-03	3.720003157252228104e-02	3.838292524211830981e-02	-6.729533309737510649e+01
1.984359726295210938e+12	1.652128885094163335e+00	2.593901126561736284e-02	2.157560502440807682e+01	2.728857020657045496e+00	8.570917952541871887e-02	3.140845375064096889e-02	6.036778612423424420e+03	5.882775826156202470e+01	5.962184408610950344e-03	3.778779652356942242e-02	3.825526380812147714e-02	-6.770073264930229584e+01	5.962184408611493312e-03	3.778779652356931140e-02	3.825526380812144939e-02	-6.770073264930231005e+01
1.994134897360704590e+12	1.652007681051500088e+00	2.543162691441821707e-02	2.125777659514766782e+01	2.728482610605640790e+00	8.402648600850991245e-02	3.079604967313996286e-02	5.972146771008709038e+03	5.875502067697618003e+01	2.051114472235102473e-02	3.445146614481524316e-02	4.009501935837641445e-02	-6.808124537082335337e+01	2.051114472235073330e-02	3.445146614481539582e-02	4.009501935837639364e-02	-6.808124537082335337e+01
2.003910068426198242e+12	1.651403926718186144e+00	2.543049485826062370e-02	2.136103048125697867e+01	2.726488219111508293e+00	8.399203813463647361e-02	3.080594207078851676e-02	5.984202236778606675e+03	5.876864760169166857e+01	2.985590178086936289e-02	2.584385559291562870e-02	3.948771635656327106e-02	-6.840154589933162299e+01	2.985590178086944615e-02	2.584385559291556972e-02	3.948771635656330575e-02	-6.840154589933162299e+01
2.013685239491691895e+12	1.651043364693644433e+00	2.610782838143739862e-02	2.203695054217812910e+01	2.725262573396116217e+00	8.621031363146525184e-02	3.163376420057510685e-02	5.829794629249383433e+03	5.859199954171182156e+01	3.339169626231293375e-02	1.270843190192616143e-02	3.572827480694328040e-02	-6.875137889233889155e+01	3.339169626231273946e-02	1.270843190192662980e-02	3.572827480694327346e-02	-6.875137889233887734e+01
2.023460410557185547e+12	1.651637382346972771e+00	2.625619175096275543e-02	2.226976366914853145e+01	2.727216655160697112e+00	8.673141562792061054e-02	3.180217290907168259e-02	5.412821056628792576e+03	5.809052058096072102e+01	3.431968288107992843e-02	-3.638969071472894588e-03	3.451206642554205395e-02	-6.922067522525972549e+01	3.431968288107994230e-02	-3.638969071472721115e-03	3.451206642554205395e-02	-6.922067522525972549e+01
2.033235581622679199e+12	1.651918528901467287e+00	2.569658585066638551e-02	2.190041212032222973e+01	2.728174511603607133e+00	8.489733259244615360e-02	3.111873240929295681e-02	5.449425507349513282e+03	5.813606426736226496e+01	3.132910885249635263e-02	-1.862284677203038599e-02	3.644617241063988211e-02	-6.965134950315027140e+01	3.132910885249607508e-02	-1.862284677203088559e-02	3.644617241063990293e-02	-6.965134950315028561e+01
2.043010752688172852e+12	1.650902525412946797e+00	2.494026803937716974e-02	2.135801711210573117e+01	2.724857131444969216e+00	8.234790298136714093e-02	3.022099838962886281e-02	3.518776415879641718e+03	5.518038043745639953e+01	2.743233766557236220e-02	-2.841404229704223156e-02	3.949545479490121358e-02	-6.991801339394739045e+01	2.743233766557238301e-02	-2.841404229704223156e-02	3.949545479490122746e-02	-6.991801339394739045e+01
2.052785923753666504e+12	1.650564068496302328e+00	2.546722784640946535e-02	2.191363864713465404e+01	2.723713164516885055e+00	8.407058241498385764e-02	3.086616590550413791e-02	5.237009461934394494e+03	5.786739129658359815e+01	1.471100372865614785e-02	-3.326963999506756670e-02	3.637695116562043862e-02	-7.026950705784975071e+01	1.471100372865656938e-02	-3.326963999506739322e-02	3.637695116562045944e-02	-7.026950705784973650e+01
2.062561094819160156e+12	1.650760955991674050e+00	2.650573335128688507e-02	2.291584137197823523e+01	2.724309179926056146e+00	8.750925945246147697e-02	3.212163292524553709e-02	5.365572758140307087e+03	5.803127619448319763e+01	-9.917017404697237829e-05	-3.135911606651047012e-02	3.135927287416428316e-02	-7.068899709858922620e+01	-9.917017404694088221e-05	-3.135911606651047706e-02	3.135927287416429010e-02	-7.068899709858922620e+01
2.072336265884653809e+12	1.651565591410527611e+00	2.633030494751632464e-02	2.287205977077816499e+01	2.726975617772576577e+00	8.697245132532867296e-02	3.189337328815895767e-02	5.013218299033474068e+03	5.757227666926344511e+01	-1.516251503869237710e-02	-2.767476053258300858e-02	3.155620751665805940e-02	-7.118705068927269508e+01	-1.516251503869235455e-02	-2.767476053258302246e-02	3.155620751665806634e-02	-7.118705068927269508e+01
2.082111436950147461e+12	1.651696188670875198e+00	2.573090408054679035e-02	2.245681579562842245e+01	2.727438220245093081e+00	8.499927240179000476e-02	3.116450879468565804e-02	3.845147874994962422e+03	5.577975700399780834e+01	-2.655687409171816893e-02	-2.050618835203242216e-02	3.355251588558452042e-02	-7.159909694688816728e+01	-2.655687409171792954e-02	-2.050618835203272400e-02	3.355251588558452042e-02	-7.159909694688815307e+01
2.091886608015641113e+12	1.650470419882506201e+00	2.527582769505070520e-02	2.216321129458734163e+01	2.723413739441466586e+00	8.343401189745643098e-02	3.063581955585182454e-02	5.026785571395593252e+03	5.759053963172611645e+01	-3.198127180233174827e-02	-1.433392188427019300e-02	3.504658417990232089e-02	-7.183527718653736827e+01	-3.198127180233197031e-02	-1.433392188426977319e-02	3.504658417990234864e-02	-7.183527718653738248e+01
2.101661779081134766e+12	1.649676704060979215e+00	2.623793305380337296e-02	2.311434583788815544e+01	2.720744798790559749e+00	8.656821384314193624e-02	3.181783674882837643e-02	5.027837322988686537e+03	5.759195333964989771e+01	-3.018739210966590175e-02	-3.964157841643535518e-03	3.044656285652262359e-02	-7.212605982972007723e+01	-3.018739210966592257e-02	-3.964157841643564141e-03	3.044656285652264441e-02	-7.212605982972007723e+01
2.111436950146628418e+12	1.650383345688010150e+00	2.690484561889749590e-02	2.381210467146996734e+01	2.723041317006573259e+00	8.880661825547089827e-02	3.261302636167694863e-02	4.724415987245539327e+03	5.717132974089068398e+01	-2.573451823848654438e-02	9.563395591324661688e-03	2.745403365997726303e-02	-7.261243287124385404e+01	-2.573451823848667275e-02	9.563395591324349437e-03	2.745403365997727343e-02	-7.261243287124383983e+01
2.121212121212122070e+12	1.651349715253483952e+00	2.608966658923490139e-02	2.319753241927210397e+01	2.726275211365025264e+00	8.616632698638278243e-02	3.160587992994293161e-02	4.497027777547034930e+03	5.683800360616142200e+01	-1.921199909679768836e-02	2.311991373522009549e-02	3.006046108128373334e-02	-7.313408432386201241e+01	-1.921199909679737958e-02	2.311991373522035917e-02	3.006046108128374028e-02	-7.313408432386202662e+01
2.130987292277615723e+12	1.650689293912404265e+00	2.545370980397429830e-02	2.273636902104393798e+01	2.724127253694247131e+00	8.403233252754714611e-02	3.084743284792922438e-02	4.336892897653821819e+03	5.659298880629923900e+01	-1.210455503590726969e-02	2.982124306783649412e-02	3.218426309127325746e-02	-7.344184190760645947e+01	-1.210455503590710663e-02	2.982124306783655310e-02	3.218426309127325746e-02	-7.344184190760647368e+01
2.140762463343109375e+12	1.649140054140732836e+00	2.560672877533070463e-02	2.297797452993427925e+01	2.719007213612725682e+00	8.445816415783187481e-02	3.106213316941256256e-02	4.089457105269592375e+03	5.619601650929891434e+01	-6.072685200780727523e-03	3.045976118674442387e-02	3.105921050350899174e-02	-7.363064008557404350e+01	-6.072685200780456038e-03	3.045976118674447938e-02	3.105921050350899520e-02	-7.363064008557405771e+01
2.150537634408603027e+12	1.649356001027807661e+00	2.684138321890033874e-02	2.419586210822782846e+01	2.719654758273337691e+00	8.854199297596072882e-02	3.255633558142303347e-02	3.775822044819796247e+03	5.565681250257779311e+01	5.796650218944353512e-03	2.527763478431713229e-02	2.593376127849770715e-02	-7.405284917763593455e+01	5.796650218944553873e-03	2.527763478431710800e-02	2.593376127849772797e-02	-7.405284917763594876e+01
2.160312805474096680e+12	1.651326256513013790e+00	2.656268530467744901e-02	2.405347225839783576e+01	2.726172829198688419e+00	8.772731937421250625e-02	3.217966169811707633e-02	3.012171901602957405e+03	5.412992302960815749e+01	2.045962112873656730e-02	1.680256490815231277e-02	2.647493690689583720e-02	-7.471065611570919884e+01	2.045962112873663669e-02	1.680256490815220174e-02	2.647493690689581985e-02	-7.471065611570919884e+01
2.170087976539590332e+12	1.664027609968172339e+00	2.548820971237936509e-02	2.318493238045255822e+01	2.768338237902045584e+00	8.482616938011638963e-02	3.064154813842435640e-02	2.895820123143819842e+02	3.830414262532300995e+01	4.593598002705379275e-03	-2.968580171630192527e-02	3.003910727951237397e-02	-7.681549706211140460e+01	4.593598002705555350e-03	-2.968580171630190098e-02	3.003910727951237397e-02	-7.681549706211140460e+01
2.179863147605083984e+12	1.650456560001494211e+00	2.512736233926191748e-02	2.295965155815166625e+01	2.723375472113837237e+00	8.294324001673863966e-02	3.045604282848281621e-02	3.056058079220666968e+03	5.422766601403117193e+01	3.112212018179354167e-02	4.685789311633126739e-04	3.112564747639365997e-02	-7.538316868584402641e+01	3.112212018179354167e-02	4.685789311628896724e-04	3.112564747639365303e-02	-7.538316868584404062e+01
2.189638318670577637e+12	1.648456046659037888e+00	2.579988154836131489e-02	2.367986694322004482e+01	2.716741703878834624e+00	8.505994148296630586e-02	3.130954310508127225e-02	3.201600960716854843e+03	5.454205672131232063e+01	2.782422992415822458e-02	-3.003372883127812878e-03	2.798585391849835180e-02	-7.550574829403353760e+01	2.782422992415823845e-02	-3.003372883128037091e-03	2.798585391849838996e-02	-7.550574829403355182e+01
2.199413489736071289e+12	1.652712565475724427e+00	3.166434086888545579e-02	2.919217793992733334e+01	2.730456193598689740e+00	1.046641080630270199e-01	3.833209567998294848e-02	1.084024233690561459e+03	4.722394524818599848e+01	5.824895710719970796e-03	-1.091126428304102156e-02	1.236871449646771357e-02	-7.647866642411405280e+01	5.824895710719922223e-03	-1.091126428304103543e-02	1.236871449646770316e-02	-7.647866642411405280e+01
2.209188660801564941e+12	1.649421646539515063e+00	2.756476218181358115e-02	2.552561511164835650e+01	2.719831951958985083e+00	9.093183084879422062e-02	3.343288572784788859e-02	2.723310594939719067e+03	5.344868432395001179e+01	1.103435877260193314e-02	-1.820686989601901298e-02	2.128960274249053555e-02	-7.642416042904359585e+01	1.103435877260187242e-02	-1.820686989601905115e-02	2.128960274249053902e-02	-7.642416042904359585e+01
2.218963831867058594e+12	1.650487316799084336e+00	2.530288013625542343e-02	2.353473663741291233e+01	2.723468147171451470e+00	8.352416548675412056e-02	3.066831002723528071e-02	2.737055357732580887e+03	5.348270388575263468e+01	1.148459316790406953e-04	-2.857565939653222697e-02	2.857589017921653360e-02	-7.696500102211079763e+01	1.148459316786884380e-04	-2.857565939653224085e-02	2.857589017921654054e-02	-7.696500102211081185e+01
2.228739002932552246e+12	1.652754311593827019e+00	2.318575687173857550e-02	2.166055857540154506e+01	2.731059235170269606e+00	7.664071927466427347e-02	2.806263529098667123e-02	7.514572763305930039e+02	4.474787550350898613e+01	-2.440159002315501688e-02	-2.872652081889333700e-02	3.769151886056663903e-02	-7.767319159167584530e+01	-2.440159002315506892e-02	-2.872652081889330231e-02	3.769151886056664597e-02	-7.767319159167584530e+01
2.238514173998045898e+12	1.648156864446773229e+00	2.511299476327046379e-02	2.356391870761659391e+01	2.715790387317039034e+00	8.278030941180017366e-02	3.048111142833074411e-02	3.248960876475636724e+03	5.464128454832557225e+01	-1.266660783020923282e-02	-2.548444187090165292e-02	2.845873734717833947e-02	-7.743029118197887328e+01	-1.266660783020985385e-02	-2.548444187090135107e-02	2.845873734717834294e-02	-7.743029118197888749e+01
2.248289345063539551e+12	1.648411137792622938e+00	2.729676107932907728e-02	2.572482813178640271e+01	2.716514166033347610e+00	8.999256997766046096e-02	3.312795902296639117e-02	3.361525539808972553e+03	5.487144088672502562e+01	-1.605171885975173462e-02	-1.301815147682002308e-02	2.066712234990495528e-02	-7.785839618052798983e+01	-1.605171885975175891e-02	-1.301815147681998665e-02	2.066712234990495181e-02	-7.785839618052798983e+01
2.258064516129033203e+12	1.650313479764701663e+00	2.634802148343899642e-02	2.493868307421879038e+01	2.722840363256986862e+00	8.696499003849865461e-02	3.193907039576625306e-02	3.110610078641982000e+03	5.434722541271754181e+01	-2.320184284144920922e-02	-5.021272640807817635e-04	2.320727564856851430e-02	-7.851817802002550195e+01	-2.320184284144919534e-02	-5.021272640805894260e-04	2.320727564856850042e-02	-7.851817802002551616e+01
2.267839687194526855e+12	1.646312471056754045e+00	2.006812149313570021e-02	1.907691891938206652e+01	2.709942022856732358e+00	6.607679736966277917e-02	2.438310370197764587e-02	5.640871125011607319e+02	4.280980298246740290e+01	-5.429889911328238117e-02	-1.039163196667139584e-02	5.528432381647771510e-02	-7.835072443606142656e+01	-5.429889911328235341e-02	-1.039163196667138196e-02	5.528432381647768734e-02	-7.835072443606142656e+01
2.277614858260020508e+12	1.649967219486298431e+00	2.455034255387849446e-02	2.343834835249241522e+01	2.721789106059834484e+00	8.101452088211810731e-02	2.976517199725213503e-02	2.417547023343997807e+03	5.264390768230836670e+01	-2.181279627273524646e-02	1.906913989364097603e-02	2.897292145295503676e-02	-7.925820328482413402e+01	-2.181279627273534708e-02	1.906913989364084766e-02	2.897292145295502983e-02	-7.925820328482413402e+01
2.287390029325514160e+12	1.647363335855477340e+00	2.557014948131758683e-02	2.451673606496439461e+01	2.713152127776389033e+00	8.424665349573308426e-02	3.105120889950940474e-02	3.336155131437668388e+03	5.482024708333249663e+01	-1.819819913637827150e-02	1.671259553380368898e-02	2.470800075448828861e-02	-7.928268588566335495e+01	-1.819819913637837211e-02	1.671259553380359184e-02	2.470800075448829902e-02	-7.928268588566335495e+01
2.297165200391007812e+12	1.647747892343583542e+00	2.707972427986147720e-02	2.607507869408869894e+01	2.714339805255648219e+00	8.924111721477423487e-02	3.287765114816533496e-02	3.531598444312791344e+03	5.520495904667636466e+01	-7.291666986246016745e-03	1.821073838956205337e-02	1.961630444633695805e-02	-7.972975737624764747e+01	-7.291666986245845007e-03	1.821073838956212623e-02	1.961630444633696499e-02	-7.972975737624764747e+01
2.306940371456501465e+12	1.649717971617860046e+00	2.655964024463134884e-02	2.568311630655524880e+01	2.720863971389022584e+00	8.763183166254662204e-02	3.220735493726644555e-02	3.569631171633722715e+03	5.527734267776218502e+01	6.019623347172939690e-03	1.988780635571941319e-02	2.077885239575138002e-02	-8.040452553580563233e+01	6.019623347172475651e-03	1.988780635571956237e-02	2.077885239575139043e-02	-8.040452553580560391e+01
2.316715542521995117e+12	1.649084522143995590e+00	2.503639691123267161e-02	2.431272855652237297e+01	2.718852940004593766e+00	8.257426927313507581e-02	3.037099508331464123e-02	3.500047894638271828e+03	5.514431821851026427e+01	1.430957575902621313e-02	2.104691812212802077e-02	2.545067230630404173e-02	-8.070771366646199851e+01	1.430957575902603272e-02	2.104691812212814914e-02	2.545067230630404520e-02	-8.070771366646198430e+01
2.326490713587488770e+12	1.647330607182230011e+00	2.531644287895745693e-02	2.468841271939419713e+01	2.713057207079331068e+00	8.340910243897446674e-02	3.074358410922204549e-02	3.232871922327788525e+03	5.460773836000549153e+01	1.619217586557867433e-02	1.782202011555747076e-02	2.407926411377979761e-02	-8.084813086262624893e+01	1.619217586557888250e-02	1.782202011555729382e-02	2.407926411377980802e-02	-8.084813086262626314e+01
2.336265884652982422e+12	1.646981764965819384e+00	2.691310994207360419e-02	2.635574602514693865e+01	2.711824618643171370e+00	8.865080262623105389e-02	3.269046309882178702e-02	3.226300795269557057e+03	5.459398922375643082e+01	1.658572799066628314e-02	8.880579514663722654e-03	1.881358725752842534e-02	-8.118981683789077408e+01	1.658572799066637335e-02	8.880579514663523161e-03	1.881358725752841146e-02	-8.118981683789077408e+01
2.346041055718476074e+12	1.649535313547734194e+00	2.720096605659329952e-02	2.674909527365994677e+01	2.720226858086609578e+00	8.973790814592780274e-02	3.298912657933569803e-02	2.313435933144227874e+03	5.234644805454951921e+01	1.708685122896689071e-02	-4.770542611194574997e-03	1.774030895238497274e-02	-8.195366993399987621e+01	1.708685122896689765e-02	-4.770542611194464842e-03	1.774030895238495539e-02	-8.195366993399987621e+01
2.355816226783969727e+12	1.649532665766042516e+00	2.601935399572780777e-02	2.569372548322401784e+01	2.720281008646871168e+00	8.583954871616644722e-02	3.155539756492472397e-02	2.613849311681930885e+03	5.317146498551955602e+01	1.630646719924175314e-02	-1.281102709290910142e-02	2.073700286191806907e-02	-8.234733283701515916e+01	1.630646719924162477e-02	-1.281102709290926622e-02	2.073700286191806907e-02	-8.234733283701517337e+01
2.365591397849463379e+12	1.647287768339673830e+00	2.472075823508435022e-02	2.451267350299348635e+01	2.712945875833785436e+00	8.144440532947343214e-02	3.002065247779506577e-02	2.417155992116307971e+03	5.264281459729572532e+01	1.839948840851592105e-02	-1.648535428718315293e-02	2.470441417376780663e-02	-8.241199204338666107e+01	1.839948840851550124e-02	-1.648535428718362825e-02	2.470441417376781357e-02	-8.241199204338668949e+01
2.375366568914957031e+12	1.645765579574523185e+00	2.531681558493531145e-02	2.520744794805742828e+01	2.707903401760904938e+00	8.333108734824476449e-02	3.077328655595909859e-02	1.887015206661100819e+03	5.096970371307910597e+01	1.388136004561744963e-02	-1.744544884797287129e-02	2.229430066683641201e-02	-8.258009125881380896e+01	1.388136004561728136e-02	-1.744544884797298578e-02	2.229430066683639813e-02	-8.258009125881382317e+01
2.385141739980450684e+12	1.647857190622005419e+00	2.783201879211252144e-02	2.782582584723516916e+01	2.714658699414603582e+00	9.172638459221879592e-02	3.378928799115665099e-02	2.402399269588537209e+03	5.260143401449470701e+01	-4.305789980580524735e-04	-1.511967484846308933e-02	1.512580463303741206e-02	-8.328067568468055981e+01	-4.305789980586234144e-04	-1.511967484846307545e-02	1.512580463303741379e-02	-8.328067568468060244e+01
2.394916911045944336e+12	1.650179662132122749e+00	2.239683005604588967e-02	2.248361636600800395e+01	2.722591299317927316e+00	7.391758690943275867e-02	2.714971833192548686e-02	6.311353238107399193e+02	4.356874209437528833e+01	-2.313635479980993490e-02	-2.399171910167464256e-02	3.333006898997282336e-02	-8.401945569333624064e+01	-2.313635479981017429e-02	-2.399171910167439969e-02	3.333006898997281642e-02	-8.401945569333625485e+01
2.404692082111437988e+12	1.649972126134469308e+00	2.571244145704365200e-02	2.591743096338685248e+01	2.721746887375019242e+00	8.484962339797277875e-02	3.117469291195028996e-02	1.664547203174810875e+03	5.012202868793639254e+01	-1.813356538552761063e-02	-8.555393800119735770e-03	2.005046026071053561e-02	-8.438216846744501254e+01	-1.813356538552757941e-02	-8.555393800119780873e-03	2.005046026071052520e-02	-8.438216846744501254e+01
2.414467253176931641e+12	1.647337378806564612e+00	2.454609260361409126e-02	2.484235988257566774e+01	2.713117928951177760e+00	8.087139169916167381e-02	2.980754755854806912e-02	2.378813668586592030e+03	5.253476490060941018e+01	-2.126524906298552994e-02	-1.004044070564471917e-02	2.351640421651180965e-02	-8.438187916991601867e+01	-2.126524906298539810e-02	-1.004044070564493428e-02	2.351640421651178189e-02	-8.438187916991600446e+01
2.424242424242425293e+12	1.645547850966563752e+00	2.625886976095696476e-02	2.668340434937174521e+01	2.707138201579553538e+00	8.642045340790724395e-02	3.192317753023575511e-02	2.420404232544055958e+03	5.265188933637020341e+01	-1.701382575963048677e-02	-5.600496602124487369e-03	1.791189072011868319e-02	-8.450499981355675061e+01	-1.701382575963042432e-02	-5.600496602124699873e-03	1.791189072011869013e-02	-8.450499981355673640e+01
2.434017595307918945e+12	1.647076268602118310e+00	2.884752641438959736e-02	2.943211380874547345e+01	2.712028054812048339e+00	9.502815233002773199e-02	3.503951670463580775e-02	2.172747868104131612e+03	5.192247825198532496e+01	-1.137575827600573707e-02	3.565666257198722277e-03	1.192148699667279661e-02	-8.512674654479289416e+01	-1.137575827600575094e-02	3.565666257198719675e-03	1.192148699667280876e-02	-8.512674654479289416e+01
2.443792766373412598e+12	1.649069943816041661e+00	2.608716865034806098e-02	2.672270897001269674e+01	2.718751139229251379e+00	8.603913148109816611e-02	3.164656383573588583e-02	2.327184120476805219e+03	5.238648703390111905e+01	-9.632020203645924594e-03	1.496125551476345031e-02	1.779367808468735462e-02	-8.582179533768099589e+01	-9.632020203646160517e-03	1.496125551476330633e-02	1.779367808468735809e-02	-8.582179533768098167e+01
2.453567937438906250e+12	1.646969231956000534e+00	2.441839071512258777e-02	2.511332906884570448e+01	2.711911393204621934e+00	8.043267640337396773e-02	2.965903554405144998e-02	2.088443969863135862e+03	5.165506338916060969e+01	-1.078526650805672164e-02	1.984287941932057903e-02	2.258454864059731768e-02	-8.589593312273919423e+01	-1.078526650805651521e-02	1.984287941932068311e-02	2.258454864059731421e-02	-8.589593312273920844e+01
2.463343108504399902e+12	1.643119649353060874e+00	2.707792148303152929e-02	2.795949949196981166e+01	2.699108968258284058e+00	8.898452970481696145e-02	3.296811308890505721e-02	1.289524569816417170e+03	4.839699212010927454e+01	-9.488312046806692684e-03	1.139729702220512730e-02	1.482991722532337256e-02	-8.569954847506059536e+01	-9.488312046806656255e-03	1.139729702220516373e-02	1.482991722532337776e-02	-8.569954847506059536e+01
2.473118279569893555e+12	1.644524765122306720e+00	2.253980215373089374e-02	2.336598794005316648e+01	2.703953660419448735e+00	7.413452568553512145e-02	2.741708438673281720e-02	9.355635907474605801e+02	4.622866586848805781e+01	-2.569818710888531824e-03	2.914231147069093822e-02	2.925539755432486622e-02	-8.630584377564169074e+01	-2.569818710888723511e-03	2.914231147069092434e-02	2.925539755432486622e-02	-8.630584377564169074e+01
2.482893450635387207e+12	1.646295336305860557e+00	2.878770759998286813e-02	2.996086356084746072e+01	2.709459602233564190e+00	9.478613752957715244e-02	3.498341051161621418e-02	2.148782850747843440e+03	5.184753079627223116e+01	5.988237358686155851e-03	9.251269477172373995e-03	1.102020751180420206e-02	-8.696826445350463075e+01	5.988237358686244322e-03	9.251269477172313280e-03	1.102020751180420033e-02	-8.696826445350463075e+01
2.492668621700880859e+12	1.648625300278669048e+00	2.576112336844071232e-02	2.691649492427283263e+01	2.717301745241727851e+00	8.494087949762281486e-02	3.125927389049189958e-02	2.196809057399181256e+03	5.199689940197939819e+01	1.677271808965564992e-02	4.169773342913285323e-03	1.728326016254838615e-02	-8.772092947145678465e+01	1.677271808965567074e-02	4.169773342913230679e-03	1.728326016254839309e-02	-8.772092947145678465e+01
2.502443792766374512e+12	1.647348408533417352e+00	2.384249652569816330e-02	2.500951217887957867e+01	2.713188314457005035e+00	7.855379741414481032e-02	2.895257840953288642e-02	2.196359372256582901e+03	5.199551601722490091e+01	2.289444533038321322e-02	1.105341444389135218e-03	2.292111268447913006e-02	-8.791635186457367013e+01	2.289444533038322710e-02	1.105341444388611115e-03	2.292111268447911965e-02	-8.791635186457369855e+01
