freq_roi_Hz	n_opt	k_opt	alpha_cm	eps_r	eps_i	loss_tan	DR	alpha_max	H_meas_real	H_meas_imag	H_meas_mag	H_meas_phase	H_model_real	H_model_imag	H_model_mag	H_model_phase
3.030303030303031616e+11	1.670592659509172240e+00	5.209309272425725716e-03	6.616912064497091350e-01	2.790852697102833346e+00	1.740526766325496688e-02	6.236541140750017503e-03	2.182357965216076991e+04	6.774076210903672290e+01	8.496537821100713650e-01	3.813232594085879182e-03	8.496623389304512886e-01	4.487953885029568983e-03	8.496537821100824672e-01	3.813232596589931269e-03	8.496623389304737151e-01	4.487953887976595287e-03
3.128054740957968140e+11	1.674011496073329663e+00	8.108408767703233558e-03	1.063161252894792463e+00	2.802248742692923233e+00	2.714713898399398820e-02	9.687626430302527514e-03	2.654331718541846567e+04	6.906826652352931717e+01	7.148918527747245566e-01	-3.599390221567861370e-01	8.003914422548893404e-01	-4.664336152133848890e-01	7.148918527758990615e-01	-3.599390221544936930e-01	8.003914422549074370e-01	-4.664336152101667965e-01
3.225806451612904663e+11	1.670451185185898968e+00	8.952009415747832349e-03	1.210453185190947245e+00	2.790327023616394619e+00	2.990778947666258847e-02	1.071838147411864617e-02	2.402484636769204371e+04	6.839233711315057462e+01	5.444657503101338891e-01	-5.635509265742991714e-01	7.836023226761953397e-01	-8.026210893258978185e-01	5.444657503120012843e-01	-5.635509265725235917e-01	7.836023226762158789e-01	-8.026210893226095600e-01
3.323558162267841187e+11	1.670546405642040488e+00	5.245453703751745862e-03	7.307612377676008242e-01	2.790697778618982383e+00	1.752554766152841434e-02	6.279987677562558906e-03	2.606018176317686084e+04	6.894371512662472412e+01	2.966629256422289584e-01	-7.869627273833762482e-01	8.410227260551814688e-01	-1.210297887916987891e+00	2.966629256446178253e-01	-7.869627273824919556e-01	8.410227260551966788e-01	-1.210297887913959203e+00
3.421309872922777710e+11	1.672848621879917008e+00	7.859098078985018304e-03	1.127078798642184632e+00	2.798360746302922308e+00	2.629416278129838302e-02	9.396273449031593283e-03	2.894845927567723265e+04	6.965638716751558945e+01	-7.365682528706965493e-02	-7.895592560410890082e-01	7.929874820648356026e-01	-1.663815642613589940e+00	-7.365682528454484124e-02	-7.895592560413396965e-01	7.929874820648505906e-01	-1.663815642610390499e+00
3.519061583577714233e+11	1.670322914737201847e+00	9.985554692589234879e-03	1.472950739745882309e+00	2.789878928193663121e+00	3.335820163878679134e-02	1.195686354044937609e-02	2.645360294822053402e+04	6.904531067792477472e+01	-3.240579153102731702e-01	-6.806197149462330787e-01	7.538280499216858388e-01	-2.015159591064302536e+00	-3.240579153080380137e-01	-6.806197149473143249e-01	7.538280499217012709e-01	-2.015159591061009170e+00
3.616813294232650757e+11	1.670195883885868371e+00	6.587064953271321369e-03	9.986359526660517627e-01	2.789510901124598430e+00	2.200337754368524024e-02	7.887898030731668036e-03	2.825553363659235401e+04	6.949211511905443217e+01	-6.058341982379683577e-01	-5.353114689955296157e-01	8.084512629669111661e-01	-2.417915929927326957e+00	-6.058341982363657507e-01	-5.353114689973658136e-01	8.084512629669260431e-01	-2.417915929924312479e+00
3.714565004887587280e+11	1.672411739154302079e+00	7.709699606889391585e-03	1.200423754819149647e+00	2.796901585793088785e+00	2.578758425583025163e-02	9.220054215285494389e-03	3.085860545878632547e+04	7.008964257799111408e+01	-7.564771033956657620e-01	-2.076969891618672959e-01	7.844715719953154753e-01	-2.873637230306949508e+00	-7.564771033950524748e-01	-2.076969891641512467e-01	7.844715719953289090e-01	-2.873637230303935031e+00
3.812316715542523804e+11	1.670430501762056208e+00	1.034460587472393195e-02	1.653073193229910309e+00	2.790231050346331454e+00	3.455989036369162132e-02	1.238603174436108019e-02	2.890236198588863044e+04	6.964558158711979274e+01	-7.309627864904195693e-01	6.692327167103975794e-02	7.340199721567489677e-01	-3.232893082543540686e+00	-7.309627864906387273e-01	6.692327166878658806e-02	7.340199721567618463e-01	-3.232893082540457375e+00
3.910068426197460327e+11	1.669730377838454460e+00	7.926005057291162989e-03	1.299055972104598000e+00	2.787936713120379828e+00	2.646858283812054957e-02	9.493968322005330585e-03	3.224838527143669489e+04	7.038833272446473188e+01	-6.860678917965856716e-01	3.570794997458343056e-01	7.734306182799766116e-01	-3.621483836930139422e+00	-6.860678917976118507e-01	3.570794997438933582e-01	7.734306182799908225e-01	-3.621483836927301692e+00
4.007820136852396851e+11	1.672339939781887441e+00	8.138937041012452717e-03	1.367303964685725237e+00	2.796654631893529253e+00	2.722213896211067574e-02	9.733822207313242575e-03	3.152651549546891692e+04	7.023483223712173640e+01	-4.456759483876819861e-01	6.222254834653196953e-01	7.653702393253285496e-01	-4.090832648835108998e+00	-4.456759483894102147e-01	6.222254834640974508e-01	7.653702393253412062e-01	-4.090832648832344098e+00
4.105571847507333374e+11	1.670952629030290515e+00	1.051369941181856671e-02	1.809332457734826427e+00	2.791972150587917589e+00	3.513578734602490483e-02	1.258457658276648967e-02	3.293651091805504984e+04	7.053149185191361425e+01	-1.780108383266817418e-01	6.947622332913030441e-01	7.172045868297879379e-01	-4.461566362578781586e+00	-1.780108383286010953e-01	6.947622332908214293e-01	7.172045868297979299e-01	-4.461566362576023792e+00
4.203323558162269897e+11	1.669160815286655941e+00	8.550940821537830749e-03	1.506592786733939926e+00	2.786024708699480712e+00	2.854579070629206794e-02	1.024606516128755834e-02	3.379849690005446610e+04	7.070665905054535472e+01	8.114022075126643696e-02	7.457404448011138998e-01	7.501416842408688002e-01	-4.820767550394790213e+00	8.114022074935738071e-02	7.457404448013328357e-01	7.501416842408800134e-01	-4.820767550392229595e+00
4.301075268817206421e+11	1.671287992429185909e+00	8.698852636421339213e-03	1.568296515676123493e+00	2.793127883600788675e+00	2.907657591832390337e-02	1.041004104718597570e-02	3.343185354673107213e+04	7.063270450206297824e+01	4.005578209783189347e-01	6.258930233671893273e-01	7.430939675751783158e-01	-5.281686627165449011e+00	4.005578209767850506e-01	6.258930233681838651e-01	7.430939675751890849e-01	-5.281686627162990533e+00
4.398826979472142944e+11	1.670852608244941084e+00	1.120357522123815834e-02	2.065773374383567340e+00	2.791622918381184704e+00	3.743904576014833729e-02	1.341121163378992953e-02	3.496241297471601865e+04	7.093622299490480998e+01	5.667858143346443667e-01	3.944940108776168186e-01	6.905589648605651165e-01	-5.675135780250938566e+00	5.667858143336882426e-01	3.944940108790069289e-01	6.905589648605745534e-01	-5.675135780248496076e+00
4.496578690127079468e+11	1.669456172807216143e+00	9.669352648717060086e-03	1.822505126604521131e+00	2.786990416543472460e+00	3.228512093290099999e-02	1.158422387865337168e-02	3.441759822741814423e+04	7.082973379617818921e+01	6.951917625977435122e-01	1.710324399360869940e-01	7.159215615514374909e-01	-6.041954171994508016e+00	6.951917625973650372e-01	1.710324399376507432e-01	7.159215615514434861e-01	-6.041954171992261813e+00
4.594330400782015991e+11	1.671100055724959121e+00	8.963723078118214851e-03	1.726234597061761855e+00	2.792495047912540329e+00	2.995855627069290289e-02	1.072823971275711601e-02	3.647196242407992395e+04	7.122283006153264751e+01	7.099965430532123589e-01	-1.514233241260397878e-01	7.259642651239053279e-01	-6.493310497845595108e+00	7.099965430535405408e-01	-1.514233241245460937e-01	7.259642651239146538e-01	-6.493310497843490126e+00
4.692082111436951904e+11	1.670562355478536265e+00	1.121531890786581394e-02	2.205801318723861204e+00	2.790652800163790026e+00	3.747177914433455492e-02	1.342760344179514190e-02	3.635601303232257487e+04	7.120124005629551789e+01	5.583839088116180349e-01	-3.817992682902195956e-01	6.764342324917393956e-01	-6.882926985671661058e+00	5.583839088124010752e-01	-3.817992682890874456e-01	6.764342324917466120e-01	-6.882926985669627129e+00
4.789833822091888428e+11	1.668957166473844067e+00	1.082087825614029032e-02	2.172561695967868634e+00	2.785300932118168316e+00	3.611916462625266305e-02	1.296777817066421118e-02	3.842932454107052035e+04	7.157728655157917785e+01	3.913331614294707772e-01	-5.559993990249120221e-01	6.799095343870739105e-01	-7.240684885667539206e+00	3.913331614305312067e-01	-5.559993990241736128e-01	6.799095343870803498e-01	-7.240684885665640280e+00
4.887585532746824951e+11	1.670501026573597336e+00	9.884182097618949420e-03	2.024996465821956360e+00	2.790475982727703919e+00	3.302307268182565203e-02	1.183420781480636064e-02	3.832657762187904154e+04	7.155913392680554352e+01	1.122192887111841675e-01	-6.855682964550626757e-01	6.946920597380833451e-01	-7.691732531902230718e+00	1.122192887123837635e-01	-6.855682964548727165e-01	6.946920597380896734e-01	-7.691732531900483671e+00
4.985337243401761475e+11	1.670826011584525705e+00	1.139994468293100034e-02	2.382245128106588616e+00	2.791529602248679520e+00	3.809464821373164528e-02	1.364651414874662634e-02	4.107954074368275178e+04	7.202946390765289664e+01	-1.647789213242698558e-01	-6.380579681516047597e-01	6.589917022501452504e-01	-8.106710467096727157e+00	-1.647789213231953265e-01	-6.380579681518884216e-01	6.589917022501513566e-01	-8.106710467095041395e+00
5.083088954056697998e+11	1.668828009861063055e+00	1.124081304086615475e-02	2.395050062225263066e+00	2.784860570619017039e+00	3.751796731241789640e-02	1.347211695559983637e-02	4.089528255224481109e+04	7.199898290916158317e+01	-3.689716782890429259e-01	-5.447346023359233014e-01	6.579330409407248004e-01	-8.449338551764123295e+00	-3.689716782881921620e-01	-5.447346023365041701e-01	6.579330409407286862e-01	-8.449338551762558325e+00
5.180840664711634521e+11	1.669460338970319313e+00	1.039818079404800436e-02	2.258118668800845441e+00	2.786989701231067595e+00	3.471870086621209328e-02	1.245741986447821033e-02	4.298802581483040558e+04	7.233736913227339471e+01	-5.719704633354565360e-01	-3.513705050697311649e-01	6.712759810697347396e-01	-8.873898567670092774e+00	-5.719704633349548262e-01	-3.513705050705573374e-01	6.712759810697396246e-01	-8.873898567668653925e+00
5.278592375366571045e+11	1.670525369398293103e+00	1.217316984949424509e-02	2.693462719928603200e+00	2.790506823739118847e+00	4.067117811914907483e-02	1.457483557221767728e-02	4.299299274991788843e+04	7.233815250426927435e+01	-6.254838745115879339e-01	-7.024183840881909058e-02	6.294155965155919796e-01	-9.312946504218235333e+00	-6.254838745114962295e-01	-7.024183840966732872e-02	6.294155965155955323e-01	-9.312946504216881749e+00
5.376344086021507568e+11	1.669068752384126553e+00	1.219486798487086875e-02	2.748231544026834339e+00	2.785641785379936231e+00	4.070814618599509493e-02	1.461356101119903016e-02	4.531790684706268803e+04	7.269524038376735575e+01	-6.058332246561269896e-01	1.514456412194460644e-01	6.244755226120639602e-01	-9.669736948503757645e+00	-6.058332246563218337e-01	1.514456412186848677e-01	6.244755226120684011e-01	-9.669736948502499985e+00
5.474095796676444092e+11	1.669332215229943461e+00	1.063742086664573420e-02	2.440832046738626193e+00	2.786556890081816285e+00	3.551477867930189630e-02	1.274503987544971413e-02	4.249403792285708187e+04	7.225900302338337156e+01	-5.168041509397575117e-01	3.998010549437975847e-01	6.533968273283373707e-01	-1.008321442857202221e+01	-5.168041509402141465e-01	3.998010549432124416e-01	6.533968273283404793e-01	-1.008321442857088712e+01
5.571847507331380615e+11	1.669707789031418921e+00	1.162149740533183206e-02	2.714253913238669380e+00	2.787789041550247315e+00	3.880900947578196786e-02	1.392107110594023416e-02	3.116460402695741141e+04	7.015654638414329725e+01	-2.981411854075857737e-01	5.521741949798715243e-01	6.275225159609092440e-01	-1.050048712791608452e+01	-2.981411854081665869e-01	5.521741949795612170e-01	6.275225159609122416e-01	-1.050048712791503647e+01
5.669599217986317139e+11	1.668525868728117034e+00	1.269966880230820674e-02	3.018102019756909282e+00	2.783817293027229578e+00	4.237945184186132919e-02	1.522350333407703274e-02	4.237050198747851391e+04	7.223926291663937604e+01	-7.896387760161503733e-02	5.948981165775258928e-01	6.001158747053525477e-01	-1.086361055767776662e+01	-7.896387760218875895e-02	5.948981165774528401e-01	6.001158747053556564e-01	-1.086361055767680206e+01
5.767350928641253662e+11	1.668950127753853874e+00	1.195031724755056188e-02	2.888982916768931375e+00	2.785251718847288060e+00	3.988896699399718804e-02	1.432149443588019537e-02	4.384509087850389187e+04	7.247122106609815262e+01	1.732897497242303075e-01	5.865354700727883897e-01	6.115988840841628527e-01	-1.128284818142452828e+01	1.732897497237237960e-01	5.865354700729408233e-01	6.115988840841655172e-01	-1.128284818142366319e+01
5.865102639296190186e+11	1.670133347230373877e+00	1.254011200196179093e-02	3.082947954724712059e+00	2.789188143121910990e+00	4.188731846496045880e-02	1.501774577962904783e-02	4.381174866048937110e+04	7.246606295320817992e+01	3.981916809774070920e-01	4.410810657498996923e-01	5.942298556641870677e-01	-1.172991383165863155e+01	3.981916809770628674e-01	4.410810657502124976e-01	5.942298556641885110e-01	-1.172991383165784995e+01
5.962854349951126709e+11	1.668838259890190079e+00	1.293140981309865746e-02	3.232133106353074048e+00	2.784853916313563271e+00	4.316086290083698263e-02	1.549842979123693641e-02	4.366446299392291257e+04	7.244323047397168125e+01	5.158883912872989086e-01	2.681094205472062120e-01	5.813978789530934721e-01	-1.208708410382243947e+01	5.158883912871098376e-01	2.681094205475728076e-01	5.813978789530948044e-01	-1.208708410382172893e+01
6.060606060606063232e+11	1.668284011166012215e+00	1.209143371392868045e-02	3.071729837284384423e+00	2.783025339142900734e+00	4.034389107404177943e-02	1.449641528828718613e-02	4.437382703082461376e+04	7.255249749683139271e+01	5.926240557581784474e-01	5.691079766912277710e-02	5.953504097207025225e-01	-1.247063232507969488e+01	5.926240557581440305e-01	5.691079766950159907e-02	5.953504097207045209e-01	-1.247063232507905539e+01
6.158357771260999756e+11	1.669022867878660721e+00	1.299118919420425705e-02	3.353536089384253405e+00	2.785468562505229784e+00	4.336518369213011176e-02	1.556836227694768406e-02	4.465095056028261024e+04	7.259471048053768527e+01	5.390836580845098647e-01	-1.883348993188350140e-01	5.710352219567654819e-01	-1.290247620981746479e+01	5.390836580846175563e-01	-1.883348993185302023e-01	5.710352219567667031e-01	-1.290247620981689813e+01
6.256109481915936279e+11	1.668522546642214666e+00	1.393860668549089590e-02	3.655214474726542040e+00	2.783773203897088599e+00	4.651375904703893699e-02	1.670888956827478247e-02	4.532687498494424653e+04	7.269658204111452449e+01	4.103179332152869785e-01	-3.605378202693477196e-01	5.462127114619699242e-01	-1.328728059523559324e+01	4.103179332154709980e-01	-3.605378202691397194e-01	5.462127114619708124e-01	-1.328728059523508520e+01
6.353861192570872803e+11	1.668350986175028972e+00	1.298739120675149357e-02	3.458986018714753197e+00	2.783226340740834637e+00	4.333505385524950848e-02	1.557007894791433145e-02	4.529028931444566115e+04	7.269110705883564094e+01	2.458169822809398719e-01	-5.056675604443009453e-01	5.622505406519398008e-01	-1.368468187403600922e+01	2.458169822811648586e-01	-5.056675604441926986e-01	5.622505406519408000e-01	-1.368468187403556513e+01
6.451612903225809326e+11	1.668952934163318025e+00	1.301946184866626353e-02	3.520874103744133787e+00	2.785234390065519428e+00	4.345773810711787283e-02	1.560290159496974249e-02	4.430933713092382823e+04	7.254263622927079780e+01	1.369716420149405187e-02	-5.569074827384872250e-01	5.570758984530573832e-01	-1.411257685438186549e+01	1.369716420170837175e-02	-5.569074827384824511e-01	5.570758984530579383e-01	-1.411257685438148179e+01
6.549364613880745850e+11	1.668176401908076034e+00	1.397350955750838869e-02	3.836134506031242175e+00	2.782617248913620944e+00	4.662055779134491318e-02	1.675421145669471479e-02	4.498803982099837594e+04	7.264570601532788885e+01	-1.813991890759126813e-01	-4.999221175211341350e-01	5.318155595544505898e-01	-1.448524757220307357e+01	-1.813991890757430114e-01	-4.999221175211960300e-01	5.318155595544508119e-01	-1.448524757220273429e+01
6.647116324535682373e+11	1.667648036914062493e+00	1.365462137314702937e-02	3.804539542023610998e+00	2.780863526338482217e+00	4.554220505546689030e-02	1.637700110923155303e-02	4.377032163691830647e+04	7.245964863206216933e+01	-3.564077911010891109e-01	-3.980943462959558032e-01	5.343272612457293791e-01	-1.486737080743985473e+01	-3.564077911009755351e-01	-3.980943462960582213e-01	5.343272612457299342e-01	-1.486737080743956874e+01
6.744868035190618896e+11	1.668472667198469317e+00	1.371271801123187875e-02	3.876913964628462050e+00	2.783613002553118498e+00	4.575859038948108803e-02	1.643856037010586399e-02	4.288142370439845399e+04	7.232053427301107718e+01	-4.862800177938473301e-01	-2.071740358535487658e-01	5.285729248054917839e-01	-1.530521328449044915e+01	-4.862800177937966484e-01	-2.071740358536691418e-01	5.285729248054922280e-01	-1.530521328449020224e+01
6.842619745845555420e+11	1.668141919519478655e+00	1.440489287252393405e-02	4.131631693653684323e+00	2.782489962719461918e+00	4.805881129368906601e-02	1.727187229337527261e-02	4.241698509769890370e+04	7.224669731112577153e+01	-5.090534724120671095e-01	-6.557293018522964909e-03	5.090957040346283380e-01	-1.569508263609353094e+01	-5.090534724120664434e-01	-6.557293018627501947e-03	5.090957040346290041e-01	-1.569508263609332488e+01
6.940371456500491943e+11	1.667386810123938856e+00	1.403268828714550158e-02	4.082373670139129551e+00	2.779981858234719994e+00	4.679583872113419335e-02	1.683314536118930144e-02	4.071714660592244036e+04	7.196938383727641053e+01	-4.802385912428668857e-01	1.799650523397545721e-01	5.128513669500978089e-01	-1.606650678177458502e+01	-4.802385912428981940e-01	1.799650523396713053e-01	5.128513669500980310e-01	-1.606650678177441094e+01
7.038123167155428467e+11	1.667852396731895892e+00	1.401386987517492383e-02	4.134320152421913086e+00	2.781535228735451337e+00	4.674613291759882605e-02	1.680587484015101662e-02	3.963366144896241167e+04	7.178651437607915398e+01	-3.610170475959837977e-01	3.586527944972084936e-01	5.088861716097006216e-01	-1.649007625187221393e+01	-3.610170475960305936e-01	3.586527944971611981e-01	5.088861716097005106e-01	-1.649007625187208603e+01
7.135874877810364990e+11	1.667865517244791596e+00	1.484687278585718195e-02	4.440903895688316894e+00	2.781554953982716683e+00	4.952517431690262040e-02	1.780485201127913683e-02	3.927328327400294802e+04	7.172458047779468870e+01	-1.825000514728093159e-01	4.508357866213529852e-01	4.863734936096663075e-01	-1.689411886015753339e+01	-1.825000514728591094e-01	4.508357866213328902e-01	4.863734936096663630e-01	-1.689411886015741970e+01
7.233626588465301514e+11	1.667346898851775894e+00	1.460694997885282620e-02	4.428990912085276399e+00	2.779832318122949175e+00	4.870970549784654768e-02	1.752253370834152765e-02	3.907150916311454785e+04	7.168965531723513607e+01	-2.045139669743562330e-03	4.872480200243414772e-01	4.872523120662536900e-01	-1.727456229157237999e+01	-2.045139669786405229e-03	4.872480200243415327e-01	4.872523120662538565e-01	-1.727456229157229117e+01
7.331378299120238037e+11	1.667541869350010364e+00	1.423531548688621896e-02	4.374635645029645303e+00	2.780493241828315920e+00	4.747596919557879602e-02	1.707465728791375537e-02	3.929194823757084669e+04	7.172780213184775278e+01	1.948647512760502132e-01	4.508329571348570486e-01	4.911442013592716704e-01	-1.768674042864227047e+01	1.948647512760202649e-01	4.508329571348699272e-01	4.911442013592715594e-01	-1.768674042864220297e+01
7.429130009775174561e+11	1.667403880653185233e+00	1.500186458754643876e-02	4.671672188467224096e+00	2.780010645276198566e+00	5.002833446061705908e-02	1.799573485289537866e-02	3.865651635159394209e+04	7.161725354314448566e+01	3.388309440214655188e-01	3.258471712881829130e-01	4.700880637316671162e-01	-1.808368919958316212e+01	3.388309440214498092e-01	3.258471712881994553e-01	4.700880637316672828e-01	-1.808368919958311238e+01
7.526881720430111084e+11	1.666768803225709084e+00	1.510278710423165749e-02	4.764982971827955716e+00	2.777890149228146921e+00	5.034570877418574619e-02	1.812372198669360418e-02	3.082392620723120126e+04	7.008201845814467390e+01	4.285006258282776925e-01	1.771967913184494814e-01	4.636933137201568189e-01	-1.845744257516176390e+01	4.285006258282722524e-01	1.771967913184623045e-01	4.636933137201567079e-01	-1.845744257516173548e+01
7.624633431085047607e+11	1.667210889246452998e+00	1.494713273526497924e-02	4.777118575525276967e+00	2.779368732444943202e+00	4.984004491849178958e-02	1.793214564756534166e-02	3.927783322390820831e+04	7.172536596008255572e+01	4.625857694201150339e-01	-1.466138153711868050e-02	4.628180529955339129e-01	-1.888123972197203315e+01	4.625857694201155335e-01	-1.466138153710839706e-02	4.628180529955341349e-01	-1.888123972197201184e+01
7.722385141739984131e+11	1.667482145595528431e+00	1.537773666764283287e-02	4.977749510571425340e+00	2.780260231094847434e+00	5.128420266592820242e-02	1.844582823304019917e-02	4.023814961458117614e+04	7.188914682837754810e+01	4.049974230870446723e-01	-1.945236437468803037e-01	4.492909532627046842e-01	-1.929732647552325631e+01	4.049974230870486136e-01	-1.945236437468726431e-01	4.492909532627049063e-01	-1.929732647552323499e+01
7.820136852394920654e+11	1.666865136525790714e+00	1.536912409290163567e-02	5.037935831376823437e+00	2.778203173389759861e+00	5.123651425879260923e-02	1.844232083151700272e-02	3.967716258296749584e+04	7.179395227552855374e+01	3.033988357749723419e-01	-3.260118590691211127e-01	4.453477133693549694e-01	-1.967086593327274358e+01	3.033988357749722864e-01	-3.260118590691212792e-01	4.453477133693550249e-01	-1.967086593327274358e+01
7.917888563049857178e+11	1.666761987156041958e+00	1.512818309346478096e-02	5.020943314636467036e+00	2.777866659904648650e+00	5.043016102984759080e-02	1.815427707807207303e-02	3.978605030572358373e+04	7.181253439335385735e+01	1.537201111946864540e-01	-4.191589518254353885e-01	4.464572762102824166e-01	-2.006884752972967334e+01	1.537201111946880638e-01	-4.191589518254349445e-01	4.464572762102826387e-01	-2.006884752972966979e+01
8.015640273704793701e+11	1.666952192554747025e+00	1.570319108906712002e-02	5.276127662889036785e+00	2.778483022052698370e+00	5.235293763205320361e-02	1.884227372149846827e-02	3.868943279238571267e+04	7.162302462807335246e+01	-2.610885077804272689e-02	-4.291466112878242756e-01	4.299400959072938178e-01	-2.048111635198188551e+01	-2.610885077804370874e-02	-4.291466112878241645e-01	4.299400959072938178e-01	-2.048111635198188907e+01
8.113391984359730225e+11	1.666520967681674348e+00	1.603269498952599945e-02	5.452531086076683131e+00	2.777035088414037123e+00	5.343764473697999728e-02	1.924269699001109751e-02	3.908830658075419342e+04	7.169256966345005821e+01	-1.792386209896438265e-01	-3.786303038324073111e-01	4.189121509749869632e-01	-2.086248360703354976e+01	-1.792386209896455473e-01	-3.786303038324063674e-01	4.189121509749868522e-01	-2.086248360703355331e+01
8.211143695014666748e+11	1.666531710477725747e+00	1.572033647762670697e-02	5.410714900886232748e+00	2.777080813048844909e+00	5.239687847868924192e-02	1.886761027352489017e-02	3.701458219127566554e+04	7.132296319803262463e+01	-3.154037362993239446e-01	-2.795941102665063238e-01	4.214882956468575248e-01	-2.126586236639158045e+01	-3.154037362993278859e-01	-2.795941102665018829e-01	4.214882956468575248e-01	-2.126586236639159466e+01
8.308895405669603271e+11	1.666729522322656143e+00	1.595788813428152333e-02	5.557863410758825395e+00	2.777732646388203275e+00	5.319496653465884822e-02	1.915049909638587983e-02	3.768378483220870112e+04	7.144445313327140923e+01	-3.924554216233751558e-01	-1.267404412611946030e-01	4.124128967584106964e-01	-2.167877895475015748e+01	-3.924554216233704373e-01	-1.267404412612093689e-01	4.124128967584106964e-01	-2.167877895475012195e+01
8.406647116324539795e+11	1.666346126860403176e+00	1.632134145649394297e-02	5.751323935312443680e+00	2.776443028315727091e+00	5.439400824238962984e-02	1.959125675825109519e-02	3.518882156412788754e+04	7.097998943587144538e+01	-3.998241222277748030e-01	2.825917347528256532e-02	4.008215433340837075e-01	-2.206171024462795671e+01	-3.998241222277777451e-01	2.825917347524367976e-02	4.008215433340838740e-01	-2.206171024462786079e+01
8.504398826979476318e+11	1.666190437772915978e+00	1.606930874584339489e-02	5.728355668587888694e+00	2.775932352242331813e+00	5.354905714788990578e-02	1.929047626273538638e-02	3.602579467823004234e+04	7.113937335797470496e+01	-3.594570771054647063e-01	1.803793779148000764e-01	4.021767152112790678e-01	-2.245624362900534976e+01	-3.594570771054788616e-01	1.803793779147723209e-01	4.021767152112792898e-01	-2.245624362900527160e+01
8.602150537634412842e+11	1.666391039186108758e+00	1.621386493186100647e-02	5.846322254458125478e+00	2.776596206063731032e+00	5.403727846605414081e-02	1.946169858910115624e-02	3.444900072952755727e+04	7.083591734495935555e+01	-2.523202878961532392e-01	3.041847523173090151e-01	3.952137285398120703e-01	-2.286947506762927063e+01	-2.523202878961756657e-01	3.041847523172905299e-01	3.952137285398121813e-01	-2.286947506762919602e+01
8.699902248289349365e+11	1.666026492786476521e+00	1.660245760107202997e-02	6.054466964355800229e+00	2.775368633068012070e+00	5.532026841750042195e-02	1.993258400284902629e-02	3.562468472892652062e+04	7.106345776056852515e+01	-1.167121630049076930e-01	3.650707982488031744e-01	3.832732924784904571e-01	-2.325251652820626802e+01	-1.167121630049249154e-01	3.650707982487977343e-01	3.832732924784905681e-01	-2.325251652820622184e+01
8.797653958944285889e+11	1.665805455351355713e+00	1.660288326682506088e-02	6.122651655980092755e+00	2.774632159345565618e+00	5.531434704087784954e-02	1.993574061864996153e-02	3.488112908249028260e+04	7.092044104812858052e+01	3.071475167037737014e-02	3.781919770755658439e-01	3.794371719988676728e-01	-2.364298175562052506e+01	3.071475167036282969e-02	3.781919770755672316e-01	3.794371719988678948e-01	-2.364298175562048598e+01
8.895405669599222412e+11	1.666149823988887668e+00	1.681096454734864673e-02	6.268267935151097703e+00	2.775772627449188956e+00	5.601917124329675729e-02	2.018146972462073543e-02	3.486116754691162350e+04	7.091655972448826617e+01	1.787783246465584064e-01	3.254736210467202850e-01	3.713418470367894630e-01	-2.406424029318439750e+01	1.787783246465478038e-01	3.254736210467261137e-01	3.713418470367894630e-01	-2.406424029318436553e+01
8.993157380254158936e+11	1.666000605013259417e+00	1.703924365518081144e-02	6.423203298754623702e+00	2.775267680080205857e+00	5.677478047699914543e-02	2.045740700419872507e-02	3.441533990811021795e+04	7.082928888718639371e+01	2.835209225196337890e-01	2.265980819088253551e-01	3.629473849349832415e-01	-2.445847071760200819e+01	2.835209225196300142e-01	2.265980819088304621e-01	3.629473849349835191e-01	-2.445847071760199043e+01
9.090909090909095459e+11	1.665689762558503872e+00	1.680962708442713602e-02	6.405522408320144301e+00	2.774239821529487227e+00	5.599924749391286399e-02	2.018543856927246249e-02	3.375170011357196927e+04	7.069726459482271252e+01	3.487830946964292633e-01	1.037902383743223855e-01	3.638984208921728913e-01	-2.484350776618731871e+01	3.487830946964284307e-01	1.037902383743253831e-01	3.638984208921729468e-01	-2.484350776618730805e+01
9.188660801564031982e+11	1.665605689545533119e+00	1.683821722535945239e-02	6.485410777183194142e+00	2.773958787487122102e+00	5.609166082472460957e-02	2.022079818840315582e-02	3.235937152601639536e+04	7.041162795987196432e+01	3.575210346812877082e-01	-3.886066571003318759e-02	3.596268087601444119e-01	-2.524101094514923460e+01	3.575210346812878748e-01	-3.886066571003175124e-02	3.596268087601444119e-01	-2.524101094514922750e+01
9.286412512218968506e+11	1.665458853444670595e+00	1.738677157702138085e-02	6.767933475002092969e+00	2.773450892691365244e+00	5.791390531154082949e-02	2.088153262931618029e-02	3.285014986011246947e+04	7.051369010986896058e+01	3.023878019089653590e-01	-1.659767606413712071e-01	3.449444416371116318e-01	-2.563472959666845696e+01	3.023878019089654146e-01	-1.659767606413711794e-01	3.449444416371116873e-01	-2.563472959666845696e+01
9.384164222873903809e+11	1.665348093864129186e+00	1.747142048542701248e-02	6.872471957922694052e+00	2.773079023203109728e+00	5.819199360500914436e-02	2.098461425660820903e-02	3.079518201360939565e+04	7.007569263718984587e+01	2.117487586585030668e-01	-2.655766594920899171e-01	3.396593865336190454e-01	-2.603043479296905005e+01	2.117487586585036219e-01	-2.655766594920894730e-01	3.396593865336191009e-01	-2.603043479296905005e+01
9.481915933528840332e+11	1.665613005212189801e+00	1.743975043210086590e-02	6.931472864786384136e+00	2.773962538236848019e+00	5.809575025472421550e-02	2.094323533714709945e-02	3.076478794338104490e+04	7.006899729710113434e+01	8.508896918894372219e-02	-3.257601577455214725e-01	3.366894905577303976e-01	-2.644804461392707751e+01	8.508896918894486017e-02	-3.257601577455210839e-01	3.366894905577302866e-01	-2.644804461392707395e+01
9.579667644183776855e+11	1.665512072233499064e+00	1.755244979647984163e-02	7.048185774863913622e+00	2.773622374261666135e+00	5.846763406661920071e-02	2.107988261458382251e-02	2.900593299119307267e+04	6.966983539985068319e+01	-4.642523399219605079e-02	-3.276628520238979991e-01	3.309354120484312989e-01	-2.684428668787116123e+01	-4.642523399219643243e-02	-3.276628520238981657e-01	3.309354120484315764e-01	-2.684428668787116123e+01
9.677419354838713379e+11	1.665102787029376197e+00	1.760405685183533825e-02	7.141040306917451730e+00	2.772257388555353419e+00	5.862512825402921290e-02	2.114707259724511387e-02	2.805995963719346400e+04	6.944502095270024711e+01	-1.617577262229234480e-01	-2.835463696214701179e-01	3.264415808660496299e-01	-2.722196881493187348e+01	-1.617577262229238089e-01	-2.835463696214699514e-01	3.264415808660496299e-01	-2.722196881493187348e+01
9.775171065493649902e+11	1.665094100911111541e+00	1.765722000685481657e-02	7.234955357355292271e+00	2.772226587470612458e+00	5.880186574380722592e-02	2.121106045572494769e-02	2.665288457281614683e+04	6.909619732763752609e+01	-2.561009354199171306e-01	-1.950812280163518875e-01	3.219384640693380151e-01	-2.762336413033305149e+01	-2.561009354199182408e-01	-1.950812280163506107e-01	3.219384640693381261e-01	-2.762336413033305504e+01
9.872922776148586426e+11	1.665104147972158222e+00	1.797701197682195079e-02	7.439648362033224771e+00	2.772248650634471900e+00	5.986719442150279652e-02	2.159517488007479599e-02	2.379840394184544493e+04	6.832812690201619432e+01	-3.027580645940683990e-01	-7.681766219926211559e-02	3.123514029142593906e-01	-2.802585126607087318e+01	-3.027580645940686210e-01	-7.681766219926035311e-02	3.123514029142592241e-01	-2.802585126607087673e+01
9.970674486803522949e+11	1.664963436019770482e+00	1.812921698624313585e-02	7.576920773401672804e+00	2.771774574774225730e+00	6.036896681152671695e-02	2.177989774527174655e-02	2.579703913960472346e+04	6.887490254800975720e+01	-3.028841225160242567e-01	4.415122443703428656e-02	3.060851552943908982e-01	-2.841908373802439058e+01	-3.028841225160237016e-01	4.415122443703713845e-02	3.060851552943907317e-01	-2.841908373802440124e+01
1.006842619745845947e+12	1.664942720773233686e+00	1.812833666139699457e-02	7.650832780546368284e+00	2.771705626865669458e+00	6.036528432823894119e-02	2.177911093556564662e-02	2.706691674692342349e+04	6.920071517006698514e+01	-2.588461129231252045e-01	1.570324830691980367e-01	3.027548693486022957e-01	-2.881963859818935703e+01	-2.588461129231255931e-01	1.570324830691968709e-01	3.027548693486020182e-01	-2.881963859818935347e+01
1.016617790811339600e+12	1.665037608498594945e+00	1.834659443076524718e-02	7.818119912372480051e+00	2.772013640187513062e+00	6.109553943019001288e-02	2.204012943675746211e-02	2.660528633992850155e+04	6.908407776796600785e+01	-1.710683708773147460e-01	2.407758734910690201e-01	2.953597954529454395e-01	-2.922739993985147677e+01	-1.710683708773137746e-01	2.407758734910698528e-01	2.953597954529456060e-01	-2.922739993985148033e+01
1.026392961876833252e+12	1.664816452893107979e+00	1.851185964617643037e-02	7.964396545617294265e+00	2.771271132876030219e+00	6.163769702520501687e-02	2.224166964177096140e-02	2.679971781807158914e+04	6.913344839995309599e+01	-6.586942367674954169e-02	2.814483618507556684e-01	2.890535614103051376e-01	-2.961523073111444049e+01	-6.586942367674840371e-02	2.814483618507558904e-01	2.890535614103050821e-01	-2.961523073111444404e+01
1.036168132942326904e+12	1.664776449970312600e+00	1.835210946126311637e-02	7.970863713021058672e+00	2.771143828454078584e+00	6.110431927677639069e-02	2.205021574461701189e-02	2.664967481910395873e+04	6.909538073437806815e+01	4.866018328097856255e-02	2.846377843771857319e-01	2.887671756486385743e-01	-3.001444815923976606e+01	4.866018328098040829e-02	2.846377843771853988e-01	2.887671756486385743e-01	-3.001444815923977316e+01
1.045943304007820557e+12	1.664702069736722523e+00	1.854197261728089685e-02	8.129301676948006872e+00	2.770889176237187890e+00	6.173372038597828293e-02	2.227938992125677239e-02	2.662522067433692064e+04	6.908915612581201060e+01	1.513229737697781019e-01	2.380659192167337568e-01	2.820886815932843183e-01	-3.041134046790410039e+01	1.513229737697776023e-01	2.380659192167340621e-01	2.820886815932843183e-01	-3.041134046790410039e+01
1.055718475073314209e+12	1.664514779630012598e+00	1.889687839452989723e-02	8.362330947153457927e+00	2.770252359593691427e+00	6.290826675313215821e-02	2.270849676755038252e-02	2.638398960140467898e+04	6.902744449045158603e+01	2.225872256579827235e-01	1.572922735345247958e-01	2.725544575672492753e-01	-3.080074838569956341e+01	2.225872256579823072e-01	1.572922735345254897e-01	2.725544575672493308e-01	-3.080074838569955986e+01
1.065493646138807861e+12	1.664590284193541381e+00	1.906184392725361262e-02	8.513437158852060094e+00	2.770497460337627782e+00	6.346032040024005005e-02	2.290574934961551318e-02	2.591397251062124633e+04	6.890556721968755483e+01	2.607514772546291604e-01	5.521133352338583600e-02	2.665325950796673671e-01	-3.120726909556346129e+01	2.607514772546296045e-01	5.521133352338341432e-02	2.665325950796673116e-01	-3.120726909556347195e+01
1.075268817204301514e+12	1.664762338669500075e+00	1.926575230253848789e-02	8.683447539232140855e+00	2.771062475040560358e+00	6.414579771880256354e-02	2.314844876164823956e-02	2.497800445477876929e+04	6.865614058901658723e+01	2.545052509511182004e-01	-5.274873670767186301e-02	2.599141242525056517e-01	-3.162029293803059460e+01	2.545052509511182004e-01	-5.274873670767250833e-02	2.599141242525057627e-01	-3.162029293803059815e+01
1.085043988269795166e+12	1.664591541906288219e+00	1.929791105686358421e-02	8.777014313407468293e+00	2.770492592014795363e+00	6.424627904342992968e-02	2.318947873334967907e-02	2.354424538130274959e+04	6.825532570839456525e+01	2.123470608956317673e-01	-1.436056840724801165e-01	2.563471606414592374e-01	-3.201055377991890794e+01	2.123470608956319616e-01	-1.436056840724798667e-01	2.563471606414592929e-01	-3.201055377991890083e+01
1.094819159335288818e+12	1.663950963196788591e+00	1.928281980549497940e-02	8.849160924020043950e+00	2.768360980783869163e+00	6.417133317700696171e-02	2.318026211987595300e-02	1.580149912942453375e+04	6.555148046325545863e+01	1.469448376484766561e-01	-2.067468145330896290e-01	2.536474534291974781e-01	-3.236881999111123065e+01	1.469448376484733532e-01	-2.067468145330919327e-01	2.536474534291974781e-01	-3.236881999111124486e+01
1.104594330400782471e+12	1.664405412948252172e+00	1.915187867352904916e-02	8.867544012551407562e+00	2.769878584194716442e+00	6.375298106469988457e-02	2.301652549988385602e-02	1.317880714145472302e+04	6.432088211519781851e+01	4.667948984203757617e-02	-2.485863996758643502e-01	2.529311623262769371e-01	-3.280110468566555681e+01	4.667948984203524471e-02	-2.485863996758648775e-01	2.529311623262770481e-01	-3.280110468566556392e+01
1.114369501466276123e+12	1.664372066492242119e+00	1.973308206811637266e-02	9.217503279581098496e+00	2.769744981191749389e+00	6.568638115994371307e-02	2.371567837688817390e-02	1.528735099026645003e+04	6.532719281815971613e+01	-5.089382283987048394e-02	-2.347442021064833628e-01	2.401978801444043243e-01	-3.320022406329872666e+01	-5.089382283987022720e-02	-2.347442021064834183e-01	2.401978801444043243e-01	-3.320022406329872666e+01
1.124144672531769775e+12	1.664409857311503149e+00	2.006554822336270930e-02	9.455018819191804980e+00	2.769857546890194033e+00	6.679459251064842618e-02	2.411481145867620801e-02	2.199420859800052858e+04	6.779356851300018150e+01	-1.342915787804271066e-01	-1.890803960145509555e-01	2.319172789775679477e-01	-3.360428520071884861e+01	-1.342915787804281336e-01	-1.890803960145501783e-01	2.319172789775679200e-01	-3.360428520071885572e+01
1.133919843597263428e+12	1.664703957521358468e+00	2.032930300132826384e-02	9.662600088816079236e+00	2.770825985626752974e+00	6.768454231992397652e-02	2.442756877228214815e-02	2.299589905827138864e+04	6.809554312099088236e+01	-1.939177939856052690e-01	-1.139194169924634681e-01	2.249038558854570269e-01	-3.402636950624488321e+01	-1.939177939856052690e-01	-1.139194169924634958e-01	2.249038558854570269e-01	-3.402636950624488321e+01
1.143695014662757080e+12	1.664584046854582500e+00	2.070300419681002715e-02	9.925051279342138599e+00	2.770411434660005945e+00	6.892378101594688611e-02	2.487853614580732425e-02	2.261469908507074797e+04	6.798220412811436120e+01	-2.143016337732477072e-01	-2.976253809217137627e-02	2.163584962777545528e-01	-3.441952038860750918e+01	-2.143016337732474852e-01	-2.976253809217290977e-02	2.163584962777545528e-01	-3.441952038860750207e+01
1.153470185728250732e+12	1.664259130480162607e+00	2.104124234307603453e-02	1.017341856580440584e+01	2.769315719507246865e+00	7.003615937222019971e-02	2.529005951863154064e-02	1.789505761837024693e+04	6.639508996167539578e+01	-2.025793506644573416e-01	4.965920225403845645e-02	2.085771552307219279e-01	-3.479791340926409049e+01	-2.025793506644570363e-01	4.965920225403955973e-02	2.085771552307218724e-01	-3.479791340926409760e+01
1.163245356793744385e+12	1.663696656402156249e+00	2.107018663809951189e-02	1.027374711137711216e+01	2.767442611758749837e+00	7.010879811915109172e-02	2.533342437572569383e-02	8.049522811070405623e+03	6.097818822610904022e+01	-1.694663285816144782e-01	1.162766659334594083e-01	2.055215306568463629e-01	-3.515887859322268838e+01	-1.694663285816138121e-01	1.162766659334601715e-01	2.055215306568462519e-01	-3.515887859322269549e+01
1.173020527859238037e+12	1.664672008670310177e+00	2.152388032843706445e-02	1.058315951658382836e+01	2.770669619026052466e+00	7.166040220143740647e-02	2.586392896119730014e-02	1.740287658999054474e+04	6.620599242500858850e+01	-9.372179959916709935e-02	1.724979864551741127e-01	1.963143679183871615e-01	-3.563061449964053651e+01	-9.372179959916687730e-02	1.724979864551743070e-01	1.963143679183871892e-01	-3.563061449964053651e+01
1.182795698924731689e+12	1.664545656275214558e+00	2.310245350985286675e-02	1.145399535523544898e+01	2.770178518466509754e+00	7.691017727825134875e-02	2.776361767501777517e-02	2.106166419998672427e+04	6.749981221417520771e+01	-1.818369427516205311e-02	1.716877999144724720e-01	1.726480448107203247e-01	-3.602279748845008100e+01	-1.818369427516031839e-02	1.716877999144726386e-01	1.726480448107202970e-01	-3.602279748845008811e+01
1.192570869990225342e+12	1.663492005697187581e+00	2.412401413606018313e-02	1.205932313247225451e+01	2.766623684960415108e+00	8.026020932132411911e-02	2.901016490158201191e-02	2.118307891673474296e+04	6.753878684376319086e+01	3.419086728636005351e-02	1.541752216846629941e-01	1.579209118112875621e-01	-3.634654994588947829e+01	3.419086728635827022e-02	1.541752216846633550e-01	1.579209118112875343e-01	-3.634654994588947119e+01
1.202346041055718994e+12	1.662181278558392039e+00	2.455068066264518359e-02	1.237320408179204811e+01	2.762243866869011910e+00	8.161536354662872472e-02	2.954676251635207293e-02	2.030223589900456136e+04	6.725081399310242602e+01	7.515174131112042910e-02	1.307399512982847511e-01	1.508002622264677517e-01	-3.665001337537399451e+01	7.515174131112156708e-02	1.307399512982840850e-01	1.508002622264677239e-01	-3.665001337537400161e+01
1.212121212121212646e+12	1.660847711056936404e+00	2.402190624801619004e-02	1.220513760671387971e+01	2.757838067343276744e+00	7.979345601448402381e-02	2.893333620974776477e-02	1.296072084972483390e+04	6.420774037685332303e+01	1.132539548176614980e-01	1.052496349383192920e-01	1.546090034134182944e-01	-3.695032974782201052e+01	1.132539548176611927e-01	1.052496349383197360e-01	1.546090034134183777e-01	-3.695032974782200341e+01
1.221896383186706299e+12	1.659560234462210460e+00	2.302317867154900916e-02	1.179203675666425966e+01	2.753610105052124890e+00	7.641670358844247779e-02	2.775146105406812308e-02	1.905565433729055076e+04	6.682116250547250047e+01	1.482324142872226136e-01	7.096978899829126108e-02	1.643458536011200566e-01	-3.725258897093890909e+01	1.482324142872232797e-01	7.096978899829001208e-02	1.643458536011201121e-01	-3.725258897093891619e+01
1.231671554252199951e+12	1.659099566977886742e+00	2.195201446379207305e-02	1.133335395836655657e+01	2.752129482207192446e+00	7.284115538233947029e-02	2.646719780201666622e-02	1.257779973233137571e+04	6.400439782294371582e+01	1.752483543845763658e-01	1.455334696834977362e-02	1.758516011371043519e-01	-3.761625782776395255e+01	1.752483543845763658e-01	1.455334696835145283e-02	1.758516011371045185e-01	-3.761625782776393834e+01
1.241446725317693604e+12	1.659424270681894686e+00	2.173667656757886923e-02	1.131124454153981063e+01	2.753216427019934631e+00	7.214073732040558740e-02	2.620234886455704432e-02	1.840856605148710514e+04	6.658691651042819615e+01	1.662858787317017806e-01	-5.889609806091289368e-02	1.764078905048606372e-01	-3.803951078820231402e+01	1.662858787317018083e-01	-5.889609806091270633e-02	1.764078905048606094e-01	-3.803951078820230691e+01
1.251221896383187256e+12	1.659899755422839407e+00	2.160021269902564003e-02	1.132873778508084506e+01	2.754800628864158885e+00	7.170837555238794570e-02	2.603033221389755222e-02	1.791542748491887323e+04	6.640280361594365388e+01	1.256033153124060386e-01	-1.231891735870936228e-01	1.759311379674979026e-01	-3.847480687608262429e+01	1.256033153124070656e-01	-1.231891735870926097e-01	1.759311379674979303e-01	-3.847480687608261718e+01
1.260997067448680908e+12	1.660289848068981389e+00	2.123068935153087436e-02	1.122192426610187077e+01	2.756111637430580075e+00	7.049819599570587847e-02	2.557886082634472369e-02	1.812754281192124472e+04	6.648261018377624509e+01	6.393036700194219824e-02	-1.668775514254937642e-01	1.787042500747291485e-01	-3.890405731909851994e+01	6.393036700194337785e-02	-1.668775514254932646e-01	1.787042500747291207e-01	-3.890405731909851283e+01
1.270772238514174561e+12	1.660263005523353819e+00	2.107349099917992657e-02	1.122518134262117151e+01	2.756029155486547477e+00	6.997507500633562416e-02	2.538981667412087626e-02	1.777193787568140033e+04	6.634827927193063601e+01	-5.551022311358093896e-03	-1.785234140471219089e-01	1.786096951784569564e-01	-3.930099224022027471e+01	-5.551022311359795659e-03	-1.785234140471218534e-01	1.786096951784569842e-01	-3.930099224022028892e+01
1.280547409579668213e+12	1.659893771211718105e+00	2.115639055357560611e-02	1.135602653561523212e+01	2.754799738846203994e+00	7.023472180240515617e-02	2.549540019624861945e-02	1.780070398252153245e+04	6.635924524580786965e+01	-6.836105606863515649e-02	-1.613092705942350269e-01	1.751967886876446834e-01	-3.967075244058376171e+01	-6.836105606863381035e-02	-1.613092705942356653e-01	1.751967886876447389e-01	-3.967075244058375461e+01
1.290322580645161865e+12	1.659914878384950221e+00	2.137956052684426497e-02	1.156341819398741855e+01	2.754860317875403197e+00	7.097650122368076575e-02	2.576410163634688250e-02	1.787197460489792866e+04	6.638633827415995370e+01	-1.220362205924683391e-01	-1.182218901447344567e-01	1.699095478361568046e-01	-4.007118096918421912e+01	-1.220362205924677562e-01	-1.182218901447351367e-01	1.699095478361568601e-01	-4.007118096918421202e+01
1.300097751710655518e+12	1.660176456857344274e+00	2.157464739114991342e-02	1.175733451724122425e+01	2.755720402493353038e+00	7.163544332757161570e-02	2.599517834347652226e-02	1.761354145756831713e+04	6.628757694807762846e+01	-1.551084536930156244e-01	-5.657296912374008141e-02	1.651034016685120065e-01	-4.049096642470512819e+01	-1.551084536930154578e-01	-5.657296912374036590e-02	1.651034016685119787e-01	-4.049096642470512819e+01
1.309872922776149170e+12	1.660263921856241831e+00	2.135285254037946542e-02	1.172395726288139528e+01	2.756020345905857649e+00	7.090274140301686123e-02	2.572649418511905803e-02	1.731464928030409646e+04	6.617153067348507989e+01	-1.656436417560152030e-01	9.340534982396890562e-03	1.659067860214056278e-01	-4.089703417837231569e+01	-1.656436417560152308e-01	9.340534982398434466e-03	1.659067860214057666e-01	-4.089703417837232280e+01
1.319648093841642822e+12	1.659983749058395297e+00	2.135013762009605603e-02	1.180994770796348980e+01	2.755090218761568455e+00	7.088176297903947543e-02	2.572756510706981567e-02	1.689866096399251546e+04	6.600664247124942108e+01	-1.487318929872057938e-01	6.865795295981007296e-02	1.638141950387362600e-01	-4.127318135480302175e+01	-1.487318929872049889e-01	6.865795295981180768e-02	1.638141950387362877e-01	-4.127318135480303596e+01
1.329423264907136475e+12	1.659850970057068498e+00	2.146844287036400734e-02	1.196335476084317406e+01	2.754644348760113104e+00	7.126883144797691028e-02	2.587224426269604111e-02	1.584450767423778416e+04	6.556991016224239388e+01	-1.092091357715739147e-01	1.171301182244843253e-01	1.601439974874354633e-01	-4.166108444521238852e+01	-1.092091357715746225e-01	1.171301182244836175e-01	1.601439974874354633e-01	-4.166108444521238141e+01
1.339198435972630127e+12	1.659805991923599899e+00	2.182279371553752859e-02	1.225023561995880250e+01	2.754479696499934516e+00	7.244320753912374122e-02	2.630014213979357460e-02	1.615192221451551450e+04	6.570020235372274442e+01	-5.341947654254342037e-02	1.439072045698176205e-01	1.535021954278787681e-01	-4.205605896124507126e+01	-5.341947654254331629e-02	1.439072045698177871e-01	1.535021954278789069e-01	-4.205605896124507126e+01
1.348973607038123779e+12	1.659829274188770354e+00	2.170758678638288336e-02	1.227450987930754245e+01	2.754562000129932020e+00	7.206177604006328008e-02	2.616088366740852017e-02	1.577841380401588503e+04	6.554156741334254832e+01	6.917505736495515624e-03	1.527879543046850308e-01	1.529444698778774647e-01	-4.245674512933733524e+01	6.917505736497282440e-03	1.527879543046848920e-01	1.529444698778774092e-01	-4.245674512933734235e+01
1.358748778103617432e+12	1.659806526347955780e+00	2.155456553148675167e-02	1.227630305544515821e+01	2.754493105612016102e+00	7.155281708351281245e-02	2.597676390539181007e-02	1.574720762268926410e+04	6.552814411457347887e+01	6.541449759742040682e-02	1.381958790391293324e-01	1.528959040632566491e-01	-4.285359896301045524e+01	6.541449759742130887e-02	1.381958790391288605e-01	1.528959040632566213e-01	-4.285359896301046234e+01
1.368523949169111084e+12	1.659601003132463726e+00	2.165877909410199656e-02	1.242440314453465966e+01	2.753806386886432644e+00	7.188986302239221138e-02	2.610563450093303720e-02	1.563164874579118259e+04	6.547820391109191007e+01	1.097197301927394508e-01	1.016779253124574650e-01	1.495888354437363288e-01	-4.323492177880619636e+01	1.097197301927396035e-01	1.016779253124574373e-01	1.495888354437364121e-01	-4.323492177880619636e+01
1.378299120234604736e+12	1.659401495489383871e+00	2.188601956787239802e-02	1.264443485394801492e+01	2.753134325379878344e+00	7.263538720247475489e-02	2.638279815586277305e-02	1.543755793282963532e+04	6.539348846389256664e+01	1.352274595355344167e-01	5.179861466245441054e-02	1.448087093146818716e-01	-4.361648939159555027e+01	1.352274595355346387e-01	5.179861466245395951e-02	1.448087093146819548e-01	-4.361648939159555027e+01
1.388074291300098389e+12	1.659487188189205709e+00	2.206693570137574500e-02	1.283937552727816822e+01	2.753410778112867607e+00	7.323959415805605944e-02	2.659958867752126865e-02	1.551548818276976817e+04	6.542763021052866179e+01	1.405821333734401934e-01	-5.626162756605510538e-03	1.406946691640857394e-01	-4.402229627257176503e+01	1.405821333734401934e-01	-5.626162756606047435e-03	1.406946691640857672e-01	-4.402229627257177214e+01
1.397849462365592041e+12	1.659517252759134642e+00	2.194842221642211155e-02	1.286035244614550521e+01	2.753515778967435157e+00	7.284757067798876273e-02	2.645620237023174268e-02	1.533677455884213668e+04	6.534907813929250153e+01	1.268237807996658306e-01	-5.988436410541402022e-02	1.402512332945115014e-01	-4.442344669244298672e+01	1.268237807996663857e-01	-5.988436410541298632e-02	1.402512332945115570e-01	-4.442344669244297961e+01
1.407624633431085693e+12	1.659121320806505206e+00	2.184291101380551187e-02	1.288802992982086515e+01	2.752206444393165530e+00	7.248007874296792663e-02	2.633526234582634143e-02	1.239452069822545491e+04	6.390487015466242582e+01	9.678743675304950222e-02	-1.007115192855001784e-01	1.396804139098221098e-01	-4.478756157705367968e+01	9.678743675304984917e-02	-1.007115192854997066e-01	1.396804139098220265e-01	-4.478756157705367258e+01
1.417399804496579346e+12	1.659156559763074190e+00	2.170488283127381887e-02	1.289552344462486388e+01	2.752329387866120136e+00	7.202359745679376424e-02	2.616823326972271546e-02	7.869818171907960277e+03	6.082510246597175296e+01	4.968449409153265911e-02	-1.303705361099400384e-01	1.395171159346577094e-01	-4.518898372201045532e+01	4.968449409153317953e-02	-1.303705361099397608e-01	1.395171159346576539e-01	-4.518898372201045532e+01
1.427174975562072998e+12	1.659138501460953208e+00	2.205166463820300640e-02	1.319191250719052810e+01	2.752254291116781548e+00	7.317353164509525498e-02	2.658676266988529296e-02	1.485258029047995115e+04	6.513156514948323661e+01	-4.349541059975433645e-03	-1.334714975611590859e-01	1.335423497196709941e-01	-4.558566973815914736e+01	-4.349541059974080560e-03	-1.334714975611591137e-01	1.335423497196709663e-01	-4.558566973815914025e+01
1.436950146627566650e+12	1.659112107421702786e+00	2.223811038999398346e-02	1.339456900273057727e+01	2.752158451439566278e+00	7.379103638843877155e-02	2.681205958539234491e-02	1.574010030750377337e+04	6.552508319305484008e+01	-5.385384479053280382e-02	-1.178841061628864845e-01	1.296028513750584477e-01	-4.598161865150506600e+01	-5.385384479053409446e-02	-1.178841061628858738e-01	1.296028513750584199e-01	-4.598161865150507310e+01
1.446725317693060303e+12	1.659116164655108028e+00	2.209754931614326540e-02	1.340044913445251140e+01	2.752178146134096171e+00	7.332480253935344527e-02	2.664246231384063621e-02	1.531706384907064967e+04	6.534035847825920484e+01	-9.530574314094242272e-02	-8.765023544574218617e-02	1.294826183290302968e-01	-4.638031068621189235e+01	-9.530574314094220068e-02	-8.765023544574235270e-02	1.294826183290302413e-01	-4.638031068621189235e+01
1.456500488758553955e+12	1.658948145613246661e+00	2.219897781752410218e-02	1.355291682412470067e+01	2.751616155217486703e+00	7.365390616978241545e-02	2.676750753557079546e-02	1.503812775651724041e+04	6.521574468916092826e+01	-1.184653158531153994e-01	-4.464671913885067539e-02	1.265992124384737738e-01	-4.676347554914235616e+01	-1.184653158531154965e-01	-4.464671913885044641e-02	1.265992124384737738e-01	-4.676347554914235616e+01
1.466275659824047607e+12	1.658735681338746160e+00	2.243942203801781166e-02	1.379165717708285044e+01	2.750900532884914096e+00	7.444214000615829996e-02	2.706100751963198825e-02	1.445089933114446285e+04	6.494566857004679150e+01	-1.221949660558227790e-01	2.260472172610155251e-03	1.222158723890920118e-01	-4.714238659178363378e+01	-1.221949660558227790e-01	2.260472172610149180e-03	1.222158723890920118e-01	-4.714238659178363378e+01
1.476050830889541260e+12	1.658756640638417101e+00	2.254372995247688402e-02	1.394813840423339357e+01	2.750965373101876832e+00	7.478912352686044318e-02	2.718650123993791509e-02	1.415262456619700606e+04	6.480425377212472426e+01	-1.091152736011882646e-01	4.852807358597795162e-02	1.194199181838116464e-01	-4.754236203371382175e+01	-1.091152736011885283e-01	4.852807358597727161e-02	1.194199181838115909e-01	-4.754236203371381464e+01
1.485826001955034912e+12	1.658693146667095997e+00	2.234296272786062687e-02	1.391546990370181724e+01	2.750763746816934141e+00	7.412023830588157502e-02	2.694533050744555430e-02	1.345373495058077606e+04	6.446087424466104210e+01	-8.266681571870278245e-02	8.697072525556495681e-02	1.199904557560680651e-01	-4.793465373472498925e+01	-8.266681571870281020e-02	8.697072525556504008e-02	1.199904557560681484e-01	-4.793465373472498925e+01
1.495601173020528564e+12	1.658549369116859129e+00	2.234436525996450276e-02	1.400789830872201058e+01	2.750286739139060632e+00	7.411846581046158122e-02	2.694935940885325593e-02	1.341571036263055430e+04	6.444168365812652155e+01	-4.338245298782811288e-02	1.101242164052079614e-01	1.183612278835522585e-01	-4.831941384632160918e+01	-4.338245298782934800e-02	1.101242164052075034e-01	1.183612278835523141e-01	-4.831941384632160208e+01
1.505376344086022217e+12	1.658233504204917663e+00	2.258182804063524340e-02	1.424929390102107618e+01	2.749228415510064139e+00	7.489188768635089699e-02	2.724105689576040989e-02	1.294711863221157910e+04	6.420062069314091957e+01	-7.696322928088131319e-04	1.142174894818745873e-01	1.142200824610465210e-01	-4.868794792751462808e+01	-7.696322928099703009e-04	1.142174894818745873e-01	1.142200824610465210e-01	-4.868794792751461387e+01
1.515151515151515869e+12	1.658278331874421196e+00	2.280058893444832091e-02	1.448075782297882697e+01	2.749367159108455638e+00	7.561944516794269489e-02	2.750430946169590829e-02	1.299234992414614499e+04	6.422426684649569495e+01	4.249531762497214815e-02	1.018709004243635308e-01	1.103790395560581838e-01	-4.908988793965413322e+01	4.249531762497187060e-02	1.018709004243636002e-01	1.103790395560581561e-01	-4.908988793965412611e+01
1.524926686217009521e+12	1.658529171649203215e+00	2.285173224141138354e-02	1.460687297113789107e+01	2.750196811544959097e+00	7.580052909019482921e-02	2.756185621770570332e-02	1.269861707849318191e+04	6.406921636139503562e+01	7.895929299762953490e-02	7.417307020445353116e-02	1.083338095621136227e-01	-4.951132958436254228e+01	7.895929299763064513e-02	7.417307020445226828e-02	1.083338095621135672e-01	-4.951132958436256359e+01
1.534701857282503174e+12	1.658398668889532912e+00	2.267897580587920764e-02	1.458937265235032577e+01	2.749771809030971070e+00	7.522156657649599343e-02	2.735556686174782370e-02	1.260305770966039927e+04	6.401800006013179711e+01	1.013159754054193951e-01	3.912810066559636868e-02	1.086090932383131091e-01	-4.989693005293025152e+01	1.013159754054195061e-01	3.912810066559609806e-02	1.086090932383131091e-01	-4.989693005293025152e+01
1.544477028347996826e+12	1.657988438549252930e+00	2.256691233982921485e-02	1.460974905248028932e+01	2.748416396830436703e+00	7.483135950638261646e-02	2.722708232736516243e-02	1.202608063666889939e+04	6.370026075039170621e+01	1.082780720447267253e-01	1.064138145086762329e-03	1.082833010011925029e-01	-5.025565494696636648e+01	1.082780720447265865e-01	1.064138145089236261e-03	1.082833010011923919e-01	-5.025565494696634516e+01
1.554252199413490479e+12	1.657760830001401509e+00	2.286109640662554662e-02	1.489387507513040276e+01	2.747648339758022473e+00	7.579646030757924979e-02	2.758593929609435766e-02	1.212208243601671529e+04	6.375417203795267795e+01	9.696349042867667689e-02	-3.715014525797171591e-02	1.038366590795393035e-01	-5.063136638350308516e+01	9.696349042867723200e-02	-3.715014525797018935e-02	1.038366590795392758e-01	-5.063136638350307095e+01
1.564027370478984131e+12	1.657948296824524714e+00	2.335500681494086586e-02	1.531135085692791975e+01	2.748247098600016258e+00	7.744278754231274930e-02	2.817897545739713600e-02	1.175056809986485132e+04	6.354311873972405067e+01	6.930670916805832527e-02	-6.875762647330874167e-02	9.762700002534578647e-02	-5.104690363577599754e+01	6.930670916805767301e-02	-6.875762647330932453e-02	9.762700002534573096e-02	-5.104690363577601175e+01
1.573802541544477783e+12	1.658206949055811119e+00	2.319549206783234549e-02	1.530181663678567361e+01	2.749112255044712683e+00	7.692585226729707626e-02	2.798207025782071047e-02	1.147724305665296197e+04	6.338354062564317104e+01	3.503757734712056870e-02	-9.125898445117293367e-02	9.775394656695389484e-02	-5.146969722677076930e+01	3.503757734712052013e-02	-9.125898445117296143e-02	9.775394656695392259e-02	-5.146969722677076930e+01
1.583577712609971436e+12	1.657917815792412597e+00	2.287932186567498416e-02	1.518698940317584167e+01	2.748168020552851143e+00	7.586407066870291815e-02	2.760532474773550599e-02	1.089387643278532960e+04	6.302984110379968996e+01	-2.906412868312251239e-04	-9.942111298445342749e-02	9.942153780456759737e-02	-5.183920211158310565e+01	-2.906412868306520146e-04	-9.942111298445339973e-02	9.942153780456756962e-02	-5.183920211158309854e+01
1.593352883675465088e+12	1.657344763544170263e+00	2.303319014560130384e-02	1.538350243544669027e+01	2.746261137398998464e+00	7.634787415105900865e-02	2.780066072790461987e-02	1.020556356351893373e+04	6.258730242379777309e+01	-3.257685044063146629e-02	-9.092411378847127523e-02	9.658387884554101022e-02	-5.218031631608977960e+01	-3.257685044063195201e-02	-9.092411378847110870e-02	9.658387884554101022e-02	-5.218031631608978671e+01
1.603128054740958740e+12	1.657123497332893214e+00	2.355615589253853837e-02	1.582930310546613661e+01	2.745503392932365561e+00	7.807091887272460395e-02	2.843592146842699453e-02	6.902395240085786099e+03	5.993574781565462217e+01	-5.958149545376432987e-02	-6.803353611442536364e-02	9.043515155480064127e-02	-5.255554277322466561e+01	-5.958149545376414946e-02	-6.803353611442553017e-02	9.043515155480065515e-02	-5.255554277322465850e+01
1.612903225806452393e+12	1.657470834656888714e+00	2.365371544993578184e-02	1.599178121819661769e+01	2.746650069483616896e+00	7.841068697908321061e-02	2.854775271530122019e-02	9.018460686668413473e+03	6.174884864842763932e+01	-8.061709210463831321e-02	-3.598304145597970571e-02	8.828303807544510273e-02	-5.298726478289486863e+01	-8.061709210463895159e-02	-3.598304145597831794e-02	8.828303807544513049e-02	-5.298726478289488284e+01
1.622678396871946045e+12	1.657875883458907351e+00	2.329101728944326516e-02	1.584200234333697033e+01	2.748009973468275025e+00	7.722723173078488434e-02	2.810296631977505719e-02	9.404115351870499580e+03	6.203276723626559175e+01	-9.022801548101556934e-02	1.641818001063721994e-03	9.024295176904954807e-02	-5.342526942487645414e+01	-9.022801548101555547e-02	1.641818001063902839e-03	9.024295176904953419e-02	-5.342526942487646124e+01
1.632453567937439697e+12	1.657329118213250130e+00	2.305101447764740588e-02	1.577320842352600749e+01	2.746208456809060117e+00	7.640623499632047400e-02	2.782244545452322582e-02	9.694187845968375768e+03	6.223874830503062583e+01	-8.530130903607550941e-02	3.216743247340100864e-02	9.116499895902412109e-02	-5.376768877464558472e+01	-8.530130903607581472e-02	3.216743247340037026e-02	9.116499895902419048e-02	-5.376768877464557761e+01
1.642228739002933350e+12	1.656739525830271065e+00	2.353546226465879840e-02	1.620113876771931061e+01	2.744231938464300136e+00	7.798426118509410587e-02	2.841751824692153455e-02	9.541518005592157351e+03	6.213111755003633618e+01	-6.557913464776195245e-02	5.500246521677898404e-02	8.559143696113691302e-02	-5.410498339731890383e+01	-6.557913464776274348e-02	5.500246521677806116e-02	8.559143696113692690e-02	-5.410498339731888962e+01
1.652003910068427002e+12	1.657161488608686950e+00	2.408276942340625490e-02	1.667656726771202003e+01	2.745604219544658164e+00	7.981807605502336256e-02	2.907122428164854097e-02	8.789958562126610559e+03	6.157483999363874005e+01	-3.347801590758047591e-02	7.242115230009249505e-02	7.978471563890796037e-02	-5.454486201032166548e+01	-3.347801590758094775e-02	7.242115230009225912e-02	7.978471563890793261e-02	-5.454486201032165837e+01
1.661779081133920654e+12	1.657698163469450536e+00	2.289433269900138790e-02	1.594742022889209565e+01	2.747439050700256402e+00	7.590378653798637854e-02	2.762710478277591655e-02	3.454690996695786907e+03	5.524282669861440809e+01	1.726903358078227344e-03	8.881219404795574757e-02	8.882898179546970530e-02	-5.499731342758958164e+01	1.726903358078164460e-03	8.881219404795577532e-02	8.882898179546973305e-02	-5.499731342758958164e+01
1.671554252199414307e+12	1.656232800315353693e+00	2.085596519898819806e-02	1.461301840408754238e+01	2.742672117556057110e+00	6.908466728959956893e-02	2.518881744827726477e-02	1.149684007770173594e+03	4.778277389393817742e+01	2.841324282030255333e-02	1.043688597607578261e-01	1.081673298890483276e-01	-5.524366868319368962e+01	2.841324282030259149e-02	1.043688597607577706e-01	1.081673298890482721e-01	-5.524366868319368962e+01
1.681329423264907959e+12	1.658167808885784966e+00	2.362677055578812912e-02	1.665123070598752619e+01	2.748962258138189174e+00	7.835430072707676163e-02	2.850322898945305272e-02	4.420867304709989185e+03	5.691488069029146146e+01	6.082682658383471719e-02	5.204522939361485440e-02	8.005378651190643569e-02	-5.584091453033811803e+01	6.082682658383481433e-02	5.204522939361472256e-02	8.005378651190643569e-02	-5.584091453033811803e+01
1.691104594330401611e+12	1.656521068328991042e+00	2.343684050589086437e-02	1.661340663203639778e+01	2.743512764324923303e+00	7.764724014614901582e-02	2.830212461769067780e-02	8.394745506424018458e+03	6.126291659594717487e+01	7.133853547327885514e-02	3.733421330118177200e-02	8.051726601351044676e-02	-5.606652402961791637e+01	7.133853547327922984e-02	3.733421330118109199e-02	8.051726601351044676e-02	-5.606652402961792347e+01
1.700879765395895264e+12	1.656502416080410711e+00	2.438230136258004097e-02	1.738350994838925700e+01	2.743405757860502447e+00	8.077868223342905829e-02	2.944467182879497227e-02	8.585070007014064686e+03	6.141492306249376298e+01	7.159271016980099656e-02	6.281590726609372587e-03	7.186775724560877376e-02	-5.646115123789684986e+01	7.159271016980096880e-02	6.281590726609730807e-03	7.186775724560877376e-02	-5.646115123789684986e+01
1.710654936461388916e+12	1.657298369354075263e+00	2.393637811896535267e-02	1.716366434356339354e+01	2.746064934866222718e+00	7.933944084960768695e-02	2.889204834243032372e-02	6.726704164816510456e+03	5.976092877089511290e+01	6.854999838021376413e-02	-2.845534965788536208e-02	7.422135273679553169e-02	-5.694212628378078023e+01	6.854999838021337555e-02	-2.845534965788632312e-02	7.422135273679554557e-02	-5.694212628378079444e+01
1.720430107526882568e+12	1.648631697343513780e+00	1.808661276927598857e-02	1.304317843835004531e+01	2.717659347924289648e+00	5.963632621801268768e-02	2.194400349093129921e-02	3.417206170421180218e+02	3.955652096129676210e+01	1.353115302715000023e-01	1.771123709981889047e-02	1.364657398178057979e-01	-5.641851539241258706e+01	1.353115302714995583e-01	1.771123709982234604e-02	1.364657398178057979e-01	-5.641851539241256575e+01
1.730205278592376221e+12	1.656853081516910020e+00	2.357378823622616540e-02	1.709685276646819574e+01	2.744606410240274297e+00	7.811660736443680475e-02	2.846186144322170736e-02	6.064143441087805513e+03	5.905786067447802878e+01	3.127806851718933218e-02	-6.811261570050450298e-02	7.495095721690686608e-02	-5.768897667619607006e+01	3.127806851718940157e-02	-6.811261570050448910e-02	7.495095721690687995e-02	-5.768897667619607006e+01
1.739980449657869873e+12	1.655873369702554498e+00	2.345342952741184817e-02	1.710566202745706832e+01	2.741366553133495199e+00	7.767181876527369522e-02	2.833324813002172093e-02	8.092651431507221787e+03	6.101441975929473216e+01	1.036540695545200806e-02	-7.413899057822288807e-02	7.486008005145301791e-02	-5.798055404353815590e+01	1.036540695545095335e-02	-7.413899057822302685e-02	7.486008005145301791e-02	-5.798055404353817011e+01
1.749755620723363525e+12	1.655675659152191725e+00	2.423684440528230469e-02	1.777635166244083109e+01	2.740674463682319040e+00	8.025670667296977423e-02	2.928356057477120647e-02	8.686656596767665178e+03	6.149468354594563380e+01	-1.584945547652700376e-02	-6.592863547676446057e-02	6.780700712117072870e-02	-5.835539028546856599e+01	-1.584945547652754153e-02	-6.592863547676430791e-02	6.780700712117070095e-02	-5.835539028546857310e+01
1.759530791788857178e+12	1.656582157727018778e+00	2.447248974190385437e-02	1.804945893266843981e+01	2.743665542545338010e+00	8.108137972319083564e-02	2.955220979593980307e-02	8.395464638750327140e+03	6.126349740693414958e+01	-4.345874904567956221e-02	-4.849132694979266939e-02	6.511583262131448446e-02	-5.885018517329088894e+01	-4.345874904568011038e-02	-4.849132694979219060e-02	6.511583262131448446e-02	-5.885018517329089605e+01
1.769305962854350830e+12	1.656563213163152248e+00	2.423360433414705611e-02	1.797256715618388512e+01	2.743614411626403182e+00	8.028899492459827536e-02	2.926394998669047329e-02	7.079674683634614667e+03	6.010769391458735811e+01	-5.943096998197009567e-02	-2.836700183529630367e-02	6.585383045899102783e-02	-5.924492894106295182e+01	-5.943096998197025527e-02	-2.836700183529596367e-02	6.585383045899102783e-02	-5.924492894106295182e+01
1.779081133919844482e+12	1.655688104974051278e+00	2.396201746749820893e-02	1.786933109400180086e+01	2.740728922671452406e+00	7.934725458423444455e-02	2.895115015858366198e-02	8.250169277990951741e+03	6.114512660719790205e+01	-6.616921274971743205e-02	-9.646700096096036750e-03	6.686870373097855702e-02	-5.954549197055039400e+01	-6.616921274971743205e-02	-9.646700096095939606e-03	6.686870373097855702e-02	-5.954549197055039400e+01
1.788856304985338135e+12	1.655149979734326093e+00	2.442015623825038312e-02	1.831104185407849272e+01	2.738925111383839539e+00	8.083804220569840160e-02	2.951451351105216850e-02	7.852360828280670830e+03	6.081004514370032155e+01	-6.150237663962299789e-02	1.194836815943112716e-02	6.265226120416846067e-02	-5.988214506390510650e+01	-6.150237663962294238e-02	1.194836815943155044e-02	6.265226120416847455e-02	-5.988214506390511360e+01
1.798631476050831787e+12	1.655598373328436512e+00	2.488979563726432739e-02	1.876517768956197330e+01	2.740386471840900118e+00	8.241501033906407925e-02	3.007422901328965850e-02	4.496673862384048334e+03	5.703016076730566652e+01	-4.707525618998213007e-02	3.487266184826157828e-02	5.858482986008962945e-02	-6.032783804364035518e+01	-4.707525618998216477e-02	3.487266184826152277e-02	5.858482986008962945e-02	-6.032783804364035518e+01
1.808406647116325439e+12	1.655645116977411568e+00	2.456934797242084356e-02	1.862425404400865148e+01	2.740557100511356925e+00	8.135624199571488135e-02	2.968602332005223707e-02	7.240360152663503868e+03	6.025986526755638550e+01	-3.032676939255418355e-02	5.155146197237658878e-02	5.981025140624766229e-02	-6.072929837925934748e+01	-3.032676939255410722e-02	5.155146197237660960e-02	5.981025140624764147e-02	-6.072929837925934748e+01
1.818181818181819092e+12	1.655686237388370508e+00	2.399069717088915532e-02	1.828392117773031345e+01	2.740721363126514376e+00	7.944213426238658227e-02	2.898584851827546230e-02	7.421052437243258282e+03	6.042700046789019552e+01	-8.203731665728334135e-03	6.234635459313734446e-02	6.288377488904821344e-02	-6.113022518727448329e+01	-8.203731665728944758e-03	6.234635459313727507e-02	6.288377488904822732e-02	-6.113022518727447618e+01
1.827956989247312744e+12	1.655046346544282176e+00	2.427727569809645311e-02	1.860180486264233224e+01	2.738589023094255115e+00	8.036003289636564628e-02	2.934358978974110216e-02	7.418068198535805095e+03	6.042427332720399136e+01	1.151205931228932271e-02	5.889074129529940638e-02	6.000539075716072868e-02	-6.145410398717183398e+01	1.151205931228979455e-02	5.889074129529929535e-02	6.000539075716071480e-02	-6.145410398717184108e+01
1.837732160312806396e+12	1.654956404636539036e+00	2.495218434786529091e-02	1.922117562899570586e+01	2.738258089743770274e+00	8.258955459234253171e-02	3.016134779321359358e-02	7.112168416092341431e+03	6.013874263461556069e+01	2.994618533581632283e-02	4.585068315771694686e-02	5.476366644223529950e-02	-6.183962502247906201e+01	2.994618533581636793e-02	4.585068315771693298e-02	5.476366644223531338e-02	-6.183962502247906201e+01
1.847507331378300049e+12	1.655467940819898010e+00	2.491644944048150567e-02	1.929574217622445076e+01	2.739953273629753383e+00	8.249676649555404140e-02	3.010882239837121138e-02	6.888293389350793404e+03	5.992188113688320783e+01	4.650562162640378000e-02	2.775080093409703491e-02	5.415606886898380323e-02	-6.229384935938515611e+01	4.650562162640348163e-02	2.775080093409761084e-02	5.415606886898383793e-02	-6.229384935938514190e+01
1.857282502443793701e+12	1.655221905920769787e+00	2.444052320660542940e-02	1.902732021569330811e+01	2.739162218665372794e+00	8.090897880747648097e-02	2.953785586561518198e-02	6.373630972595701678e+03	5.939535951159724902e+01	5.552805333110612945e-02	9.535855054709175757e-03	5.634090200171264912e-02	-6.266178159655203217e+01	5.552805333110638619e-02	9.535855054707704712e-03	5.634090200171266299e-02	-6.266178159655205349e+01
1.867057673509287354e+12	1.653947610880715624e+00	2.412662385747342195e-02	1.888180238722111071e+01	2.734960605559267233e+00	7.980834377537168733e-02	2.918080195127776763e-02	4.348752597281322778e+03	5.680336524876265969e+01	5.739174852606749450e-02	-4.534959012358968748e-03	5.757064053945506327e-02	-6.291070684253531908e+01	5.739174852606744592e-02	-4.534959012359487431e-03	5.757064053945505633e-02	-6.291070684253533329e+01
1.876832844574780762e+12	1.654050641777262021e+00	2.407555174154586697e-02	1.894048103911190850e+01	2.735303893372112327e+00	7.964436361849124013e-02	2.911719016357805848e-02	3.866050262514485894e+03	5.600561861105538242e+01	5.046101875383959823e-02	-2.665667664413126983e-02	5.706919329537718522e-02	-6.331785440527304587e+01	5.046101875383992436e-02	-2.665667664413063492e-02	5.706919329537718522e-02	-6.331785440527303876e+01
1.886608015640274414e+12	1.654370733396416604e+00	2.542263327305422163e-02	2.010441169563077679e+01	2.736296213236061092e+00	8.411692090562171431e-02	3.074116044115758964e-02	5.706358078909526739e+03	5.864553198364631470e+01	2.917908700930633981e-02	-3.818979301638688456e-02	4.806120482604595012e-02	-6.375021385896330628e+01	2.917908700930645083e-02	-3.818979301638680823e-02	4.806120482604595706e-02	-6.375021385896330628e+01
1.896383186705768066e+12	1.655075897307490163e+00	2.511093761033927549e-02	1.996081117480109057e+01	2.738645666660523226e+00	8.312101519532935634e-02	3.035113896157522195e-02	5.951140927298764836e+03	5.893031991487070087e+01	8.510244159537992334e-03	-4.833697700976645473e-02	4.908041974247613626e-02	-6.422837469334017158e+01	8.510244159537543041e-03	-4.833697700976651718e-02	4.908041974247611544e-02	-6.422837469334018579e+01
1.906158357771261719e+12	1.654820233326156798e+00	2.429152996833130670e-02	1.940899319871920170e+01	2.737839926197433549e+00	8.039623058008668610e-02	2.936483970841510804e-02	5.989177717256771757e+03	5.897351870203225843e+01	-1.013839801741530863e-02	-5.226558272553595563e-02	5.323981829419943690e-02	-6.459424838278270897e+01	-1.013839801741502067e-02	-5.226558272553599727e-02	5.323981829419942302e-02	-6.459424838278270897e+01
1.915933528836755371e+12	1.653686615429171169e+00	2.456310934542613178e-02	1.972663188127502920e+01	2.734076075708872011e+00	8.123937031570876988e-02	2.971364660899042387e-02	5.271311050719637933e+03	5.810783731785177508e+01	-2.223706536565970768e-02	-4.568407009398870594e-02	5.080867383064721632e-02	-6.485564702362486855e+01	-2.223706536565981870e-02	-4.568407009398865043e-02	5.080867383064721632e-02	-6.485564702362488276e+01
1.925708699902249023e+12	1.652495271137545574e+00	2.510966810664303633e-02	2.026845877247477645e+01	2.730110125699524382e+00	8.298721561212173137e-02	3.039702128897026762e-02	2.511165888520481531e+03	5.307999065463481969e+01	-3.044015164584685726e-02	-3.569497371590008711e-02	4.691198120737335997e-02	-6.510875829716849239e+01	-3.044015164584688501e-02	-3.569497371590005241e-02	4.691198120737335303e-02	-6.510875829716849239e+01
1.935483870967742676e+12	1.654057074174290376e+00	2.566325304113054040e-02	2.082046495484122417e+01	2.735246202069360866e+00	8.489697047801368635e-02	3.103814582167578259e-02	5.849496838079723602e+03	5.881351273649602263e+01	-4.150280808201529253e-02	-1.209620321519390244e-02	4.322963348116499321e-02	-6.568984664851400623e+01	-4.150280808201528560e-02	-1.209620321519398051e-02	4.322963348116500015e-02	-6.568984664851400623e+01
1.945259042033236328e+12	1.654570907802559887e+00	2.498221991165709005e-02	2.037030965120350956e+01	2.736980777634872908e+00	8.266970855630731418e-02	3.020470922990745044e-02	6.244676744895927186e+03	5.925676956296256748e+01	-4.549555043671642957e-02	7.976230058150537289e-03	4.618945069472414622e-02	-6.614700080324695364e+01	-4.549555043671640875e-02	7.976230058150615351e-03	4.618945069472413234e-02	-6.614700080324695364e+01
1.955034213098729980e+12	1.654050945962382668e+00	2.447001333653852848e-02	2.005292498083110786e+01	2.735285750286362561e+00	8.094929741402734358e-02	2.959445732700965656e-02	6.308757553418708085e+03	5.932599271075838487e+01	-4.232935809553860229e-02	2.347530666592480275e-02	4.840314638367584910e-02	-6.647980371154358181e+01	-4.232935809553891454e-02	2.347530666592423723e-02	4.840314638367584910e-02	-6.647980371154356760e+01
1.964809384164223633e+12	1.653283910118431121e+00	2.478941829585840431e-02	2.041624743973218159e+01	2.732733172197041593e+00	8.196789281947632066e-02	2.999483947185974803e-02	6.195477562123894131e+03	5.920313848465337969e+01	-3.168772048664916796e-02	3.317906600673208029e-02	4.587986541740384644e-02	-6.678183073487518584e+01	-3.168772048664912633e-02	3.317906600673214967e-02	4.587986541740386726e-02	-6.678183073487518584e+01
1.974584555229717285e+12	1.653376896728835588e+00	2.565832230136427805e-02	2.123699931089564785e+01	2.732996813133353964e+00	8.484575460379588374e-02	3.104495189898193175e-02	6.170924788888029980e+03	5.917621446529939533e+01	-1.418202122156951572e-02	3.809083001842952787e-02	4.064530793857933783e-02	-6.718782203823920440e+01	-1.418202122156942725e-02	3.809083001842956256e-02	4.064530793857933783e-02	-6.718782203823921861e+01
1.984359726295210938e+12	1.654039122441619547e+00	2.550519069127907268e-02	2.121476084004274654e+01	2.735194903815244327e+00	8.437316645741879673e-02	3.084722274808610748e-02	6.036778612423424420e+03	5.902719467293118072e+01	4.867925582128340700e-03	4.047939903195706124e-02	4.077104910916012209e-02	-6.766392418811487630e+01	4.867925582129219338e-03	4.047939903195695716e-02	4.077104910916011515e-02	-6.766392418811490472e+01
1.994134897360704590e+12	1.653799168752849047e+00	2.461880453117624989e-02	2.057835499571011084e+01	2.734445605031070148e+00	8.142911693869631096e-02	2.977902240544699763e-02	5.972146771008709038e+03	5.895421049518472500e+01	2.089667132506689909e-02	3.960661589987699710e-02	4.478118908099987944e-02	-6.802972944924074739e+01	2.089667132506700317e-02	3.960661589987694159e-02	4.478118908099987944e-02	-6.802972944924074739e+01
2.003910068426198242e+12	1.652991731557849286e+00	2.463763268838978227e-02	2.069504450369566939e+01	2.731774651654128583e+00	8.145160623813539613e-02	2.981637090336689694e-02	5.984202236778606675e+03	5.896788361756342312e+01	3.097518675708060137e-02	3.127684047520650629e-02	4.401934739120444418e-02	-6.832479456844713184e+01	3.097518675708042790e-02	3.127684047520667282e-02	4.401934739120443724e-02	-6.832479456844713184e+01
2.013685239491691895e+12	1.652483136340090031e+00	2.564953168803812619e-02	2.165011401872126839e+01	2.730042617412564709e+00	8.477083713900752937e-02	3.105110396384590243e-02	5.829794629249383433e+03	5.879063668969877199e+01	3.427633917251647622e-02	1.694449124359115322e-02	3.823588903861822180e-02	-6.865592137650641291e+01	3.427633917251628193e-02	1.694449124359156955e-02	3.823588903861822874e-02	-6.865592137650639870e+01
2.023460410557185547e+12	1.653466723820501860e+00	2.581447462587393299e-02	2.189511162220866680e+01	2.733285819681493756e+00	8.536674957358249272e-02	3.123228056095873895e-02	5.412821056628792576e+03	5.828745762737547409e+01	3.680750346364029119e-02	-2.144338343555673466e-03	3.686991318348247643e-02	-6.917323078805962666e+01	3.680750346364031894e-02	-2.144338343555087997e-03	3.686991318348246949e-02	-6.917323078805961245e+01
2.033235581622679199e+12	1.653927225214811392e+00	2.499818811249178430e-02	2.130518914483391058e+01	2.734850356897858159e+00	8.269036780058283687e-02	3.023579246009589980e-02	5.449425507349513282e+03	5.833315571485645279e+01	3.507568492801203114e-02	-1.967076021631503080e-02	4.021495344591279053e-02	-6.962614236255694777e+01	3.507568492801211441e-02	-1.967076021631489896e-02	4.021495344591279053e-02	-6.962614236255693356e+01
2.043010752688172852e+12	1.652541379283816392e+00	2.395665172174002086e-02	2.051568077030411885e+01	2.730319089083541595e+00	7.917871655853253587e-02	2.899980331057555941e-02	3.518776415879641718e+03	5.536745159871841082e+01	3.362989024344158889e-02	-3.018195850072477593e-02	4.518761043389438181e-02	-6.984645625162615090e+01	3.362989024344198441e-02	-3.018195850072434572e-02	4.518761043389438875e-02	-6.984645625162613669e+01
2.052785923753666504e+12	1.651917569862521251e+00	2.467264533795515344e-02	2.122992881932720621e+01	2.728222918192525270e+00	8.151435265750948955e-02	2.987818631459688776e-02	5.237009461934394494e+03	5.806357189561597920e+01	2.036085028108336817e-02	-3.520689109403435380e-02	4.067049796444454496e-02	-7.016150891567414760e+01	2.036085028108322245e-02	-3.520689109403443012e-02	4.067049796444454496e-02	-7.016150891567414760e+01
2.062561094819160156e+12	1.652232739707450770e+00	2.625800116721985905e-02	2.270166161858016451e+01	2.729183543535890877e+00	8.676865841551421876e-02	3.179289960949199800e-02	5.365572758140307087e+03	5.822801239204390811e+01	2.956275253530375475e-03	-3.259685179034357838e-02	3.273063259419623644e-02	-7.059539008645576530e+01	2.956275253530112664e-03	-3.259685179034359226e-02	3.273063259419622950e-02	-7.059539008645576530e+01
2.072336265884653809e+12	1.653437169337103940e+00	2.587890051636601227e-02	2.247994319063814217e+01	2.733184755453558878e+00	8.557827203067347455e-02	3.131082590004866800e-02	5.013218299033474068e+03	5.776745677798385969e+01	-1.495086161716911721e-02	-3.032353586232287151e-02	3.380894985487307297e-02	-7.114390268802732464e+01	-1.495086161716885874e-02	-3.032353586232298948e-02	3.380894985487306603e-02	-7.114390268802732464e+01
2.082111436950147461e+12	1.653875571029638669e+00	2.477165174974307535e-02	2.161962201390381111e+01	2.734690769718203018e+00	8.193845936590735124e-02	2.996260501305261781e-02	3.845147874994962422e+03	5.596886015687436355e+01	-3.028807667054298283e-02	-2.356690473143102649e-02	3.837664116387775465e-02	-7.159539222040207562e+01	-3.028807667054319447e-02	-2.356690473143080097e-02	3.837664116387778240e-02	-7.159539222040207562e+01
2.091886608015641113e+12	1.652095631296802036e+00	2.444069534907984328e-02	2.143092213412906943e+01	2.728822627360832698e+00	8.075673202414175578e-02	2.959398357900792920e-02	5.026785571395593252e+03	5.778578165509026832e+01	-3.470756279773195424e-02	-1.879107704889470057e-02	3.946795525506742452e-02	-7.176040550741333846e+01	-3.470756279773193342e-02	-1.879107704889474567e-02	3.946795525506743146e-02	-7.176040550741333846e+01
2.101661779081134766e+12	1.651041625192441353e+00	2.565941006428201429e-02	2.260469515665710460e+01	2.725280042793250868e+00	8.472950818802292561e-02	3.109020242234636355e-02	5.027837322988686537e+03	5.778720015573169633e+01	-3.225124275302328897e-02	-7.868655790415386361e-03	3.319726499370806438e-02	-7.201732629856161338e+01	-3.225124275302338611e-02	-7.868655790414982171e-03	3.319726499370806438e-02	-7.201732629856162760e+01
2.111436950146628418e+12	1.652037780976667314e+00	2.668547124305502630e-02	2.361794761612785365e+01	2.728516715398847214e+00	8.817081339338658785e-02	3.231455863758489477e-02	4.724415987245539327e+03	5.736515056924912415e+01	-2.743725945045689604e-02	8.008055783105186634e-03	2.858202518326878258e-02	-7.254061060468774258e+01	-2.743725945045695502e-02	8.008055783105014896e-03	2.858202518326878605e-02	-7.254061060468774258e+01
2.121212121212122070e+12	1.653293945294969314e+00	2.534426511487733805e-02	2.253476140195608934e+01	2.732738537774792142e+00	8.380304012475442432e-02	3.066632206716467246e-02	4.497027777547034930e+03	5.703069440050037997e+01	-2.230140607952050408e-02	2.502876267610260747e-02	3.352300216598061433e-02	-7.309958960425015562e+01	-2.230140607952043469e-02	2.502876267610266645e-02	3.352300216598061433e-02	-7.309958960425015562e+01
2.130987292277615723e+12	1.652444274122751189e+00	2.453026401062021258e-02	2.191150677148097259e+01	2.729970345228635242e+00	8.106978861413752235e-02	2.969621584198853942e-02	4.336892897653821819e+03	5.678484895752240647e+01	-1.581528289953691713e-02	3.317559856579256616e-02	3.675246268471001748e-02	-7.338258122156624097e+01	-1.581528289953701774e-02	3.317559856579251065e-02	3.675246268471001748e-02	-7.338258122156622676e+01
2.140762463343109375e+12	1.650697941682719438e+00	2.482512584930137572e-02	2.227660996734609711e+01	2.724187407802132643e+00	8.195756828291250740e-02	3.008514320570759154e-02	4.089457105269592375e+03	5.638653085485710648e+01	-9.684267344827537927e-03	3.345963897631436951e-02	3.483292227808899855e-02	-7.354569458490315981e+01	-9.684267344826802404e-03	3.345963897631459155e-02	3.483292227808900549e-02	-7.354569458490317402e+01
2.150537634408603027e+12	1.650868595766629809e+00	2.679452795881213586e-02	2.415362496258993374e+01	2.724649173759948972e+00	8.846848949118778227e-02	3.246968099349958892e-02	3.775822044819796247e+03	5.584549885204579311e+01	3.523895232150555269e-03	2.617057035177840218e-02	2.640675273759642006e-02	-7.396127338433760201e+01	3.523895232150824151e-03	2.617057035177836055e-02	2.640675273759642006e-02	-7.396127338433761622e+01
2.160312805474096680e+12	1.653678948382023339e+00	2.592603259613991684e-02	2.347696020446235821e+01	2.733981905155698389e+00	8.574666863860543053e-02	3.136329047273713616e-02	3.012171901602957405e+03	5.431343295614173172e+01	2.289090077986581998e-02	1.806685327718631287e-02	2.916169621014935709e-02	-7.473006643261318516e+01	2.289090077986591365e-02	1.806685327718620185e-02	2.916169621014936403e-02	-7.473006643261318516e+01
2.170087976539590332e+12	1.667660300230069614e+00	2.004183955541779388e-02	1.823073099742097725e+01	2.780689201630681229e+00	6.684596034030185208e-02	2.403934977742256535e-02	2.895820123143819842e+02	3.843400038246889494e+01	-2.063775357509490226e-03	-6.302943795755537593e-02	6.306321604526354818e-02	-7.700175135832365925e+01	-2.063775357508654089e-03	-6.302943795755540368e-02	6.306321604526354818e-02	-7.700175135832364504e+01
2.179863147605083984e+12	1.652598266378413561e+00	2.413254214556978181e-02	2.205065344279852724e+01	2.730498650446530284e+00	7.976279462614524474e-02	2.921180518184884889e-02	3.056058079220666968e+03	5.441150730641355437e+01	3.597912121927598905e-02	8.436577725205207960e-04	3.598901113046160810e-02	-7.537477944485502235e+01	3.597912121927600987e-02	8.436577725204408903e-04	3.598901113046162892e-02	-7.537477944485502235e+01
2.189638318670577637e+12	1.649775883174125157e+00	2.522231620435641530e-02	2.314976100178715868e+01	2.721124299468252072e+00	8.322233798347830613e-02	3.058380611269436583e-02	3.201600960716854843e+03	5.472696385329629010e+01	3.061331078986351956e-02	3.461419859634463632e-04	3.061526762566711690e-02	-7.538691725678883415e+01	3.061331078986351956e-02	3.461419859633643975e-04	3.061526762566710996e-02	-7.538691725678883415e+01
2.199413489736071289e+12	1.654489582651836210e+00	3.076213638410691190e-02	2.836041220171372501e+01	2.736389470068532503e+00	1.017912683752398156e-01	3.719911565537871445e-02	1.084024233690561459e+03	4.738404269961558413e+01	7.407452370271556605e-03	-1.209647218459550776e-02	1.418432197641235695e-02	-7.641955840560207491e+01	7.407452370271626861e-03	-1.209647218459546786e-02	1.418432197641235695e-02	-7.641955840560206070e+01
2.209188660801564941e+12	1.650835179093489646e+00	2.763415794438201997e-02	2.558987721244275448e+01	2.724493141847339039e+00	9.123888015842333832e-02	3.348838679643691141e-02	2.723310594939719067e+03	5.362988473186928928e+01	1.296616710738206224e-02	-1.696751457823728743e-02	2.135457890990247187e-02	-7.631650783707219432e+01	1.296616710738207438e-02	-1.696751457823728396e-02	2.135457890990247534e-02	-7.631650783707219432e+01
2.218963831867058594e+12	1.652484914569731567e+00	2.419922563574429183e-02	2.250820456405389791e+01	2.730120790359163330e+00	7.997771061467312537e-02	2.929456853964017976e-02	2.737055357732580887e+03	5.366401962594910202e+01	1.086877486175742442e-03	-3.361145351013822280e-02	3.362902183730800965e-02	-7.693669475537146241e+01	1.086877486176118660e-03	-3.361145351013822974e-02	3.362902183730803046e-02	-7.693669475537144820e+01
2.228739002932552246e+12	1.655725252408287496e+00	2.182652839455727703e-02	2.039074244603351005e+01	2.740949714120728853e+00	7.227746847054999924e-02	2.636949816999321905e-02	7.514572763305930039e+02	4.489957864451826453e+01	-3.322690252290413232e-02	-3.170494077464293403e-02	4.592635758244048572e-02	-7.777785325902398483e+01	-3.322690252290420865e-02	-3.170494077464283689e-02	4.592635758244047184e-02	-7.777785325902398483e+01
2.238514173998045898e+12	1.649893031086952622e+00	2.419974640946252753e-02	2.270700338661039552e+01	2.721561386303009922e+00	7.985398591008745217e-02	2.934124003668413597e-02	3.248960876475636724e+03	5.482652808003498279e+01	-1.264827168557098279e-02	-3.011754244391122784e-02	3.266565688139166923e-02	-7.736661706609929468e+01	-1.264827168557067401e-02	-3.011754244391137009e-02	3.266565688139168311e-02	-7.736661706609929468e+01
2.248289345063539551e+12	1.649937578537828520e+00	2.729776925806164795e-02	2.572577825273834051e+01	2.721548844864806860e+00	9.007923061826121625e-02	3.309851696699418061e-02	3.361525539808972553e+03	5.505746468876159128e+01	-1.495318655682035223e-02	-1.463946212536173207e-02	2.092633841652603854e-02	-7.776501921049005261e+01	-1.495318655682048928e-02	-1.463946212536159502e-02	2.092633841652604201e-02	-7.776501921049006683e+01
2.258064516129033203e+12	1.652738260105897972e+00	2.608864774256253877e-02	2.469318306483257430e+01	2.730863138876835183e+00	8.623541255711694720e-02	3.157807922684266466e-02	3.110610078641982000e+03	5.453147203241689311e+01	-2.435384898810125792e-02	2.222401243583762035e-04	2.435486298890050111e-02	-7.854894154848820165e+01	-2.435384898810125445e-02	2.222401243586733834e-04	2.435486298890049764e-02	-7.854894154848821586e+01
2.267839687194526855e+12	1.648637408259459036e+00	1.913034252643910915e-02	1.818545863406876251e+01	2.717639333907287291e+00	6.307799664380857319e-02	2.321058422168115892e-02	5.640871125011607319e+02	4.295493571794038701e+01	-6.271243493303733929e-02	-1.077634328689246537e-02	6.363158861656209586e-02	-7.836964091226978724e+01	-6.271243493303718664e-02	-1.077634328689336916e-02	6.363158861656209586e-02	-7.836964091226977303e+01
2.277614858260020508e+12	1.651793425937221560e+00	2.382742796762727863e-02	2.274817778299960480e+01	2.727853775645871170e+00	7.871597774783886670e-02	2.885637729214476227e-02	2.417547023343997807e+03	5.282237975635761984e+01	-2.552422971361845150e-02	2.003044868420495589e-02	3.244541842794034653e-02	-7.920519658550868769e+01	-2.552422971361852783e-02	2.003044868420485528e-02	3.244541842794034653e-02	-7.920519658550868769e+01
2.287390029325514160e+12	1.649066534571391074e+00	2.463002994987717117e-02	2.361534663669051071e+01	2.718813797067964888e+00	8.123311627166704407e-02	2.987814625601459620e-02	3.336155131437668388e+03	5.500609732940270646e+01	-2.232392163579137445e-02	1.781468593942367798e-02	2.856082128233104409e-02	-7.921334195640213238e+01	-2.232392163579145078e-02	1.781468593942356349e-02	2.856082128233103021e-02	-7.921334195640213238e+01
2.297165200391007812e+12	1.649112214595261694e+00	2.750484239019287264e-02	2.648442511381635711e+01	2.718814579972379075e+00	9.071714309236919571e-02	3.336643247414496777e-02	3.531598444312791344e+03	5.539211353373157465e+01	-8.951892025490725338e-03	1.642388578955839007e-02	1.870509008971895856e-02	-7.961157528985943088e+01	-8.951892025490704521e-03	1.642388578955839354e-02	1.870509008971895162e-02	-7.961157528985944509e+01
2.306940371456501465e+12	1.651850795425787943e+00	2.630494738700432655e-02	2.543682884841824077e+01	2.727919100091774851e+00	8.690369652971319248e-02	3.185713847847962410e-02	3.569631171633722715e+03	5.546474255801360442e+01	6.113182863432779258e-03	2.094412063641976421e-02	2.181804743680498121e-02	-8.039460394145402233e+01	6.113182863432646552e-03	2.094412063641980237e-02	2.181804743680498121e-02	-8.039460394145402233e+01
2.316715542521995117e+12	1.650788121840051526e+00	2.448246332716776802e-02	2.377480623026027118e+01	2.724502032197638979e+00	8.083071930774643477e-02	2.966807084469183856e-02	3.500047894638271828e+03	5.533126712252935420e+01	1.399894834439864739e-02	2.411172507879648028e-02	2.788092252821998754e-02	-8.063663540853403333e+01	1.399894834439877056e-02	2.411172507879640048e-02	2.788092252821998060e-02	-8.063663540853406175e+01
2.326490713587488770e+12	1.648916213074347548e+00	2.451125797674090154e-02	2.390320220319366840e+01	2.718323875971844661e+00	8.083402136139200556e-02	2.973671462621154185e-02	3.232871922327788525e+03	5.479286816425678808e+01	1.656181710753769701e-02	2.178296446932513966e-02	2.736405172805024891e-02	-8.076067991902104382e+01	1.656181710753779415e-02	2.178296446932507721e-02	2.736405172805025585e-02	-8.076067991902107224e+01
2.336265884652982422e+12	1.648729939464972372e+00	2.689754978680675493e-02	2.634050811688558724e+01	2.717586935103637913e+00	8.869359126351596123e-02	3.263689198599033919e-02	3.226300795269557057e+03	5.477907241602599697e+01	1.622437501686257305e-02	1.007933505375511324e-02	1.910034920658915808e-02	-8.112551342923818254e+01	1.622437501686254877e-02	1.007933505375512191e-02	1.910034920658914073e-02	-8.112551342923819675e+01
2.346041055718476074e+12	1.652332194328115067e+00	2.690701603782416282e-02	2.646002844267348308e+01	2.729477692901103758e+00	8.891865770519956358e-02	3.257716959419067887e-02	2.313435933144227874e+03	5.252391168832430424e+01	1.756051155053633614e-02	-6.581309767792272065e-03	1.875327182590168923e-02	-8.203998583665438105e+01	1.756051155053638471e-02	-6.581309767792138492e-03	1.875327182590168576e-02	-8.203998583665438105e+01
2.355816226783969727e+12	1.651966363219082634e+00	2.523400475558756559e-02	2.491820477706293602e+01	2.728356110211277219e+00	8.337145413108205949e-02	3.055739454943291050e-02	2.613849311681930885e+03	5.335172557129274651e+01	1.800798528583067923e-02	-1.516151917576141414e-02	2.354058618156470647e-02	-8.238120113344103856e+01	1.800798528583060984e-02	-1.516151917576150782e-02	2.354058618156471688e-02	-8.238120113344105278e+01
2.365591397849463379e+12	1.649026323928561855e+00	2.359911277070212560e-02	2.340046938720330161e+01	2.718730898885782121e+00	7.783111636049300230e-02	2.862773818195487457e-02	2.417155992116307971e+03	5.282128296559519498e+01	2.319742423759487207e-02	-1.815665782951677090e-02	2.945818587077464468e-02	-8.234551268297298066e+01	2.319742423759480268e-02	-1.815665782951685070e-02	2.945818587077463427e-02	-8.234551268297299487e+01
2.375366568914957031e+12	1.647134073084361994e+00	2.442383757671181058e-02	2.431832756932985262e+01	2.712454130873506841e+00	8.045867013616044006e-02	2.966268414288350877e-02	1.887015206661100819e+03	5.114249994223148832e+01	1.832563593796402227e-02	-1.806745582352174348e-02	2.573444952715538830e-02	-8.245971306906686493e+01	1.832563593796387308e-02	-1.806745582352186491e-02	2.573444952715536749e-02	-8.245971306906689335e+01
2.385141739980450684e+12	1.649956235363496004e+00	2.801032789456205443e-02	2.800409527385482988e+01	2.721571000146119523e+00	9.243163032841744675e-02	3.396260113127853170e-02	2.402399269588537209e+03	5.277976209536562635e+01	-2.103634624110754456e-04	-1.493286428774255083e-02	1.493434593889047396e-02	-8.326629166983218511e+01	-2.103634624112678101e-04	-1.493286428774254909e-02	1.493434593889047569e-02	-8.326629166983219932e+01
2.394916911045944336e+12	1.653039200271615661e+00	2.080594297128243383e-02	2.088656469369766810e+01	2.732105710371698137e+00	6.878607866029111395e-02	2.517694626498653832e-02	6.311353238107399193e+02	4.371644776645845809e+01	-3.243897162842553084e-02	-2.767165769156842980e-02	4.263809939137924027e-02	-8.411674682650456703e+01	-3.243897162842583615e-02	-2.767165769156805857e-02	4.263809939137923333e-02	-8.411674682650459545e+01
2.404692082111437988e+12	1.652586392465750009e+00	2.577652679038697561e-02	2.598202720973965896e+01	2.730377355229586467e+00	8.519587483764473612e-02	3.120296711898306805e-02	1.664547203174810875e+03	5.029195115017979134e+01	-1.867733998167360118e-02	-7.455391749513829054e-03	2.011034298389120442e-02	-8.444321293378713733e+01	-1.867733998167356649e-02	-7.455391749513875892e-03	2.011034298389118707e-02	-8.444321293378715154e+01
2.414467253176931641e+12	1.649343351945830261e+00	2.329341368672285112e-02	2.357456133829145983e+01	2.719790909486726083e+00	7.683767401664069741e-02	2.825131658048719852e-02	2.378813668586592030e+03	5.271286696149902440e+01	-2.559645607153324121e-02	-1.297204121550742453e-02	2.869586061993531501e-02	-8.435393639261673115e+01	-2.559645607153329325e-02	-1.297204121550730657e-02	2.869586061993530460e-02	-8.435393639261675958e+01
2.424242424242425293e+12	1.647032280930572190e+00	2.538477906327417030e-02	2.579518197968798177e+01	2.712070947419272127e+00	8.361910112300617592e-02	3.083219530174005282e-02	2.420404232544055958e+03	5.283038846962568158e+01	-1.886128977455827846e-02	-8.499445011077870829e-03	2.068789059948339046e-02	-8.439962472905604329e+01	-1.886128977455826458e-02	-8.499445011077921136e-03	2.068789059948339740e-02	-8.439962472905605750e+01
2.434017595307918945e+12	1.649250497003155180e+00	2.959067568686392022e-02	3.019032280213217945e+01	2.719151593777549003e+00	9.760487316643899625e-02	3.589534080769751778e-02	2.172747868104131612e+03	5.209850455381936030e+01	-1.032903706435317655e-02	3.202847535478746399e-03	1.081421467385884627e-02	-8.512368204329789023e+01	-1.032903706435320604e-02	3.202847535478676143e-03	1.081421467385885321e-02	-8.512368204329791865e+01
2.443792766373412598e+12	1.651440908058130264e+00	2.520636486552052524e-02	2.582044688411485112e+01	2.726621711978128193e+00	8.325364416471953133e-02	3.053362474118938297e-02	2.327184120476805219e+03	5.256408640683361710e+01	-1.069415409036893541e-02	1.759636212363302130e-02	2.059118480550794703e-02	-8.584770087477758693e+01	-1.069415409036903256e-02	1.759636212363296232e-02	2.059118480550794703e-02	-8.584770087477761535e+01
2.453567937438906250e+12	1.649076895021256206e+00	2.316062966151985827e-02	2.381977260160720178e+01	2.718918190926629119e+00	7.638731849791274842e-02	2.809474693016759603e-02	2.088443969863135862e+03	5.183018310773930892e+01	-1.352198751783788809e-02	2.413735792557488227e-02	2.766687900829936653e-02	-8.588314985577426341e+01	-1.352198751783768513e-02	2.413735792557501758e-02	2.766687900829938734e-02	-8.588314985577430605e+01
2.463343108504399902e+12	1.643298097067814822e+00	2.582723032226994300e-02	2.666808948120374012e+01	2.699761590000581801e+00	8.488367688223671936e-02	3.144117510102750757e-02	1.289524569816417170e+03	4.856106640603702118e+01	-1.529823220564169826e-02	9.846924083880629827e-03	1.819334555631375167e-02	-8.539490996128002109e+01	-1.529823220564182490e-02	9.846924083880435538e-03	1.819334555631375167e-02	-8.539490996128003530e+01
2.473118279569893555e+12	1.646025428151508319e+00	2.089277151283282230e-02	2.165858617008012388e+01	2.708963202219868638e+00	6.878006634936456587e-02	2.538981197419090674e-02	9.355635907474605801e+02	4.638538914837580052e+01	-7.275271053079008024e-03	3.736348206484457757e-02	3.806519881605416322e-02	-8.620148822278092382e+01	-7.275271053078702713e-03	3.736348206484462614e-02	3.806519881605415628e-02	-8.620148822278096645e+01
2.482893450635387207e+12	1.647397535253913636e+00	2.957224956169983432e-02	3.077737715753189107e+01	2.713044121216530158e+00	9.743450207971586507e-02	3.591334962736477537e-02	2.148782850747843440e+03	5.202330301309520166e+01	3.926870659193810488e-03	9.104766876976972192e-03	9.915497620297945500e-03	-8.680099123684757956e+01	3.926870659194014318e-03	9.104766876976885456e-03	9.915497620297947234e-03	-8.680099123684762219e+01
2.492668621700880859e+12	1.651908996592670098e+00	2.510395573970946800e-02	2.622985370563673868e+01	2.728173124430020469e+00	8.293890067298054225e-02	3.040089352478627174e-02	2.196809057399181256e+03	5.217317800455585797e+01	1.931675199617640531e-02	1.478685436330826703e-03	1.937326555595111910e-02	-8.788819391610972787e+01	1.931675199617642266e-02	1.478685436330756230e-03	1.937326555595113298e-02	-8.788819391610975629e+01
2.502443792766374512e+12	1.649324011783321442e+00	2.301664997198087440e-02	2.414324301865062594e+01	2.719739929669096945e+00	7.592382693919993986e-02	2.791584081660240801e-02	2.196359372256582901e+03	5.217178992988457509e+01	2.627492895460059250e-02	2.159042818124112199e-03	2.636348530562303977e-02	-8.788260728352908302e+01	2.627492895460062372e-02	2.159042818123746606e-03	2.636348530562303977e-02	-8.788260728352912565e+01
