freq_roi_Hz	n_opt	k_opt	alpha_cm	eps_r	eps_i	loss_tan	DR	alpha_max	H_meas_real	H_meas_imag	H_meas_mag	H_meas_phase	H_model_real	H_model_imag	H_model_mag	H_model_phase
3.005870841487279663e+11	1.675919010191465386e+00	7.155996367503369288e-03	9.016325629356588545e-01	2.808653320437129342e+00	2.398574069831993852e-02	8.539943510930313175e-03	7.655570711280181229e+01	2.961408112351612942e+01	8.362517726652671790e-01	1.121278127528650276e-01	8.437355472412805257e-01	1.332888146043829658e-01	8.362517726652628491e-01	1.121278127528704122e-01	8.437355472412768620e-01	1.332888146043899880e-01
3.068493150684931641e+11	1.676578409685590021e+00	7.639569397038566655e-03	9.826145703843404133e-01	2.810856800803289701e+00	2.561667422073924533e-02	9.113475369296110407e-03	7.884747011304553155e+01	2.981544341119091968e+01	8.319361082999848778e-01	-1.666322264294386457e-01	8.484597734590344498e-01	-1.976787164037826228e-01	8.319361082999848778e-01	-1.666322264294392008e-01	8.484597734590344498e-01	-1.976787164037832611e-01
3.131115459882583008e+11	1.676407667637095589e+00	7.136308411509651936e-03	9.366166080234468172e-01	2.810291741214702377e+00	2.392672427935576412e-02	8.513964556937363148e-03	7.184352025003005338e+01	2.918039679179864621e+01	7.184859417854636554e-01	-3.788721901442410611e-01	8.122599245364987564e-01	-4.852641806197394159e-01	7.184859417854625452e-01	-3.788721901442431150e-01	8.122599245364986453e-01	-4.852641806197423024e-01
3.193737769080234985e+11	1.676882601623490343e+00	7.866667402315948715e-03	1.053123258162556031e+00	2.811873375171546563e+00	2.638295539940454376e-02	9.382696828513828122e-03	7.753072438666623611e+01	2.970047650950732532e+01	5.792964177740483889e-01	-5.025479384435728170e-01	7.669020602917492324e-01	-7.145745620645408414e-01	5.792964177740476117e-01	-5.025479384435739272e-01	7.669020602917494545e-01	-7.145745620645426177e-01
3.256360078277886353e+11	1.676687778479672764e+00	7.582713433110928672e-03	1.035014004836856572e+00	2.811224408960091736e+00	2.542768588202147170e-02	9.045057307049884227e-03	7.403954168761724475e+01	2.938593915842264437e+01	4.754962977584475392e-01	-6.265747570998745353e-01	7.865701846731523172e-01	-9.216349377018649980e-01	4.754962977584479833e-01	-6.265747570998750904e-01	7.865701846731530944e-01	-9.216349377018648870e-01
3.318982387475538330e+11	1.676608814815481630e+00	8.346959496962669950e-03	1.161241144156556881e+00	2.810947446184130172e+00	2.798917173903082284e-02	9.957202073281807772e-03	7.551960872368788102e+01	2.952105908952171731e+01	3.042704540722692141e-01	-7.573606925917226729e-01	8.161958881937342314e-01	-1.188781335206031464e+00	3.042704540722704909e-01	-7.573606925917202304e-01	8.161958881937324550e-01	-1.188781335206028800e+00
3.381604696673189697e+11	1.676790651296407697e+00	8.267271465768095615e-03	1.171855863883241033e+00	2.811558540497542502e+00	2.772496701105898326e-02	9.861066953332112833e-03	6.983212778548957544e+01	2.898654597624415530e+01	5.058556783714678734e-02	-8.186202859105760066e-01	8.201817311899355367e-01	-1.509081109745170401e+00	5.058556783714543426e-02	-8.186202859105761176e-01	8.201817311899356477e-01	-1.509081109745172178e+00
3.444227005870841675e+11	1.675985273293096434e+00	8.090988547511612783e-03	1.168106700710281665e+00	2.808861172199659251e+00	2.712075530402512785e-02	9.655427463788278028e-03	7.649307951540878037e+01	2.960849420001722621e+01	-1.560778836980707129e-01	-7.646568980100234558e-01	7.804232681397831328e-01	-1.772145394024864817e+00	-1.560778836980704909e-01	-7.646568980100229007e-01	7.804232681397825777e-01	-1.772145394024864817e+00
3.506849315068493042e+11	1.677126222898994934e+00	8.229006545968838363e-03	1.209633133061372101e+00	2.812684650986715607e+00	2.760216533330364652e-02	9.813458939885263965e-03	7.247436011598516359e+01	2.924007813590359106e+01	-3.213304835697394779e-01	-6.781434299153739076e-01	7.504210759357377025e-01	-2.013296578575928031e+00	-3.213304835697397555e-01	-6.781434299153739076e-01	7.504210759357378135e-01	-2.013296578575928475e+00
3.569471624266145020e+11	1.676631898875303284e+00	8.495657922565229281e-03	1.271130420123208316e+00	2.811022348122667935e+00	2.848818214981110875e-02	1.013445594583652076e-02	7.312140104567453136e+01	2.930075494331462238e+01	-4.635962837616244281e-01	-6.096774628205599011e-01	7.659165248177530749e-01	-2.220917721470103245e+00	-4.635962837616252052e-01	-6.096774628205595681e-01	7.659165248177531859e-01	-2.220917721470104578e+00
3.632093933463796387e+11	1.676718441747243160e+00	9.222537208003327505e-03	1.404095504576325926e+00	2.811299677702750355e+00	3.092719643271861843e-02	1.100103154352819954e-02	7.385682895504099577e+01	2.936907175013764970e+01	-6.325677589715870131e-01	-4.726432628919207679e-01	7.896414525893743486e-01	-2.499897485758569182e+00	-6.325677589715852367e-01	-4.726432628919227108e-01	7.896414525893740155e-01	-2.499897485758565630e+00
3.694716242661448364e+11	1.675892208843821951e+00	8.300222903622592879e-03	1.285464260339924003e+00	2.808545801963174604e+00	2.782055779169629803e-02	9.905680645211382626e-03	7.644141169130480762e+01	2.960388153850106718e+01	-7.548863841434720889e-01	-2.738614732581642341e-01	8.030277451622316320e-01	-2.793573770645978005e+00	-7.548863841434708677e-01	-2.738614732581685085e-01	8.030277451622319651e-01	-2.793573770645972232e+00
3.757338551859099731e+11	1.677244436146448026e+00	9.216496276823318845e-03	1.451561168528509027e+00	2.813063954780595566e+00	3.091663420213272909e-02	1.099037728935816846e-02	6.888924965150421542e+01	2.889374432580727969e+01	-7.420114167717005715e-01	-3.537363901708156372e-02	7.428541155279798636e-01	-3.093956084871881007e+00	-7.420114167717009046e-01	-3.537363901708433234e-02	7.428541155279801966e-01	-3.093956084871877454e+00
3.819960861056751709e+11	1.676413142805834866e+00	8.647961076514809262e-03	1.384719475860006099e+00	2.810286238141355142e+00	2.899511121428544405e-02	1.031749393380725598e-02	7.304759563649395204e+01	2.929386096673682971e+01	-7.249345608113132444e-01	1.105391740201556172e-01	7.333137298944769622e-01	-3.292908695491224336e+00	-7.249345608113134665e-01	1.105391740201565470e-01	7.333137298944772953e-01	-3.292908695491224780e+00
3.882583170254403076e+11	1.676563163864938311e+00	9.626773210464487779e-03	1.566717410013693135e+00	2.810771367666366150e+00	3.227978670309314402e-02	1.148431604022398002e-02	7.414952521106654615e+01	2.939607239974061415e+01	-6.863102977836639251e-01	2.741333264953110804e-01	7.390337648167951690e-01	-3.521608062807621398e+00	-6.863102977836644802e-01	2.741333264953095261e-01	7.390337648167951690e-01	-3.521608062807618289e+00
3.945205479452055054e+11	1.676703518715891628e+00	8.839204843467464087e-03	1.461746246336283583e+00	2.811256558131987493e+00	2.964145172738489806e-02	1.054384440354349216e-02	6.963789532558378426e+01	2.896753177620524866e+01	-6.177059488192488956e-01	4.848791749392531436e-01	7.852824036590017043e-01	-3.807100069106527762e+00	-6.177059488192493397e-01	4.848791749392527550e-01	7.852824036590018153e-01	-3.807100069106525986e+00
4.007827788649706421e+11	1.676313681049471649e+00	1.001428682388020956e-02	1.682357309177539895e+00	2.809927271333038767e+00	3.357417201764770903e-02	1.194841317075086111e-02	7.234659622830459114e+01	2.922803294575773236e+01	-4.283022055446084053e-01	6.166760088957371488e-01	7.508209368564194852e-01	-4.105341173402276667e+00	-4.283022055446054077e-01	6.166760088957393693e-01	7.508209368564194852e-01	-4.105341173402280219e+00
4.070450097847357788e+11	1.676819315236122598e+00	8.852580647796549559e-03	1.510433077525995982e+00	2.811644647764813598e+00	2.968835643982152203e-02	1.055907134759117433e-02	6.966500071136100303e+01	2.897018841367185971e+01	-2.380319699485073937e-01	6.934290627838225474e-01	7.331460180829039164e-01	-4.381724079768477331e+00	-2.380319699485058116e-01	6.934290627838229915e-01	7.331460180829039164e-01	-4.381724079768478219e+00
4.133072407045009766e+11	1.676071643110838005e+00	1.017446368373116361e-02	1.762680908812555014e+00	2.809112633129012604e+00	3.410626012832568277e-02	1.214129320629462466e-02	7.128235924141237945e+01	2.912686541856776046e+01	-9.234552812765807472e-02	6.913837089072368824e-01	6.975235691412176031e-01	-4.579608608501287925e+00	-9.234552812765361995e-02	6.913837089072372155e-01	6.975235691412173811e-01	-4.579608608501294142e+00
4.195694716242661133e+11	1.676847918236766599e+00	9.591425400830889958e-03	1.686848950661017810e+00	2.811726945453758564e+00	3.216672343261304384e-02	1.144020171824400127e-02	7.322016126597470986e+01	2.930996900826008655e+01	8.605295778712367116e-02	7.262553441571699686e-01	7.313357207608294219e-01	-4.830327667505554423e+00	8.605295778712626631e-02	7.262553441571691915e-01	7.313357207608289778e-01	-4.830327667505557088e+00
4.258317025440313110e+11	1.675924996174923187e+00	1.000368276453409908e-02	1.785611864647914215e+00	2.808624519135062947e+00	3.353084399777390978e-02	1.193852854638611030e-02	6.929433177463066329e+01	2.893376871540969830e+01	2.783291689382741962e-01	6.939161911338859179e-01	7.476542025559878013e-01	-5.093842509666912655e+00	2.783291689382775269e-01	6.939161911338843636e-01	7.476542025559876903e-01	-5.093842509666917096e+00
4.320939334637964478e+11	1.676863015410856361e+00	9.932416901452006258e-03	1.798963162177538377e+00	2.811770919547285530e+00	3.331060511137313301e-02	1.184684174653046450e-02	6.859570027366898159e+01	2.886459265140511121e+01	4.783164381116706831e-01	5.553714634733579736e-01	7.329557131289551331e-01	-5.423380958584866463e+00	4.783164381116673525e-01	5.553714634733613043e-01	7.329557131289554661e-01	-5.423380958584859357e+00
4.383561643835616455e+11	1.675699393847495555e+00	9.843344809542442161e-03	1.808668512301015108e+00	2.807871567103824795e+00	3.298897386156432465e-02	1.174874743134735229e-02	6.596325802369787539e+01	2.859745291601662842e+01	5.641932155008120287e-01	4.163671453906602760e-01	7.011958244156285547e-01	-5.647417083892289469e+00	5.641932155008119176e-01	4.163671453906608866e-01	7.011958244156287767e-01	-5.647417083892287692e+00
4.446183953033267822e+11	1.677299614502758107e+00	1.049005484807693199e-02	1.955034145524592759e+00	2.813223955560385292e+00	3.518992990558445638e-02	1.250875524361683318e-02	6.645857309989261807e+01	2.864852232404116350e+01	6.333228188402957315e-01	2.509423614293785354e-01	6.812267329043766306e-01	-5.905931974168638909e+00	6.333228188402960646e-01	2.509423614293770921e-01	6.812267329043762976e-01	-5.905931974168639798e+00
4.508806262230919800e+11	1.675837338900779461e+00	1.012524256849802774e-02	1.913622074105073123e+00	2.808328265916975042e+00	3.393651912343325500e-02	1.208424226444635569e-02	6.651236152436325710e+01	2.865404524675743048e+01	6.993366121761002141e-01	1.249801418945843262e-01	7.104165911617883467e-01	-6.106339815079272704e+00	6.993366121760999921e-01	1.249801418945836740e-01	7.104165911617880136e-01	-6.106339815079272704e+00
4.571428571428571167e+11	1.676816582693209989e+00	1.094547403476406160e-02	2.097373007420493263e+00	2.811594048593089035e+00	3.670710473386067096e-02	1.305562044144629140e-02	6.436131843871386593e+01	2.842961946471673684e+01	7.056675676023795862e-01	-1.019702502996946009e-01	7.129969480383779867e-01	-6.426693776376849243e+00	7.056675676023801413e-01	-1.019702502996953364e-01	7.129969480383785418e-01	-6.426693776376849243e+00
4.634050880626223145e+11	1.675791951158426718e+00	1.001673743877132608e-02	1.945701658547097646e+00	2.808178328538449620e+00	3.357193595352052362e-02	1.195505841361344142e-02	6.355660113490932162e+01	2.834372710742842827e+01	6.548834964528713609e-01	-2.855657929435841402e-01	7.144369923414072288e-01	-6.694382984199765296e+00	6.548834964528732483e-01	-2.855657929435801434e-01	7.144369923414073398e-01	-6.694382984199758191e+00
4.696673189823874512e+11	1.676890552030868564e+00	1.141892730628805280e-02	2.248044018872354499e+00	2.811831531589564559e+00	3.829658262848346234e-02	1.361979983446373436e-02	6.460365919036999571e+01	2.845527564595782977e+01	5.064815165846384692e-01	-4.168370178359587785e-01	6.559547439269348690e-01	-6.971797362651751762e+00	5.064815165846380252e-01	-4.168370178359596667e-01	6.559547439269352020e-01	-6.971797362651752650e+00
4.759295499021526489e+11	1.676108832917194036e+00	1.018895442014342879e-02	2.032644602021591584e+00	2.809237004990862374e+00	3.415559300358617795e-02	1.215831663291694169e-02	6.260964874973024052e+01	2.824124927201416924e+01	4.262242143316865017e-01	-5.237698029566676405e-01	6.752791181222249639e-01	-7.170905089674100452e+00	4.262242143316866683e-01	-5.237698029566671964e-01	6.752791181222247419e-01	-7.170905089674098676e+00
4.821917808219177856e+11	1.676200919540999701e+00	1.206995098288723631e-02	2.439576666384966508e+00	2.809503838953363530e+00	4.046332587266075753e-02	1.440230310834340541e-02	6.507870381712274366e+01	2.850528972516229231e+01	2.764971966738137277e-01	-6.005477491839220638e-01	6.611416631996145377e-01	-7.422505914069521538e+00	2.764971966738117848e-01	-6.005477491839229520e-01	6.611416631996146487e-01	-7.422505914069523314e+00
4.884540117416829834e+11	1.675715841498053305e+00	1.042923905853291623e-02	2.135332275298292171e+00	2.807914812420188699e+00	3.495288221030769943e-02	1.244798526497362806e-02	6.722430283260740680e+01	2.872672854861939840e+01	1.098166331659065076e-01	-7.003640925758258806e-01	7.089214026177058647e-01	-7.698448681092253665e+00	1.098166331659082562e-01	-7.003640925758253255e-01	7.089214026177055317e-01	-7.698448681092250112e+00
4.947162426614481201e+11	1.676268432964325594e+00	1.188656610328965926e-02	2.464913823885600763e+00	2.809734568898947682e+00	3.985015107057645473e-02	1.418288813173998811e-02	6.269145036959719164e+01	2.825016268286610099e+01	-9.878688501016416601e-02	-6.494573285838156629e-01	6.569274467559089725e-01	-8.004931395731992083e+00	-9.878688501016423540e-02	-6.494573285838155519e-01	6.569274467559088615e-01	-8.004931395731992083e+00
5.009784735812133179e+11	1.675950559684361796e+00	1.065501137333374655e-02	2.237495362694270629e+00	2.808696749238959622e+00	3.571454454916386800e-02	1.271569974894620758e-02	6.543118855735777117e+01	2.854216495916882934e+01	-2.478593188118780877e-01	-6.072008634739226585e-01	6.558407813832298761e-01	-8.241536824122462690e+00	-2.478593188118784485e-01	-6.072008634739224364e-01	6.558407813832297650e-01	-8.241536824122462690e+00
5.072407045009784546e+11	1.675739277849771280e+00	1.224042910036228678e-02	2.602554907704473841e+00	2.807952299223912096e+00	4.102353564242484929e-02	1.460976942299315948e-02	6.728431227742275667e+01	2.873281979795025265e+01	-3.555450243270967259e-01	-5.146920089148159239e-01	6.255558555113401864e-01	-8.458500833864627921e+00	-3.555450243270958932e-01	-5.146920089148167010e-01	6.255558555113404084e-01	-8.458500833864626145e+00
5.135029354207436523e+11	1.675902091977886865e+00	1.109173823923305900e-02	2.387435808846644747e+00	2.808524795238690253e+00	3.717733463760361512e-02	1.323731757705347116e-02	6.875810409483261765e+01	2.888073596165249057e+01	-5.073183214344029190e-01	-4.363441020508560531e-01	6.691547314766503884e-01	-8.714449909224065038e+00	-5.073183214344015868e-01	-4.363441020508579959e-01	6.691547314766506105e-01	-8.714449909224061486e+00
5.197651663405087891e+11	1.675412447801557292e+00	1.215055398346186200e-02	2.647234480665147771e+00	2.806859234286301241e+00	4.071437878315359998e-02	1.450531550917124116e-02	6.595539933230362806e+01	2.859663955968290949e+01	-5.939346331611471408e-01	-2.744504872637473225e-01	6.542793122417784879e-01	-8.991916662379857428e+00	-5.939346331611485841e-01	-2.744504872637443804e-01	6.542793122417785989e-01	-8.991916662379860981e+00
5.260273972602739868e+11	1.675691556043252151e+00	1.114046870469093814e-02	2.456410744313162198e+00	2.807818080951695716e+00	3.733597867762942363e-02	1.329715017184253736e-02	6.630035269757138394e+01	2.863225051643314600e+01	-6.491070191591946648e-01	-8.988425000416618016e-02	6.553007711887316455e-01	-9.287179292510042927e+00	-6.491070191591949978e-01	-8.988425000416219723e-02	6.553007711887315345e-01	-9.287179292510046480e+00
5.322896281800391235e+11	1.675324927980565093e+00	1.216454107301806649e-02	2.714144053151302582e+00	2.806565638253568196e+00	4.075911779414123637e-02	1.452277375543736468e-02	6.402026784674146143e+01	2.839334893218324751e+01	-6.104642697735936929e-01	5.535816754390084776e-02	6.129691275945514661e-01	-9.515212689619181319e+00	-6.104642697735936929e-01	5.535816754390138900e-02	6.129691275945515772e-01	-9.515212689619183095e+00
5.385518590998043213e+11	1.675860423453938708e+00	1.144708840482040572e-02	2.584114347611672802e+00	2.808377123066267078e+00	3.836744484283399065e-02	1.366178513836607128e-02	6.498803478091016927e+01	2.849577207671154611e+01	-5.946786381183579717e-01	2.060112992531424048e-01	6.293515218494929453e-01	-9.758264009326769184e+00	-5.946786381183576387e-01	2.060112992531445697e-01	6.293515218494932784e-01	-9.758264009326772737e+00
5.448140900195694580e+11	1.674948198895089169e+00	1.238648872158195843e-02	2.828692268603583138e+00	2.805298043879053349e+00	4.149345394969607137e-02	1.479110358353246182e-02	5.760658870062367498e+01	2.767271016366002456e+01	-5.313113026950366802e-01	3.345491903726120486e-01	6.278653208694259247e-01	-9.986726278937121393e+00	-5.313113026950376794e-01	3.345491903726106608e-01	6.278653208694260357e-01	-9.986726278937119616e+00
5.510763209393345947e+11	1.675186958263758852e+00	1.152890856143260617e-02	2.663110004599344993e+00	2.806118429404366399e+00	3.862615453025459306e-02	1.376497660451682196e-02	5.883581485031590574e+01	2.781684654111105814e+01	-4.243032601071788923e-01	4.951081134116327442e-01	6.520470078940678871e-01	-1.028703548995030914e+01	-4.243032601071795584e-01	4.951081134116319116e-01	6.520470078940676650e-01	-1.028703548995030737e+01
5.573385518590998535e+11	1.675476944689734848e+00	1.146181686285266919e-02	2.677698719678514028e+00	2.807091618941051525e+00	3.840801979593134324e-02	1.368249598152425188e-02	3.668649858450253731e+01	2.459233915686260374e+01	-2.567655985149200903e-01	5.770723569469285996e-01	6.316178256928857149e-01	-1.057693184539226472e+01	-2.567655985149208675e-01	5.770723569469284886e-01	6.316178256928858259e-01	-1.057693184539226294e+01
5.636007827788649902e+11	1.675863866411369196e+00	1.246439629664050294e-02	2.944638576839424537e+00	2.808364337568224123e+00	4.177726274034301163e-02	1.487601241102432664e-02	4.937357530519732762e+01	2.661989533554085696e+01	-9.968180371867210732e-02	5.841771122065232413e-01	5.926207559802143532e-01	-1.082656579675700570e+01	-9.968180371867212120e-02	5.841771122065235744e-01	5.926207559802146863e-01	-1.082656579675700570e+01
5.698630136986301270e+11	1.674988885878587297e+00	1.239488043521461830e-02	2.960751605056886060e+00	2.805434134755787845e+00	4.152257394155686732e-02	1.480076592322898850e-02	5.244146823883561837e+01	2.703142067075668109e+01	1.928449661460522949e-02	5.978111183349135160e-01	5.981220820321873077e-01	-1.102782161614940648e+01	1.928449661460401865e-02	5.978111183349135160e-01	5.981220820321873077e-01	-1.102782161614940470e+01
5.761252446183952637e+11	1.675508834153308646e+00	1.265477086288370294e-02	3.056049275686684830e+00	2.807169710100187565e+00	4.240636074989506676e-02	1.510644710838718319e-02	5.616397381259265842e+01	2.749957685759980919e+01	1.877272936129302794e-01	5.795814119232318706e-01	6.092258610845097122e-01	-1.130881231804747244e+01	1.877272936129321390e-01	5.795814119232312045e-01	6.092258610845097122e-01	-1.130881231804747600e+01
5.823874755381605225e+11	1.674670520836284648e+00	1.245782291178456833e-02	3.041188509387140027e+00	2.804366156006371291e+00	4.172549756832892587e-02	1.487876234669340686e-02	5.353421534119146230e+01	2.717220868055896688e+01	3.331290780150247821e-01	5.162236122300205565e-01	6.143791992271150360e-01	-1.156865201732924930e+01	3.331290780150256148e-01	5.162236122300197794e-01	6.143791992271149249e-01	-1.156865201732925108e+01
5.886497064579256592e+11	1.675259668381099853e+00	1.264802252865300861e-02	3.120820020472175216e+00	2.806334984030466995e+00	4.237744405405583642e-02	1.510063634427320604e-02	5.588840888931991913e+01	2.746599996085036466e+01	4.500799625435214502e-01	3.813022036479326027e-01	5.898841777755589044e-01	-1.186351150866694582e+01	4.500799625435197293e-01	3.813022036479346566e-01	5.898841777755589044e-01	-1.186351150866694049e+01
5.949119373776907959e+11	1.674875954525832933e+00	1.253860016351534580e-02	3.126733726584594475e+00	2.805052246554759154e+00	4.200119983457106104e-02	1.497341088250961003e-02	5.239110424316377390e+01	2.702486132070329106e+01	5.126800902112396141e-01	2.662420814655630519e-01	5.776899867940592515e-01	-1.208739125691830019e+01	5.126800902112391700e-01	2.662420814655640511e-01	5.776899867940593625e-01	-1.208739125691829841e+01
6.011741682974559326e+11	1.675151864594862428e+00	1.324847721412211916e-02	3.338531170811967375e+00	2.805958247307151598e+00	4.438642261655843108e-02	1.581863260408654034e-02	5.668071869638385607e+01	2.756209915442501313e+01	5.532131470613641522e-01	1.322201239332483069e-01	5.687942925649501769e-01	-1.233176765430403421e+01	5.532131470613632640e-01	1.322201239332515266e-01	5.687942925649499548e-01	-1.233176765430402888e+01
6.074363992172210693e+11	1.674449299330338814e+00	1.286941948880507974e-02	3.276792423688701383e+00	2.803614834069883877e+00	4.309838089163574304e-02	1.537243289195746113e-02	5.428122860198922695e+01	2.726680867826056698e+01	5.900786255322487683e-01	-2.527970667801216712e-03	5.900840405787340925e-01	-1.257065471327869588e+01	5.900786255322489904e-01	-2.527970667799098181e-03	5.900840405787343146e-01	-1.257065471327869233e+01
6.136986301369863281e+11	1.674784660861761587e+00	1.336585459502807188e-02	3.438278465224542391e+00	2.804725014188790055e+00	4.476985651012341250e-02	1.596229800912307359e-02	5.804663020088220549e+01	2.772465888327952399e+01	5.502302957950583329e-01	-1.736941993110634463e-01	5.769948468444313638e-01	-1.287214580345862913e+01	5.502302957950570006e-01	-1.736941993110666660e-01	5.769948468444310308e-01	-1.287214580345863446e+01
6.199608610567514648e+11	1.674203338825614784e+00	1.292227396231217587e-02	3.358090360315707734e+00	2.802789834570479588e+00	4.326902842584470082e-02	1.543784264240974369e-02	5.706710034931915487e+01	2.760847714503086081e+01	4.842068119347364696e-01	-2.988361876479389001e-01	5.689985094637378671e-01	-1.311931695549502130e+01	4.842068119347374133e-01	-2.988361876479371237e-01	5.689985094637377561e-01	-1.311931695549501775e+01
6.262230919765166016e+11	1.674738245440358986e+00	1.338195701180744900e-02	3.512674190173688871e+00	2.804569113967186222e+00	4.482255041302543597e-02	1.598197391171507498e-02	5.874332373280704900e+01	2.780610648173120936e+01	3.775661989565625154e-01	-3.961941724341438986e-01	5.472897375844741896e-01	-1.337583873090567010e+01	3.775661989565636256e-01	-3.961941724341423998e-01	5.472897375844739676e-01	-1.337583873090566833e+01
6.324853228962817383e+11	1.674142440954044631e+00	1.330747228434725309e-02	3.528053671994145102e+00	2.802575823784968279e+00	4.455720826609081003e-02	1.589866289716111020e-02	5.622134686928018965e+01	2.750654689771176820e+01	2.879599654727773017e-01	-4.738969936075757006e-01	5.545261961939955686e-01	-1.359114687986914127e+01	2.879599654727769686e-01	-4.738969936075758116e-01	5.545261961939955686e-01	-1.359114687986914127e+01
6.387475538160469971e+11	1.674232808917062609e+00	1.362807344120741185e-02	3.648823668497210182e+00	2.802869774068598385e+00	4.563313535520140823e-02	1.628086177152680142e-02	5.776491285377387896e+01	2.769144654606366274e+01	1.513568653329712410e-01	-5.379396968344682950e-01	5.588273598471918957e-01	-1.386289384892019783e+01	1.513568653329716296e-01	-5.379396968344684060e-01	5.588273598471920067e-01	-1.386289384892019783e+01
6.450097847358121338e+11	1.673832417991900412e+00	1.318276599362273871e-02	3.564199516904801524e+00	2.801541178201369497e+00	4.413148215785388934e-02	1.575257308414326068e-02	5.332659278759416566e+01	2.714568135540035598e+01	2.499239641720601025e-03	-5.654811697546803240e-01	5.654866926337951405e-01	-1.413274730085013076e+01	2.499239641720401531e-03	-5.654811697546801019e-01	5.654866926337949185e-01	-1.413274730085013076e+01
6.512720156555772705e+11	1.674200833087173157e+00	1.353942392666392623e-02	3.696168529943014924e+00	2.802765113509519068e+00	4.533542963508230272e-02	1.617525115342789005e-02	5.580429981010143337e+01	2.745571849641386919e+01	-1.466018059441432930e-01	-5.198797615768896430e-01	5.401546593368679039e-01	-1.441202164057737356e+01	-1.466018059441440424e-01	-5.198797615768889768e-01	5.401546593368675708e-01	-1.441202164057737534e+01
6.575342465753424072e+11	1.673921129276195074e+00	1.327303951055988814e-02	3.658288278493141199e+00	2.801835773459443679e+00	4.443604257288792658e-02	1.585961711025713622e-02	5.057063175253982479e+01	2.678343180290555026e+01	-2.576407537392721991e-01	-4.704573268925907326e-01	5.363849871260961688e-01	-1.463819563414261715e+01	-2.576407537392743641e-01	-4.704573268925895668e-01	5.363849871260960578e-01	-1.463819563414262070e+01
6.637964774951076660e+11	1.674231475943447345e+00	1.392447823207489804e-02	3.874387323882815259e+00	2.802857143945738816e+00	4.662559948445832436e-02	1.663502529380461378e-02	5.122442429735579594e+01	2.687112301844685547e+01	-3.625554058035495575e-01	-3.854350521873963209e-01	5.291565002266129802e-01	-1.489198648623360910e+01	-3.625554058035491689e-01	-3.854350521873970981e-01	5.291565002266132023e-01	-1.489198648623360732e+01
6.700587084148728027e+11	1.673622750040938634e+00	1.357266999697629914e-02	3.812126528012352189e+00	2.800828892083747412e+00	4.543105857147522464e-02	1.622057623722798769e-02	4.846199589152066523e+01	2.649267775479313869e+01	-4.591011349909731032e-01	-2.951894204030637847e-01	5.458119145528946836e-01	-1.513654414336961729e+01	-4.591011349909730477e-01	-2.951894204030636737e-01	5.458119145528945726e-01	-1.513654414336961906e+01
6.763209393346379395e+11	1.673957884539889474e+00	1.389279612212836190e-02	3.938507322243324449e+00	2.801941989429170832e+00	4.651191121388394828e-02	1.659988371970529120e-02	4.918257934995011027e+01	2.659343606884466027e+01	-5.132520422627524503e-01	-1.440803978198788304e-01	5.330917556320120543e-01	-1.543428652011930602e+01	-5.132520422627528944e-01	-1.440803978198773039e-01	5.330917556320120543e-01	-1.543428652011930957e+01
6.825831702544030762e+11	1.673714265749941532e+00	1.356199870338512838e-02	3.880327983408008663e+00	2.801135515566035572e+00	4.539782140387579878e-02	1.620693506315494872e-02	4.476393120885856547e+01	2.595079843126026731e+01	-5.248740518182232195e-01	-1.168419753424704104e-02	5.250040864070472102e-01	-1.568570598921263581e+01	-5.248740518182234416e-01	-1.168419753424627602e-02	5.250040864070473212e-01	-1.568570598921263581e+01
6.888454011741683350e+11	1.674006641455287214e+00	1.425447353417742292e-02	4.115874334166734982e+00	2.802095045620673908e+00	4.772416673332325471e-02	1.703160169670553739e-02	4.787827508143430322e+01	2.640995224202275082e+01	-4.903450719420407999e-01	1.130821536530642324e-01	5.032155234615287576e-01	-1.593461805033676271e+01	-4.903450719420410220e-01	1.130821536530634830e-01	5.032155234615287576e-01	-1.593461805033676271e+01
6.951076320939334717e+11	1.673657574614043630e+00	1.386765283030490410e-02	4.040584363473539220e+00	2.800937365267941015e+00	4.641940440311536492e-02	1.657281058074457428e-02	4.375004290744909952e+01	2.579439938249538500e+01	-4.646011613036797328e-01	2.281834833269817675e-01	5.176117668175278519e-01	-1.616449652002144077e+01	-4.646011613036782895e-01	2.281834833269848484e-01	5.176117668175278519e-01	-1.616449652002144788e+01
7.013698630136986084e+11	1.673704416681433216e+00	1.464109660202450244e-02	4.304372698023169796e+00	2.801072112709226847e+00	4.900973609573586881e-02	1.749677770642367805e-02	4.671301356483417777e+01	2.624175027418548112e+01	-3.775650603663170957e-01	3.386164005714383252e-01	5.071651028465754552e-01	-1.643903116481974536e+01	-3.775650603663157079e-01	3.386164005714402125e-01	5.071651028465756772e-01	-1.643903116481974891e+01
7.076320939334637451e+11	1.673406131240275485e+00	1.388038143898153234e-02	4.117163212662024563e+00	2.800095415083654338e+00	4.645503080789082501e-02	1.659051707939850767e-02	4.382010879023932404e+01	2.580532352681859365e+01	-2.806031541832302856e-01	4.356255839030191424e-01	5.181773629640955559e-01	-1.670651606988866433e+01	-2.806031541832304521e-01	4.356255839030193089e-01	5.181773629640958889e-01	-1.670651606988866433e+01
7.138943248532290039e+11	1.673698646763471132e+00	1.472666267296772816e-02	4.406841490352746860e+00	2.801050285584391286e+00	4.929599077417641528e-02	1.759910952969259007e-02	4.619745427864251752e+01	2.616598760539049451e+01	-1.447722963224002957e-01	4.636327713306044318e-01	4.857101650512962165e-01	-1.697609667657910393e+01	-1.447722963224015169e-01	4.636327713306039322e-01	4.857101650512961055e-01	-1.697609667657910038e+01
7.201565557729941406e+11	1.673527336575973301e+00	1.417283078451276636e-02	4.278314254238725134e+00	2.800492877134624692e+00	4.743723950909522341e-02	1.693888954205500369e-02	4.359474263783370418e+01	2.577012363984960075e+01	-3.498479610885970453e-02	4.908986911374842999e-01	4.921437400996518385e-01	-1.720761304706423545e+01	-3.498479610886155028e-02	4.908986911374841333e-01	4.921437400996517830e-01	-1.720761304706423189e+01
7.264187866927592773e+11	1.673393875288336607e+00	1.518386843298637212e-02	4.623370104776237888e+00	2.800016511991926915e+00	5.081718487788661892e-02	1.814888757271483286e-02	4.662290445010823703e+01	2.622856901514924033e+01	8.153288445250848893e-02	4.693660985776177408e-01	4.763949472245901373e-01	-1.745075187115697091e+01	8.153288445250730931e-02	4.693660985776177963e-01	4.763949472245900263e-01	-1.745075187115696735e+01
7.326810176125244141e+11	1.673118712441200806e+00	1.445212053772837631e-02	4.438494398898235715e+00	2.799117362132864884e+00	4.836022661225827107e-02	1.727695568127549444e-02	4.515008939882476824e+01	2.600943618733283103e+01	2.077825402845825675e-01	4.517421312318063431e-01	4.972369024690029837e-01	-1.770986391316899144e+01	2.077825402845840386e-01	4.517421312318056770e-01	4.972369024690029282e-01	-1.770986391316899500e+01
7.389432485322896729e+11	1.673049345333868621e+00	1.510108676500278649e-02	4.677442414282895200e+00	2.798866069100602427e+00	5.052972665203572106e-02	1.805364222671545019e-02	4.544096983620890740e+01	2.605327588088583113e+01	3.082151611549271419e-01	3.624331128591822826e-01	4.757671141036909912e-01	-1.798348910334039275e+01	3.082151611549297510e-01	3.624331128591798401e-01	4.757671141036907136e-01	-1.798348910334039985e+01
7.452054794520548096e+11	1.673039949461776033e+00	1.438308801629389205e-02	4.492802613717230109e+00	2.798855799274177603e+00	4.812696169576921590e-02	1.719522731690925274e-02	4.276334935156615558e+01	2.563867571540939849e+01	3.929187495845916089e-01	2.744435874787997109e-01	4.792748965712189113e-01	-1.823985475549842761e+01	3.929187495845923861e-01	2.744435874787988783e-01	4.792748965712190778e-01	-1.823985475549843116e+01
7.514677103718199463e+11	1.673078687351245097e+00	1.502584941234346404e-02	4.733021937189420214e+00	2.798966517918402896e+00	5.027885682228216274e-02	1.796336487071472851e-02	3.650847563760552816e+01	2.455913194444152836e+01	4.307370057787769935e-01	1.663974996329476985e-01	4.617602148641251625e-01	-1.848090772585133834e+01	4.307370057787771045e-01	1.663974996329478095e-01	4.617602148641252735e-01	-1.848090772585133834e+01
7.577299412915850830e+11	1.673662494931866362e+00	1.494822547209719368e-02	4.747809111004247740e+00	2.800922697496794900e+00	5.003656867686852999e-02	1.786431618465821047e-02	3.360194807228815250e+01	2.399279136860694805e+01	4.671142034951860644e-01	4.244060840949703123e-02	4.690382546755759163e-01	-1.875894767043994804e+01	4.671142034951861755e-01	4.244060840949503283e-02	4.690382546755758053e-01	-1.875894767043995159e+01
7.639921722113503418e+11	1.672494574929688671e+00	1.553266356889329743e-02	4.974208733255717441e+00	2.796996839531695311e+00	5.195659110636411532e-02	1.857584905782849391e-02	4.232959954917552636e+01	2.556907938884452847e+01	4.550268900697297392e-01	-5.807564115715067171e-02	4.587180515113222223e-01	-1.897650082001382899e+01	4.550268900697302943e-01	-5.807564115714695246e-02	4.587180515113222778e-01	-1.897650082001382188e+01
7.702544031311154785e+11	1.673171244450877726e+00	1.474514277171941161e-02	4.760716638881839380e+00	2.799284594021940187e+00	4.934229776192726458e-02	1.762675287368102930e-02	3.854701624200397703e+01	2.493005220551739143e+01	4.252655304435796757e-01	-1.973187907655881423e-01	4.688128374657131170e-01	-1.928398252052062389e+01	4.252655304435788430e-01	-1.973187907655897244e-01	4.688128374657130615e-01	-1.928398252052062745e+01
7.765166340508806152e+11	1.672631684240785788e+00	1.547231027687746667e-02	5.036108642835287696e+00	2.797457358740863764e+00	5.175895279501915164e-02	1.850214182292875612e-02	3.992083174846157334e+01	2.516911824834292588e+01	3.494620590602902088e-01	-2.721516576732506687e-01	4.429336919866854738e-01	-1.951121896539537204e+01	3.494620590602922072e-01	-2.721516576732482262e-01	4.429336919866855293e-01	-1.951121896539536493e+01
7.827788649706457520e+11	1.673231136091856142e+00	1.510215377465409618e-02	4.955267915359308439e+00	2.799474359738610030e+00	5.053878783559677401e-02	1.805295614149351677e-02	3.631541479065592171e+01	2.452293614372045027e+01	2.673822790315888431e-01	-3.593682322925320083e-01	4.479272368601686649e-01	-1.978068015505920130e+01	2.673822790315924514e-01	-3.593682322925294548e-01	4.479272368601688314e-01	-1.978068015505919064e+01
7.890410958904110107e+11	1.672518397238151433e+00	1.561771063909276301e-02	5.165426145753766463e+00	2.797073876214468680e+00	5.224181673324930497e-02	1.867731030542276946e-02	3.655993590795400650e+01	2.456874760910466904e+01	1.798809446763770803e-01	-4.030132649325237071e-01	4.413352988026658652e-01	-2.000054613797207992e+01	1.798809446763783570e-01	-4.030132649325230410e-01	4.413352988026657542e-01	-2.000054613797207637e+01
7.953033268101761475e+11	1.673048844705208760e+00	1.534580613365809157e-02	5.115777737041393713e+00	2.798856943003542153e+00	5.134856644597355496e-02	1.834626331093213228e-02	3.350012720341232608e+01	2.397207383650611234e+01	5.414640225153645459e-02	-4.457642129765898020e-01	4.490407180283583766e-01	-2.029947571771069548e+01	5.414640225153449782e-02	-4.457642129765899686e-01	4.490407180283583766e-01	-2.029947571771069903e+01
8.015655577299412842e+11	1.672427842484551119e+00	1.558971045561979504e-02	5.238009215080817960e+00	2.796771849245440311e+00	5.214533164450212144e-02	1.864482855781416509e-02	3.268924477080584268e+01	2.380479992975507031e+01	-5.202512417577528220e-02	-4.333369827630174642e-01	4.364487990310668142e-01	-2.053983733305875603e+01	-5.202512417577331155e-02	-4.333369827630179638e-01	4.364487990310670362e-01	-2.053983733305875248e+01
8.078277886497064209e+11	1.673078071497646535e+00	1.552051103530289328e-02	5.255499105567633222e+00	2.798949347063486748e+00	5.193405334320501388e-02	1.855483858530399682e-02	3.208125675739888294e+01	2.367663554603103648e+01	-1.682652541836198168e-01	-3.941681330660996019e-01	4.285810458831475489e-01	-2.082382012050927855e+01	-1.682652541836217874e-01	-3.941681330660989357e-01	4.285810458831476599e-01	-2.082382012050928566e+01
8.140900195694715576e+11	1.672617824203449288e+00	1.576184452587984022e-02	5.378592363490456663e+00	2.797401950100222745e+00	5.272708419262037149e-02	1.884859063272309454e-02	2.985164436986297432e+01	2.318489897319820869e+01	-2.465442207032804145e-01	-3.424080887768223280e-01	4.219328762042418579e-01	-2.104439529820496091e+01	-2.465442207032809696e-01	-3.424080887768217729e-01	4.219328762042417469e-01	-2.104439529820496091e+01
8.203522504892368164e+11	1.672981988819706611e+00	1.614577201524942940e-02	5.551985851601753730e+00	2.798608048961172656e+00	5.402317155420310879e-02	1.930358614321008720e-02	3.004377766994418053e+01	2.322869627366675260e+01	-3.269393917180061226e-01	-2.600905191045600473e-01	4.177755904609786741e-01	-2.131913839626226448e+01	-3.269393917180064002e-01	-2.600905191045603249e-01	4.177755904609790627e-01	-2.131913839626226448e+01
8.266144814090019531e+11	1.672305408137001903e+00	1.599182448027164360e-02	5.541025961600140270e+00	2.796349639634056583e+00	5.348642912867193622e-02	1.912723229262254174e-02	2.958525451093412784e+01	2.312370603675120861e+01	-3.820368578472956300e-01	-1.773842524855913927e-01	4.212093704842128083e-01	-2.155645683287064429e+01	-3.820368578472947974e-01	-1.773842524855930025e-01	4.212093704842126418e-01	-2.155645683287064074e+01
8.328767123287670898e+11	1.672853200603357182e+00	1.624984875158164491e-02	5.673083858901327048e+00	2.798173773184446933e+00	5.436722298680764232e-02	1.942953776059994780e-02	2.911240638166310646e+01	2.301371757832981402e+01	-4.044826593727166020e-01	-5.620190162717230570e-02	4.083685534902699033e-01	-2.185308493527932683e+01	-4.044826593727170461e-01	-5.620190162717047383e-02	4.083685534902700698e-01	-2.185308493527933038e+01
8.391389432485322266e+11	1.672274285987972231e+00	1.618548159088634489e-02	5.693098053009864934e+00	2.796239317762253318e+00	5.413312934154185935e-02	1.935926191927770518e-02	2.914946994292515470e+01	2.302240317339674291e+01	-4.010499831719834263e-01	3.364592133195141305e-02	4.024588637668750635e-01	-2.207484716062391783e+01	-4.010499831719836483e-01	3.364592133194840851e-02	4.024588637668750080e-01	-2.207484716062391072e+01
8.454011741682974854e+11	1.672751858886806442e+00	1.650573847899333702e-02	5.849072001694132439e+00	2.797826342006529465e+00	5.522000944607118739e-02	1.973675371376652776e-02	2.909605004373063863e+01	2.300988106383218579e+01	-3.704867972795274911e-01	1.365434733684326996e-01	3.948475491603785636e-01	-2.234425383561314504e+01	-3.704867972795267139e-01	1.365434733684353918e-01	3.948475491603788412e-01	-2.234425383561315215e+01
8.516634050880626221e+11	1.672036655786387049e+00	1.653091008459506989e-02	5.901384495144081477e+00	2.795433307305099646e+00	5.528057522990360156e-02	1.977531536361212816e-02	2.935606163650457745e+01	2.307061510941496607e+01	-3.333953032617061885e-01	2.154577035552290021e-01	3.969564840864272526e-01	-2.256488516516552778e+01	-3.333953032617059664e-01	2.154577035552293074e-01	3.969564840864271971e-01	-2.256488516516553133e+01
8.579256360078277588e+11	1.672401378089037438e+00	1.657304050831751030e-02	5.959927795689246466e+00	2.796651703762421448e+00	5.543355157047129278e-02	1.982139981746559171e-02	2.902806060393925236e+01	2.299391042897864423e+01	-2.566766290604060585e-01	3.007699226360284195e-01	3.954054100139448025e-01	-2.285548108484648466e+01	-2.566766290604078349e-01	3.007699226360270317e-01	3.954054100139449135e-01	-2.285548108484647756e+01
8.641878669275928955e+11	1.671811926007889193e+00	1.645236813438729143e-02	5.959718464902446833e+00	2.794684435524978916e+00	5.501053051628167906e-02	1.968398643403472537e-02	2.920952396210056534e+01	2.303645301007103541e+01	-1.778053248936516118e-01	3.487298218124109672e-01	3.914424889838261645e-01	-2.309043603207242867e+01	-1.778053248936481701e-01	3.487298218124126881e-01	3.914424889838261645e-01	-2.309043603207243933e+01
8.704500978473581543e+11	1.672531975837007190e+00	1.661505478935096716e-02	6.062263610978289918e+00	2.797087150151589707e+00	5.557842083094660657e-02	1.987010695320469422e-02	2.767244559200920406e+01	2.266742106110777399e+01	-6.947069841002181945e-02	3.750668510535474787e-01	3.814463536289214307e-01	-2.337879832027915228e+01	-6.947069841002107005e-02	3.750668510535476452e-01	3.814463536289214307e-01	-2.337879832027915583e+01
8.767123287671232910e+11	1.671685768370896330e+00	1.668657749961384787e-02	6.132160944390421697e+00	2.794254866305143192e+00	5.578942825784496962e-02	1.996576222541059792e-02	2.805330706981263589e+01	2.276073675885726999e+01	7.134028685630720325e-03	3.791286891763877009e-01	3.791958034075448292e-01	-2.358075958694244179e+01	7.134028685629991741e-03	3.791286891763875344e-01	3.791958034075446626e-01	-2.358075958694244179e+01
8.829745596868884277e+11	1.672414247226036377e+00	1.672076840975409914e-02	6.188616682088953880e+00	2.796689830228417328e+00	5.592810262607958438e-02	1.999796402932237441e-02	2.601594561036433362e+01	2.224602957805022641e+01	1.188900581321088445e-01	3.619716058872805564e-01	3.809964427540931675e-01	-2.387929524398511916e+01	1.188900581321078315e-01	3.619716058872806674e-01	3.809964427540929455e-01	-2.387929524398511560e+01
8.892367906066535645e+11	1.671499591868955026e+00	1.671690912399551726e-02	6.231069068439470726e+00	2.793631430567423468e+00	5.588461355613783682e-02	2.000429009519947079e-02	2.633957583466056107e+01	2.233042695646492248e+01	1.943039825998751635e-01	3.261957615700143420e-01	3.796810668448115100e-01	-2.409917212737845915e+01	1.943039825998754133e-01	3.261957615700141755e-01	3.796810668448115100e-01	-2.409917212737846270e+01
8.954990215264188232e+11	1.672456203731315094e+00	1.673336641246678941e-02	6.281127333744802144e+00	2.796829747847868308e+00	5.597164493167860327e-02	2.001253203729980515e-02	2.453605773842715010e+01	2.184622166107038765e+01	2.809779303477643042e-01	2.446844408597672049e-01	3.725843165531393941e-01	-2.441627701551874452e+01	2.809779303477675794e-01	2.446844408597633747e-01	3.725843165531393941e-01	-2.441627701551875873e+01
9.017612524461839600e+11	1.671536028227275983e+00	1.674347514597677652e-02	6.328872304996781217e+00	2.793752349701852822e+00	5.597464388845626443e-02	2.003564986511056911e-02	2.436813709614399670e+01	2.179934069843234568e+01	3.192254485840806399e-01	1.813723384502561597e-01	3.671523010667668285e-01	-2.461605972395388520e+01	3.192254485840804734e-01	1.813723384502566038e-01	3.671523010667669396e-01	-2.461605972395388520e+01
9.080234833659490967e+11	1.672523682888719776e+00	1.708192834255050155e-02	6.501643271890564790e+00	2.797043677547747187e+00	5.713985940464753888e-02	2.042866182724174806e-02	2.242021549998745655e+01	2.123059036454840154e+01	3.518672418652174505e-01	7.654967326357604851e-02	3.600977761311442982e-01	-2.491852642496299453e+01	3.518672418652172840e-01	7.654967326357624280e-02	3.600977761311441872e-01	-2.491852642496299453e+01
9.142857142857142334e+11	1.671345389411639237e+00	1.679352639296123259e-02	6.435954960768361488e+00	2.793113388178832590e+00	5.613556581767686210e-02	2.009784710325648524e-02	2.218334215746927285e+01	2.115808208318372508e+01	3.673130598291241555e-01	7.332415364946738741e-03	3.673862384958339611e-01	-2.511278157460865401e+01	3.673130598291239890e-01	7.332415364947901006e-03	3.673862384958339056e-01	-2.511278157460865046e+01
9.205479452054794922e+11	1.672594907187450630e+00	1.711500542100108033e-02	6.604084402480258298e+00	2.797280800138835843e+00	5.725294180730403082e-02	2.046735594240750924e-02	1.991285917148934814e+01	2.042096946828667114e+01	3.403309170310444554e-01	-1.131950328077493129e-01	3.586617466911394825e-01	-2.545383420373449823e+01	3.403309170310448439e-01	-1.131950328077482720e-01	3.586617466911395380e-01	-2.545383420373449468e+01
9.268101761252446289e+11	1.671442879945167936e+00	1.679649374394517197e-02	6.525271513831111037e+00	2.793439178717306515e+00	5.614875975272142633e-02	2.010022633766590794e-02	1.985073651600885469e+01	2.039963894273072498e+01	3.123396344843470396e-01	-1.779806234232395590e-01	3.594901244595469225e-01	-2.565068174921677624e+01	3.123396344843470951e-01	-1.779806234232396422e-01	3.594901244595469780e-01	-2.565068174921677624e+01
9.330724070450097656e+11	1.672609233385378147e+00	1.752814208287956088e-02	6.855519849632903728e+00	2.797314411841144821e+00	5.863546458383033649e-02	2.096134218435512578e-02	1.932757194584329952e+01	2.021731013185952364e+01	2.288102244812258157e-01	-2.518114578403490289e-01	3.402398112020855181e-01	-2.596596015896849607e+01	2.288102244812268704e-01	-2.518114578403480852e-01	3.402398112020856291e-01	-2.596596015896849252e+01
9.393346379647749023e+11	1.671431199780905930e+00	1.699025639846609217e-02	6.689742959419090695e+00	2.793393586788552874e+00	5.679608927334679064e-02	2.033229028016881115e-02	1.899409716345102339e+01	2.009849646918753052e+01	1.845822248859067816e-01	-2.979617214707852013e-01	3.505021900155050885e-01	-2.614891535244711918e+01	1.845822248859058101e-01	-2.979617214707860340e-01	3.505021900155053105e-01	-2.614891535244712273e+01
9.455968688845401611e+11	1.672430247653810875e+00	1.787848153003828919e-02	7.086402509567324870e+00	2.796703293165567317e+00	5.980102658591204129e-02	2.138268536817994336e-02	1.826914287460536457e+01	1.983283923219000755e+01	7.755609201482209503e-02	-3.248832964505230514e-01	3.340121310988120595e-01	-2.646920335457337004e+01	7.755609201482097093e-02	-3.248832964505233289e-01	3.340121310988120595e-01	-2.646920335457337359e+01
9.518590998043052979e+11	1.671329684750720412e+00	1.713960197309042158e-02	6.838526897818911543e+00	2.793049149173146617e+00	5.729185112487607950e-02	2.051229608395424911e-02	1.851900636467336980e+01	1.992557310143179095e+01	1.070870839219993653e-02	-3.462750445849163694e-01	3.464405907767087456e-01	-2.667262196791286399e+01	1.070870839220006143e-02	-3.462750445849165359e-01	3.464405907767089121e-01	-2.667262196791286044e+01
9.581213307240704346e+11	1.672472692897540858e+00	1.806488859215552370e-02	7.255125973768859815e+00	2.796838568288105176e+00	6.042606574123282615e-02	2.160513174638411041e-02	1.761517732836178851e+01	1.958399070647432438e+01	-9.407437710187666058e-02	-3.084764662935244317e-01	3.225022770214902024e-01	-2.699954270818788160e+01	-9.407437710187659119e-02	-3.084764662935244872e-01	3.225022770214902579e-01	-2.699954270818788160e+01
9.643835616438355713e+11	1.671268347978243307e+00	1.746313447285544745e-02	7.059292194694590350e+00	2.792832929888309224e+00	5.837116780194206989e-02	2.090034358205467360e-02	1.786165353603216133e+01	1.967884871739277841e+01	-1.515126969945984614e-01	-2.936886754668573407e-01	3.304680551098003738e-01	-2.717982063261712966e+01	-1.515126969945984059e-01	-2.936886754668572852e-01	3.304680551098003183e-01	-2.717982063261712966e+01
9.706457925636008301e+11	1.672113920929705122e+00	1.818448947903720039e-02	7.398625592438720311e+00	2.795634288909298881e+00	6.081307600579572564e-02	2.175287241505454924e-02	1.752898561064335681e+01	1.955050572653480501e+01	-2.221755668379283288e-01	-2.255409732392857636e-01	3.165923453109360519e-01	-2.748141903655148610e+01	-2.221755668379279958e-01	-2.255409732392860411e-01	3.165923453109359964e-01	-2.748141903655148610e+01
9.769080234833659668e+11	1.671192822824479229e+00	1.760938288716265565e-02	7.210858513455785435e+00	2.792575360694384390e+00	5.885734859078887299e-02	2.107636893858211638e-02	1.697511716545112037e+01	1.933132112951254911e+01	-2.731668542025521562e-01	-1.814695940035401522e-01	3.279502154027774119e-01	-2.768795920499785979e+01	-2.731668542025522117e-01	-1.814695940035400690e-01	3.279502154027773564e-01	-2.768795920499785979e+01
9.831702544031311035e+11	1.671646999449179605e+00	1.828275649882693185e-02	7.534588992516666472e+00	2.794069431582249852e+00	6.112463008584805707e-02	2.187656090250909499e-02	1.734983879018422925e+01	1.948037829619187988e+01	-2.989638284292165937e-01	-8.987085756211682375e-02	3.121796626111386086e-01	-2.798231957009843995e+01	-2.989638284292168158e-01	-8.987085756211608822e-02	3.121796626111386086e-01	-2.798231957009844351e+01
9.894324853228962402e+11	1.671011383272545281e+00	1.720253270649364091e-02	7.134568605536160568e+00	2.791983115894907108e+00	5.749125594733828226e-02	2.059154857349871845e-02	1.385693397512497071e+01	1.794576752141449560e+01	-3.275453262358324347e-01	-2.304367503100101730e-02	3.283549172737820210e-01	-2.820409697911501823e+01	-3.275453262358322681e-01	-2.304367503100158629e-02	3.283549172737819655e-01	-2.820409697911501468e+01
9.956947162426614990e+11	1.671675011925655596e+00	1.875187874183963793e-02	7.826365923968827687e+00	2.794145712540292426e+00	6.269409423878645471e-02	2.243766098432577183e-02	1.536051363805108672e+01	1.864900957188590525e+01	-2.887473298405461852e-01	6.443628017918294482e-02	2.958497163990111978e-01	-2.849389440414584485e+01	-2.887473298405460187e-01	6.443628017918373585e-02	2.958497163990111978e-01	-2.849389440414584840e+01
1.001956947162426636e+12	1.670785087484923048e+00	1.735955745224108254e-02	7.290828312961490809e+00	2.791221454327064144e+00	5.800817943308433228e-02	2.078236370072238798e-02	1.499981014721827499e+01	1.848679075789327442e+01	-2.940192434883285300e-01	1.304048145965379379e-01	3.216406864987799152e-01	-2.869178996644696156e+01	-2.940192434883281414e-01	1.304048145965386873e-01	3.216406864987799152e-01	-2.869178996644696511e+01
1.008219178082191772e+12	1.671552170249114067e+00	1.864454898455234627e-02	7.879451695724636551e+00	2.793739038657685914e+00	6.233067263688878146e-02	2.231084284337342405e-02	1.501130783024869508e+01	1.849202152060554027e+01	-2.218370756953109701e-01	1.976908222217233224e-01	2.971419683312139237e-01	-2.900223969864430273e+01	-2.218370756953104150e-01	1.976908222217240718e-01	2.971419683312140347e-01	-2.900223969864430629e+01
1.014481409001956909e+12	1.670739344585930430e+00	1.711487051565241044e-02	7.277913198961209140e+00	2.791077038754656847e+00	5.718897509598834528e-02	2.048993069768699146e-02	1.369347137953314508e+01	1.786475869619489742e+01	-1.903366747419301674e-01	2.625079175064040649e-01	3.242506075636009677e-01	-2.921777598821950761e+01	-1.903366747419315830e-01	2.625079175064030657e-01	3.242506075636010232e-01	-2.921777598821950406e+01
1.020743639921722046e+12	1.671807347847597436e+00	1.877527724501339840e-02	8.033267012139351237e+00	2.794587297281590388e+00	6.277729291217838681e-02	2.246388687633570427e-02	1.330363436071980310e+01	1.766759230025896699e+01	-8.604099655396184321e-02	2.745205688810972711e-01	2.876883658175981018e-01	-2.954140489057628116e+01	-8.604099655396042767e-02	2.745205688810975486e-01	2.876883658175979352e-01	-2.954140489057628827e+01
1.027005870841487305e+12	1.670840466977554950e+00	1.717847795369289998e-02	7.395146283395322762e+00	2.791412765984968125e+00	5.740499225222375768e-02	2.056485266232850953e-02	1.210827531855410299e+01	1.702487715101686305e+01	-3.542982623995795388e-02	3.129440183203978099e-01	3.149432189933783488e-01	-2.973239565165332721e+01	-3.542982623995954289e-02	3.129440183203974768e-01	3.149432189933782378e-01	-2.973239565165332365e+01
1.033268101761252441e+12	1.671376776766160477e+00	1.889875044413923122e-02	8.185312671950272900e+00	2.793143167144889638e+00	6.317386520446693909e-02	2.261748196353370252e-02	1.237837958045371778e+01	1.717548806076284507e+01	4.925495595730945697e-02	2.782228485806048646e-01	2.825491181346398983e-01	-3.002034893320418618e+01	4.925495595730956105e-02	2.782228485806049756e-01	2.825491181346400094e-01	-3.002034893320418618e+01
1.039530332681017578e+12	1.671040418897475455e+00	1.679461871896250486e-02	7.318068595551361355e+00	2.792094022371134798e+00	5.612897339871697477e-02	2.010282352563846214e-02	1.024338493982063625e+01	1.588307420908370204e+01	1.305312972291912399e-01	2.954816931420812254e-01	3.230291790820862263e-01	-3.026110868786746266e+01	1.305312972291939044e-01	2.954816931420799486e-01	3.230291790820861153e-01	-3.026110868786746977e+01
1.045792563600782715e+12	1.671297022965218426e+00	1.908516313321153776e-02	8.366245163035912924e+00	2.792869495520580614e+00	6.379395265468396081e-02	2.284172345217047248e-02	1.111275051958141979e+01	1.643917905949583158e+01	1.770146039577833730e-01	2.115022046043513460e-01	2.758031047084709697e-01	-3.054199309560455688e+01	1.770146039577856489e-01	2.115022046043494308e-01	2.758031047084709697e-01	-3.054199309560456754e+01
1.052054794520547974e+12	1.671556751409729147e+00	1.664327929022910504e-02	7.339499109567794832e+00	2.793824974437914666e+00	5.564037172636036865e-02	1.991548226372146652e-02	9.499015600090627842e+00	1.536804568518532221e+01	2.627742212421612655e-01	1.791184549104216095e-01	3.180152704492679727e-01	-3.081762660005249543e+01	2.627742212421605994e-01	1.791184549104229418e-01	3.180152704492681948e-01	-3.081762660005249188e+01
1.058317025440313110e+12	1.671333138226935633e+00	1.947792387010419471e-02	8.640673757191866144e+00	2.792975069417207301e+00	6.510819925593316904e-02	2.331141440138915708e-02	1.023741050584350099e+01	1.587909142467166923e+01	2.459614392122198012e-01	9.328422685229104117e-02	2.630569834822413799e-01	-3.105342314337929110e+01	2.459614392122199678e-01	9.328422685229065259e-02	2.630569834822413799e-01	-3.105342314337929466e+01
1.064579256360078247e+12	1.671939703620434647e+00	1.707407722056430641e-02	7.619112775907334267e+00	2.795090848429452990e+00	5.709365521548540046e-02	2.042640411762144600e-02	8.981763664682608450e+00	1.498580921060490034e+01	3.066908811387165090e-01	2.105563166360430866e-02	3.074128107258962128e-01	-3.134737984946844236e+01	3.066908811387164535e-01	2.105563166360510316e-02	3.074128107258962683e-01	-3.134737984946843881e+01
1.070841487279843384e+12	1.671039755032046603e+00	1.973824798622924800e-02	8.859780260899155380e+00	2.791984264463996279e+00	6.596679415934061930e-02	2.362720843342750246e-02	9.687952567700104822e+00	1.550249588868548578e+01	2.547115152028155971e-01	-3.491478295834397200e-02	2.570933644533487938e-01	-3.155215333902304309e+01	2.547115152028155971e-01	-3.491478295834400669e-02	2.570933644533487938e-01	-3.155215333902304309e+01
1.077103718199608643e+12	1.671898375810985105e+00	1.751702370922637170e-02	7.908734639527035704e+00	2.794937332919780193e+00	5.857336697699618011e-02	2.095695180249586634e-02	9.067039094781915054e+00	1.505031750978310789e+01	2.642821426698613307e-01	-1.302510570260157763e-01	2.946360276520292309e-01	-3.187383659312090600e+01	2.642821426698601650e-01	-1.302510570260180245e-01	2.946360276520291754e-01	-3.187383659312091311e+01
1.083365949119373779e+12	1.670910524100643002e+00	1.989573503832848048e-02	9.034920406669298742e+00	2.791546139277569782e+00	6.648798612052193857e-02	2.381762034487758944e-02	9.624481253056242025e+00	1.545762353097622999e+01	1.983133460460178576e-01	-1.498595622087220691e-01	2.485680422044585225e-01	-3.206304695188580922e+01	1.983133460460178576e-01	-1.498595622087220969e-01	2.485680422044585225e-01	-3.206304695188580922e+01
1.089628180039138916e+12	1.671318509077454051e+00	1.773359338029664375e-02	8.099612346475890234e+00	2.792991078450706155e+00	5.927696569788638847e-02	2.122347119374537461e-02	8.423064444596066735e+00	1.454738512701259978e+01	1.710045573202301772e-01	-2.275705348013287443e-01	2.846592821849494581e-01	-3.234230372652981345e+01	1.710045573202295388e-01	-2.275705348013293827e-01	2.846592821849495136e-01	-3.234230372652982055e+01
1.095890410958904053e+12	1.670673829381670972e+00	1.925938747938350792e-02	8.847055643727006924e+00	2.790780120174735313e+00	6.435230926345410218e-02	2.305889625565517298e-02	5.918190998531292379e+00	1.213797199458015896e+01	1.072472985352005970e-01	-2.332103821942333732e-01	2.566886546115328960e-01	-3.255568845000608036e+01	1.072472985351981545e-01	-2.332103821942345667e-01	2.566886546115330070e-01	-3.255568845000609457e+01
1.102152641878669189e+12	1.680225258322713522e+00	2.117580618363635800e-02	9.782973124056260517e+00	2.822708503938102353e+00	7.116024883018422231e-02	2.520991761313822604e-02	2.041707668245564378e+00	4.872762057323431151e+00	-1.033889120543563384e-01	-1.981012749276049589e-01	2.234577863125963015e-01	-3.346773601464680326e+01	-1.033889120543549783e-01	-1.981012749276055696e-01	2.234577863125962460e-01	-3.346773601464679615e+01
1.108414872798434326e+12	1.669563077023227038e+00	2.007485027077977185e-02	9.327039594382441123e+00	2.787037868545871877e+00	6.703245757772727242e-02	2.405150584218693904e-02	7.184386404599689691e+00	1.346151562538993218e+01	-4.132656631173381098e-03	-2.394161681292109045e-01	2.394518331784197540e-01	-3.300398254188365144e+01	-4.132656631172877161e-03	-2.394161681292108768e-01	2.394518331784197263e-01	-3.300398254188364433e+01
1.114677103718199707e+12	1.672439362375838012e+00	1.853866441316378774e-02	8.661970184598366984e+00	2.796709738745875473e+00	6.200958418090257024e-02	2.217233462658496634e-02	5.740286934751555492e+00	1.192961189005536404e+01	-1.186892797492254958e-01	-2.337187849353039859e-01	2.621290055660090434e-01	-3.345661438801449350e+01	-1.186892797492238305e-01	-2.337187849353050129e-01	2.621290055660092100e-01	-3.345661438801448639e+01
1.120939334637964844e+12	1.669669370443065404e+00	2.026657013008159938e-02	9.522511945306607828e+00	2.787385072730904856e+00	6.767694278026716026e-02	2.427972490860817387e-02	7.050479555847298130e+00	1.333307599151297573e+01	-1.177844604172976761e-01	-1.992963001137672829e-01	2.314998798160179672e-01	-3.352049972356174123e+01	-1.177844604172961218e-01	-1.992963001137681156e-01	2.314998798160178839e-01	-3.352049972356173413e+01
1.127201565557729980e+12	1.671122712532770338e+00	1.919431660041269472e-02	9.069083455390190451e+00	2.792282698553127496e+00	6.415211684498889344e-02	2.297479294565356669e-02	8.094872848017420353e+00	1.427607522636882642e+01	-1.932264979119933945e-01	-1.564919674986839093e-01	2.486487791784683654e-01	-3.387677753812885584e+01	-1.932264979119922843e-01	-1.564919674986853526e-01	2.486487791784683932e-01	-3.387677753812884873e+01
1.133463796477495117e+12	1.669928205135603916e+00	2.005969771041292427e-02	9.530620973424507980e+00	2.788257818835186530e+00	6.699650998622527776e-02	2.402809006170509784e-02	7.864006742203788924e+00	1.407854893125527340e+01	-2.041548086165025366e-01	-1.120420480146229192e-01	2.328789522575018811e-01	-3.405559063935230313e+01	-2.041548086165032028e-01	-1.120420480146216285e-01	2.328789522575018256e-01	-3.405559063935230313e+01
1.139726027397260254e+12	1.671227576101929069e+00	1.891721105803217604e-02	9.037467250453365963e+00	2.792643750249314660e+00	6.322992956624744199e-02	2.264160244592693105e-02	7.271062709563832271e+00	1.354338299651227473e+01	-2.466573769037246899e-01	-3.698002912257745273e-02	2.494140816692850260e-01	-3.440870290202978055e+01	-2.466573769037246067e-01	-3.698002912257834091e-02	2.494140816692850537e-01	-3.440870290202978055e+01
1.145988258317025391e+12	1.670061802051367339e+00	2.045587040923679822e-02	9.826238312379416584e+00	2.788687980036861358e+00	6.832513559635849942e-02	2.450081761942236522e-02	7.218612206481998861e+00	1.349395992258820520e+01	-2.214061807161970263e-01	5.400706363868349423e-03	2.214720399702003739e-01	-3.458190710664973011e+01	-2.214061807161971651e-01	5.400706363866932154e-03	2.214720399702004572e-01	-3.458190710664972300e+01
1.152250489236790527e+12	1.670921799856404322e+00	1.806601855766661741e-02	8.725664577559669510e+00	2.791653280208839405e+00	6.037380848923101090e-02	2.162654256430961153e-02	5.326215605166362721e+00	1.141851362394318059e+01	-2.454416940798762325e-01	8.619288172402124470e-02	2.601361913550105376e-01	-3.489524001418964616e+01	-2.454416940798763713e-01	8.619288172402105042e-02	2.601361913550106486e-01	-3.489524001418964616e+01
1.158512720156555664e+12	1.670004272538026413e+00	2.051779166275143756e-02	9.963698637396880997e+00	2.788493290520546619e+00	6.852959947968000065e-02	2.457585238330881050e-02	4.228221311938663796e+00	9.842519104307109856e+00	-1.880487195267780687e-01	1.103540101904845333e-01	2.180374474276893515e-01	-3.508820403869035687e+01	-1.880487195267794009e-01	1.103540101904821880e-01	2.180374474276893515e-01	-3.508820403869034976e+01
1.164774951076321045e+12	1.670895606060782246e+00	1.109737429594243041e-02	5.418154910720878625e+00	2.791768974636964717e+00	3.708510789980414696e-02	1.328373093788199656e-02	1.253141641780164850e+00	1.540456098905611526e+00	-2.798901603935380344e-01	3.251016921555772154e-01	4.289867272160528544e-01	-3.541750951190165608e+01	-2.798901603935386451e-01	3.251016921555766048e-01	4.289867272160527434e-01	-3.541750951190165608e+01
1.171037181996086182e+12	1.668271694729245969e+00	2.096145665323640231e-02	1.028919280015562521e+01	2.782691064769764910e+00	6.993880962977663818e-02	2.513351572340756859e-02	3.074944118961411288e+00	7.668271347905108115e+00	-1.247305009590219255e-01	1.662870620314743364e-01	2.078679505564721974e-01	-3.548475589174264400e+01	-1.247305009590209540e-01	1.662870620314750858e-01	2.078679505564721974e-01	-3.548475589174265110e+01
1.177299412915851318e+12	1.673685773909098229e+00	2.152850315363041139e-02	1.062404553762340598e+01	2.800760593337661142e+00	7.206389892357675797e-02	2.573011741703290153e-02	4.158223172075468987e+00	9.728558288789320940e+00	2.891483593180964123e-04	1.969821372310635033e-01	1.969823494501251882e-01	-3.612978340649696207e+01	2.891483593171584690e-04	1.969821372310635033e-01	1.969823494501251882e-01	-3.612978340649696207e+01
1.183561643835616455e+12	1.668963370647021716e+00	2.150701477918411098e-02	1.066989577007206691e+01	2.784976180876756136e+00	7.178883975684484386e-02	2.577718267387283171e-02	4.867690428860095508e+00	1.080397023598128214e+01	-1.646962773756138754e-02	1.952529383164697818e-01	1.959463155025605585e-01	-3.604416449893578545e+01	-1.646962773756225490e-02	1.952529383164696986e-01	1.959463155025605585e-01	-3.604416449893577834e+01
1.189823874755381592e+12	1.673096296356725965e+00	2.283864732797530675e-02	1.139048505234906195e+01	2.798729613070821909e+00	7.642251251646584032e-02	2.730614353010455200e-02	4.899355270080547164e+00	1.084823441939390065e+01	8.098829794084495826e-02	1.572919666932146021e-01	1.769176847846885281e-01	-3.660380523610803749e+01	8.098829794084613787e-02	1.572919666932139915e-01	1.769176847846885003e-01	-3.660380523610804460e+01
1.196086105675146729e+12	1.667962849755879384e+00	2.213610818671680677e-02	1.109820838871699777e+01	2.781610060880100210e+00	7.384441218724123457e-02	2.654736306349024869e-02	5.293714284116938451e+00	1.137672889779480911e+01	6.488133488896594137e-02	1.731304741863939900e-01	1.848884764093743915e-01	-3.648687048352467599e+01	6.488133488896591361e-02	1.731304741863939900e-01	1.848884764093743360e-01	-3.648687048352467599e+01
1.202348336594911865e+12	1.671999125337909176e+00	2.286747993345717919e-02	1.152491615781862855e+01	2.795058153492226527e+00	7.646881289484518118e-02	2.735857670771637759e-02	4.820305108072546751e+00	1.073718965415646664e+01	1.371809839391286978e-01	1.054771965891032337e-01	1.730435244520979465e-01	-3.704362983807381227e+01	1.371809839391293362e-01	1.054771965891025121e-01	1.730435244520980298e-01	-3.704362983807381227e+01
1.208610567514677002e+12	1.666962128022199341e+00	2.120936570778844329e-02	1.074492105233318284e+01	2.778312899066572417e+00	7.071041878851216933e-02	2.545084781928943010e-02	3.780560476535373748e+00	9.078555980855846030e+00	1.390607014006169373e-01	1.350893933883802467e-01	1.938737292158793091e-01	-3.692819855618242286e+01	1.390607014006158271e-01	1.350893933883813292e-01	1.938737292158792813e-01	-3.692819855618240865e+01
1.214872798434442139e+12	1.671181222907999864e+00	2.609588735410766150e-02	1.328899194649119586e+01	2.792165684463479458e+00	8.722191388261410494e-02	3.123808675392913958e-02	3.887904610483287282e+00	9.269688718684523820e+00	1.309239828267907968e-01	2.701018208581295807e-02	1.336811101672131519e-01	-3.749566185986894595e+01	1.309239828267909078e-01	2.701018208581263541e-02	1.336811101672132074e-01	-3.749566185986894595e+01
1.221135029354207520e+12	1.666737577176759411e+00	2.066030309966168654e-02	1.057522312475375337e+01	2.777587303048883793e+00	6.887060706413522526e-02	2.479511876675767959e-02	5.198723237516983176e+00	1.125311850491801913e+01	1.915686341604838083e-01	5.493732174012483371e-02	1.992903683425048811e-01	-3.741983070534325151e+01	1.915686341604839471e-01	5.493732174012441044e-02	1.992903683425049088e-01	-3.741983070534325151e+01
1.227397260273972656e+12	1.670460961730521499e+00	2.361566344268407544e-02	1.214994918277436220e+01	2.789882125105820787e+00	7.889808773274072096e-02	2.828007929895894751e-02	4.470338035249061370e+00	1.022264415376604596e+01	1.529371018980372199e-01	-4.082865821033143661e-02	1.582931977951885505e-01	-3.795999154968721001e+01	1.529371018980369423e-01	-4.082865821033241499e-02	1.582931977951885227e-01	-3.795999154968721712e+01
1.233659491193737793e+12	1.666899338331703451e+00	2.014060237430471967e-02	1.041494356337605609e+01	2.778147760266671096e+00	6.714471354266093872e-02	2.416887773320444341e-02	3.646997975543463166e+00	8.833016054370853354e+00	1.976638088698973728e-01	-5.075603512942163109e-02	2.040763495337330757e-01	-3.795046106400441488e+01	1.976638088698974283e-01	-5.075603512942152701e-02	2.040763495337331035e-01	-3.795046106400441488e+01
1.239921722113502930e+12	1.667863592065750522e+00	2.411940285514854038e-02	1.253574014305343631e+01	2.781187216144379359e+00	8.045574776893792135e-02	2.892856234269459981e-02	5.096179322338623585e+00	1.111711852061786843e+01	1.249296346400163293e-01	-8.157883077861251275e-02	1.492062975966278182e-01	-3.827759189842166165e+01	1.249296346400165653e-01	-8.157883077861213805e-02	1.492062975966278182e-01	-3.827759189842165455e+01
1.246183953033268066e+12	1.666961856755072802e+00	1.962323330166117555e-02	1.025042524949883216e+01	2.778376760591108052e+00	6.542236284015018333e-02	2.354697309886488385e-02	4.962002498363093927e+00	1.093497210477997861e+01	1.504026044137699025e-01	-1.441896277299856421e-01	2.083544867751995489e-01	-3.846342304255953337e+01	1.504026044137710127e-01	-1.441896277299844209e-01	2.083544867751995211e-01	-3.846342304255952627e+01
1.252446183953033203e+12	1.668197803174187532e+00	2.319377398758835224e-02	1.217642101032565449e+01	2.782345959363398347e+00	7.738360562682701504e-02	2.781235933885533446e-02	5.008618410567660106e+00	1.099880609422452871e+01	6.928416929342370856e-02	-1.416011871175839321e-01	1.576426094296488611e-01	-3.881486450263240329e+01	6.928416929342386121e-02	-1.416011871175838766e-01	1.576426094296488889e-01	-3.881486450263240329e+01
1.258708414872798340e+12	1.667125331877767458e+00	1.924710494838385161e-02	1.015499493410996656e+01	2.778936421139662105e+00	6.417467244952129724e-02	2.309324961929240527e-02	4.549195303347927322e+00	1.034201700457296980e+01	5.841493052683750797e-02	-2.042782095479406257e-01	2.124662114421198844e-01	-3.899138346581406012e+01	5.841493052683797982e-02	-2.042782095479405424e-01	2.124662114421199122e-01	-3.899138346581406012e+01
1.264970645792563477e+12	1.668255698907124218e+00	2.313741338329913799e-02	1.226830077165162436e+01	2.782541737038027652e+00	7.719824346931750125e-02	2.774378635250726935e-02	4.278347280086686411e+00	9.922973584369232825e+00	-1.032833620893141083e-02	-1.550304942952934750e-01	1.553741570863306221e-01	-3.933643118774338632e+01	-1.032833620893012540e-02	-1.550304942952935305e-01	1.553741570863305943e-01	-3.933643118774337921e+01
1.271232876712328857e+12	1.667199591986203711e+00	1.876442303236963011e-02	9.998837088994488198e+00	2.779202375947226411e+00	6.256807684684634330e-02	2.251296177217805908e-02	3.934345925527247267e+00	9.350750236305580998e+00	-5.164464808854327821e-02	-2.097725593167517888e-01	2.160363310151549865e-01	-3.951130108226002591e+01	-5.164464808854275085e-02	-2.097725593167520108e-01	2.160363310151550698e-01	-3.951130108226002591e+01
1.277495107632093994e+12	1.668735716493340293e+00	2.313634048776836219e-02	1.238919457520916545e+01	2.784143601249375877e+00	7.721687544178003348e-02	2.773451606703375427e-02	3.513041409091165690e+00	8.577548285499538849e+00	-8.798528073564204632e-02	-1.245892659303420996e-01	1.525250628952213861e-01	-3.988478492625267080e+01	-8.798528073564360064e-02	-1.245892659303409894e-01	1.525250628952213861e-01	-3.988478492625267791e+01
1.283757338551859131e+12	1.667806435707906321e+00	1.877750702760604476e-02	1.010438844472676223e+01	2.781225712218538870e+00	6.263449413438360036e-02	2.252046421806631199e-02	3.514808903744599089e+00	8.580982065409356707e+00	-1.530940676726879057e-01	-1.491914643263382301e-01	2.137659621745393868e-01	-4.006821593737254261e+01	-1.530940676726879612e-01	-1.491914643263383133e-01	2.137659621745394700e-01	-4.006821593737254261e+01
1.290019569471624268e+12	1.669484872493886218e+00	2.352556927728701244e-02	1.272112737092955825e+01	2.786626287076107378e+00	7.855116405047518624e-02	2.818862522570103959e-02	2.883975538991573107e+00	7.230567892692530307e+00	-1.351762136400434244e-01	-5.398798982469960039e-02	1.455586197357288947e-01	-4.046072433555268333e+01	-1.351762136400432024e-01	-5.398798982470032204e-02	1.455586197357289502e-01	-4.046072433555267622e+01
1.296281800391389404e+12	1.668772225990275304e+00	1.858785033321016730e-02	1.009991576429686511e+01	2.784455234056528727e+00	6.203777675385042240e-02	2.228004099152666034e-02	2.908110074664124411e+00	7.287458861421431067e+00	-2.099933844765078661e-01	-3.740223157571084811e-02	2.132982617152365812e-01	-4.066444141539248136e+01	-2.099933844765076996e-01	-3.740223157571173629e-02	2.132982617152365534e-01	-4.066444141539248136e+01
1.302544031311154541e+12	1.669519709568571209e+00	2.559559156343221148e-02	1.397483682532771176e+01	2.786640926330444135e+00	8.546468918643423951e-02	3.066943012962112386e-02	2.713195913212510746e+00	6.813852912090657021e+00	-1.197416916967906503e-01	1.643060385708199761e-02	1.208637144618583403e-01	-4.097706996653128186e+01	-1.197416916967908029e-01	1.643060385708114760e-02	1.208637144618583542e-01	-4.097706996653127476e+01
1.308806262230919678e+12	1.668968258101015012e+00	1.954981838304179625e-02	1.072524576247350936e+01	2.785072851149926088e+00	6.525605266587293507e-02	2.343064478149267313e-02	2.883086967019748759e+00	7.228464236343655536e+00	-1.829435195029867067e-01	6.634363796906933564e-02	1.946016691272472177e-01	-4.118860004992384205e+01	-1.829435195029865124e-01	6.634363796906983524e-02	1.946016691272472177e-01	-4.118860004992384205e+01
1.315068493150684814e+12	1.667526883749284483e+00	2.616463402554044734e-02	1.442288691908818521e+01	2.779961319952909626e+00	8.726046128209992425e-02	3.138909187541431139e-02	3.000603889745862674e+00	7.501201931888079599e+00	-1.000832522514551598e-01	5.333865050241166916e-02	1.134092986427780725e-01	-4.133035773929415768e+01	-1.000832522514550488e-01	5.333865050241193978e-02	1.134092986427781002e-01	-4.133035773929416479e+01
1.321330724070450195e+12	1.668557584575219632e+00	1.983806023249945136e-02	1.098752557878406044e+01	2.783690864409702925e+00	6.620189172839401059e-02	2.378205589377917206e-02	3.006491782907396271e+00	7.514584280879406997e+00	-1.263369823256718372e-01	1.389819024087666222e-01	1.878217301068144385e-01	-4.167372595375818634e+01	-1.263369823256703661e-01	1.389819024087679544e-01	1.878217301068144385e-01	-4.167372595375819344e+01
1.327592954990215332e+12	1.666348347715335798e+00	2.678833391095456276e-02	1.490732788729806835e+01	2.775999201099904834e+00	8.927739190113166690e-02	3.216045302381867477e-02	2.880758659420168399e+00	7.222948990461691032e+00	-6.494964558058338722e-02	8.325700988962855820e-02	1.055944418840551735e-01	-4.174900599601201634e+01	-6.494964558058395621e-02	8.325700988962812799e-02	1.055944418840551735e-01	-4.174900599601200923e+01
1.333855185909980469e+12	1.668884349298755065e+00	2.036607487762683716e-02	1.138689140506362207e+01	2.784760194328407934e+00	6.797724723983597506e-02	2.441044919353633699e-02	3.028520828668209486e+00	7.564421783581032344e+00	-3.480329371162085156e-02	1.729169689158478740e-01	1.763846574740038087e-01	-4.221288276684178697e+01	-3.480329371162227403e-02	1.729169689158475409e-01	1.763846574740037254e-01	-4.221288276684177987e+01
1.340117416829745605e+12	1.664656409443232565e+00	2.606910824843669192e-02	1.464394833700820975e+01	2.770401363095566616e+00	8.679221626845916304e-02	3.132839068902278090e-02	3.294825291163714809e+00	8.139762734342415484e+00	-3.142286770180753586e-02	1.051057246324647726e-01	1.097023699156987747e-01	-4.212099441053046434e+01	-3.142286770180743177e-02	1.051057246324648559e-01	1.097023699156988302e-01	-4.212099441053046434e+01
1.346379647749510742e+12	1.668280311538514527e+00	2.000525325866995760e-02	1.129017706187298131e+01	2.782758987709099685e+00	6.674874027756159955e-02	2.398653299562688787e-02	3.198831200960698506e+00	7.937915099743869440e+00	4.702698651703566407e-02	1.733969142033411903e-01	1.796608675146436074e-01	-4.267634014923042685e+01	4.702698651703526161e-02	1.733969142033413291e-01	1.796608675146436351e-01	-4.267634014923042685e+01
1.352641878669275879e+12	1.664420121605941549e+00	2.527887154213106710e-02	1.433275487403884263e+01	2.769655319860293563e+00	8.414932489242953062e-02	3.038259825654918492e-02	3.291463089081040572e+00	8.132792940242238089e+00	2.304426763158762617e-02	1.126728438561508672e-01	1.150052521118439808e-01	-4.261324229288575793e+01	2.304426763158799046e-02	1.126728438561508394e-01	1.150052521118440085e-01	-4.261324229288576504e+01
1.358904109589041016e+12	1.668406705783679778e+00	1.959268154637353043e-02	1.116019679259351172e+01	2.783197062733772320e+00	6.537712255250750781e-02	2.348993660128807781e-02	3.085610414204184693e+00	7.691910455027937132e+00	1.300520399355628576e-01	1.281411750465782651e-01	1.825751731033522784e-01	-4.320429976229066682e+01	1.300520399355642176e-01	1.281411750465769883e-01	1.825751731033523340e-01	-4.320429976229067393e+01
1.365166340508806152e+12	1.664251086971442639e+00	2.497518830087841479e-02	1.429168726149387325e+01	2.769107920454964233e+00	8.312996855410671737e-02	3.002048708179219996e-02	3.128520267651170528e+00	7.786190632678235524e+00	7.431811037345996407e-02	8.841466010646571727e-02	1.155003621259415719e-01	-4.311049076793946710e+01	7.431811037346040816e-02	8.841466010646535645e-02	1.155003621259415719e-01	-4.311049076793947421e+01
1.371428571428571533e+12	1.668860595567679628e+00	1.900533426289945441e-02	1.092541308491672503e+01	2.784734484708065505e+00	6.343450691389042329e-02	2.277937349583276580e-02	2.647489814085886906e+00	6.646495894564313112e+00	1.841120650563458916e-01	4.318309228940252903e-02	1.891085190016229822e-01	-4.375191370295249982e+01	1.841120650563460581e-01	4.318309228940180045e-02	1.891085190016229822e-01	-4.375191370295250692e+01
1.377690802348336670e+12	1.663566306034884201e+00	2.495563496539680848e-02	1.441151189493410811e+01	2.766830070858023571e+00	8.303070694828032505e-02	3.000932649345234779e-02	2.536864361340770646e+00	6.355113595209460620e+00	1.037416221037051473e-01	4.635894029049614229e-02	1.136286737648809775e-01	-4.356204981098027673e+01	1.037416221037046893e-01	4.635894029049701659e-02	1.136286737648809081e-01	-4.356204981098026963e+01
1.383953033268101807e+12	1.669655176096042526e+00	1.852373893864359480e-02	1.074581017974482045e+01	2.787405278160039579e+00	6.185651319911618373e-02	2.219143146630888838e-02	2.144375116579050999e+00	5.207688084074302282e+00	1.821901772657292529e-01	-6.785016075092349663e-02	1.944142613237105355e-01	-4.433879865968066980e+01	1.821901772657297802e-01	-6.785016075092209498e-02	1.944142613237105355e-01	-4.433879865968066269e+01
1.390215264187866943e+12	1.662487570605840626e+00	2.406680081980124009e-02	1.402457074189431729e+01	2.763285711517210252e+00	8.002151445433203225e-02	2.895882757284457681e-02	1.996016757196739544e+00	4.718254928785739821e+00	1.202898075979325770e-01	1.315492953143452505e-05	1.202898083172461025e-01	-4.398218778995682499e+01	1.202898075979326048e-01	1.315492953157295057e-05	1.202898083172461302e-01	-4.398218778995682499e+01
1.396477495107632080e+12	1.670722284525865131e+00	1.778233363636623141e-02	1.040906826269188379e+01	2.790996740621770833e+00	5.941868215430184952e-02	2.128941295039445819e-02	1.747265426513183950e+00	3.809618407077161706e+00	1.168809491218103097e-01	-1.665473896961043310e-01	2.034679072537024236e-01	-4.494116856222306211e+01	1.168809491218117946e-01	-1.665473896961033318e-01	2.034679072537024513e-01	-4.494116856222304790e+01
1.402739726027397217e+12	1.662058175223250167e+00	2.349354079106564033e-02	1.381384991981727950e+01	2.761885431367538501e+00	7.809526307346310869e-02	2.827606901666246744e-02	1.368130283943695957e+00	2.139775754968562538e+00	1.104037003295173930e-01	-5.622609951057063599e-02	1.238965347078862800e-01	-4.445333903235541584e+01	1.104037003295171571e-01	-5.622609951057113559e-02	1.238965347078863077e-01	-4.445333903235541584e+01
1.409001956947162354e+12	1.672518028130124179e+00	1.676913834223017763e-02	9.904019915548799347e+00	2.797035350419537991e+00	5.609337238717615470e-02	2.005458114026427777e-02	1.210640883345986740e+00	1.304910912710798954e+00	-1.378541901816400517e-02	-2.198168079227233174e-01	2.202486477208016324e-01	-4.561572467087441396e+01	-1.378541901816345179e-02	-2.198168079227232341e-01	2.202486477208015492e-01	-4.561572467087441396e+01
1.415264187866927490e+12	1.660320130618715639e+00	1.115372905971590608e-03	6.616781126734110341e-01	2.756661692081029624e+00	3.703752177862655419e-03	1.343564278671663219e-03	9.284804908778442056e-02	-1.622549068399010253e+01	6.153562436904667088e-01	-6.457650059106128104e-01	8.920065860225331322e-01	-4.479180312323087065e+01	6.153562436904049804e-01	-6.457650059104870222e-01	8.920065860223995724e-01	-4.479180312323082092e+01
1.421526418786692627e+12	1.678273925261514421e+00	2.778978173442442010e-02	1.655881416640914239e+01	2.815831096243844200e+00	9.327773214718641792e-02	3.312618156380669338e-02	1.206815198476631990e+00	1.283304244492490032e+00	-7.291475353430935946e-02	-3.908129930160705173e-02	8.272792296480596663e-02	-4.663186939772712947e+01	-7.291475353430913742e-02	-3.908129930160746807e-02	8.272792296480596663e-02	-4.663186939772712236e+01
1.427788649706458008e+12	1.666424523174962591e+00	1.994997089211610411e-02	1.193975327758218796e+01	2.776572690100305163e+00	6.649024146249792044e-02	2.394687583709394219e-02	1.340143155375407735e+00	1.998678640313725108e+00	-4.844915070665129636e-02	-1.554007535356033698e-01	1.627781140191431053e-01	-4.585531231977284250e+01	-4.844915070665256618e-02	-1.554007535356029535e-01	1.627781140191430775e-01	-4.585531231977284961e+01
1.434050880626223145e+12	1.674026165718477843e+00	2.924597239675544996e-02	1.758003710511048467e+01	2.801508276608676962e+00	9.791704606809793765e-02	3.495154623873891059e-02	1.759359496068230833e+00	3.856707650104947316e+00	-6.713740356904292217e-02	-2.408364670001557351e-02	7.132638359235457526e-02	-4.677946628182977662e+01	-6.713740356904314421e-02	-2.408364670001497676e-02	7.132638359235458914e-02	-4.677946628182978372e+01
1.440313111545988281e+12	1.664608719842622264e+00	2.017212356081042948e-02	1.217860921091170745e+01	2.770515275607141170e+00	6.715738555413569566e-02	2.424003438833903165e-02	1.720281432250319487e+00	3.703368268709161359e+00	-9.580801341326149190e-02	-1.252686695196479627e-01	1.577067373241183568e-01	-4.620601226196212252e+01	-9.580801341326115883e-02	-1.252686695196482125e-01	1.577067373241183845e-01	-4.620601226196211542e+01
1.446575342465753418e+12	1.672123624703697242e+00	2.737667339560060850e-02	1.660010725325411229e+01	2.795247934046021232e+00	9.155436470116193326e-02	3.275357566176259616e-02	1.781653975922782296e+00	3.942670804666516648e+00	-8.232154941979377694e-02	4.816606521188381159e-04	8.232295849797521825e-02	-4.712974070387570436e+01	-8.232154941979381857e-02	4.816606521186625836e-04	8.232295849797523213e-02	-4.712974070387569725e+01
1.452837573385518555e+12	1.664472784422262874e+00	2.031273429789470439e-02	1.237013991706175453e+01	2.770057042907743572e+00	6.761998683209279049e-02	2.441104489354187917e-02	1.929244328828713551e+00	4.485977313569411429e+00	-1.400739092717500633e-01	-6.187795680511953139e-02	1.531325621709723472e-01	-4.670791588657829152e+01	-1.400739092717505074e-01	-6.187795680511850444e-02	1.531325621709723472e-01	-4.670791588657829863e+01
1.459099804305283691e+12	1.671430542567777344e+00	2.607541549056754254e-02	1.594796954305886949e+01	2.793000131335408920e+00	8.716649172215906738e-02	3.120891071368564820e-02	1.779811812382103176e+00	3.935608665283423235e+00	-8.116206537983827740e-02	4.019455318893672136e-02	9.056976848142765657e-02	-4.758372070204558213e+01	-8.116206537983837455e-02	4.019455318893652013e-02	9.056976848142765657e-02	-4.758372070204558213e+01
1.465362035225048828e+12	1.664377488602788446e+00	2.016575277047492898e-02	1.238649795200065284e+01	2.769745766982925517e+00	6.712684990381556638e-02	2.423574419862246573e-02	1.927232755550392751e+00	4.478855641327855963e+00	-1.521574556323027905e-01	1.271211503698247737e-02	1.526875540874555737e-01	-4.720724202478777443e+01	-1.521574556323029015e-01	1.271211503698134807e-02	1.526875540874555737e-01	-4.720724202478776732e+01
1.471624266144813965e+12	1.671093295291224079e+00	2.525637264083843009e-02	1.557962780416325543e+01	2.791914917208309088e+00	8.441150996696361597e-02	3.023427019451164002e-02	1.728439275129413977e+00	3.735664731680900630e+00	-5.591429532368195204e-02	7.763878765435011653e-02	9.567753012061498696e-02	-4.807054120685666732e+01	-5.591429532368169530e-02	7.763878765435031082e-02	9.567753012061500084e-02	-4.807054120685667442e+01
1.477886497064579346e+12	1.664132128408810196e+00	1.984958345794186896e-02	1.229650355856468735e+01	2.768941734838982871e+00	6.606465913578622728e-02	2.385917273179024092e-02	1.737523372696553325e+00	3.771449297047611005e+00	-1.301904543614953447e-01	8.424175545206571969e-02	1.550684615532708643e-01	-4.769819936179085573e+01	-1.301904543614949561e-01	8.424175545206633031e-02	1.550684615532708921e-01	-4.769819936179086284e+01
1.484148727984344482e+12	1.671307258855448730e+00	2.637437019758244114e-02	1.640773688499626815e+01	2.792572346099595038e+00	8.815935271792070538e-02	3.156922786299645040e-02	1.534050715413414867e+00	2.921198506972598530e+00	-7.523117938176102082e-03	8.431662786245440466e-02	8.465158614938841919e-02	-4.860569717287646796e+01	-7.523117938176266013e-03	8.431662786245437691e-02	8.465158614938840531e-02	-4.860569717287646085e+01
1.490410958904109619e+12	1.663674141034037435e+00	1.828821005826603355e-02	1.142526804492975856e+01	2.767477188918206821e+00	6.085124431947157297e-02	2.198798406112898243e-02	1.426806223279712738e+00	2.426450054254015498e+00	-8.840938790742733366e-02	1.516590223868928833e-01	1.755467998612166014e-01	-4.816689891744282903e+01	-8.840938790742608466e-02	1.516590223868936049e-01	1.755467998612165736e-01	-4.816689891744283614e+01
1.496673189823874756e+12	1.673958899277590229e+00	2.793092159662246415e-02	1.752271534571727329e+01	2.801358260089404695e+00	9.351042954338162350e-02	3.338038939025144564e-02	1.293976410741715544e+00	1.759360795931858679e+00	4.470303821659133564e-02	5.635340168904959951e-02	7.193099128832719513e-02	-4.936530529515168553e+01	4.470303821659118299e-02	5.635340168904970359e-02	7.193099128832719513e-02	-4.936530529515168553e+01
1.502935420743639893e+12	1.663982713208117747e+00	1.675649347847609980e-02	1.055632184877988244e+01	2.768557689781754760e+00	5.576503096433758216e-02	2.014226800118928962e-02	1.214143324434708848e+00	1.324632183056045687e+00	1.804191147438543273e-03	2.002091535462784955e-01	2.002172826441658837e-01	-4.870369741848647038e+01	1.804191147436694492e-03	2.002091535462784955e-01	2.002172826441658837e-01	-4.870369741848645617e+01
