freq_roi_Hz	n_opt	k_opt	alpha_cm	eps_r	eps_i	loss_tan	DR	alpha_max	H_meas_real	H_meas_imag	H_meas_mag	H_meas_phase	H_model_real	H_model_imag	H_model_mag	H_model_phase
3.005870841487279663e+11	1.669579447779714343e+00	7.059764646588586115e-03	8.895076751201587140e-01	2.787445692171550693e+00	2.357367592021224201e-02	8.457088863262209738e-03	7.655570711280181229e+01	2.951334267699601810e+01	8.263106460495289740e-01	1.746158515509521614e-01	8.445590443466070019e-01	2.082559724437459681e-01	8.263106460495260874e-01	1.746158515509527998e-01	8.445590443466042263e-01	2.082559724437474113e-01
3.068493150684931641e+11	1.670249869899481654e+00	7.845286687371154713e-03	1.009074282490515673e+00	2.789673079376028486e+00	2.620717813781161393e-02	9.394354604329989422e-03	7.884747011304553155e+01	2.971401998903494501e+01	8.389258917785819003e-01	-1.012072575579886918e-01	8.450086158607483799e-01	-1.200588976930094393e-01	8.389258917785822334e-01	-1.012072575579871653e-01	8.450086158607486020e-01	-1.200588976930075935e-01
3.131115459882583008e+11	1.669884624791618810e+00	7.045639138789058613e-03	9.247165692680380245e-01	2.788465019084571672e+00	2.353080893938782128e-02	8.438624396698644892e-03	7.184352025003005338e+01	2.908113361259056262e+01	7.499351619032657013e-01	-3.200941733685875312e-01	8.153913335836949772e-01	-4.034189170601281127e-01	7.499351619032655902e-01	-3.200941733685865875e-01	8.153913335836945331e-01	-4.034189170601271135e-01
3.193737769080234985e+11	1.670636335314090060e+00	8.014428104638033137e-03	1.072904218040434010e+00	2.790961533813848483e+00	2.677838959674146493e-02	9.594682431953405546e-03	7.753072438666623611e+01	2.959944417114113335e+01	6.153101401412280902e-01	-4.559177940164609866e-01	7.658117284695070692e-01	-6.376878340932721212e-01	6.153101401412286453e-01	-4.559177940164599874e-01	7.658117284695067362e-01	-6.376878340932705669e-01
3.256360078277886353e+11	1.670240929992832468e+00	7.616339224215084615e-03	1.039603808344997438e+00	2.789646755600143635e+00	2.544224301798778121e-02	9.120238240527456589e-03	7.403954168761724475e+01	2.928597678417212791e+01	5.245854234021832818e-01	-5.850423181562930397e-01	7.857890177902318030e-01	-8.398282904727665255e-01	5.245854234021823936e-01	-5.850423181562940389e-01	7.857890177902318030e-01	-8.398282904727681908e-01
3.318982387475538330e+11	1.670121222573376807e+00	8.544329548316973236e-03	1.188699552735190901e+00	2.789231892522560763e+00	2.854013222260994367e-02	1.023225508754614828e-02	7.551960872368788102e+01	2.942063707676693696e+01	3.660862226862017788e-01	-7.245237290140280617e-01	8.117596666163231500e-01	-1.102934884307121832e+00	3.660862226862012236e-01	-7.245237290140279507e-01	8.117596666163228170e-01	-1.102934884307122498e+00
3.381604696673189697e+11	1.670254638834654415e+00	8.044387497675796472e-03	1.140262866597980151e+00	2.789685846378469058e+00	2.687235106915299501e-02	9.632751696409938558e-03	6.983212778548957544e+01	2.888794222083970453e+01	1.244385060077866784e-01	-8.153643493637879880e-01	8.248054097730466161e-01	-1.419347899722082529e+00	1.244385060077872474e-01	-8.153643493637879880e-01	8.248054097730466161e-01	-1.419347899722081863e+00
3.444227005870841675e+11	1.669801594942734502e+00	8.269253614776860342e-03	1.193843063869409749e+00	2.788168985917954146e+00	2.761602574988074668e-02	9.904717357290548224e-03	7.649307951540878037e+01	2.950777475857756116e+01	-9.178425644576833353e-02	-7.731823730275307893e-01	7.786111556430375114e-01	-1.688953087227244687e+00	-9.178425644576618248e-02	-7.731823730275315665e-01	7.786111556430379554e-01	-1.688953087227241801e+00
3.506849315068493042e+11	1.670479490919928978e+00	8.372798897400958104e-03	1.230770070017425777e+00	2.790431625822728634e+00	2.797317767941058866e-02	1.002467769521605753e-02	7.247436011598516359e+01	2.914061193821027373e+01	-2.570901581373085110e-01	-7.036329591664052252e-01	7.491292883316860163e-01	-1.921102389248206865e+00	-2.570901581373091216e-01	-7.036329591664050032e-01	7.491292883316861273e-01	-1.921102389248207531e+00
3.569471624266145020e+11	1.669954686776690345e+00	8.636262609511063601e-03	1.292167860238827348e+00	2.788674070855573728e+00	2.884433444197458118e-02	1.034338675266021669e-02	7.312140104567453136e+01	2.920108234086091414e+01	-4.022479834346352479e-01	-6.481363510130908612e-01	7.628133255795910284e-01	-2.126241560817450971e+00	-4.022479834346335825e-01	-6.481363510130921934e-01	7.628133255795912504e-01	-2.126241560817448306e+00
3.632093933463796387e+11	1.670112691707596131e+00	8.940967208270580655e-03	1.361227564666555701e+00	2.789196462108172625e+00	2.986484562134826201e-02	1.070732952198546854e-02	7.385682895504099577e+01	2.926916675387905542e+01	-5.866657456161749051e-01	-5.349316970505173519e-01	7.939323759544820724e-01	-2.402287147424097657e+00	-5.866657456161743500e-01	-5.349316970505183511e-01	7.939323759544822945e-01	-2.402287147424096325e+00
3.694716242661448364e+11	1.669522750828879909e+00	8.412028936810022131e-03	1.302779778419575818e+00	2.787235453304396593e+00	2.808814738127041188e-02	1.007742182239057538e-02	7.644141169130480762e+01	2.950317778798740065e+01	-7.242097865873532436e-01	-3.429900655643596807e-01	8.013251525222102600e-01	-2.699282349422048366e+00	-7.242097865873554641e-01	-3.429900655643556839e-01	8.013251525222104821e-01	-2.699282349422054139e+00
3.757338551859099731e+11	1.670377700979457813e+00	9.107575109006489297e-03	1.434406521807577439e+00	2.790078716005052861e+00	3.042618074415998769e-02	1.090513345362722174e-02	6.888924965150421542e+01	2.879545625448772839e+01	-7.379043742468522904e-01	-1.135643226402082429e-01	7.465920712875055987e-01	-2.988889613180479632e+00	-7.379043742468517353e-01	-1.135643226402076739e-01	7.465920712875050436e-01	-2.988889613180480076e+00
3.819960861056751709e+11	1.669982124068036589e+00	8.539412184069382697e-03	1.367338527435017159e+00	2.788767373146341377e+00	2.852133139488931962e-02	1.022721782731953084e-02	7.304759563649395204e+01	2.919421181557603973e+01	-7.344698443346565631e-01	4.084597698410456779e-02	7.356047485387520180e-01	-3.197148298120268795e+00	-7.344698443346564520e-01	4.084597698410317307e-02	7.356047485387519069e-01	-3.197148298120267462e+00
3.882583170254403076e+11	1.669882968251526378e+00	9.524572580119992221e-03	1.550084681333532499e+00	2.788418410173694184e+00	3.180984306283574092e-02	1.140784429868050773e-02	7.414952521106654615e+01	2.929607555516551542e+01	-7.117033492646946957e-01	2.016835449761426313e-01	7.397282674528044000e-01	-3.417734236706684303e+00	-7.117033492646952508e-01	2.016835449761416321e-01	7.397282674528046220e-01	-3.417734236706683415e+00
3.945205479452055054e+11	1.670105216721082364e+00	8.679981023282103483e-03	1.435415278154763996e+00	2.789176092848408839e+00	2.899296317604687853e-02	1.039481273713277823e-02	6.963789532558378426e+01	2.886899270155067043e+01	-6.674856328855981458e-01	4.180998151063957113e-01	7.876195309289185653e-01	-3.701183889925382609e+00	-6.674856328855982568e-01	4.180998151063963775e-01	7.876195309289190094e-01	-3.701183889925383941e+00
4.007827788649706421e+11	1.669758566934351096e+00	9.742994750747805549e-03	1.636781402457166523e+00	2.787998745903944808e+00	3.253689790531512360e-02	1.167034165747652709e-02	7.234659622830459114e+01	2.912860772227996620e+01	-4.952347087736903575e-01	5.723776240332439924e-01	7.568841134996185938e-01	-3.999122876591133302e+00	-4.952347087736886921e-01	5.723776240332457688e-01	7.568841134996189268e-01	-3.999122876591137743e+00
4.070450097847357788e+11	1.670360699271590255e+00	8.779682822885236104e-03	1.497995203147166832e+00	2.790027782840605486e+00	2.933047427883470407e-02	1.051261011063213402e-02	6.966500071136100303e+01	2.887164030191326702e+01	-3.096750238810258571e-01	6.674216821191003568e-01	7.357651270469424132e-01	-4.277964485996993638e+00	-3.096750238810218048e-01	6.674216821191019111e-01	7.357651270469421911e-01	-4.277964485996999855e+00
4.133072407045009766e+11	1.669481141385129597e+00	9.951089290017369263e-03	1.723982281390407323e+00	2.787068257262537152e+00	3.322631181184707017e-02	1.192159959673252077e-02	7.128235924141237945e+01	2.902778433744190068e+01	-1.669673799150757920e-01	6.812713174907379932e-01	7.014333282581254325e-01	-4.472044293026555373e+00	-1.669673799150770410e-01	6.812713174907376601e-01	7.014333282581254325e-01	-4.472044293026554485e+00
4.195694716242661133e+11	1.670388060403539487e+00	9.528316386729483722e-03	1.675749935679888170e+00	2.790105483525533003e+00	3.183197185628065112e-02	1.140887756546690723e-02	7.322016126597470986e+01	2.921026506225109998e+01	8.066047019776537846e-03	7.314819532983692918e-01	7.315264240721062183e-01	-4.723415527352825549e+00	8.066047019773835147e-03	7.314819532983695138e-01	7.315264240721064404e-01	-4.723415527352821996e+00
4.258317025440313110e+11	1.669281931075053738e+00	9.867082395990042082e-03	1.761229320286122224e+00	2.786404806098651488e+00	3.294188471210984792e-02	1.182236143147951356e-02	6.929433177463066329e+01	2.883534449281756196e+01	1.969422566896124605e-01	7.233519843906357494e-01	7.496828301300941799e-01	-4.978209202264886279e+00	1.969422566896127935e-01	7.233519843906357494e-01	7.496828301300944020e-01	-4.978209202264887168e+00
4.320939334637964478e+11	1.670384641797657554e+00	9.771014686097541369e-03	1.769729930971337239e+00	2.790089378825492794e+00	3.264270573287338800e-02	1.169951972886781009e-02	6.859570027366898159e+01	2.876640374555959312e+01	4.154520155247524715e-01	6.088289587638741063e-01	7.370706060026286366e-01	-5.311190527133896389e+00	4.154520155247509727e-01	6.088289587638751055e-01	7.370706060026286366e-01	-5.311190527133894612e+00
4.383561643835616455e+11	1.669176242273641586e+00	9.847225281481577011e-03	1.809381530847554043e+00	2.786052359925010435e+00	3.287350898433084173e-02	1.179931485035538505e-02	6.596325802369787539e+01	2.850017274145453783e+01	5.142172736404467814e-01	4.783526616341082782e-01	7.023109520736878775e-01	-5.533904514127825358e+00	5.142172736404474476e-01	4.783526616341080007e-01	7.023109520736880995e-01	-5.533904514127827134e+00
4.446183953033267822e+11	1.670640508995397511e+00	1.046581619415189353e-02	1.950516781530667654e+00	2.790930176987791000e+00	3.496923298730039015e-02	1.252959793678613473e-02	6.645857309989261807e+01	2.855106842628274322e+01	5.997841214388131004e-01	3.235438085155754040e-01	6.814848408870826102e-01	-5.788490543406399347e+00	5.997841214388123232e-01	3.235438085155771248e-01	6.814848408870827212e-01	-5.788490543406397570e+00
4.508806262230919800e+11	1.669131631324531018e+00	1.002813499221744120e-02	1.895269209936512267e+00	2.785899839196667838e+00	3.347655463740502324e-02	1.201642434031591211e-02	6.651236152436325710e+01	2.855657256163051727e+01	6.793708616685336654e-01	2.093909749589758229e-01	7.109074117481939403e-01	-5.984210727204453129e+00	6.793708616685326662e-01	2.093909749589786817e-01	7.109074117481939403e-01	-5.984210727204449576e+00
4.571428571428571167e+11	1.670105384956490413e+00	1.076252185097288129e-02	2.062315688686419346e+00	2.789136164984074462e+00	3.594909139804340625e-02	1.288896965639849644e-02	6.436131843871386593e+01	2.833291021049107528e+01	7.162005421385939652e-01	-1.245329882383956234e-02	7.163088029692303849e-01	-6.300571560420194395e+00	7.162005421385939652e-01	-1.245329882384327812e-02	7.163088029692306069e-01	-6.300571560420200612e+00
4.634050880626223145e+11	1.669157511041471365e+00	9.851699820820994727e-03	1.913643918296694002e+00	2.785989740676800164e+00	3.288807750489856213e-02	1.180480926570428267e-02	6.355660113490932162e+01	2.824731003389225137e+01	6.897419909329254306e-01	-2.031179806862723480e-01	7.190277658993320387e-01	-6.569573900466234129e+00	6.897419909329243204e-01	-2.031179806862739301e-01	7.190277658993314835e-01	-6.569573900466237681e+00
4.696673189823874512e+11	1.670161757122327950e+00	1.125404997153980555e-02	2.215584620867052656e+00	2.789313641313180270e+00	3.759216775041881314e-02	1.347721073515447537e-02	6.460365919036999571e+01	2.835847911690398249e+01	5.584359850215890875e-01	-3.516120906049549077e-01	6.599104572793338397e-01	-6.845112317073626329e+00	5.584359850215903087e-01	-3.516120906049534645e-01	6.599104572793340617e-01	-6.845112317073624553e+00
4.759295499021526489e+11	1.669338486109449349e+00	9.994083082515221178e-03	1.993768760970069165e+00	2.786591099509528213e+00	3.336701504603603596e-02	1.197413393443659893e-02	6.260964874973024052e+01	2.814518079811541895e+01	4.924654718378665419e-01	-4.667538789626571316e-01	6.785141299038505158e-01	-7.041785181273611194e+00	4.924654718378652096e-01	-4.667538789626585194e-01	6.785141299038504048e-01	-7.041785181273615635e+00
4.821917808219177856e+11	1.669502867316886130e+00	1.166589386260616194e-02	2.357908702370698606e+00	2.787103730899690657e+00	3.895248650687090086e-02	1.397597300560350815e-02	6.507870381712274366e+01	2.840832306283224540e+01	3.562857967545989268e-01	-5.648146745480220332e-01	6.677987612700755360e-01	-7.291221513372329710e+00	3.562857967545978166e-01	-5.648146745480226993e-01	6.677987612700756470e-01	-7.291221513372333263e+00
4.884540117416829834e+11	1.669186536898425777e+00	1.025333629571564646e-02	2.099317102508620358e+00	2.786078564057766993e+00	3.422946180620106693e-02	1.228589252571104032e-02	6.722430283260740680e+01	2.862900861614798842e+01	2.000188884136916145e-01	-6.837961749204976014e-01	7.124498330115268674e-01	-7.569408236274706603e+00	2.000188884136890333e-01	-6.837961749204981565e-01	7.124498330115266453e-01	-7.569408236274711044e+00
4.947162426614481201e+11	1.669466550692479512e+00	1.161392605627433426e-02	2.408376535067856317e+00	2.786983680602604707e+00	3.877812214633164639e-02	1.391401120007527276e-02	6.269145036959719164e+01	2.815406388814940541e+01	-8.797771748551671406e-03	-6.635647007552443188e-01	6.636230201523577454e-01	-7.867239205227153143e+00	-8.797771748551775489e-03	-6.635647007552442078e-01	6.636230201523576344e-01	-7.867239205227154031e+00
5.009784735812133179e+11	1.669454239723881628e+00	1.039741703050731797e-02	2.183401929347696946e+00	2.786969352251137177e+00	3.471602388751546947e-02	1.245655028803028218e-02	6.543118855735777117e+01	2.844507285807289776e+01	-1.696867810619438754e-01	-6.394091971989608325e-01	6.615419299861374780e-01	-8.113382934683674108e+00	-1.696867810619457906e-01	-6.394091971989599443e-01	6.615419299861371449e-01	-8.113382934683679437e+00
5.072407045009784546e+11	1.669010947284798707e+00	1.201659537974918840e-02	2.554963475793469385e+00	2.785453143591980485e+00	4.011165847578665455e-02	1.440040683077535924e-02	6.728431227742275667e+01	2.863507914482935135e+01	-2.835726653386335117e-01	-5.615315483586105216e-01	6.290716464197660951e-01	-8.321620149978972591e+00	-2.835726653386341778e-01	-5.615315483586098555e-01	6.290716464197657620e-01	-8.321620149978974368e+00
5.135029354207436523e+11	1.669327308806969112e+00	1.085911647250101947e-02	2.337365249675962264e+00	2.786535743518154806e+00	3.625483935412310982e-02	1.301072108565504322e-02	6.875810409483261765e+01	2.878249214098488906e+01	-4.459797794456197839e-01	-5.037980944658673188e-01	6.728376354380026791e-01	-8.578579211077816069e+00	-4.459797794456167863e-01	-5.037980944658702054e-01	6.728376354380030122e-01	-8.578579211077810740e+00
5.197651663405087891e+11	1.668673387120884977e+00	1.185562670572782445e-02	2.582978837673978845e+00	2.784330317000901278e+00	3.956633754297533834e-02	1.421036049544351955e-02	6.595539933230362806e+01	2.849936215192128586e+01	-5.535267345794148142e-01	-3.603183188291561589e-01	6.604703905384550211e-01	-8.847735076330334181e+00	-5.535267345794142591e-01	-3.603183188291568806e-01	6.604703905384550211e-01	-8.847735076330334181e+00
5.260273972602739868e+11	1.669233920275067673e+00	1.084120765787318329e-02	2.390425365219730924e+00	2.786224348813389984e+00	3.619302311853547782e-02	1.298998881190221825e-02	6.630035269757138394e+01	2.853485197060726364e+01	-6.381075130843700816e-01	-1.782723670991813725e-01	6.625422515778635058e-01	-9.152347343112394285e+00	-6.381075130843708587e-01	-1.782723670991786247e-01	6.625422515778633947e-01	-9.152347343112399614e+00
5.322896281800391235e+11	1.668702761436158033e+00	1.200470663827568098e-02	2.678481903799274644e+00	2.784424793043188462e+00	4.006457423504321269e-02	1.438881536148632623e-02	6.402026784674146143e+01	2.829676305970583883e+01	-6.157468562944682366e-01	-3.076305748658006434e-02	6.165148471386906470e-01	-9.374858907211541137e+00	-6.157468562944682366e-01	-3.076305748658030720e-02	6.165148471386906470e-01	-9.374858907211542913e+00
5.385518590998043213e+11	1.669316673568107978e+00	1.127128248525749790e-02	2.544427172753630728e+00	2.786491114843630434e+00	3.763067957027304428e-02	1.350468313708754267e-02	6.498803478091016927e+01	2.839883779063911362e+01	-6.202816486374520544e-01	1.217886157378588879e-01	6.321248219772257482e-01	-9.618655732636266720e+00	-6.202816486374519434e-01	1.217886157378593459e-01	6.321248219772256371e-01	-9.618655732636266720e+00
5.448140900195694580e+11	1.668273050944776292e+00	1.208461332650442518e-02	2.759753232260730549e+00	2.782988934629341049e+00	4.032086948739087989e-02	1.448833266480849605e-02	5.760658870062367498e+01	2.757857569359960337e+01	-5.795059209388681021e-01	2.546561650882124828e-01	6.329904223767058857e-01	-9.838812797304250068e+00	-5.795059209388662147e-01	2.546561650882168681e-01	6.329904223767058857e-01	-9.838812797304257174e+00
5.510763209393345947e+11	1.668874427661420912e+00	1.140153883364293345e-02	2.633688347332108659e+00	2.785011860214460011e+00	3.805547319091062697e-02	1.366438460624011877e-02	5.883581485031590574e+01	2.772222176123177562e+01	-4.901817730864483913e-01	4.339936068058002916e-01	6.546973510061591117e-01	-1.014945270627818275e+01	-4.901817730864485578e-01	4.339936068057999030e-01	6.546973510061590007e-01	-1.014945270627818275e+01
5.573385518590998535e+11	1.668439514198292839e+00	1.167318060073273961e-02	2.727077314458038693e+00	2.783554149392898136e+00	3.895199154127093610e-02	1.399361731467177981e-02	3.668649858450253731e+01	2.450868320844315917e+01	-3.456656149325969540e-01	5.249352375877409660e-01	6.285234450742696044e-01	-1.041325249334955849e+01	-3.456656149325961214e-01	5.249352375877419652e-01	6.285234450742701595e-01	-1.041325249334956027e+01
5.636007827788649902e+11	1.669398883315290183e+00	1.200994094303712602e-02	2.837276235830386906e+00	2.786748392932882457e+00	4.009876399797752261e-02	1.438908661423000772e-02	4.937357530519732762e+01	2.652934223374291278e+01	-1.847805097354730530e-01	5.726560298974865404e-01	6.017298109251795202e-01	-1.068344872258490419e+01	-1.847805097354751347e-01	5.726560298974857632e-01	6.017298109251794092e-01	-1.068344872258490064e+01
5.698630136986301270e+11	1.668348592945200659e+00	1.227466955863749584e-02	2.932036963747411296e+00	2.783236360069457405e+00	4.095685537404030602e-02	1.471555055892493497e-02	5.244146823883561837e+01	2.693946768007478099e+01	-7.121080707710630842e-02	5.953575171865316262e-01	5.996011610354704535e-01	-1.087652968658708019e+01	-7.121080707710764068e-02	5.953575171865315152e-01	5.996011610354705645e-01	-1.087652968658707664e+01
5.761252446183952637e+11	1.668940126282432379e+00	1.238969201881214184e-02	2.992034366353102826e+00	2.785207640647300309e+00	4.135530832495356440e-02	1.484819577593228350e-02	5.616397381259265842e+01	2.740603133643234202e+01	9.816363705875341683e-02	6.060026115903578425e-01	6.139016736375106920e-01	-1.115616488943800633e+01	9.816363705875549850e-02	6.060026115903575095e-01	6.139016736375108030e-01	-1.115616488943800988e+01
5.823874755381605225e+11	1.668066369440992736e+00	1.221646555482075285e-02	2.982268646273652735e+00	2.782296170829402726e+00	4.075575069086159047e-02	1.464824310156466816e-02	5.353421534119146230e+01	2.707977677022607566e+01	2.509685098867099340e-01	5.667210672460942789e-01	6.198047765347631799e-01	-1.141246061115218424e+01	2.509685098867080466e-01	5.667210672460952781e-01	6.198047765347632909e-01	-1.141246061115218069e+01
5.886497064579256592e+11	1.668804895398493526e+00	1.244491359428610139e-02	3.070704168189888339e+00	2.784754903031607665e+00	4.153626545791181540e-02	1.491559110379645815e-02	5.588840888931991913e+01	2.737256865846967457e+01	3.909677471809312466e-01	4.481483741364662432e-01	5.947207282219871827e-01	-1.171293375700101791e+01	3.909677471809310800e-01	4.481483741364660212e-01	5.947207282219868496e-01	-1.171293375700101791e+01
5.949119373776907959e+11	1.668216235862953312e+00	1.238703541504742461e-02	3.088938230706600674e+00	2.782791970950387217e+00	4.132850718718301952e-02	1.485145408590078306e-02	5.239110424316377390e+01	2.693293064301269624e+01	4.668568395513031377e-01	3.455765974391149520e-01	5.808429162290157377e-01	-1.192915838291247432e+01	4.668568395513026381e-01	3.455765974391161177e-01	5.808429162290159598e-01	-1.192915838291247255e+01
6.011741682974559326e+11	1.668613855608416685e+00	1.301044990996090556e-02	3.278549818872176669e+00	2.784102927321526089e+00	4.341883397492008606e-02	1.559526896395730874e-02	5.668071869638385607e+01	2.746834095068168224e+01	5.294511021063698086e-01	2.182592330596414276e-01	5.726740454546831449e-01	-1.217535997530112901e+01	5.294511021063699197e-01	2.182592330596418717e-01	5.726740454546834780e-01	-1.217535997530112901e+01
6.074363992172210693e+11	1.667813876247215443e+00	1.261482737879631930e-02	3.211968559804761369e+00	2.781443991932964988e+00	4.207836829763957759e-02	1.512824576719131071e-02	5.428122860198922695e+01	2.717405496639111817e+01	5.870921705988061401e-01	9.438310206645653122e-02	5.946304623327876016e-01	-1.240697081621809339e+01	5.870921705988060291e-01	9.438310206645757205e-02	5.946304623327878236e-01	-1.240697081621809161e+01
6.136986301369863281e+11	1.668301735639246886e+00	1.307490040981623518e-02	3.363432408635467663e+00	2.783059728116196840e+00	4.362575809401345039e-02	1.567546598201934385e-02	5.804663020088220549e+01	2.763034769886179021e+01	5.771985004243892492e-01	-8.508013063754366057e-02	5.834352899177981389e-01	-1.271271862713528122e+01	5.771985004243892492e-01	-8.508013063754359118e-02	5.834352899177981389e-01	-1.271271862713528122e+01
6.199608610567514648e+11	1.667693285563008887e+00	1.270797170092025780e-02	3.302399979483904513e+00	2.781039402167191810e+00	4.238599815749888311e-02	1.524106351189004165e-02	5.706710034931915487e+01	2.751456117692175951e+01	5.304959510271479717e-01	-2.194622059904728084e-01	5.740989582941279368e-01	-1.295862487530842522e+01	5.304959510271483047e-01	-2.194622059904727807e-01	5.740989582941282698e-01	-1.295862487530842522e+01
6.262230919765166016e+11	1.668249370053673131e+00	1.320348536224540820e-02	3.465826576140766946e+00	2.782881628658766537e+00	4.405341227615758998e-02	1.583014233249637262e-02	5.874332373280704900e+01	2.771151823639415923e+01	4.387207158828515530e-01	-3.328634747670957683e-01	5.507031499626516835e-01	-1.321542528863544952e+01	4.387207158828502207e-01	-3.328634747670974336e-01	5.507031499626515725e-01	-1.321542528863545307e+01
6.324853228962817383e+11	1.667592971217793929e+00	1.306820421200590235e-02	3.464619341027491028e+00	2.780695539693663232e+00	4.358489098075962742e-02	1.567409677132836424e-02	5.622134686928018965e+01	2.741297766650547629e+01	3.646020838098540384e-01	-4.230694736051953120e-01	5.585001871217815106e-01	-1.342586103274429377e+01	3.646020838098537609e-01	-4.230694736051958671e-01	5.585001871217816216e-01	-1.342586103274429377e+01
6.387475538160469971e+11	1.667799714684136125e+00	1.342669612717088332e-02	3.594906266824491770e+00	2.781375612131594455e+00	4.478607994009239229e-02	1.610213296785513101e-02	5.776491285377387896e+01	2.759724834030775398e+01	2.385870856691767461e-01	-5.092195991365756624e-01	5.623418867494451856e-01	-1.369900685684151043e+01	2.385870856691779118e-01	-5.092195991365748853e-01	5.623418867494449636e-01	-1.369900685684150865e+01
6.450097847358121338e+11	1.667346699610644967e+00	1.299559993770121533e-02	3.513595784242082409e+00	2.779876131084769497e+00	4.333634133117284654e-02	1.558930660491769475e-02	5.332659278759416566e+01	2.705333968327258276e+01	9.763175872154968016e-02	-5.612790761257135941e-01	5.697070840419640181e-01	-1.396494498770024073e+01	9.763175872154863932e-02	-5.612790761257138161e-01	5.697070840419641291e-01	-1.396494498770024251e+01
6.512720156555772705e+11	1.667768777017471171e+00	1.339533159969916350e-02	3.656832327219902368e+00	2.781273258685685423e+00	4.468063159954752117e-02	1.606481184831933320e-02	5.580429981010143337e+01	2.736232216856948085e+01	-5.922064751409097938e-02	-5.402304111727102010e-01	5.434666339784105515e-01	-1.424635207433639295e+01	-5.922064751409410882e-02	-5.402304111727095348e-01	5.434666339784103295e-01	-1.424635207433639827e+01
6.575342465753424072e+11	1.667397580629580434e+00	1.313529414954824927e-02	3.620323180958037845e+00	2.780042155936983228e+00	4.380351537162926329e-02	1.575642127515356275e-02	5.057063175253982479e+01	2.669232239785432981e+01	-1.751942373273538689e-01	-5.096856802155196320e-01	5.389550198388267654e-01	-1.446824509350164689e+01	-1.751942373273525089e-01	-5.096856802155206312e-01	5.389550198388272095e-01	-1.446824509350164334e+01
6.637964774951076660e+11	1.667704830406206318e+00	1.377635367198799463e-02	3.833172715450704704e+00	2.781049613439697588e+00	4.594978312831730916e-02	1.652246076670492794e-02	5.122442429735579594e+01	2.677971531351625600e+01	-2.920340058413435913e-01	-4.436728057606192377e-01	5.311585630856778817e-01	-1.471929854867595644e+01	-2.920340058413424256e-01	-4.436728057606193487e-01	5.311585630856774376e-01	-1.471929854867595466e+01
6.700587084148728027e+11	1.667102118196706728e+00	1.333907995518206734e-02	3.746518597133484452e+00	2.779051541441895701e+00	4.447521689615851342e-02	1.600373948915060143e-02	4.846199589152066523e+01	2.640255741001375611e+01	-4.036101068443103679e-01	-3.739205561432445979e-01	5.501978740901758425e-01	-1.496073097390526030e+01	-4.036101068443102569e-01	-3.739205561432450975e-01	5.501978740901760645e-01	-1.496073097390525852e+01
6.763209393346379395e+11	1.667492352436487968e+00	1.376468234178101352e-02	3.902187991163915459e+00	2.780341278954202799e+00	4.590500507727481722e-02	1.651056488092048774e-02	4.918257934995011027e+01	2.650297297373684202e+01	-4.828523505545752603e-01	-2.323752608314092472e-01	5.358588006952428318e-01	-1.525942354173532323e+01	-4.828523505545742611e-01	-2.323752608314112733e-01	5.358588006952427207e-01	-1.525942354173531967e+01
6.825831702544030762e+11	1.667157779684273144e+00	1.337508429633251297e-02	3.826848461690657288e+00	2.779236169481861474e+00	4.459675167712739974e-02	1.604640590347586673e-02	4.476393120885856547e+01	2.586252140152505063e+01	-5.186860185545126845e-01	-1.056345568184941103e-01	5.293333972442810786e-01	-1.550705288807690074e+01	-5.186860185545123514e-01	-1.056345568184940686e-01	5.293333972442808566e-01	-1.550705288807690074e+01
6.888454011741683350e+11	1.667502197112180173e+00	1.414206531533155654e-02	4.083417288188305960e+00	2.780363579362564952e+00	4.716384997003865431e-02	1.696319514473412435e-02	4.787827508143430322e+01	2.632011330525361004e+01	-5.044009909233778677e-01	2.484265689970120358e-02	5.050123931611201211e-01	-1.575717530213912454e+01	-5.044009909233777567e-01	2.484265689969811577e-02	5.050123931611198991e-01	-1.575717530213911921e+01
6.951076320939334717e+11	1.667034052518789000e+00	1.365891689615382834e-02	3.979765480714751558e+00	2.778815966246440894e+00	4.553975917282535035e-02	1.638818825211350166e-02	4.375004290744909952e+01	2.570665437660193575e+01	-5.018790689105261382e-01	1.395635614762284482e-01	5.209228229809341748e-01	-1.597919257444590002e+01	-5.018790689105262492e-01	1.395635614762286703e-01	5.209228229809342858e-01	-1.597919257444590002e+01
7.013698630136986084e+11	1.667200067508371575e+00	1.440948739942941696e-02	4.236281327864232615e+00	2.779348431772804329e+00	4.804699673017950867e-02	1.728714405898823872e-02	4.671301356483417777e+01	2.615248351133829985e+01	-4.365862406923961547e-01	2.663922743240940694e-01	5.114414818740089519e-01	-1.625582791746034772e+01	-4.365862406923964323e-01	2.663922743240933477e-01	5.114414818740088409e-01	-1.625582791746034417e+01
7.076320939334637451e+11	1.666909900504883524e+00	1.368706665730339347e-02	4.059822676950679110e+00	2.778401280607519119e+00	4.563021383985861601e-02	1.642319061625295909e-02	4.382010879023932404e+01	2.571754136017975156e+01	-3.586296447223397132e-01	3.800497890703515291e-01	5.225447964013136826e-01	-1.652235119671597730e+01	-3.586296447223392136e-01	3.800497890703520842e-01	5.225447964013136826e-01	-1.652235119671597730e+01
7.138943248532290039e+11	1.667160422174833734e+00	1.454880963802673843e-02	4.353620326062632273e+00	2.779212205404286262e+00	4.851039923654789504e-02	1.745473020815666368e-02	4.619745427864251752e+01	2.607697856499388323e+01	-2.297689006574504533e-01	4.321561520184732941e-01	4.894411991616022251e-01	-1.679009013685758944e+01	-2.297689006574511472e-01	4.321561520184729055e-01	4.894411991616021695e-01	-1.679009013685758944e+01
7.201565557729941406e+11	1.667019315202532104e+00	1.393754848457126432e-02	4.207290220090955657e+00	2.778759142000559290e+00	4.646832506070415481e-02	1.672268904430825390e-02	4.359474263783370418e+01	2.568246121293579876e+01	-1.262007875737767015e-01	4.801951535740103805e-01	4.965017868046487926e-01	-1.702175990819149121e+01	-1.262007875737757301e-01	4.801951535740107690e-01	4.965017868046488481e-01	-1.702175990819149121e+01
7.264187866927592773e+11	1.666862845230800305e+00	1.495914455067051327e-02	4.554943426560872588e+00	2.778207968805231243e+00	4.986968449589894437e-02	1.795030647664055609e-02	4.662290445010823703e+01	2.613934709109184951e+01	-8.543709037126813802e-03	4.799029751435780478e-01	4.799790209121319595e-01	-1.726095848281456213e+01	-8.543709037125575209e-03	4.799029751435785474e-01	4.799790209121324591e-01	-1.726095848281456568e+01
7.326810176125244141e+11	1.666699415729859135e+00	1.419578954365680740e-02	4.359770748726583989e+00	2.777685421953485889e+00	4.732022827647369007e-02	1.703584858907255389e-02	4.515008939882476824e+01	2.592095968909378101e+01	1.211467063571353558e-01	4.874512867312371656e-01	5.022800826203651647e-01	-1.752235509704472349e+01	1.211467063571366326e-01	4.874512867312369435e-01	5.022800826203650537e-01	-1.752235509704472705e+01
7.389432485322896729e+11	1.666556537556667328e+00	1.494869711468995929e-02	4.630240923094666172e+00	2.777187229327441109e+00	4.982569780888208150e-02	1.794106543581813415e-02	4.544096983620890740e+01	2.596465025282552830e+01	2.349190560399196104e-01	4.173135701556821564e-01	4.788920324319129174e-01	-1.779147696661075528e+01	2.349190560399167516e-01	4.173135701556834332e-01	4.788920324319126398e-01	-1.779147696661074818e+01
7.452054794520548096e+11	1.666659927838113564e+00	1.415263457338375268e-02	4.420816554153812916e+00	2.777555017995978037e+00	4.717525783358991059e-02	1.698445486333773069e-02	4.276334935156615558e+01	2.555146043590669436e+01	3.384253163481789062e-01	3.461698304717598096e-01	4.841128445664418800e-01	-1.805284569462433453e+01	3.384253163481799609e-01	3.461698304717589769e-01	4.841128445664420465e-01	-1.805284569462433808e+01
7.514677103718199463e+11	1.666513317993008947e+00	1.512309002652907283e-02	4.763651950009074376e+00	2.777037931196117526e+00	5.040566187683589300e-02	1.815087266565542160e-02	3.650847563760552816e+01	2.447558895725085293e+01	3.875796784669010009e-01	2.458715983402569583e-01	4.589889432556072402e-01	-1.828424205926642188e+01	3.875796784669003348e-01	2.458715983402575411e-01	4.589889432556069626e-01	-1.828424205926641832e+01
7.577299412915850830e+11	1.666995009331925015e+00	1.449304375139455828e-02	4.603235701622073073e+00	2.778662312820365354e+00	4.831966320720793712e-02	1.738954135746098584e-02	3.360194807228815250e+01	2.391117490648969834e+01	4.570960450416704512e-01	1.391319330140284583e-01	4.778017257994752742e-01	-1.855408355833501233e+01	4.570960450416704512e-01	1.391319330140282917e-01	4.778017257994751632e-01	-1.855408355833501233e+01
7.639921722113503418e+11	1.666079506148604672e+00	1.527089550512345656e-02	4.890379647335191926e+00	2.775587720558850169e+00	5.088505208324606982e-02	1.833307292230008587e-02	4.232959954917552636e+01	2.548210085569881400e+01	4.625741722008498980e-01	3.165046577574558151e-02	4.636557093050005518e-01	-1.878123993247365675e+01	4.625741722008501755e-01	3.165046577574415210e-02	4.636557093050007183e-01	-1.878123993247366030e+01
7.702544031311154785e+11	1.666676094105881134e+00	1.450775670138718457e-02	4.684072564804989014e+00	2.777598727659529310e+00	4.835946254661283028e-02	1.741052876538493402e-02	3.854701624200397703e+01	2.484524745603438944e+01	4.610272425314411726e-01	-1.101408010075030641e-01	4.740011755288363604e-01	-1.908406341006535456e+01	4.610272425314417832e-01	-1.101408010075014543e-01	4.740011755288364714e-01	-1.908406341006535101e+01
7.765166340508806152e+11	1.666104038282235855e+00	1.524516039895996815e-02	4.962173241920476485e+00	2.775670251464783966e+00	5.080004660993524962e-02	1.830190260645223055e-02	3.992083174846157334e+01	2.508350026607145367e+01	4.009528751408135139e-01	-1.985333461436222247e-01	4.474133408992942984e-01	-1.930931907288370653e+01	4.009528751408130143e-01	-1.985333461436234737e-01	4.474133408992943539e-01	-1.930931907288370653e+01
7.827788649706457520e+11	1.666757484371904408e+00	1.479164815034532052e-02	4.853385853990142884e+00	2.777861718854755413e+00	4.930818052156779596e-02	1.775040859193536755e-02	3.631541479065592171e+01	2.443951628406224685e+01	3.379780990154914178e-01	-3.026093655852342690e-01	4.536536383123399019e-01	-1.957979712232731728e+01	3.379780990154923059e-01	-3.026093655852333253e-01	4.536536383123399019e-01	-1.957979712232731373e+01
7.890410958904110107e+11	1.666033903950501882e+00	1.541284887832220819e-02	5.097669845243204101e+00	2.775431413202004371e+00	5.135665757550052224e-02	1.850402691675617772e-02	3.655993590795400650e+01	2.448517191223387712e+01	2.597794187146733047e-01	-3.607729825357048892e-01	4.445700072153334070e-01	-1.979628744526999995e+01	2.597794187146720279e-01	-3.607729825357059439e-01	4.445700072153334625e-01	-1.979628744527000350e+01
7.953033268101761475e+11	1.666572154714504927e+00	1.509267076125936705e-02	5.031390882985236956e+00	2.777234958159040090e+00	5.030604966197726319e-02	1.811371757156761755e-02	3.350012720341232608e+01	2.389052784937644702e+01	1.458656846719718347e-01	-4.299040567414479375e-01	4.539760962513084142e-01	-2.009324292944381440e+01	1.458656846719690869e-01	-4.299040567414489922e-01	4.539760962513084697e-01	-2.009324292944382151e+01
8.015655577299412842e+11	1.665899485668888458e+00	1.537650405506998247e-02	5.166373690227850091e+00	2.774984659474911464e+00	5.123142039345332521e-02	1.846187517416670795e-02	3.268924477080584268e+01	2.372382295955485887e+01	3.972622260799180821e-02	-4.390337535702327765e-01	4.408274146836464458e-01	-2.033011241942030978e+01	3.972622260798827631e-02	-4.390337535702328875e-01	4.408274146836462792e-01	-2.033011241942031688e+01
8.078277886497064209e+11	1.666643464307925759e+00	1.526810154632927616e-02	5.170029120686317370e+00	2.777467322195495303e+00	5.089296330915884375e-02	1.832351470077050321e-02	3.208125675739888294e+01	2.359609455359632335e+01	-8.531499201205720861e-02	-4.249886529337704721e-01	4.334674185962287263e-01	-2.061846551022100371e+01	-8.531499201205776373e-02	-4.249886529337704166e-01	4.334674185962287818e-01	-2.061846551022100371e+01
8.140900195694715576e+11	1.665958723299624911e+00	1.560781956300778643e-02	5.326032684467465472e+00	2.775174863706605155e+00	5.200396630535872311e-02	1.873898722039471498e-02	2.985164436986297432e+01	2.310603072482864917e+01	-1.674587510434104032e-01	-3.897129861166824250e-01	4.241681799109881523e-01	-2.082619510237022808e+01	-1.674587510434099313e-01	-3.897129861166825915e-01	4.241681799109880968e-01	-2.082619510237022808e+01
8.203522504892368164e+11	1.666503313273441256e+00	1.569921101853188894e-02	5.398428602477259197e+00	2.776986827924753154e+00	5.232557435632461534e-02	1.884257203892738750e-02	3.004377766994418053e+01	2.314967903968481977e+01	-2.701094294140112817e-01	-3.296912949298130280e-01	4.262105744944155172e-01	-2.110673912779706640e+01	-2.701094294140113372e-01	-3.296912949298129170e-01	4.262105744944154617e-01	-2.110673912779706640e+01
8.266144814090019531e+11	1.665805357922784946e+00	1.578656325729180590e-02	5.469904760461134607e+00	2.774658274904780786e+00	5.259468331436732702e-02	1.895537327607387662e-02	2.958525451093412784e+01	2.304504594886213198e+01	-3.382092847350561815e-01	-2.572459184710998437e-01	4.249246790326940415e-01	-2.134089053757748644e+01	-3.382092847350543496e-01	-2.572459184711023972e-01	4.249246790326941525e-01	-2.134089053757747934e+01
8.328767123287670898e+11	1.666361815242477729e+00	1.583638102287520874e-02	5.528735617033982308e+00	2.776510908334303807e+00	5.277828125629972084e-02	1.900885067581552929e-02	2.911240638166310646e+01	2.293543163902195658e+01	-3.910102264229228242e-01	-1.442770316924716356e-01	4.167791490001579446e-01	-2.163766145184416345e+01	-3.910102264229237123e-01	-1.442770316924691931e-01	4.167791490001579446e-01	-2.163766145184416700e+01
8.391389432485322266e+11	1.665822494754368943e+00	1.596973151304554098e-02	5.617209897245390771e+00	2.774709551705071053e+00	5.320547597923797056e-02	1.917515148442941464e-02	2.914946994292515470e+01	2.294408768823364042e+01	-4.029001762977935663e-01	-5.297766573402525742e-02	4.063682875513531800e-01	-2.186040782915776504e+01	-4.029001762977933443e-01	-5.297766573402803991e-02	4.063682875513532911e-01	-2.186040782915775793e+01
8.454011741682974854e+11	1.666256199736375843e+00	1.612535081752684493e-02	5.714275559638226198e+00	2.776149696220921115e+00	5.373793154525628724e-02	1.935700067557881432e-02	2.909605004373063863e+01	2.293160817522507244e+01	-3.979858330709689640e-01	5.385316244919642614e-02	4.016128564064810336e-01	-2.212564593510013466e+01	-3.979858330709689085e-01	5.385316244919693268e-02	4.016128564064809781e-01	-2.212564593510013466e+01
8.516634050880626221e+11	1.665611289308868814e+00	1.627836790434383785e-02	5.811229234527587550e+00	2.773995981811522960e+00	5.422686670599649594e-02	1.954828596059621226e-02	2.935606163650457745e+01	2.299213562133993705e+01	-3.759916755405023348e-01	1.398520150910994853e-01	4.011587294336189657e-01	-2.234724706092490365e+01	-3.759916755405030564e-01	1.398520150910974313e-01	4.011587294336189102e-01	-2.234724706092490010e+01
8.579256360078277588e+11	1.665941503745792085e+00	1.625669334689696169e-02	5.846164347184338084e+00	2.775096813824216024e+00	5.416540032052747505e-02	1.951838222389256500e-02	2.902806060393925236e+01	2.291569186780240130e+01	-3.212594327368272773e-01	2.406867967185558344e-01	4.014196771921220708e-01	-2.263413595156630009e+01	-3.212594327368277769e-01	2.406867967185552515e-01	4.014196771921221263e-01	-2.263413595156629654e+01
8.641878669275928955e+11	1.665381615629611067e+00	1.626031426965407478e-02	5.890148725485170544e+00	2.773231527856945711e+00	5.415925689808344379e-02	1.952929510358472620e-02	2.920952396210056534e+01	2.295808973147093468e+01	-2.521195690055746397e-01	3.040922192609995522e-01	3.950143730177885226e-01	-2.286971660517563976e+01	-2.521195690055733074e-01	3.040922192610004959e-01	3.950143730177883561e-01	-2.286971660517564331e+01
8.704500978473581543e+11	1.665998030401264485e+00	1.634195032845507656e-02	5.962617160438377084e+00	2.775282377960354818e+00	5.445131412024290657e-02	1.962009867992638157e-02	2.767244559200920406e+01	2.259031312131422808e+01	-1.539574900024088255e-01	3.543547795650409116e-01	3.863550420642010153e-01	-2.315207820066488154e+01	-1.539574900024068271e-01	3.543547795650417997e-01	3.863550420642010153e-01	-2.315207820066488509e+01
8.767123287671232910e+11	1.665226065450690296e+00	1.647260724827916828e-02	6.053528881073286350e+00	2.772706502266830686e+00	5.486122991153288136e-02	1.978616556302695284e-02	2.805330706981263589e+01	2.268331138634014721e+01	-7.829308459317767255e-02	3.744360556117685701e-01	3.825338767184077171e-01	-2.335581867443530868e+01	-7.829308459317856073e-02	3.744360556117683481e-01	3.825338767184076061e-01	-2.335581867443530513e+01
8.829745596868884277e+11	1.665861050833826518e+00	1.645072743459598599e-02	6.088670313431865821e+00	2.774822414252053004e+00	5.480925218235385699e-02	1.975234591620796121e-02	2.601594561036433362e+01	2.217035508889129503e+01	3.259393833551281483e-02	3.841675852418559023e-01	3.855477899907842065e-01	-2.364658522099010085e+01	3.259393833551225972e-02	3.841675852418560133e-01	3.855477899907842620e-01	-2.364658522099010085e+01
8.892367906066535645e+11	1.665024467383647400e+00	1.646614639116763742e-02	6.137599641977236509e+00	2.772035343009223496e+00	5.483307324963012513e-02	1.978079875060513582e-02	2.633957583466056107e+01	2.225446537209758802e+01	1.160586492696775163e-01	3.662941075643220135e-01	3.842407881871016673e-01	-2.386878377151772668e+01	1.160586492696781963e-01	3.662941075643217914e-01	3.842407881871017228e-01	-2.386878377151773023e+01
8.954990215264188232e+11	1.665860951031238102e+00	1.645131246781946638e-02	6.175254032602304655e+00	2.774822062488787378e+00	5.481119806670760319e-02	1.975304968475941059e-02	2.453605773842715010e+01	2.177190720156407266e+01	2.186845790180032001e-01	3.083053469205634944e-01	3.779882697122892155e-01	-2.417889300598217162e+01	2.186845790180018401e-01	3.083053469205644936e-01	3.779882697122892155e-01	-2.417889300598216806e+01
9.017612524461839600e+11	1.665007376117128679e+00	1.642160139609970607e-02	6.207207128350823666e+00	2.771979893532033223e+00	5.468417490432269518e-02	1.972747891567300932e-02	2.436813709614399670e+01	2.172518571425561618e+01	2.725357816355973295e-01	2.546574011503548451e-01	3.729961718736249376e-01	-2.438124246333301670e+01	2.725357816355983287e-01	2.546574011503538459e-01	3.729961718736249376e-01	-2.438124246333302025e+01
9.080234833659490967e+11	1.665928949386602742e+00	1.672931393532223893e-02	6.367432833680458870e+00	2.775039394459603681e+00	5.573969677646006121e-02	2.008609207052879098e-02	2.242021549998745655e+01	2.115837010273750707e+01	3.288752308848050254e-01	1.608359010968088698e-01	3.660971245054463474e-01	-2.467789323218222108e+01	3.288752308848058581e-01	1.608359010968074265e-01	3.660971245054464585e-01	-2.467789323218222464e+01
9.142857142857142334e+11	1.664851947440344482e+00	1.648540761855972481e-02	6.317871450002783718e+00	2.771460238231557405e+00	5.489152595621409753e-02	1.980599439927013469e-02	2.218334215746927285e+01	2.108610847334875871e+01	3.604523598971819398e-01	9.500966887169150221e-02	3.727636529150287759e-01	-2.487501854442987792e+01	3.604523598971824949e-01	9.500966887168878217e-02	3.727636529150286093e-01	-2.487501854442988858e+01
9.205479452054794922e+11	1.665920307241491871e+00	1.681558489828668609e-02	6.488548452873474481e+00	2.775007706184115186e+00	5.602684872039829372e-02	2.018979932759907420e-02	1.991285917148934814e+01	2.035150330007805053e+01	3.632750584682231110e-01	-2.603418703798411962e-02	3.642067366205898327e-01	-2.520428413699267978e+01	3.632750584682230555e-01	-2.603418703798450820e-02	3.642067366205897772e-01	-2.520428413699268333e+01
9.268101761252446289e+11	1.664925639150736325e+00	1.640453151403925558e-02	6.372998068414873707e+00	2.771708275247292796e+00	5.462465023196040603e-02	1.970793633651318419e-02	1.985073651600885469e+01	2.033024533473422579e+01	3.531407182007633150e-01	-1.002693730341083223e-01	3.670998692726600288e-01	-2.540939606748193214e+01	3.531407182007630374e-01	-1.002693730341089745e-01	3.670998692726599733e-01	-2.540939606748193569e+01
9.330724070450097656e+11	1.666001429634325959e+00	1.718478335424128423e-02	6.721227089533499566e+00	2.775265446764685784e+00	5.725974727224429628e-02	2.063216956021120263e-02	1.932757194584329952e+01	2.014853675317510096e+01	2.884070212381050768e-01	-1.913728859673777538e-01	3.461245316109792247e-01	-2.571858401494871416e+01	2.884070212381071308e-01	-1.913728859673749505e-01	3.461245316109793912e-01	-2.571858401494870705e+01
9.393346379647749023e+11	1.664948764459481811e+00	1.657685032264915800e-02	6.526968465602323022e+00	2.771779596308535432e+00	5.519921292664895646e-02	1.991471940992834908e-02	1.899409716345102339e+01	2.003012725984920195e+01	2.560460060457464548e-01	-2.499674560820723257e-01	3.578313657466617448e-01	-2.590612734488927771e+01	2.560460060457484532e-01	-2.499674560820703828e-01	3.578313657466618003e-01	-2.590612734488927060e+01
9.455968688845401611e+11	1.665843424307720921e+00	1.749500755761959278e-02	6.934406887571356037e+00	2.774728239019832454e+00	5.828788659614896062e-02	2.100670104425759674e-02	1.826914287460536457e+01	1.976537371110897467e+01	1.589489804059689981e-01	-3.012128512539399283e-01	3.405788603724917429e-01	-2.621797900078312793e+01	1.589489804059709965e-01	-3.012128512539386516e-01	3.405788603724915764e-01	-2.621797900078312082e+01
9.518590998043052979e+11	1.664869900839895722e+00	1.671828184628506089e-02	6.670424451550059253e+00	2.771512285774752282e+00	5.566752847927607800e-02	2.008561490598433433e-02	1.851900636467336980e+01	1.985779212683767270e+01	9.669169533516042137e-02	-3.410229190838256486e-01	3.544656757532963498e-01	-2.642725451165653894e+01	9.669169533516028259e-02	-3.410229190838257041e-01	3.544656757532962943e-01	-2.642725451165654249e+01
9.581213307240704346e+11	1.665855463684491333e+00	1.767009994990744945e-02	7.096573026270101892e+00	2.774762193455231785e+00	5.887166509080875992e-02	2.121683264593557383e-02	1.761517732836178851e+01	1.951737169532871263e+01	-1.350597080853676094e-02	-3.291869980412480690e-01	3.294639448056337905e-01	-2.674454282075967626e+01	-1.350597080853472957e-02	-3.291869980412481800e-01	3.294639448056338460e-01	-2.674454282075966915e+01
9.643835616438355713e+11	1.664881661679259439e+00	1.701974094576971103e-02	6.880054929483137904e+00	2.771541275814030758e+00	5.667170917428721727e-02	2.044772331873070947e-02	1.786165353603216133e+01	1.961190702702507238e+01	-7.819576152957727344e-02	-3.291720721166943586e-01	3.383324255562696892e-01	-2.693676737693276024e+01	-7.819576152957502524e-02	-3.291720721166950248e-01	3.383324255562698002e-01	-2.693676737693275314e+01
9.706457925636008301e+11	1.665535411640869823e+00	1.791588910448508459e-02	7.289341600298561374e+00	2.773687228347317291e+00	5.967909546910148133e-02	2.151615901720139654e-02	1.752898561064335681e+01	1.948400062150185974e+01	-1.596683895690771959e-01	-2.780107074317231808e-01	3.205993575699579434e-01	-2.722486410948246061e+01	-1.596683895690773347e-01	-2.780107074317230698e-01	3.205993575699579434e-01	-2.722486410948246061e+01
9.769080234833659668e+11	1.664744226744231392e+00	1.715160059870318374e-02	7.023401443937823174e+00	2.771079163075151452e+00	5.710605615222805881e-02	2.060787613474590260e-02	1.697511716545112037e+01	1.926556162640164160e+01	-2.249380274690723491e-01	-2.498172085422732946e-01	3.361632845590529772e-01	-2.743657938408149022e+01	-2.249380274690739312e-01	-2.498172085422718236e-01	3.361632845590529217e-01	-2.743657938408149377e+01
9.831702544031311035e+11	1.665177218788040259e+00	1.800136063250624974e-02	7.418621676698861300e+00	2.772491120986050994e+00	5.995091126487454847e-02	2.162348178902469970e-02	1.734983879018422925e+01	1.941411174417571317e+01	-2.707797204611094855e-01	-1.644900866974633169e-01	3.168258916735429698e-01	-2.772844109982390748e+01	-2.707797204611072095e-01	-1.644900866974671472e-01	3.168258916735430253e-01	-2.772844109982389327e+01
9.894324853228962402e+11	1.664477382784754322e+00	1.685310243417170381e-02	6.989646093644003244e+00	2.770200930740328804e+00	5.610321566286698147e-02	2.025239939828969368e-02	1.385693397512497071e+01	1.788472126662177786e+01	-3.168458873883987503e-01	-1.081297673556996797e-01	3.347885346653012295e-01	-2.794545806193119475e+01	-3.168458873883982507e-01	-1.081297673557012201e-01	3.347885346653012295e-01	-2.794545806193119120e+01
9.956947162426614990e+11	1.665114920026453227e+00	1.832311982324268465e-02	7.647417231077711541e+00	2.772271960174645056e+00	6.102020039822772524e-02	2.201089982325674446e-02	1.536051363805108672e+01	1.858557109322520162e+01	-3.024828674615738788e-01	-1.270918247000958623e-02	3.027497455437940799e-01	-2.823234237475321606e+01	-3.024828674615737123e-01	-1.270918247001004593e-02	3.027497455437939688e-01	-2.823234237475321606e+01
1.001956947162426636e+12	1.664384785947258028e+00	1.700561477117339473e-02	7.142176175521163906e+00	2.769887524758954278e+00	5.660777300164192283e-02	2.043684896792628478e-02	1.499981014721827499e+01	1.842390410021427982e+01	-3.232824059118510340e-01	5.324979442532311313e-02	3.276386036145526592e-01	-2.843758404457252453e+01	-3.232824059118500348e-01	5.324979442532819934e-02	3.276386036145524927e-01	-2.843758404457253874e+01
1.008219178082191772e+12	1.665016707031440557e+00	1.839166075808085221e-02	7.772577532849976656e+00	2.771942381508381459e+00	6.124484486451829690e-02	2.209455913408679001e-02	1.501130783024869508e+01	1.842911706940097361e+01	-2.691799531688730540e-01	1.344555083974434961e-01	3.008922247689556073e-01	-2.873758177341638032e+01	-2.691799531688737757e-01	1.344555083974418863e-01	3.008922247689554963e-01	-2.873758177341637321e+01
1.014481409001956909e+12	1.664255158923165112e+00	1.691409970855563619e-02	7.192537589160400202e+00	2.769459147233418239e+00	5.629875539700904263e-02	2.032842963336336031e-02	1.369347137953314508e+01	1.780398800974323237e+01	-2.547128466954872161e-01	2.061009123620386740e-01	3.276525909376934997e-01	-2.895462927333043979e+01	-2.547128466954857173e-01	2.061009123620403116e-01	3.276525909376933887e-01	-2.895462927333044689e+01
1.020743639921722046e+12	1.665138743870779647e+00	1.844489778573840666e-02	7.891909503696321160e+00	2.772346822085231643e+00	6.142662785953875021e-02	2.215690597229695580e-02	1.330363436071980310e+01	1.760749231624610900e+01	-1.602770495034878395e-01	2.452772386605029942e-01	2.930011201385838704e-01	-2.926633168052547163e+01	-1.602770495034892551e-01	2.452772386605021337e-01	2.930011201385838704e-01	-2.926633168052546807e+01
1.027005870841487305e+12	1.664501728386551083e+00	1.685187267780849027e-02	7.254546295514867182e+00	2.770282018189066608e+00	5.609994239752465889e-02	2.025062503715675463e-02	1.210827531855410299e+01	1.696696349604860643e+01	-1.155611361919121477e-01	2.989929286487899573e-01	3.205481985286239288e-01	-2.947631458567192553e+01	-1.155611361919117175e-01	2.989929286487902349e-01	3.205481985286239843e-01	-2.947631458567192553e+01
1.033268101761252441e+12	1.664857434104496381e+00	1.868272690893351545e-02	8.091749862843641949e+00	2.771401231608253912e+00	6.220815356736416474e-02	2.244646240965425185e-02	1.237837958045371778e+01	1.711706207150964332e+01	-2.690370569450963034e-02	2.841256977455317023e-01	2.853966038681645667e-01	-2.975072224569978374e+01	-2.690370569451147262e-02	2.841256977455315913e-01	2.853966038681646222e-01	-2.975072224569977664e+01
1.039530332681017578e+12	1.664556143974209590e+00	1.661094888069471545e-02	7.238036503256232379e+00	2.770471232819572194e+00	5.529971403320381451e-02	1.996040001358325919e-02	1.024338493982063625e+01	1.582904463392608463e+01	4.747272291554877760e-02	3.224238113715461873e-01	3.258999440938443737e-01	-2.999131689197596273e+01	4.747272291554423262e-02	3.224238113715469090e-01	3.258999440938443737e-01	-2.999131689197595207e+01
1.045792563600782715e+12	1.664662865820465854e+00	1.874734995044740130e-02	8.218160083197528110e+00	2.770750993711441623e+00	6.241603459010187926e-02	2.252675708923779219e-02	1.111275051958141979e+01	1.638325777821033569e+01	1.136993939603115206e-01	2.571356426689904162e-01	2.811517222386106241e-01	-3.026145927542740210e+01	1.136993939603080234e-01	2.571356426689919705e-01	2.811517222386106241e-01	-3.026145927542738789e+01
1.052054794520547974e+12	1.665135570007190813e+00	1.657337345311849647e-02	7.308671421088871689e+00	2.772401789795555516e+00	5.519382730360102712e-02	1.990830748513950851e-02	9.499015600090627842e+00	1.531576808650114963e+01	2.065256978954799483e-01	2.428288628247849967e-01	3.187769133924119314e-01	-3.054991388024469146e+01	2.065256978954785605e-01	2.428288628247863568e-01	3.187769133924120979e-01	-3.054991388024468435e+01
1.058317025440313110e+12	1.664588969594327450e+00	1.922988364899388611e-02	8.530639718473524979e+00	2.770486649269951140e+00	6.401970441739507356e-02	2.310774694917402255e-02	1.023741050584350099e+01	1.582507539778228534e+01	2.116255261645924313e-01	1.617767083558682983e-01	2.663776767878650031e-01	-3.076324265551399861e+01	2.116255261645926811e-01	1.617767083558680208e-01	2.663776767878650586e-01	-3.076324265551400217e+01
1.064579256360078247e+12	1.665557778754075402e+00	1.699824606952450232e-02	7.585273987184787181e+00	2.773793773998769474e+00	5.662312193254484538e-02	2.041360192791678158e-02	8.981763664682608450e+00	1.493483186866318668e+01	2.905324559991971922e-01	1.018757796836469859e-01	3.078762453894038909e-01	-3.107867101000394783e+01	2.905324559991981359e-01	1.018757796836444740e-01	3.078762453894039464e-01	-3.107867101000395493e+01
1.070841487279843384e+12	1.664452923002593288e+00	1.951112868522393920e-02	8.757834682886359801e+00	2.770022848749305489e+00	6.495071034240146313e-02	2.344771645899144594e-02	9.687952567700104822e+00	1.544976092971454840e+01	2.572065248994778175e-01	3.841577803286633924e-02	2.600595478976616137e-01	-3.126766480206427445e+01	2.572065248994778175e-01	3.841577803286622822e-02	2.600595478976615582e-01	-3.126766480206427445e+01
1.077103718199608643e+12	1.665545205352894742e+00	1.754343495650525012e-02	7.920659013764057121e+00	2.773733058963943066e+00	5.843876795445537842e-02	2.106863447641341494e-02	9.067039094781915054e+00	1.499912072946612440e+01	2.882235069240280390e-01	-5.473057641551161423e-02	2.933738671701339173e-01	-3.160358169233531100e+01	2.882235069240282610e-01	-5.473057641550989338e-02	2.933738671701338063e-01	-3.160358169233530390e+01
1.083365949119373779e+12	1.664261477081776075e+00	1.957912704770256584e-02	8.891144467257666051e+00	2.769382921882464821e+00	6.516957380076245088e-02	2.353216425428953512e-02	9.624481253056242025e+00	1.540504121464811149e+01	2.371884279977633792e-01	-8.824473382872785598e-02	2.530720913584767473e-01	-3.177210387861120822e+01	2.371884279977633236e-01	-8.824473382872773108e-02	2.530720913584766363e-01	-3.177210387861120822e+01
1.089628180039138916e+12	1.665203730736158017e+00	1.779277073874958523e-02	8.126640916088286204e+00	2.772586882167057176e+00	5.925717642859790885e-02	2.137252282687077815e-02	8.423064444596066735e+00	1.449789917563316166e+01	2.216126996531196103e-01	-1.754101986752568121e-01	2.826321397980718908e-01	-3.208547341368659289e+01	2.216126996531200266e-01	-1.754101986752562292e-01	2.826321397980718353e-01	-3.208547341368658579e+01
1.095890410958904053e+12	1.663943277639522433e+00	1.984755554611560696e-02	9.117238463394166104e+00	2.768313305740600860e+00	6.605041325707217137e-02	2.385944290341148605e-02	5.918190998531292379e+00	1.209668216230278048e+01	1.640525038980615302e-01	-1.828834142988413070e-01	2.456818415366205377e-01	-3.225554926814427148e+01	1.640525038980608363e-01	-1.828834142988419453e-01	2.456818415366205377e-01	-3.225554926814427859e+01
1.102152641878669189e+12	1.671689941826461467e+00	2.103444468889718866e-02	9.717665777936026927e+00	2.794104813740387883e+00	7.032613923666893030e-02	2.516947069803202736e-02	2.041707668245564378e+00	4.856186345321105158e+00	-1.302383860284977643e-02	-2.246965051387681545e-01	2.250736319374829486e-01	-3.304461999391424598e+01	-1.302383860284877549e-02	-2.246965051387681822e-01	2.250736319374829486e-01	-3.304461999391424598e+01
1.108414872798434326e+12	1.663308909391800317e+00	1.959991703061194149e-02	9.106379361504815861e+00	2.766212371314533236e+00	6.520143324071384083e-02	2.357065347434963293e-02	7.184386404599689691e+00	1.341572348460893060e+01	6.199832774804839991e-02	-2.385942113512638241e-01	2.465177282344740151e-01	-3.273249679568601067e+01	6.199832774804527047e-02	-2.385942113512646012e-01	2.465177282344739873e-01	-3.273249679568602488e+01
1.114677103718199707e+12	1.665938207588531395e+00	1.912411475584452694e-02	8.935514885545785546e+00	2.774984379738094198e+00	6.371918691613803754e-02	2.296199841029444508e-02	5.740286934751555492e+00	1.188903083794101256e+01	-4.513282005660741031e-02	-2.470316649645105667e-01	2.511207178657314798e-01	-3.316743035813764351e+01	-4.513282005660471108e-02	-2.470316649645111218e-01	2.511207178657315353e-01	-3.316743035813762930e+01
1.120939334637964844e+12	1.663374740283198872e+00	1.963545186339910043e-02	9.225972807464779990e+00	2.766429975642319405e+00	6.532222928724946975e-02	2.361246438998794092e-02	7.050479555847298130e+00	1.328772076481802955e+01	-6.112723111141911414e-02	-2.329111557235216678e-01	2.407989718495812115e-01	-3.324338320386136303e+01	-6.112723111141800392e-02	-2.329111557235219732e-01	2.407989718495812115e-01	-3.324338320386135592e+01
1.127201565557729980e+12	1.664930936245744508e+00	1.952430498303247761e-02	9.224998992452015045e+00	2.771613823983060776e+00	6.501323874989543838e-02	2.345681717536879374e-02	8.094872848017420353e+00	1.422751219195589378e+01	-1.403810782073456609e-01	-1.971787249401523723e-01	2.420460631526180628e-01	-3.360542295758948939e+01	-1.403810782073467711e-01	-1.971787249401517061e-01	2.420460631526181461e-01	-3.360542295758949649e+01
1.133463796477495117e+12	1.663394089236460927e+00	1.970243469582925316e-02	9.360880709689002543e+00	2.766491710173851981e+00	6.554582683321949488e-02	2.369276097671749876e-02	7.864006742203788924e+00	1.403065782355293578e+01	-1.658170528035696478e-01	-1.705604772570021577e-01	2.378784803268218229e-01	-3.375802047045299048e+01	-1.658170528035708136e-01	-1.705604772570010197e-01	2.378784803268218229e-01	-3.375802047045299759e+01
1.139726027397260254e+12	1.664985658206730390e+00	1.919682301942716648e-02	9.171048460505431876e+00	2.771808724020059955e+00	6.392487002095810500e-02	2.306251130065188268e-02	7.271062709563832271e+00	1.349731236686804969e+01	-2.218622946205152380e-01	-1.009822194108034032e-01	2.437627666634343548e-01	-3.413038482390052764e+01	-2.218622946205152935e-01	-1.009822194108031118e-01	2.437627666634342716e-01	-3.413038482390052764e+01
1.145988258317025391e+12	1.663536360435948325e+00	2.026599553846104504e-02	9.735029495915057396e+00	2.766942511917316327e+00	6.742644091732530320e-02	2.436857311885494773e-02	7.218612206481998861e+00	1.344805741579299330e+01	-2.152272960619491804e-01	-6.073094829422870378e-02	2.236314759841606103e-01	-3.428249825361886138e+01	-2.152272960619493469e-01	-6.073094829422816254e-02	2.236314759841606381e-01	-3.428249825361886138e+01
1.152250489236790527e+12	1.665004231392022804e+00	1.880359155636866092e-02	9.081903256690647908e+00	2.771885515497921837e+00	6.261611901344225906e-02	2.258972048569413832e-02	5.326215605166362721e+00	1.137967117871426836e+01	-2.452905516314121404e-01	1.968247231985259527e-02	2.460789597593915357e-01	-3.463758909642150030e+01	-2.452905516314120848e-01	1.968247231985287629e-02	2.460789597593914801e-01	-3.463758909642150030e+01
1.158512720156555664e+12	1.663410384355171745e+00	2.080254009748243316e-02	1.010197607181886958e+01	2.766501361106112888e+00	6.920632243823425511e-02	2.501582808206677389e-02	4.228221311938663796e+00	9.809037731703416085e+00	-2.074448019635317386e-01	4.698136956983406387e-02	2.126983661158360350e-01	-3.478023852631240231e+01	-2.074448019635314888e-01	4.698136956983548634e-02	2.126983661158360905e-01	-3.478023852631240942e+01
1.164774951076321045e+12	1.666348715851438511e+00	1.289728997223564197e-02	6.296941342566950262e+00	2.776551702731110183e+00	4.298276516639699257e-02	1.548062840829424885e-02	1.253141641780164850e+00	1.535215917598315993e+00	-2.872371726010459758e-01	2.409181175717385603e-01	3.748956290731503826e-01	-3.525544147099294889e+01	-2.872371726010492510e-01	2.409181175717343970e-01	3.748956290731501606e-01	-3.525544147099293468e+01
1.171037181996086182e+12	1.662351499762205309e+00	2.057495509632815273e-02	1.009947368366591647e+01	2.762989179984437715e+00	6.840561492384227005e-02	2.475782946215792160e-02	3.074944118961411288e+00	7.642186130543113798e+00	-1.676105019606158042e-01	1.312234275911803583e-01	2.128681947033594646e-01	-3.522175029482637143e+01	-1.676105019606167201e-01	1.312234275911791925e-01	2.128681947033594646e-01	-3.522175029482636432e+01
1.177299412915851318e+12	1.666959121731380611e+00	2.309354728758268929e-02	1.139637513382645118e+01	2.778219401597131988e+00	7.699199860834189668e-02	2.771271360500939321e-02	4.158223172075468987e+00	9.695464577564401054e+00	-5.511946718573856180e-02	1.662992131710988586e-01	1.751958445973142708e-01	-3.580826312372638398e+01	-5.511946718573805526e-02	1.662992131710990529e-01	1.751958445973142986e-01	-3.580826312372638398e+01
1.183561643835616455e+12	1.662458838817276519e+00	2.183998347065703102e-02	1.083508565203336715e+01	2.763292405883688740e+00	7.261614712083400147e-02	2.627885017387860539e-02	4.867690428860095508e+00	1.076721828770090816e+01	-7.277702251159781643e-02	1.759492700378337826e-01	1.904065141545849826e-01	-3.573611888088454691e+01	-7.277702251160003688e-02	1.759492700378328944e-01	1.904065141545850104e-01	-3.573611888088453981e+01
1.189823874755381592e+12	1.665585511263343754e+00	2.453529262117487217e-02	1.223666532624189784e+01	2.773573114746367807e+00	8.173125580887058428e-02	2.946785695834976473e-02	4.899355270080547164e+00	1.081133189730186928e+01	1.434282562360919382e-02	1.547361471512228581e-01	1.553994590790912511e-01	-3.622074355777954224e+01	1.434282562360721970e-02	1.547361471512230802e-01	1.553994590790912789e-01	-3.622074355777953514e+01
1.196086105675146729e+12	1.660965267389341804e+00	2.233648336849789265e-02	1.119866893510464223e+01	2.758306700984476389e+00	7.420024614138936991e-02	2.690065108238555089e-02	5.293714284116938451e+00	1.133802859198878998e+01	1.789307633610638095e-03	1.813198062558016577e-01	1.813286347007806443e-01	-3.613818343745306549e+01	1.789307633609567554e-03	1.813198062558016577e-01	1.813286347007806443e-01	-3.613818343745305839e+01
1.202348336594911865e+12	1.664050617892983253e+00	2.470476933069234299e-02	1.245088641437514632e+01	2.768454133282336915e+00	8.221997333928443563e-02	2.969887503312280616e-02	4.820305108072546751e+00	1.070066487389264154e+01	7.148004908491616127e-02	1.323742451796271480e-01	1.504404806029881747e-01	-3.662343682870351813e+01	7.148004908491700782e-02	1.323742451796266484e-01	1.504404806029881470e-01	-3.662343682870352524e+01
1.208610567514677002e+12	1.659514544637202826e+00	2.119257017846838329e-02	1.073641223415056523e+01	2.753539398831652996e+00	7.033875689882584936e-02	2.554485217414034434e-02	3.780560476535373748e+00	9.047673387459049366e+00	7.791972501715566102e-02	1.770106918721515155e-01	1.934018319039582379e-01	-3.654298813322580486e+01	7.791972501715696553e-02	1.770106918721509326e-01	1.934018319039582379e-01	-3.654298813322581196e+01
1.214872798434442139e+12	1.661855271421698532e+00	2.672753019798921464e-02	1.361064786688585215e+01	2.761048582281602659e+00	8.883457390322202496e-02	3.217421615588279132e-02	3.887904610483287282e+00	9.238155947589905992e+00	9.446390749783066532e-02	8.456632063588336023e-02	1.267867990196524242e-01	-3.696894190484642451e+01	9.446390749783108165e-02	8.456632063588288839e-02	1.267867990196524242e-01	-3.696894190484643161e+01
1.221135029354207520e+12	1.659733028505485430e+00	2.052668568801598037e-02	1.050682945527614720e+01	2.754292381086655972e+00	6.813763640430194057e-02	2.473870852353717009e-02	5.198723237516983176e+00	1.121483868553196572e+01	1.612094104160066432e-01	1.189438239595170255e-01	2.003399791973360655e-01	-3.706345042347975038e+01	1.612094104160058661e-01	1.189438239595181496e-01	2.003399791973361210e-01	-3.706345042347974328e+01
1.227397260273972656e+12	1.661683503389502770e+00	2.439212169820820231e-02	1.254942677399512796e+01	2.760597089835871820e+00	8.106397247716343180e-02	2.936465186304423533e-02	4.470338035249061370e+00	1.018786970687089699e+01	1.445980426482971759e-01	3.405885184716622716e-02	1.485550380393273195e-01	-3.746778670536917133e+01	1.445980426482973147e-01	3.405885184716581082e-02	1.485550380393273473e-01	-3.746778670536917133e+01
1.233659491193737793e+12	1.659988925924097414e+00	1.931550593725444090e-02	9.988276442576102809e+00	2.755190145421026138e+00	6.412705190892704910e-02	2.327500046249173296e-02	3.646997975543463166e+00	8.802968716022141038e+00	2.154138576687967266e-01	2.189307239678014300e-02	2.165235245757912153e-01	-3.759782700856142412e+01	2.154138576687969764e-01	2.189307239677742295e-02	2.165235245757912430e-01	-3.759782700856143833e+01
1.239921722113502930e+12	1.659700997647945542e+00	2.382896936021648010e-02	1.238479118120839040e+01	2.754039581812815385e+00	7.909792844014723601e-02	2.872069412600160299e-02	5.096179322338623585e+00	1.107930133341979229e+01	1.505765007760387908e-01	-1.953649589341592552e-02	1.518385894881464915e-01	-3.782813573590881617e+01	1.505765007760389573e-01	-1.953649589341442325e-02	1.518385894881464637e-01	-3.782813573590880907e+01
1.246183953033268066e+12	1.659957873010162288e+00	1.931827179563832056e-02	1.009112504277921651e+01	2.755086944543251981e+00	6.413503472023998619e-02	2.327876978520273740e-02	4.962002498363093927e+00	1.089777452643939881e+01	1.954674264636948045e-01	-8.294333614649651576e-02	2.123372596118039968e-01	-3.810041764558943100e+01	1.954674264636941661e-01	-8.294333614649797293e-02	2.123372596118039968e-01	-3.810041764558943811e+01
1.252446183953033203e+12	1.659883318077853387e+00	2.283130245553650906e-02	1.198612830587476097e+01	2.754691361261327742e+00	7.579459615186996679e-02	2.751473258229730420e-02	5.008618410567660106e+00	1.096139137131326180e+01	1.284151138122123226e-01	-9.748355436442035504e-02	1.612249510061154745e-01	-3.834842954841062834e+01	1.284151138122114066e-01	-9.748355436442150690e-02	1.612249510061154745e-01	-3.834842954841063545e+01
1.258708414872798340e+12	1.660410529003123914e+00	1.861580299865857324e-02	9.821912731952998854e+00	2.756616576703148969e+00	6.181975060964124691e-02	2.242595184694719940e-02	4.549195303347927322e+00	1.030683648613716485e+01	1.298199583809767077e-01	-1.804294026863200728e-01	2.222790834689147288e-01	-3.864621082563623844e+01	1.298199583809752089e-01	-1.804294026863212386e-01	2.222790834689148398e-01	-3.864621082563625265e+01
1.264970645792563477e+12	1.660451667608296766e+00	2.254911703671055173e-02	1.195636458400403690e+01	2.756591277784038230e+00	7.488343797340138441e-02	2.716523068795258580e-02	4.278347280086686411e+00	9.889218529144653047e+00	5.771973746109659853e-02	-1.513205007386861645e-01	1.619551235261936228e-01	-3.890550319725752360e+01	5.771973746109768794e-02	-1.513205007386857204e-01	1.619551235261936228e-01	-3.890550319725751649e+01
1.271232876712328857e+12	1.660866545738578948e+00	1.828960069067245287e-02	9.745822582091985709e+00	2.758143173260174663e+00	6.075317184411017229e-02	2.202683763232596639e-02	3.934345925527247267e+00	9.318941717625763843e+00	1.704278176262233671e-02	-2.226678153854236009e-01	2.233190820747870398e-01	-3.919351806350792344e+01	1.704278176262011626e-02	-2.226678153854237674e-01	2.233190820747870120e-01	-3.919351806350793765e+01
1.277495107632093994e+12	1.660551122306995975e+00	2.252189589219972740e-02	1.206016787998871465e+01	2.756922794000444821e+00	7.479751900054716629e-02	2.713079929670859577e-02	3.513041409091165690e+00	8.548369973816374312e+00	-2.381695020305950317e-02	-1.574025128748658409e-01	1.591942152727206516e-01	-3.942008137940045742e+01	-2.381695020305914928e-02	-1.574025128748658964e-01	1.591942152727206516e-01	-3.942008137940045742e+01
1.283757338551859131e+12	1.661362953376470886e+00	1.843028658760769226e-02	9.917545207414464770e+00	2.759787187388088370e+00	6.123879071352535119e-02	2.218967860760409985e-02	3.514808903744599089e+00	8.551792073010778594e+00	-9.870238300055232672e-02	-1.952279677842312100e-01	2.187604164723328803e-01	-3.973800583883367210e+01	-9.870238300055372838e-02	-1.952279677842304328e-01	2.187604164723328526e-01	-3.973800583883367921e+01
1.290019569471624268e+12	1.660479029998905398e+00	2.265940251117180837e-02	1.225275962916121486e+01	2.756677160543942406e+00	7.525092540421064735e-02	2.729769248328022327e-02	2.883975538991573107e+00	7.205971614525735092e+00	-9.461277434357281968e-02	-1.230559588583284986e-01	1.552235358427660195e-01	-3.992537066341100171e+01	-9.461277434357230620e-02	-1.230559588583290259e-01	1.552235358427661305e-01	-3.992537066341100171e+01
1.296281800391389404e+12	1.662358500745675594e+00	1.812529753931886936e-02	9.848582545495576213e+00	2.763107258590521642e+00	6.026148488606279663e-02	2.180931800555674371e-02	2.908110074664124411e+00	7.262669056810682200e+00	-1.928172127792119050e-01	-1.069700004234171858e-01	2.205018334040099171e-01	-4.033420332157938759e+01	-1.928172127792122936e-01	-1.069700004234164920e-01	2.205018334040099448e-01	-4.033420332157938759e+01
1.302544031311154541e+12	1.660999201962745087e+00	2.370239655727343284e-02	1.294117869619141103e+01	2.758356545318318087e+00	7.873932353247137250e-02	2.854573810123040012e-02	2.713195913212510746e+00	6.790674176464262857e+00	-1.307104110997611146e-01	-4.976038788288072306e-02	1.398617452061974575e-01	-4.047695307526750241e+01	-1.307104110997610591e-01	-4.976038788288093123e-02	1.398617452061974853e-01	-4.047695307526750241e+01
1.308806262230919678e+12	1.663150636991666209e+00	1.920728953223814484e-02	1.053733066098113547e+01	2.765701121354609882e+00	6.388923164085046069e-02	2.310055527965300046e-02	2.883086967019748759e+00	7.203875114200769758e+00	-1.987517782044176673e-01	1.239370384896188587e-02	1.991378247207541419e-01	-4.090298155955213844e+01	-1.987517782044177783e-01	1.239370384895989961e-02	1.991378247207541141e-01	-4.090298155955212422e+01
1.315068493150684814e+12	1.660133545812404909e+00	2.428287121010814370e-02	1.338559160400630255e+01	2.755453732097461472e+00	8.062561816908558887e-02	2.926037814749045743e-02	3.000603889745862674e+00	7.475685035837841497e+00	-1.309092138993910026e-01	9.769981478760601107e-03	1.312732829704956750e-01	-4.091519812709736215e+01	-1.309092138993911414e-01	9.769981478760058138e-03	1.312732829704957582e-01	-4.091519812709735504e+01
1.321330724070450195e+12	1.662889308548413547e+00	1.968446464677653385e-02	1.090245499188493739e+01	2.764813374336190677e+00	6.546617161124784756e-02	2.367833294605851957e-02	3.006491782907396271e+00	7.489021861990132756e+00	-1.607145197387564450e-01	1.000341580891126597e-01	1.893039609713877969e-01	-4.139745636571517196e+01	-1.607145197387555569e-01	1.000341580891139781e-01	1.893039609713877414e-01	-4.139745636571518617e+01
1.327592954990215332e+12	1.659226115818313474e+00	2.487832664954538545e-02	1.384443593561520025e+01	2.752412372276645591e+00	8.255753858956885183e-02	2.999461106232484756e-02	2.880758659420168399e+00	7.198378629572954601e+00	-1.069809896945743549e-01	6.007534214818707058e-02	1.226946571381670459e-01	-4.135237319183837457e+01	-1.069809896945747019e-01	6.007534214818640445e-02	1.226946571381670181e-01	-4.135237319183836746e+01
1.333855185909980469e+12	1.663044951294103457e+00	2.053913431500264258e-02	1.148365079693762958e+01	2.765296653986397235e+00	6.831500725303324417e-02	2.470440455440889999e-02	3.028520828668209486e+00	7.538689832077200670e+00	-8.167841266309464054e-02	1.525921322278983860e-01	1.730772137313840997e-01	-4.192003477452657023e+01	-8.167841266309476544e-02	1.525921322278983583e-01	1.730772137313840997e-01	-4.192003477452657023e+01
1.340117416829745605e+12	1.658169634091116951e+00	2.455608990443602230e-02	1.379403194357652396e+01	2.748923533870473612e+00	8.143632522309450505e-02	2.962480557195873443e-02	3.294825291163714809e+00	8.112073641120852940e+00	-7.366283138999092650e-02	9.910370027718432007e-02	1.234818048824207065e-01	-4.177230769105640462e+01	-7.366283138999006608e-02	9.910370027718484742e-02	1.234818048824206094e-01	-4.177230769105641173e+01
1.346379647749510742e+12	1.662426158272383603e+00	2.078097293009808014e-02	1.172796269385471390e+01	2.763228882872355019e+00	6.909366598669069992e-02	2.500468434408819815e-02	3.198831200960698506e+00	7.910912633166516272e+00	-5.391872372882994258e-03	1.675255540592235359e-01	1.676123013103014703e-01	-4.237932655757677480e+01	-5.391872372884487855e-03	1.675255540592234527e-01	1.676123013103014148e-01	-4.237932655757676770e+01
1.352641878669275879e+12	1.657670977822175873e+00	2.375497264751284462e-02	1.346872622177169987e+01	2.747308771988444587e+00	7.875585747348332055e-02	2.866654752333552825e-02	3.291463089081040572e+00	8.105127556222635477e+00	-2.225771855504013463e-02	1.278844227137595491e-01	1.298069012345141604e-01	-4.223918136604262941e+01	-2.225771855503917013e-02	1.278844227137597434e-01	1.298069012345141882e-01	-4.223918136604263651e+01
1.358904109589041016e+12	1.662756417959643684e+00	2.047281290892332198e-02	1.166152884283587632e+01	2.764339769397581748e+00	6.808260211599859169e-02	2.462888349315883046e-02	3.085610414204184693e+00	7.665744824334232099e+00	8.236416386192872696e-02	1.473754382166246879e-01	1.688294265766984159e-01	-4.292113084026607339e+01	8.236416386192745021e-02	1.473754382166252985e-01	1.688294265766983326e-01	-4.292113084026606629e+01
1.365166340508806152e+12	1.657025138723306146e+00	2.348839861122592118e-02	1.344089354526072455e+01	2.745180605491671866e+00	7.784173393430988963e-02	2.835577877047115031e-02	3.128520267651170528e+00	7.759704288382291537e+00	3.618566195359005505e-02	1.249597675160461913e-01	1.300936033349980037e-01	-4.269336939922830254e+01	3.618566195359010362e-02	1.249597675160461635e-01	1.300936033349980037e-01	-4.269336939922830254e+01
1.371428571428571533e+12	1.663065645254418135e+00	1.977994702213014058e-02	1.137070724593356275e+01	2.765396094121295612e+00	6.579070071491413541e-02	2.379069705593806622e-02	2.647489814085886906e+00	6.623886458585932502e+00	1.523450637282772191e-01	8.875479096704554094e-02	1.763134463447890155e-01	-4.345477709918583997e+01	1.523450637282775522e-01	8.875479096704504134e-02	1.763134463447890432e-01	-4.345477709918584708e+01
1.377690802348336670e+12	1.656344447012679577e+00	2.278859176896606484e-02	1.316007634358462752e+01	2.742957607234926876e+00	7.549151486353160301e-02	2.752194006367884860e-02	2.536864361340770646e+00	6.333495356629979867e+00	9.040786133325454110e-02	1.012128902088121202e-01	1.357115711178455142e-01	-4.314057106388405316e+01	9.040786133325395824e-02	1.012128902088126753e-01	1.357115711178455419e-01	-4.314057106388404605e+01
1.383953033268101807e+12	1.664405976068259685e+00	1.940609406320565819e-02	1.125767340082967394e+01	2.769870656684946475e+00	6.459923786188453976e-02	2.332211350951621590e-02	2.144375116579050999e+00	5.189973051642168045e+00	1.784883684651163149e-01	-1.840071283890308204e-02	1.794343442887088580e-01	-4.408502618673545470e+01	1.784883684651162872e-01	-1.840071283890321041e-02	1.794343442887088302e-01	-4.408502618673545470e+01
1.390215264187866943e+12	1.655508909077383572e+00	2.177722009137469938e-02	1.269035157684946569e+01	2.740235500719680584e+00	7.210476375241961500e-02	2.631334559875690010e-02	1.996016757196739544e+00	4.702204804865659504e+00	1.338180144661910431e-01	5.724810030444024700e-02	1.455493249181904480e-01	-4.357805250905224881e+01	1.338180144661906268e-01	5.724810030444126702e-02	1.455493249181904203e-01	-4.357805250905224170e+01
1.396477495107632080e+12	1.666077104610747206e+00	1.854595206075497493e-02	1.085606000565728557e+01	2.775468966170290930e+00	6.179797222326473966e-02	2.226577669450081551e-02	1.747265426513183950e+00	3.796659198970629312e+00	1.381802334642529551e-01	-1.301106336049889789e-01	1.897960850421502588e-01	-4.473762657589096392e+01	1.381802334642544816e-01	-1.301106336049873413e-01	1.897960850421502865e-01	-4.473762657589094971e+01
1.402739726027397217e+12	1.655409773955495378e+00	2.083703039944747454e-02	1.225186161900722226e+01	2.739947337871516897e+00	6.898764756690625721e-02	2.517845748834653813e-02	1.368130283943695957e+00	2.132496863398100295e+00	1.542072607251201433e-01	-1.415079460737317385e-02	1.548551718489416251e-01	-4.407380564222115282e+01	1.542072607251202543e-01	-1.415079460737207057e-02	1.548551718489416251e-01	-4.407380564222114572e+01
1.409001956947162354e+12	1.668952555322061881e+00	1.681615757085269322e-02	9.931789939695978120e+00	2.785119848760591932e+00	5.613073829714607804e-02	2.015379636970554555e-02	1.210640883345986740e+00	1.300471987267009188e+00	1.031696281289560396e-02	-2.179703542501683633e-01	2.182143786592133650e-01	-4.550579682161313144e+01	1.031696281289562304e-02	-2.179703542501683911e-01	2.182143786592133927e-01	-4.550579682161313144e+01
1.415264187866927490e+12	1.655072515665295230e+00	4.584086282155833332e-04	2.719439878151570511e-01	2.739264821972178243e+00	1.517399043006885167e-03	5.539439016029159071e-04	9.284804908778442056e-02	-1.617029630808783125e+01	8.116783413421898574e-01	-4.964194084168759846e-01	9.514483479711179914e-01	-4.453119968203472467e+01	8.116783413407518966e-01	-4.964194084152350195e-01	9.514483479690349910e-01	-4.453119968203404255e+01
1.421526418786692627e+12	1.669292811060034687e+00	4.472266339271831898e-02	2.664843787634124439e+01	2.784538372435774178e+00	1.493104409858449499e-01	5.362125459066153371e-02	1.206815198476631990e+00	1.278938818617425976e+00	-8.812914086091193019e-03	-1.643872676936113802e-02	1.865205598550827640e-02	-4.604520763119344196e+01	-8.812914086091205162e-03	-1.643872676936111374e-02	1.865205598550825905e-02	-4.604520763119344196e+01
1.427788649706458008e+12	1.659877081525231501e+00	1.791102864190149621e-02	1.071947744126900304e+01	2.754871120825709063e+00	5.946021189846856930e-02	2.158366373256936227e-02	1.340143155375407735e+00	1.991879719878599797e+00	1.424740368868100161e-02	-1.931194536777839643e-01	1.936442921975083387e-01	-4.547945180558915723e+01	1.424740368868044824e-02	-1.931194536777841031e-01	1.936442921975084219e-01	-4.547945180558916434e+01
1.434050880626223145e+12	1.664023222808502123e+00	3.270346125165337486e-02	1.965836712385709006e+01	2.767903769668155434e+00	1.088386379779384405e-01	3.932168421844633999e-02	1.759359496068230833e+00	3.843588258159833515e+00	-2.702243590311290133e-02	-4.460999069310794818e-02	5.215614356695693482e-02	-4.609772911367030446e+01	-2.702243590311261684e-02	-4.460999069310810083e-02	5.215614356695691400e-02	-4.609772911367029735e+01
1.440313111545988281e+12	1.659266650219012318e+00	1.923304116751714879e-02	1.161165266564319865e+01	2.752795906656470670e+00	6.382548758310108150e-02	2.318569547010956508e-02	1.720281432250319487e+00	3.690770492511898482e+00	-6.318434835195251009e-02	-1.584165016001347626e-01	1.705521910028903187e-01	-4.593260768262948091e+01	-6.318434835195257948e-02	-1.584165016001347348e-01	1.705521910028903465e-01	-4.593260768262948091e+01
1.446575342465753418e+12	1.663061939687252577e+00	3.249203083412909032e-02	1.970185306770174449e+01	2.764719283168600938e+00	1.080725196467694910e-01	3.908987082511657107e-02	1.781653975922782296e+00	3.929258991200289763e+00	-4.280576876705308870e-02	-2.922540829391839443e-02	5.183105564895096329e-02	-4.652483874910227257e+01	-4.280576876705285971e-02	-2.922540829391877260e-02	5.183105564895098410e-02	-4.652483874910225836e+01
1.452837573385518555e+12	1.658395937324987246e+00	1.940085207000039058e-02	1.181481779343688387e+01	2.749900691874981096e+00	6.434858850706343114e-02	2.340033176368571180e-02	1.929244328828713551e+00	4.470717330191619432e+00	-1.201344849700353851e-01	-1.135420756984886204e-01	1.653000224831714382e-01	-4.636669584340070571e+01	-1.201344849700353851e-01	-1.135420756984886204e-01	1.653000224831714382e-01	-4.636669584340070571e+01
1.459099804305283691e+12	1.662442670436053316e+00	2.904761227096833848e-02	1.776579306909073708e+01	2.762871868707911904e+00	9.657998022707935115e-02	3.495637322922472839e-02	1.779811812382103176e+00	3.922220875150812081e+00	-6.817259555901025725e-02	-9.808227165203175016e-03	6.887455339511548702e-02	-4.698099690096946546e+01	-6.817259555901020174e-02	-9.808227165203457776e-03	6.887455339511547314e-02	-4.698099690096946546e+01
1.465362035225048828e+12	1.658556357198263109e+00	2.004378699375995374e-02	1.231158238298177210e+01	2.750407436605721401e+00	6.648750068165687477e-02	2.417369143086273847e-02	1.927232755550392751e+00	4.463619883797059984e+00	-1.492205823498630179e-01	-3.621671092085092247e-02	1.535527021799249769e-01	-4.688578790053135492e+01	-1.492205823498629347e-01	-3.621671092085145677e-02	1.535527021799250047e-01	-4.688578790053135492e+01
1.471624266144813965e+12	1.660105804816270236e+00	2.986874302607265760e-02	1.842481127206558966e+01	2.755059141374718745e+00	9.917054736029741469e-02	3.599579619579901940e-02	1.728439275129413977e+00	3.722957092358245124e+00	-6.180836268457062799e-02	9.741337611891991155e-03	6.257129818228389373e-02	-4.728020946228155452e+01	-6.180836268457048227e-02	9.741337611892761372e-03	6.257129818228387985e-02	-4.728020946228156873e+01
1.477886497064579346e+12	1.658137762036448137e+00	1.892059071079693275e-02	1.172100721903933618e+01	2.749062849138395048e+00	6.274589187521686928e-02	2.282446612484052145e-02	1.737523372696553325e+00	3.758619929094936474e+00	-1.633296190066256259e-01	3.899462423999118521e-02	1.679200558732267257e-01	-4.735825066154439611e+01	-1.633296190066258757e-01	3.899462423998976274e-02	1.679200558732266702e-01	-4.735825066154438900e+01
1.484148727984344482e+12	1.660332681982388925e+00	3.046799192497150546e-02	1.895441639645093090e+01	2.755776316326892683e+00	1.011740054948114115e-01	3.671343167273597580e-02	1.534050715413414867e+00	2.911261443643100133e+00	-4.474824171508192533e-02	3.668287119274062091e-02	5.786223444989484904e-02	-4.781056463292949132e+01	-4.474824171508213350e-02	3.668287119274035030e-02	5.786223444989482823e-02	-4.781056463292948422e+01
1.490410958904109619e+12	1.658031864899193186e+00	1.735151744351379546e-02	1.084008424809266380e+01	2.748768589863503919e+00	5.753873765140012086e-02	2.093255062051525145e-02	1.426806223279712738e+00	2.418195980524539213e+00	-1.415141897431217155e-01	1.272614923438288581e-01	1.903201338067800619e-01	-4.785630936333902241e+01	-1.415141897431219375e-01	1.272614923438286083e-01	1.903201338067800341e-01	-4.785630936333902241e+01
1.496673189823874756e+12	1.660941604709122554e+00	3.441497320682435079e-02	2.159054355036364825e+01	2.757542623872888399e+00	1.143225216483285955e-01	4.145811588136612269e-02	1.293976410741715544e+00	1.753375964840482082e+00	-1.233013291580703844e-02	3.729168938875387224e-02	3.927724882408092227e-02	-4.837536132047931403e+01	-1.233013291580722058e-02	3.729168938875381673e-02	3.927724882408092921e-02	-4.837536132047930693e+01
1.502935420743639893e+12	1.657685384856523836e+00	1.636006669662777233e-02	1.030657934125332886e+01	2.747653183384603626e+00	5.423968691655561142e-02	1.974036870611970210e-02	1.214143324434708848e+00	1.320126171615911836e+00	-7.385360444306451888e-02	1.931362460448407259e-01	2.067751542751833926e-01	-4.832945128620453801e+01	-7.385360444306252048e-02	1.931362460448413365e-01	2.067751542751832539e-01	-4.832945128620454511e+01
