freq_roi_Hz	n_opt	k_opt	alpha_cm	eps_r	eps_i	loss_tan	DR	alpha_max	H_meas_real	H_meas_imag	H_meas_mag	H_meas_phase	H_model_real	H_model_imag	H_model_mag	H_model_phase
3.005870841487279663e+11	1.668747669686569290e+00	7.493186409569748546e-03	9.441174254497467500e-01	2.784662637241786864e+00	2.500847471899317678e-02	8.980791563233711527e-03	7.655570711280181229e+01	2.951334267699601810e+01	8.156261640596670359e-01	1.855886200949277975e-01	8.364742526864926697e-01	2.237319473419753235e-01	8.156261640596667029e-01	1.855886200949293241e-01	8.364742526864926697e-01	2.237319473419771831e-01
3.068493150684931641e+11	1.669309672087104124e+00	8.088474282454948330e-03	1.040353489713725654e+00	2.786529357907337356e+00	2.700433670425968907e-02	9.691028959601466833e-03	7.884747011304553155e+01	2.971401998903494501e+01	8.370413780754126787e-01	-8.437910667141861054e-02	8.412836039368963847e-01	-1.004669792266277145e-01	8.370413780754126787e-01	-8.437910667141954035e-02	8.412836039368963847e-01	-1.004669792266288109e-01
3.131115459882583008e+11	1.669094136463826095e+00	7.137549442941694584e-03	9.367794892476462021e-01	2.785824291765874872e+00	2.382648384786925991e-02	8.552759022991416119e-03	7.184352025003005338e+01	2.908113361259056262e+01	7.546391355055855898e-01	-3.084434283502663354e-01	8.152408069577256056e-01	-3.880092548836047150e-01	7.546391355055854788e-01	-3.084434283502678342e-01	8.152408069577259386e-01	-3.880092548836064914e-01
3.193737769080234985e+11	1.669946946369511132e+00	8.236542461796430431e-03	1.102639019771910478e+00	2.788654963057129788e+00	2.750917786543952831e-02	9.864676064220556997e-03	7.753072438666623611e+01	2.959944417114113335e+01	6.187626758865422127e-01	-4.465501401975187634e-01	7.630689855974345237e-01	-6.251301854139913461e-01	6.187626758865419907e-01	-4.465501401975189855e-01	7.630689855974345237e-01	-6.251301854139916792e-01
3.256360078277886353e+11	1.669489917136211421e+00	7.965000097060673592e-03	1.087194804565169148e+00	2.787133142192927959e+00	2.659497470406347805e-02	9.542053912479560654e-03	7.403954168761724475e+01	2.928597678417212791e+01	5.285727975737667395e-01	-5.733552537190701459e-01	7.798239861034138576e-01	-8.260159024662063754e-01	5.285727975737662954e-01	-5.733552537190704790e-01	7.798239861034138576e-01	-8.260159024662071525e-01
3.318982387475538330e+11	1.669227955813803232e+00	8.890685826456714430e-03	1.236885141854097370e+00	2.786242924175863500e+00	2.968116265575819132e-02	1.065275478969139600e-02	7.551960872368788102e+01	2.942063707676693696e+01	3.764162714344449490e-01	-7.113156037121737274e-01	8.047726992667083579e-01	-1.084075634973979074e+00	3.764162714344460592e-01	-7.113156037121731723e-01	8.047726992667083579e-01	-1.084075634973977520e+00
3.381604696673189697e+11	1.669307393699920539e+00	8.228926966463000897e-03	1.166420669630288343e+00	2.786519459422202249e+00	2.747321725466669168e-02	9.859330844351393841e-03	6.983212778548957544e+01	2.888794222083970453e+01	1.415415026833060919e-01	-8.098660600000675558e-01	8.221417348133358560e-01	-1.397772383168919275e+00	1.415415026833081180e-01	-8.098660600000673337e-01	8.221417348133359670e-01	-1.397772383168916832e+00
3.444227005870841675e+11	1.668935470849224556e+00	8.368709554880764817e-03	1.208201649273234146e+00	2.785275570559108793e+00	2.793367244275066566e-02	1.002905160911720349e-02	7.649307951540878037e+01	2.950777475857756116e+01	-7.759611811384735380e-02	-7.744586676346343346e-01	7.783362932696580305e-01	-1.670657062944142401e+00	-7.759611811384563296e-02	-7.744586676346345566e-01	7.783362932696581415e-01	-1.670657062944140181e+00
3.506849315068493042e+11	1.669825290744562984e+00	8.496972924669882535e-03	1.249023186819688824e+00	2.788244303061281570e+00	2.837692056877113428e-02	1.017734369173297314e-02	7.247436011598516359e+01	2.914061193821027373e+01	-2.473644871410979051e-01	-7.053444361018950115e-01	7.474623489102837359e-01	-1.908094862200710118e+00	-2.473644871410950186e-01	-7.053444361018962327e-01	7.474623489102839580e-01	-1.908094862200705899e+00
3.569471624266145020e+11	1.669172062347832108e+00	9.011058906365975937e-03	1.348245326942895783e+00	2.786054174539900785e+00	3.008201555735339275e-02	1.079735485126424345e-02	7.312140104567453136e+01	2.920108234086091414e+01	-3.882788321268428877e-01	-6.485518428188278284e-01	7.558967815128482259e-01	-2.110249003705440440e+00	-3.882788321268405007e-01	-6.485518428188292717e-01	7.558967815128482259e-01	-2.110249003705436444e+00
3.632093933463796387e+11	1.669183442229880132e+00	9.184299819975429505e-03	1.398274010618012486e+00	2.786089012451208546e+00	3.066056237595571332e-02	1.100487537868737042e-02	7.385682895504099577e+01	2.926916675387905542e+01	-5.709025568470001977e-01	-5.438937042761605722e-01	7.885113131500942618e-01	-2.380417364672341218e+00	-5.709025568470013079e-01	-5.438937042761595730e-01	7.885113131500942618e-01	-2.380417364672343439e+00
3.694716242661448364e+11	1.668587981245908791e+00	8.627525174468481800e-03	1.336153907640463157e+00	2.784111416967661068e+00	2.879156962802924269e-02	1.034138556832176967e-02	7.644141169130480762e+01	2.950317778798740065e+01	-7.131589619710160255e-01	-3.581680289388433636e-01	7.980476439370730590e-01	-2.676164648086224673e+00	-7.131589619710130279e-01	-3.581680289388483041e-01	7.980476439370726149e-01	-2.676164648086217124e+00
3.757338551859099731e+11	1.669479288263485683e+00	9.154030213539769700e-03	1.441723014300501760e+00	2.787077297671604281e+00	3.056492769128563852e-02	1.096665948835375340e-02	6.888924965150421542e+01	2.879545625448772839e+01	-7.359480013082477790e-01	-1.285974717461077776e-01	7.470989026689142110e-01	-2.968602017562708806e+00	-7.359480013082470018e-01	-1.285974717461131067e-01	7.470989026689142110e-01	-2.968602017562701256e+00
3.819960861056751709e+11	1.669252642887888882e+00	8.740624821724501600e-03	1.399556879909667151e+00	2.786327987265927675e+00	2.918062216831021280e-02	1.047278794947021675e-02	7.304759563649395204e+01	2.919421181557603973e+01	-7.318903359374356876e-01	2.909917636009994035e-02	7.324685835607207540e-01	-3.181330653122450780e+00	-7.318903359374356876e-01	2.909917636009883707e-02	7.324685835607207540e-01	-3.181330653122448116e+00
3.882583170254403076e+11	1.669060968811458157e+00	9.874513044097041684e-03	1.607036040360578566e+00	2.785667011601985266e+00	3.296232861584397905e-02	1.183283159062430666e-02	7.414952521106654615e+01	2.929607555516551542e+01	-7.085529820224294451e-01	1.866092328177535731e-01	7.327143605155476136e-01	-3.399111603396537173e+00	-7.085529820224303332e-01	1.866092328177505755e-01	7.327143605155476136e-01	-3.399111603396531844e+00
3.945205479452055054e+11	1.669046190211964875e+00	9.048264948597664267e-03	1.496318680095252596e+00	2.785633313962494473e+00	3.020394428097078476e-02	1.084275670081157224e-02	6.963789532558378426e+01	2.886899270155067043e+01	-6.714778227588742432e-01	3.955528279329592056e-01	7.793231076663641455e-01	-3.673942578910754264e+00	-6.714778227588752424e-01	3.955528279329573738e-01	7.793231076663641455e-01	-3.673942578910750711e+00
4.007827788649706421e+11	1.668668995182947201e+00	9.833496024194244428e-03	1.651985228905338499e+00	2.784359517840809151e+00	3.281769985965542896e-02	1.178644483565276582e-02	7.234659622830459114e+01	2.912860772227996620e+01	-5.110268011226437590e-01	5.575717464408876944e-01	7.563297190344854259e-01	-3.970520301164859767e+00	-5.110268011226454243e-01	5.575717464408864732e-01	7.563297190344855370e-01	-3.970520301164856214e+00
4.070450097847357788e+11	1.669431930716601231e+00	8.898750452720828250e-03	1.518310599721505172e+00	2.786923783536539023e+00	2.971171629850192369e-02	1.066111548296396969e-02	6.966500071136100303e+01	2.887164030191326702e+01	-3.243126230491686912e-01	6.595128498168945086e-01	7.349393692969738989e-01	-4.255366570997562548e+00	-3.243126230491699125e-01	6.595128498168940645e-01	7.349393692969741210e-01	-4.255366570997559883e+00
4.133072407045009766e+11	1.668584986251046676e+00	1.010882595702410763e-02	1.751309462477807832e+00	2.784073667980176303e+00	3.373487044103058718e-02	1.211708972683361862e-02	7.128235924141237945e+01	2.902778433744190068e+01	-1.806533019613243418e-01	6.749887987234094444e-01	6.987456575261136171e-01	-4.450879063256730106e+00	-1.806533019613229818e-01	6.749887987234096665e-01	6.987456575261135061e-01	-4.450879063256730994e+00
4.195694716242661133e+11	1.669448741739715247e+00	9.832281633377123325e-03	1.729208460968587380e+00	2.786962427534200426e+00	3.282898040254390165e-02	1.177948438708940546e-02	7.322016126597470986e+01	2.921026506225109998e+01	-9.046443741932421248e-03	7.245598636126582281e-01	7.246163357962405183e-01	-4.699904195940024287e+00	-9.046443741934636490e-03	7.245598636126581171e-01	7.246163357962404072e-01	-4.699904195940020735e+00
4.258317025440313110e+11	1.668155234106038387e+00	1.009871319728128380e-02	1.802574364580197930e+00	2.782639901067130772e+00	3.369244255556099604e-02	1.210808575793083548e-02	6.929433177463066329e+01	2.883534449281756196e+01	1.728302078199092096e-01	7.238934206447925623e-01	7.442391854692224085e-01	-4.946752559222531431e+00	1.728302078199085157e-01	7.238934206447926734e-01	7.442391854692224085e-01	-4.946752559222529655e+00
4.320939334637964478e+11	1.669226616004080066e+00	9.884461679998323910e-03	1.790277494058167829e+00	2.786219792993729349e+00	3.299881304225121131e-02	1.184357857381909684e-02	6.859570027366898159e+01	2.876640374555959312e+01	3.950890674946729297e-01	6.213046496284314602e-01	7.362844823189731436e-01	-5.278789779868608534e+00	3.950890674946733183e-01	6.213046496284320153e-01	7.362844823189738097e-01	-5.278789779868607646e+00
4.383561643835616455e+11	1.668117664780836007e+00	9.782730385026599043e-03	1.797530895654001704e+00	2.782520841740083295e+00	3.263749073010219909e-02	1.172946855977256495e-02	6.596325802369787539e+01	2.850017274145453783e+01	5.027429679452146694e-01	4.939420285724087645e-01	7.047901953124698915e-01	-5.506617125842778293e+00	5.027429679452146694e-01	4.939420285724087090e-01	7.047901953124698915e-01	-5.506617125842777405e+00
4.446183953033267822e+11	1.669748800470419958e+00	1.055783143408627923e-02	1.967665684809599469e+00	2.787949588867815631e+00	3.525785274526891527e-02	1.264651731367463609e-02	6.645857309989261807e+01	2.855106842628274322e+01	5.905774278362512231e-01	3.361934627469339021e-01	6.795643771295376556e-01	-5.765673754924693029e+00	5.905774278362501128e-01	3.361934627469355119e-01	6.795643771295375446e-01	-5.765673754924688588e+00
4.508806262230919800e+11	1.668080756847142521e+00	1.022404717339792622e-02	1.932295668508424047e+00	2.782388880223131800e+00	3.410907269408500198e-02	1.225891640687898701e-02	6.651236152436325710e+01	2.855657256163051727e+01	6.681196346649170836e-01	2.271727247977338993e-01	7.056849815015261429e-01	-5.955430635004920426e+00	6.681196346649163065e-01	2.271727247977353981e-01	7.056849815015259209e-01	-5.955430635004917761e+00
4.571428571428571167e+11	1.668896640895673134e+00	1.087971568396299896e-02	2.084772384592775918e+00	2.785097629779497375e+00	3.631424191773163779e-02	1.303876802358512610e-02	6.436131843871386593e+01	2.833291021049107528e+01	7.134061901660126992e-01	1.353091752580164522e-02	7.135344966406845790e-01	-6.264220942200966924e+00	7.134061901660126992e-01	1.353091752580147522e-02	7.135344966406845790e-01	-6.264220942200966036e+00
4.634050880626223145e+11	1.668013197666896152e+00	9.752263035435615110e-03	1.894328815008067046e+00	2.782172920956631490e+00	3.253380690045126061e-02	1.169366815965728300e-02	6.355660113490932162e+01	2.824731003389225137e+01	6.998057186767152604e-01	-1.807110051344029689e-01	7.227617250998561449e-01	-6.535894961597488617e+00	6.998057186767144833e-01	-1.807110051344049118e-01	7.227617250998560339e-01	-6.535894961597491282e+00
4.696673189823874512e+11	1.669194292676711600e+00	1.117065360513332453e-02	2.199166379672668370e+00	2.786084803202541593e+00	3.729198248631415691e-02	1.338508520754567999e-02	6.460365919036999571e+01	2.835847911690398249e+01	5.696611093628497491e-01	-3.378947851186538398e-01	6.623342549882905717e-01	-6.818553205287098073e+00	5.696611093628506373e-01	-3.378947851186525630e-01	6.623342549882906827e-01	-6.818553205287095409e+00
4.759295499021526489e+11	1.668409083842487428e+00	1.002428591851752850e-02	1.999794073189001153e+00	2.783488384739952082e+00	3.344921937097795200e-02	1.201701417342287623e-02	6.260964874973024052e+01	2.814518079811541895e+01	5.034870446660160148e-01	-4.533355013515893983e-01	6.775044508578639268e-01	-7.016216715635719581e+00	5.034870446660151266e-01	-4.533355013515906751e-01	6.775044508578641489e-01	-7.016216715635721357e+00
4.821917808219177856e+11	1.668450315649289806e+00	1.180390227572788650e-02	2.385802941949129785e+00	2.783587123681279696e+00	3.938844895566312454e-02	1.415024829672731875e-02	6.507870381712274366e+01	2.840832306283224540e+01	3.716085097092348133e-01	-5.500931327973026530e-01	6.638488828333367620e-01	-7.259862839534431345e+00	3.716085097092354794e-01	-5.500931327973020979e-01	6.638488828333367620e-01	-7.259862839534429568e+00
4.884540117416829834e+11	1.668014916131779657e+00	1.026875091564661419e-02	2.102473165502796171e+00	2.782168313192740605e+00	3.425685939468084418e-02	1.231300753165742376e-02	6.722430283260740680e+01	2.862900861614798842e+01	2.255147671578247304e-01	-6.753616132961229868e-01	7.120184119249935994e-01	-7.531705813866797605e+00	2.255147671578233703e-01	-6.753616132961235419e-01	7.120184119249937105e-01	-7.531705813866798493e+00
4.947162426614481201e+11	1.668309268399056355e+00	1.143245816017400378e-02	2.370745589191456837e+00	2.783125113926610439e+00	3.814575181840542534e-02	1.370608587717674076e-02	6.269145036959719164e+01	2.815406388814940541e+01	1.499556226819090399e-02	-6.687263251915057660e-01	6.688944347891337960e-01	-7.831561326874397544e+00	1.499556226819252075e-02	-6.687263251915058770e-01	6.688944347891339071e-01	-7.831561326874394879e+00
5.009784735812133179e+11	1.668516145935771133e+00	1.022645096727710888e-02	2.147499971081086478e+00	2.783841548948973177e+00	3.412599710904468120e-02	1.225859895723188653e-02	6.543118855735777117e+01	2.844507285807289776e+01	-1.531770950103848450e-01	-6.478276179903669219e-01	6.656905024610860755e-01	-8.086164713075010724e+00	-1.531770950103854834e-01	-6.478276179903666998e-01	6.656905024610859645e-01	-8.086164713075010724e+00
5.072407045009784546e+11	1.668111753358043181e+00	1.200727561961096451e-02	2.552981912297002776e+00	2.782452647023439862e+00	4.005895517376505816e-02	1.439699439867146713e-02	6.728431227742275667e+01	2.863507914482935135e+01	-2.683154610310344301e-01	-5.686377942160059096e-01	6.287623777224121691e-01	-8.294862064868437912e+00	-2.683154610310346522e-01	-5.686377942160061316e-01	6.287623777224123911e-01	-8.294862064868437912e+00
5.135029354207436523e+11	1.668304385766673059e+00	1.092229513758632628e-02	2.350964110749537372e+00	2.783120227037243932e+00	3.644342576134654982e-02	1.309444895959173405e-02	6.875810409483261765e+01	2.878249214098488906e+01	-4.275232183451287971e-01	-5.161978197344535557e-01	6.702509166892500758e-01	-8.545692147686660078e+00	-4.275232183451296297e-01	-5.161978197344528896e-01	6.702509166892500758e-01	-8.545692147686660078e+00
5.197651663405087891e+11	1.667524074256372613e+00	1.180810914670143291e-02	2.572626213352246616e+00	2.780497106782951811e+00	3.938061254714302767e-02	1.416315537645230008e-02	6.595539933230362806e+01	2.849936215192128586e+01	-5.400322925999003765e-01	-3.823315052714944540e-01	6.616738297483670816e-01	-8.808717033172317912e+00	-5.400322925998999324e-01	-3.823315052714948425e-01	6.616738297483670816e-01	-8.808717033172316135e+00
5.260273972602739868e+11	1.668185476432608283e+00	1.067369592859419673e-02	2.353489970264030617e+00	2.782728855995912465e+00	3.561140905587740352e-02	1.279729750857541357e-02	6.630035269757138394e+01	2.853485197060726364e+01	-6.365857761334783316e-01	-2.014472123095436551e-01	6.676993557902758392e-01	-9.118299082726558424e+00	-6.365857761334783316e-01	-2.014472123095435441e-01	6.676993557902758392e-01	-9.118299082726556648e+00
5.322896281800391235e+11	1.667800961741185084e+00	1.184154839693212294e-02	2.642078149000214538e+00	2.781419825716384686e+00	3.949869160981636651e-02	1.420090963781170737e-02	6.402026784674146143e+01	2.829676305970583883e+01	-6.183803886687683216e-01	-4.826232534294445931e-02	6.202608782904538431e-01	-9.346889511383196236e+00	-6.183803886687684326e-01	-4.826232534294368909e-02	6.202608782904538431e-01	-9.346889511383196236e+00
5.385518590998043213e+11	1.668422790384167076e+00	1.129717139076596814e-02	2.550271444222716788e+00	2.783506981391858037e+00	3.769691643045987306e-02	1.354295738522272308e-02	6.498803478091016927e+01	2.839883779063911362e+01	-6.223164921531104676e-01	1.039436893577157378e-01	6.309374826106353140e-01	-9.590277263278224495e+00	-6.223164921531101346e-01	1.039436893577184717e-01	6.309374826106353140e-01	-9.590277263278228048e+00
5.448140900195694580e+11	1.667190100077751147e+00	1.209410253035912361e-02	2.761920273960952077e+00	2.779376562481247426e+00	4.032633601588002381e-02	1.450913005464768077e-02	5.760658870062367498e+01	2.757857569359960337e+01	-5.873587480261930338e-01	2.324846190007945623e-01	6.316956521576205796e-01	-9.801670227316600759e+00	-5.873587480261920346e-01	2.324846190007964775e-01	6.316956521576203576e-01	-9.801670227316604311e+00
5.510763209393345947e+11	1.667845943291132116e+00	1.134389535449386449e-02	2.620373043007869995e+00	2.781581406590872607e+00	3.783973969622342337e-02	1.360367868672234838e-02	5.883581485031590574e+01	2.772222176123177562e+01	-5.071981147576112292e-01	4.166907723120712448e-01	6.564153619041112053e-01	-1.011252426211677502e+01	-5.071981147576126725e-01	4.166907723120696350e-01	6.564153619041113163e-01	-1.011252426211677324e+01
5.573385518590998535e+11	1.667325822988224848e+00	1.155339064834466634e-02	2.699092100073793521e+00	2.779841919167888253e+00	3.852653314211146318e-02	1.385925324618599540e-02	3.668649858450253731e+01	2.450868320844315917e+01	-3.678365758573248212e-01	5.146615116235986331e-01	6.325979908955837727e-01	-1.037504025069548774e+01	-3.678365758573213240e-01	5.146615116236007426e-01	6.325979908955834397e-01	-1.037504025069549485e+01
5.636007827788649902e+11	1.668455527372233016e+00	1.191282047257747473e-02	2.814332109447517993e+00	2.783601931527344142e+00	3.975202232812997255e-02	1.428078558140613748e-02	4.937357530519732762e+01	2.652934223374291278e+01	-2.032534559596369250e-01	5.688666159372162134e-01	6.040870749216508129e-01	-1.065241501867774154e+01	-2.032534559596387846e-01	5.688666159372155473e-01	6.040870749216509239e-01	-1.065241501867773799e+01
5.698630136986301270e+11	1.667358807937748377e+00	1.223255358632809563e-02	2.921976767260213492e+00	2.779935759040347065e+00	4.079211193146928260e-02	1.467376064314198335e-02	5.244146823883561837e+01	2.693946768007478099e+01	-9.119459388890524543e-02	5.927547324280239005e-01	5.997287943482291217e-01	-1.084292239132109970e+01	-9.119459388890858997e-02	5.927547324280233454e-01	5.997287943482291217e-01	-1.084292239132109259e+01
5.761252446183952637e+11	1.667861972733726939e+00	1.237097578960310792e-02	2.987514512193940153e+00	2.781610519049252606e+00	4.126616017017722959e-02	1.483534804300420083e-02	5.616397381259265842e+01	2.740603133643234202e+01	7.412199632580672437e-02	6.089072330619240692e-01	6.134020613060011673e-01	-1.111670784962370107e+01	7.412199632580435127e-02	6.089072330619244022e-01	6.134020613060011673e-01	-1.111670784962369751e+01
5.823874755381605225e+11	1.666899664512655255e+00	1.203628627642827457e-02	2.938283500959175676e+00	2.778409619365074246e+00	4.012656311231313500e-02	1.444227763704723604e-02	5.353421534119146230e+01	2.707977677022607566e+01	2.275849127886754864e-01	5.815962008340790357e-01	6.245390567079559530e-01	-1.136856766166668820e+01	2.275849127886774570e-01	5.815962008340783695e-01	6.245390567079559530e-01	-1.136856766166669175e+01
5.886497064579256592e+11	1.667810609613014527e+00	1.220246912496210194e-02	3.010882520022752473e+00	2.781443329284989829e+00	4.070281494017406049e-02	1.463370276562036068e-02	5.588840888931991913e+01	2.737256865846967457e+01	3.789022401386411554e-01	4.667023681632173071e-01	6.011472432201911964e-01	-1.167751200308003412e+01	3.789022401386396566e-01	4.667023681632186394e-01	6.011472432201913074e-01	-1.167751200308003057e+01
5.949119373776907959e+11	1.667275479581318498e+00	1.218690901922735853e-02	3.039032982654175097e+00	2.779659004061672434e+00	4.063786915929237797e-02	1.461973180879806364e-02	5.239110424316377390e+01	2.693293064301269624e+01	4.587651425189190335e-01	3.633970138764229807e-01	5.852545135961834122e-01	-1.189645309480360780e+01	4.587651425189177012e-01	3.633970138764247571e-01	5.852545135961834122e-01	-1.189645309480360424e+01
6.011741682974559326e+11	1.667699423456898700e+00	1.294101173223130216e-02	3.261051844044733805e+00	2.781053897213818793e+00	4.316343560958221109e-02	1.552053185766202707e-02	5.668071869638385607e+01	2.746834095068168224e+01	5.225927125017582053e-01	2.359783911873477025e-01	5.734012070682396045e-01	-1.214222582933608763e+01	5.225927125017583164e-01	2.359783911873475915e-01	5.734012070682396045e-01	-1.214222582933608763e+01
6.074363992172210693e+11	1.666767935632361031e+00	1.253717082853639600e-02	3.192195764632230315e+00	2.777958170599778676e+00	4.179310868109973459e-02	1.504454211132932179e-02	5.428122860198922695e+01	2.717405496639111817e+01	5.837552385453363968e-01	1.182561049153827287e-01	5.956128649373523265e-01	-1.236649721763002141e+01	5.837552385453365078e-01	1.182561049153824095e-01	5.956128649373523265e-01	-1.236649721763002141e+01
6.136986301369863281e+11	1.667264792925815975e+00	1.290280331359343682e-02	3.319161558936815748e+00	2.779605407396614769e+00	4.302477938960178744e-02	1.547873639729996885e-02	5.804663020088220549e+01	2.763034769886179021e+01	5.847175551682798345e-01	-6.199505333617546382e-02	5.879949030052264991e-01	-1.267200161978288442e+01	5.847175551682795014e-01	-6.199505333617939817e-02	5.879949030052264991e-01	-1.267200161978289152e+01
6.199608610567514648e+11	1.666756346746002704e+00	1.247678670236002443e-02	3.242322309146708825e+00	2.777921049211665050e+00	4.159152684630940122e-02	1.497217743395280916e-02	5.706710034931915487e+01	2.751456117692175951e+01	5.435940474810040390e-01	-2.028615399965704169e-01	5.802131443414223488e-01	-1.292354974146674351e+01	5.435940474810041501e-01	-2.028615399965699451e-01	5.802131443414222378e-01	-1.292354974146674351e+01
6.262230919765166016e+11	1.667372347406565369e+00	1.309922185134365993e-02	3.438458102052984966e+00	2.779958955282969324e+00	4.368256057494850769e-02	1.571338328284854063e-02	5.874332373280704900e+01	2.771151823639415923e+01	4.511065522070082379e-01	-3.198370403423166919e-01	5.529854010903244577e-01	-1.318311502319827966e+01	4.511065522070082379e-01	-3.198370403423166919e-01	5.529854010903244577e-01	-1.318311502319827966e+01
6.324853228962817383e+11	1.666673746454512273e+00	1.298765718655824596e-02	3.443264855154688053e+00	2.777632697881524226e+00	4.329237452157580490e-02	1.558606886885890823e-02	5.622134686928018965e+01	2.741297766650547629e+01	3.799429728661892214e-01	-4.107006326138640251e-01	5.594923344066707882e-01	-1.339065122454318946e+01	3.799429728661880001e-01	-4.107006326138652463e-01	5.594923344066707882e-01	-1.339065122454319301e+01
6.387475538160469971e+11	1.666788811196487918e+00	1.343652073273154945e-02	3.597536737922117034e+00	2.778004401040400584e+00	4.479168483745316759e-02	1.612369110022938284e-02	5.776491285377387896e+01	2.759724834030775398e+01	2.589341412805644671e-01	-4.982832833635671976e-01	5.615452964813081316e-01	-1.365792124391553486e+01	2.589341412805639120e-01	-4.982832833635674752e-01	5.615452964813081316e-01	-1.365792124391553486e+01
6.450097847358121338e+11	1.666232068079822604e+00	1.282166672664066670e-02	3.466569790824949315e+00	2.776164909559913685e+00	4.272774453232145581e-02	1.539092450350681464e-02	5.332659278759416566e+01	2.705333968327258276e+01	1.242869644465667556e-01	-5.609025866847793251e-01	5.745075815696590871e-01	-1.391910639195180188e+01	1.242869644465664641e-01	-5.609025866847792141e-01	5.745075815696589761e-01	-1.391910639195180188e+01
6.512720156555772705e+11	1.666822999855649190e+00	1.320249531324948003e-02	3.604189362698884125e+00	2.778124606965288734e+00	4.401244568722129102e-02	1.584250237619784507e-02	5.580429981010143337e+01	2.736232216856948085e+01	-3.950256735064285735e-02	-5.471347728195302684e-01	5.485589416421640108e-01	-1.420924085229470890e+01	-3.950256735064110875e-02	-5.471347728195304905e-01	5.485589416421641218e-01	-1.420924085229470535e+01
6.575342465753424072e+11	1.666495106015621896e+00	1.298483946358154444e-02	3.578855165008980599e+00	2.777037332318123664e+00	4.327834283691431305e-02	1.558435759334493576e-02	5.057063175253982479e+01	2.669232239785432981e+01	-1.582099666474208188e-01	-5.186090626821711069e-01	5.422045310052822087e-01	-1.443326489211791497e+01	-1.582099666474212629e-01	-5.186090626821708849e-01	5.422045310052822087e-01	-1.443326489211791674e+01
6.637964774951076660e+11	1.666786703308677398e+00	1.377888620905099414e-02	3.833877375929223952e+00	2.777988056621447210e+00	4.593292863929901437e-02	1.653460263438354810e-02	5.122442429735579594e+01	2.677971531351625600e+01	-2.749919840463797560e-01	-4.535565220644584561e-01	5.304093796276343475e-01	-1.468220699361211246e+01	-2.749919840463793674e-01	-4.535565220644587336e-01	5.304093796276343475e-01	-1.468220699361211068e+01
6.700587084148728027e+11	1.666053952124715520e+00	1.325438796958028354e-02	3.722731341929126803e+00	2.775560092589935746e+00	4.416505091942703187e-02	1.591212203884069185e-02	4.846199589152066523e+01	2.640255741001375611e+01	-3.874894001812890232e-01	-3.926833663436511412e-01	5.516776789537866099e-01	-1.491590774652509310e+01	-3.874894001812902444e-01	-3.926833663436501420e-01	5.516776789537867209e-01	-1.491590774652509666e+01
6.763209393346379395e+11	1.666478784390741597e+00	1.365920071293152266e-02	3.872284711512084865e+00	2.776964965060327639e+00	4.552553639967055199e-02	1.639399019161969992e-02	4.918257934995011027e+01	2.650297297373684202e+01	-4.750618896187090989e-01	-2.545763272307645653e-01	5.389739375465235627e-01	-1.521602507505468083e+01	-4.750618896187078777e-01	-2.545763272307672853e-01	5.389739375465237847e-01	-1.521602507505467550e+01
6.825831702544030762e+11	1.666163047965597110e+00	1.314112266252929519e-02	3.759907895292882607e+00	2.775926613301177071e+00	4.379050597817918389e-02	1.577509497850261913e-02	4.476393120885856547e+01	2.586252140152505063e+01	-5.198406417422124504e-01	-1.281343529104686241e-01	5.353995752732156888e-01	-1.546629296887428673e+01	-5.198406417422124504e-01	-1.281343529104684020e-01	5.353995752732156888e-01	-1.546629296887428673e+01
6.888454011741683350e+11	1.666677468800861650e+00	1.404081344254581691e-02	4.054181555035064832e+00	2.777616640566318740e+00	4.680301481665474772e-02	1.685006279596317630e-02	4.787827508143430322e+01	2.632011330525361004e+01	-5.070200539642439885e-01	7.854875955135037779e-03	5.070808951224404781e-01	-1.572345426789920175e+01	-5.070200539642443216e-01	7.854875955132418347e-03	5.070808951224407002e-01	-1.572345426789919642e+01
6.951076320939334717e+11	1.666102075000741367e+00	1.361718307858605231e-02	3.967605599532558536e+00	2.775710696646780384e+00	4.537523396579441065e-02	1.634724902008351591e-02	4.375004290744909952e+01	2.570665437660193575e+01	-5.072195880600728346e-01	1.196069327415682920e-01	5.211310093169240210e-01	-1.593954173050931544e+01	-5.072195880600730566e-01	1.196069327415673900e-01	5.211310093169240210e-01	-1.593954173050931367e+01
7.013698630136986084e+11	1.666247151600331655e+00	1.439343394116346202e-02	4.231561731419573036e+00	2.776172399275600000e+00	4.796603661242231087e-02	1.727775862368573223e-02	4.671301356483417777e+01	2.615248351133829985e+01	-4.475987352911840467e-01	2.476335389596905079e-01	5.115339651010165634e-01	-1.621329746647872838e+01	-4.475987352911847683e-01	2.476335389596888426e-01	5.115339651010163413e-01	-1.621329746647872483e+01
7.076320939334637451e+11	1.665912464556940309e+00	1.357859188431854297e-02	4.027647167452010457e+00	2.775079961408617901e+00	4.524149094243594404e-02	1.630277021620363254e-02	4.382010879023932404e+01	2.571754136017975156e+01	-3.775189137058613809e-01	3.659913756999099155e-01	5.258043526753712893e-01	-1.647785846570030088e+01	-3.775189137058629907e-01	3.659913756999083612e-01	5.258043526753712893e-01	-1.647785846570029378e+01
7.138943248532290039e+11	1.666283044996677676e+00	1.446652213375226696e-02	4.328996417983312028e+00	2.776289905780753742e+00	4.821064110308112549e-02	1.736513215089590181e-02	4.619745427864251752e+01	2.607697856499388323e+01	-2.471094328053171085e-01	4.252160751468782030e-01	4.918046180595309069e-01	-1.675232430527365679e+01	-2.471094328053163869e-01	4.252160751468785360e-01	4.918046180595307959e-01	-1.675232430527365679e+01
7.201565557729941406e+11	1.666118960192731313e+00	1.391402445313007913e-02	4.200189084082053270e+00	2.775758789437225982e+00	4.636483990789064952e-02	1.670348305635409314e-02	4.359474263783370418e+01	2.568246121293579876e+01	-1.447396218224779874e-01	4.753558388422501335e-01	4.969031411117595942e-01	-1.698319148621341768e+01	-1.447396218224773490e-01	4.753558388422503556e-01	4.969031411117595387e-01	-1.698319148621341768e+01
7.264187866927592773e+11	1.665920582695771923e+00	1.501081088911850221e-02	4.570675425666235192e+00	2.775066063405871475e+00	5.001363764627266700e-02	1.802250343002297431e-02	4.662290445010823703e+01	2.613934709109184951e+01	-2.858667818142326261e-02	4.774280569295778487e-01	4.782831250556520142e-01	-1.721895458699687964e+01	-2.858667818142194422e-02	4.774280569295780152e-01	4.782831250556520697e-01	-1.721895458699687964e+01
7.326810176125244141e+11	1.665675094947003387e+00	1.418921378927806044e-02	4.357751221633490601e+00	2.774272188138751094e+00	4.726924005135812318e-02	1.703842912510717886e-02	4.515008939882476824e+01	2.592095968909378101e+01	9.772404413534718781e-02	4.926191044644386285e-01	5.022186484844154419e-01	-1.747459359180748351e+01	9.772404413534899192e-02	4.926191044644382955e-01	5.022186484844154419e-01	-1.747459359180748706e+01
7.389432485322896729e+11	1.665548029223004711e+00	1.492428024926826559e-02	4.622677991782202511e+00	2.773827503507676262e+00	4.971421111348114930e-02	1.792260371296140742e-02	4.544096983620890740e+01	2.596465025282552830e+01	2.156829811440591493e-01	4.288998527340462941e-01	4.800773188044558659e-01	-1.774470449763350288e+01	2.156829811440580114e-01	4.288998527340470157e-01	4.800773188044560325e-01	-1.774470449763349933e+01
7.452054794520548096e+11	1.665674810278680473e+00	1.408606611270883310e-02	4.400022761209446465e+00	2.774274156338386810e+00	4.692561099971847421e-02	1.691455435019191891e-02	4.276334935156615558e+01	2.555146043590669436e+01	3.242048751833572218e-01	3.623630073702889809e-01	4.862260278955625736e-01	-1.800863678691676029e+01	3.242048751833558895e-01	3.623630073702901466e-01	4.862260278955625181e-01	-1.800863678691675673e+01
7.514677103718199463e+11	1.665612785152131181e+00	1.515598221192843847e-02	4.774012724351016423e+00	2.774036246265430883e+00	5.048799548745256521e-02	1.820019315011562819e-02	3.650847563760552816e+01	2.447558895725085293e+01	3.766431660228224954e-01	2.608988846775056603e-01	4.581793344724987005e-01	-1.824374940144151935e+01	3.766431660228256040e-01	2.608988846775012194e-01	4.581793344724987005e-01	-1.824374940144153001e+01
7.577299412915850830e+11	1.665975455949254114e+00	1.456133731786811436e-02	4.624926892842820436e+00	2.775262187280840287e+00	4.851766115473243879e-02	1.748219010697122863e-02	3.360194807228815250e+01	2.391117490648969834e+01	4.478995487778387741e-01	1.600049478414640458e-01	4.756212664811584889e-01	-1.850645115001447394e+01	4.478995487778388851e-01	1.600049478414639070e-01	4.756212664811585999e-01	-1.850645115001447394e+01
7.639921722113503418e+11	1.665025390256330118e+00	1.533526725182518709e-02	4.910994173826315645e+00	2.772074379776559461e+00	5.106721868131069986e-02	1.842202325228622581e-02	4.232959954917552636e+01	2.548210085569881400e+01	4.588124062633667788e-01	5.501929700808985690e-02	4.620994992254862099e-01	-1.873020905511507905e+01	4.588124062633670008e-01	5.501929700808831647e-02	4.620994992254862099e-01	-1.873020905511508261e+01
7.702544031311154785e+11	1.665600005325502009e+00	1.447636770704094876e-02	4.673938101546450063e+00	2.774013812518322908e+00	4.822367625988265710e-02	1.738407935903676579e-02	3.854701624200397703e+01	2.484524745603438944e+01	4.675599222954887613e-01	-8.639830962776422207e-02	4.754754976268477651e-01	-1.903228031041719959e+01	4.675599222954882617e-01	-8.639830962776624823e-02	4.754754976268476541e-01	-1.903228031041720669e+01
7.765166340508806152e+11	1.665124454719103753e+00	1.524386986340160559e-02	4.961753183302012538e+00	2.772407074135180061e+00	5.076588098821115114e-02	1.831112085300351175e-02	3.992083174846157334e+01	2.508350026607145367e+01	4.101393628140746483e-01	-1.801215798371641752e-01	4.479487475733927027e-01	-1.926336858953483144e+01	4.101393628140751479e-01	-1.801215798371628429e-01	4.479487475733925916e-01	-1.926336858953482789e+01
7.827788649706457520e+11	1.665759416775118629e+00	1.484991741085784842e-02	4.872504967818398924e+00	2.774533914527873790e+00	4.947277953093849601e-02	1.783102353584205269e-02	3.631541479065592171e+01	2.443951628406224685e+01	3.506327193361115646e-01	-2.855105348949992794e-01	4.521720573023779721e-01	-1.953293914222399863e+01	3.506327193361115091e-01	-2.855105348949993349e-01	4.521720573023779721e-01	-1.953293914222399863e+01
7.890410958904110107e+11	1.664965982620474794e+00	1.552041786974504671e-02	5.133247382412901239e+00	2.771870839912511819e+00	5.168193557836087831e-02	1.864514566630821532e-02	3.655993590795400650e+01	2.448517191223387712e+01	2.763686165547668550e-01	-3.445333866710116877e-01	4.416818614652321950e-01	-1.974429965529836650e+01	2.763686165547668550e-01	-3.445333866710115767e-01	4.416818614652321395e-01	-1.974429965529836650e+01
7.953033268101761475e+11	1.665459999062961272e+00	1.511641279060350375e-02	5.039305680298133971e+00	2.773528502543142871e+00	5.035156166414769124e-02	1.815433359274246788e-02	3.350012720341232608e+01	2.389052784937644702e+01	1.695267184434975094e-01	-4.205676963563202420e-01	4.534495512013247964e-01	-2.003718474436471197e+01	1.695267184434972041e-01	-4.205676963563203530e-01	4.534495512013247964e-01	-2.003718474436471197e+01
8.015655577299412842e+11	1.664835919706736611e+00	1.537199008141025731e-02	5.164857033732299207e+00	2.771442341466712644e+00	5.118368248981496060e-02	1.846824728192878254e-02	3.268924477080584268e+01	2.372382295955485887e+01	6.308086243128917248e-02	-4.370493891735635628e-01	4.415782646168855408e-01	-2.027700867623103420e+01	6.308086243128857573e-02	-4.370493891735636183e-01	4.415782646168855408e-01	-2.027700867623103775e+01
8.078277886497064209e+11	1.665664619072581232e+00	1.525344598823753610e-02	5.165066508806622991e+00	2.774205955615690833e+00	5.081425060308373404e-02	1.831668283323482221e-02	3.208125675739888294e+01	2.359609455359632335e+01	-6.508566474416387082e-02	-4.292710874975032009e-01	4.341771646649312255e-01	-2.057082521944107611e+01	-6.508566474416446757e-02	-4.292710874975030899e-01	4.341771646649311700e-01	-2.057082521944107967e+01
8.140900195694715576e+11	1.664988441965021160e+00	1.572672691412464741e-02	5.366608783897321544e+00	2.771939181937677077e+00	5.236963708391552397e-02	1.889277998058652014e-02	2.985164436986297432e+01	2.310603072482864917e+01	-1.478006591308070605e-01	-3.947122534910550984e-01	4.214769245112808815e-01	-2.077864209683012575e+01	-1.478006591308055340e-01	-3.947122534910556535e-01	4.214769245112808815e-01	-2.077864209683012220e+01
8.203522504892368164e+11	1.665466453527966850e+00	1.580187612486919080e-02	5.433731666170932506e+00	2.773528808537957246e+00	5.263498917754828865e-02	1.897762482780713730e-02	3.004377766994418053e+01	2.314967903968481977e+01	-2.507610524772713179e-01	-3.412999243773698899e-01	4.235171116017713566e-01	-2.105400445146351629e+01	-2.507610524772694860e-01	-3.412999243773713332e-01	4.235171116017713566e-01	-2.105400445146351274e+01
8.266144814090019531e+11	1.664732908417307256e+00	1.590261819024015380e-02	5.510116769868307784e+00	2.771082763102242108e+00	5.294722366257693241e-02	1.910705243725821859e-02	2.958525451093412784e+01	2.304504594886213198e+01	-3.213737353014807785e-01	-2.741478926605500077e-01	4.224193944314662552e-01	-2.128488644159373422e+01	-3.213737353014808340e-01	-2.741478926605499522e-01	4.224193944314662552e-01	-2.128488644159373422e+01
8.328767123287670898e+11	1.665320981946694312e+00	1.589078966894735476e-02	5.547730551481389050e+00	2.773041455715599568e+00	5.292653091079958794e-02	1.908609436822919156e-02	2.911240638166310646e+01	2.293543163902195658e+01	-3.821645995701627996e-01	-1.648596500180579405e-01	4.162072625131611470e-01	-2.158388316883057456e+01	-3.821645995701632992e-01	-1.648596500180566360e-01	4.162072625131610915e-01	-2.158388316883057456e+01
8.391389432485322266e+11	1.664804871069163639e+00	1.610681466567783632e-02	5.665427667286340174e+00	2.771315829256939978e+00	5.362940702565741069e-02	1.935160419447277957e-02	2.914946994292515470e+01	2.294408768823364042e+01	-3.971845381731006208e-01	-7.326981955255600087e-02	4.038861520540699690e-01	-2.180872642633829628e+01	-3.971845381731002878e-01	-7.326981955255787438e-02	4.038861520540700245e-01	-2.180872642633829273e+01
8.454011741682974854e+11	1.665230767852090565e+00	1.627478857839173912e-02	5.767231216495575907e+00	2.772728641457991916e+00	5.420255736205141506e-02	1.954845366099364559e-02	2.909605004373063863e+01	2.293160817522507244e+01	-3.969416233288406426e-01	3.265606541803096896e-02	3.982826520695094685e-01	-2.207323290889165079e+01	-3.969416233288408091e-01	3.265606541802922730e-02	3.982826520695094685e-01	-2.207323290889164724e+01
8.516634050880626221e+11	1.664529279937241535e+00	1.648752840200624903e-02	5.885897629164361433e+00	2.770385885175584928e+00	5.488794755787256008e-02	1.981238348476273975e-02	2.935606163650457745e+01	2.299213562133993705e+01	-3.787506485029439318e-01	1.167629677891508788e-01	3.963403138570827378e-01	-2.229018842483271357e+01	-3.787506485029437653e-01	1.167629677891512813e-01	3.963403138570827378e-01	-2.229018842483271357e+01
8.579256360078277588e+11	1.664836902167015298e+00	1.637659886056251624e-02	5.889284268564672686e+00	2.771413717826824108e+00	5.452873223010154535e-02	1.967542120447455037e-02	2.902806060393925236e+01	2.291569186780240130e+01	-3.330074661543333536e-01	2.197341936731068424e-01	3.989700344433149692e-01	-2.257441545118356530e+01	-3.330074661543341308e-01	2.197341936731057599e-01	3.989700344433150248e-01	-2.257441545118356174e+01
8.641878669275928955e+11	1.664314152175215167e+00	1.637802259767712904e-02	5.932787480603075814e+00	2.769673357506495126e+00	5.451634958791905239e-02	1.968331371645914638e-02	2.920952396210056534e+01	2.295808973147093468e+01	-2.677800852765432893e-01	2.877605379765720284e-01	3.930805277386288377e-01	-2.281249702440925020e+01	-2.677800852765435669e-01	2.877605379765717508e-01	3.930805277386288377e-01	-2.281249702440925020e+01
8.704500978473581543e+11	1.664997164621093262e+00	1.645672063120934281e-02	6.004492907393728096e+00	2.771944734542346467e+00	5.480078637985000972e-02	1.976979760705717057e-02	2.767244559200920406e+01	2.259031312131422808e+01	-1.714752429925233967e-01	3.438808039257085225e-01	3.842626266864064277e-01	-2.309938001833905474e+01	-1.714752429925240629e-01	3.438808039257081339e-01	3.842626266864063722e-01	-2.309938001833905119e+01
8.767123287671232910e+11	1.664199444274044426e+00	1.669271347419486184e-02	6.134415857579321063e+00	2.769281143638906428e+00	5.556000897436188385e-02	2.006297161340383356e-02	2.805330706981263589e+01	2.268331138634014721e+01	-9.736254593119533784e-02	3.650736534061037597e-01	3.778336112119779489e-01	-2.330131803246788280e+01	-9.736254593119322842e-02	3.650736534061043148e-01	3.778336112119779489e-01	-2.330131803246788991e+01
8.829745596868884277e+11	1.664779771961346633e+00	1.665715832661481335e-02	6.165073600095471562e+00	2.771214228208155106e+00	5.546100048101171298e-02	2.001324903591894175e-02	2.601594561036433362e+01	2.217035508889129503e+01	9.649940385466081877e-03	3.807417061729692631e-01	3.808639759401599156e-01	-2.358728458689332541e+01	9.649940385463724388e-03	3.807417061729693741e-01	3.808639759401599156e-01	-2.358728458689331831e+01
8.892367906066535645e+11	1.663912600074856085e+00	1.667004236714251381e-02	6.213599930047994491e+00	2.768327250375345550e+00	5.547498707694021453e-02	2.003917241699607749e-02	2.633957583466056107e+01	2.225446537209758802e+01	9.204401055897044881e-02	3.687251807907895307e-01	3.800399437282616644e-01	-2.380657311329499137e+01	9.204401055897004635e-02	3.687251807907896417e-01	3.800399437282616089e-01	-2.380657311329498782e+01
8.954990215264188232e+11	1.664816816129431443e+00	1.659769268285339258e-02	6.230200105442976088e+00	2.771339547864942965e+00	5.526423577472549392e-02	1.994134418400711831e-02	2.453605773842715010e+01	2.177190720156407266e+01	1.991641409629454351e-01	3.182613429107195024e-01	3.754419228547107856e-01	-2.412111069470856961e+01	1.991641409629454351e-01	3.182613429107193914e-01	3.754419228547107301e-01	-2.412111069470856961e+01
9.017612524461839600e+11	1.664019762911654654e+00	1.669746508022568535e-02	6.311480943386098552e+00	2.768682966020453939e+00	5.556982376804555507e-02	2.007085117727236065e-02	2.436813709614399670e+01	2.172518571425561618e+01	2.546667516631514472e-01	2.651279261674834298e-01	3.676247701618211572e-01	-2.432722019200619457e+01	2.546667516631513362e-01	2.651279261674835963e-01	3.676247701618211572e-01	-2.432722019200619457e+01
9.080234833659490967e+11	1.664874714302746250e+00	1.705857330403468333e-02	6.492753986911369068e+00	2.771516819401481424e+00	5.680077471193439170e-02	2.049447231000413316e-02	2.242021549998745655e+01	2.115837010273750707e+01	3.129702256156160489e-01	1.762914118660420526e-01	3.592061024253515034e-01	-2.461975570052226203e+01	3.129702256156164930e-01	1.762914118660412477e-01	3.592061024253514478e-01	-2.461975570052226558e+01
9.142857142857142334e+11	1.663744143075980952e+00	1.681347207319242032e-02	6.443598947899237039e+00	2.767761880776474115e+00	5.594663137309092288e-02	2.021367219545473770e-02	2.218334215746927285e+01	2.108610847334875871e+01	3.469435237252226356e-01	1.151818725465834081e-01	3.655634998440236982e-01	-2.481219992203498492e+01	3.469435237252229687e-01	1.151818725465826865e-01	3.655634998440237537e-01	-2.481219992203498492e+01
9.205479452054794922e+11	1.664823569583952390e+00	1.708981328188235657e-02	6.594363633545243353e+00	2.771345456124243434e+00	5.690304790293324727e-02	2.053264336901281656e-02	1.991285917148934814e+01	2.035150330007805053e+01	3.587127786253559436e-01	-2.921536378460296707e-03	3.587246756552082139e-01	-2.514088554906914297e+01	3.587127786253560546e-01	-2.921536378461390884e-03	3.587246756552083249e-01	-2.514088554906914652e+01
9.268101761252446289e+11	1.663853382759439281e+00	1.670889856209033242e-02	6.491241652979212517e+00	2.768128892028871135e+00	5.560231478943666178e-02	2.008660613656740659e-02	1.985073651600885469e+01	2.033024533473422579e+01	3.529267407350917263e-01	-7.710910948417956656e-02	3.612521267637573974e-01	-2.534784577406830408e+01	3.529267407350922814e-01	-7.710910948417747102e-02	3.612521267637574529e-01	-2.534784577406829698e+01
9.330724070450097656e+11	1.664986231819335805e+00	1.747298557708143116e-02	6.833947311108994782e+00	2.771873846922974227e+00	5.818456082923682826e-02	2.099105660736575243e-02	1.932757194584329952e+01	2.014853675317510096e+01	2.941721677566144222e-01	-1.717210540887294523e-01	3.406249913027082354e-01	-2.566112156050029824e+01	2.941721677566167537e-01	-1.717210540887251780e-01	3.406249913027080689e-01	-2.566112156050028403e+01
9.393346379647749023e+11	1.663931083000473432e+00	1.699522022014663888e-02	6.691697414393781074e+00	2.768377811464797222e+00	5.655775037348028528e-02	2.042992475205347366e-02	1.899409716345102339e+01	2.003012725984920195e+01	2.635186271439504679e-01	-2.289573423682479125e-01	3.490895751467859021e-01	-2.584807564194296248e+01	2.635186271439509675e-01	-2.289573423682475239e-01	3.490895751467860686e-01	-2.584807564194296248e+01
9.455968688845401611e+11	1.664757656409440845e+00	1.787121491922040797e-02	7.083522280111072433e+00	2.771098674251164962e+00	5.950248373222160464e-02	2.147252434029653725e-02	1.826914287460536457e+01	1.976537371110897467e+01	1.738518668339188444e-01	-2.839444333011554855e-01	3.329398035746897189e-01	-2.615414171680848199e+01	1.738518668339196493e-01	-2.839444333011552080e-01	3.329398035746899409e-01	-2.615414171680847844e+01
9.518590998043052979e+11	1.663845933115417397e+00	1.713612103320089758e-02	6.837138038200025747e+00	2.768089642500649372e+00	5.702373058092975733e-02	2.060039158609596258e-02	1.851900636467336980e+01	1.985779212683767270e+01	1.145620906806429917e-01	-3.264475955142678298e-01	3.459660463660659269e-01	-2.636602946124746438e+01	1.145620906806421313e-01	-3.264475955142681629e-01	3.459660463660659269e-01	-2.636602946124746794e+01
9.581213307240704346e+11	1.664752098048386530e+00	1.810167643327923598e-02	7.269900513910304340e+00	2.771071877266809480e+00	6.026960764098928530e-02	2.174956490137491122e-02	1.761517732836178851e+01	1.951737169532871263e+01	7.806340167563786785e-03	-3.214719597369504744e-01	3.215667268918337984e-01	-2.667925921307431381e+01	7.806340167563382594e-03	-3.214719597369504744e-01	3.215667268918337984e-01	-2.667925921307431381e+01
9.643835616438355713e+11	1.663848595372439343e+00	1.745965794134625090e-02	7.057886842649364390e+00	2.768087308667410706e+00	5.810045468278442898e-02	2.098938660672327455e-02	1.786165353603216133e+01	1.961190702702507238e+01	-5.668010616853781658e-02	-3.249211283924609561e-01	3.298277946309358666e-01	-2.687624239290396488e+01	-5.668010616853839251e-02	-3.249211283924608451e-01	3.298277946309358666e-01	-2.687624239290396844e+01
9.706457925636008301e+11	1.664427188544012282e+00	1.845929790738511447e-02	7.510435422092535340e+00	2.769977120285291416e+00	6.144831463697075086e-02	2.218369032255469719e-02	1.752898561064335681e+01	1.948400062150185974e+01	-1.365070616576803120e-01	-2.785187446424818858e-01	3.101723214596005529e-01	-2.715924839140248537e+01	-1.365070616576804785e-01	-2.785187446424819413e-01	3.101723214596006084e-01	-2.715924839140248537e+01
9.769080234833659668e+11	1.663607327987653539e+00	1.762617234362237606e-02	7.217733620654295912e+00	2.767278659782733019e+00	5.864605895044699285e-02	2.119268283413549073e-02	1.697511716545112037e+01	1.926556162640164160e+01	-2.011720117705563526e-01	-2.570579740367392452e-01	3.264184129850609128e-01	-2.736757456508217601e+01	-2.011720117705560751e-01	-2.570579740367394672e-01	3.264184129850609128e-01	-2.736757456508217601e+01
9.831702544031311035e+11	1.664103698757902539e+00	1.850716881226395841e-02	7.627072560118538291e+00	2.768898604922286566e+00	6.159569614805070203e-02	2.224555859089664273e-02	1.734983879018422925e+01	1.941411174417571317e+01	-2.515927829289745232e-01	-1.765784231910092206e-01	3.073741497890953855e-01	-2.766237263601095009e+01	-2.515927829289734130e-01	-1.765784231910108304e-01	3.073741497890953855e-01	-2.766237263601094654e+01
9.894324853228962402e+11	1.663426203195721209e+00	1.743190451237475180e-02	7.229698137515876866e+00	2.766682862183204250e+00	5.799337347497978551e-02	2.096133758865911453e-02	1.385693397512497071e+01	1.788472126662177786e+01	-2.988789913248266483e-01	-1.240119032554183043e-01	3.235855429471116151e-01	-2.788102902275650408e+01	-2.988789913248267038e-01	-1.240119032554179018e-01	3.235855429471115596e-01	-2.788102902275650408e+01
9.956947162426614990e+11	1.664030815983743139e+00	1.890686369568865544e-02	7.891051120488654647e+00	2.768641087048715033e+00	6.292320764646040787e-02	2.272710895637779574e-02	1.536051363805108672e+01	1.858557109322520162e+01	-2.905725612912332112e-01	-3.142321549090056759e-02	2.922667135462659327e-01	-2.816661011130554471e+01	-2.905725612912334332e-01	-3.142321549089868715e-02	2.922667135462659327e-01	-2.816661011130555181e+01
1.001956947162426636e+12	1.663337790623149903e+00	1.765419518566505030e-02	7.414573007192561072e+00	2.766380935107448202e+00	5.872978003070791070e-02	2.122982387760953896e-02	1.499981014721827499e+01	1.842390410021427982e+01	-3.130564470886498807e-01	3.121461468323376287e-02	3.146087907760864999e-01	-2.837371462719838178e+01	-3.130564470886497141e-01	3.121461468323552882e-02	3.146087907760865554e-01	-2.837371462719838888e+01
1.008219178082191772e+12	1.663792635030377776e+00	1.904690894023166811e-02	8.049494738208307965e+00	2.767843147641150470e+00	6.338021362970341910e-02	2.289877361140141981e-02	1.501130783024869508e+01	1.842911706940097361e+01	-2.673792521654979604e-01	1.088393146336795875e-01	2.886826300602619022e-01	-2.866091134222326176e+01	-2.673792521654977383e-01	1.088393146336801981e-01	2.886826300602619577e-01	-2.866091134222326531e+01
1.014481409001956909e+12	1.663117792114787941e+00	1.743844216619856377e-02	7.415508536545901919e+00	2.765656691183583149e+00	5.800436686673914738e-02	2.097309006271336901e-02	1.369347137953314508e+01	1.780398800974323237e+01	-2.603708546933521939e-01	1.812100216159265031e-01	3.172224044858610870e-01	-2.888234929488461944e+01	-2.603708546933499735e-01	1.812100216159297783e-01	3.172224044858611425e-01	-2.888234929488463010e+01
1.020743639921722046e+12	1.664019150956565385e+00	1.908682029024288615e-02	8.166565095328413904e+00	2.768595428041416895e+00	6.352166898766102576e-02	2.294364439971572842e-02	1.330363436071980310e+01	1.760749231624610900e+01	-1.703465654172336696e-01	2.243879017701783662e-01	2.817230604871938660e-01	-2.919579173432244446e+01	-1.703465654172336696e-01	2.243879017701783940e-01	2.817230604871938660e-01	-2.919579173432244446e+01
1.027005870841487305e+12	1.663380218882067885e+00	1.749078003703450138e-02	7.529588903815239931e+00	2.766527825181852140e+00	5.818763505284110793e-02	2.103273081991006641e-02	1.210827531855410299e+01	1.696696349604860643e+01	-1.308784396164980046e-01	2.788545821085842702e-01	3.080406530304117263e-01	-2.940630760465813864e+01	-1.308784396165013630e-01	2.788545821085827714e-01	3.080406530304117818e-01	-2.940630760465812443e+01
1.033268101761252441e+12	1.663759552757366755e+00	1.940396278364737298e-02	8.404127189705020484e+00	2.767719335619683640e+00	6.456705688528348308e-02	2.332861430504373085e-02	1.237837958045371778e+01	1.711706207150964332e+01	-4.442840205169192730e-02	2.687977156897946585e-01	2.724446638657443964e-01	-2.968132553499930637e+01	-4.442840205169037299e-02	2.687977156897948250e-01	2.724446638657443409e-01	-2.968132553499931348e+01
1.039530332681017578e+12	1.663457086673363561e+00	1.741279857311178389e-02	7.587433601852130671e+00	2.766786273649686656e+00	5.793088637051725664e-02	2.093796941319223462e-02	1.024338493982063625e+01	1.582904463392608463e+01	2.320851075627075599e-02	3.084266836939431045e-01	3.092986488589427596e-01	-2.992023672843987470e+01	2.320851075627221316e-02	3.084266836939429934e-01	3.092986488589427041e-01	-2.992023672843988180e+01
1.045792563600782715e+12	1.663378643796393996e+00	1.951496345150157546e-02	8.554654075701058957e+00	2.766447678839417446e+00	6.492154687938977986e-02	2.346747685704496031e-02	1.111275051958141979e+01	1.638325777821033569e+01	8.738318799155016248e-02	2.530542344687592426e-01	2.677167666137785229e-01	-3.017762439789770923e+01	8.738318799155035677e-02	2.530542344687591871e-01	2.677167666137785229e-01	-3.017762439789770923e+01
1.052054794520547974e+12	1.663970348527836096e+00	1.722916429322227452e-02	7.597867810999248128e+00	2.768500476677605349e+00	5.733763702767283310e-02	2.071071957931609753e-02	9.499015600090627842e+00	1.531576808650114963e+01	1.800593477148871580e-01	2.473280900845979124e-01	3.059289996786928034e-01	-3.047441389354676744e+01	1.800593477148887400e-01	2.473280900845969410e-01	3.059289996786929700e-01	-3.047441389354677455e+01
1.058317025440313110e+12	1.663344757507108085e+00	1.999279995132775475e-02	8.869079837475533523e+00	2.766316070276486183e+00	6.650983797385877361e-02	2.404274720755654113e-02	1.023741050584350099e+01	1.582507539778228534e+01	1.884337085346521889e-01	1.696713522210628600e-01	2.535658302623723381e-01	-3.068287395087579128e+01	1.884337085346542706e-01	1.696713522210606118e-01	2.535658302623723936e-01	-3.068287395087580194e+01
1.064579256360078247e+12	1.664278463433341182e+00	1.772679876605613367e-02	7.910382342169866909e+00	2.769508564453551092e+00	5.900465882392789962e-02	2.130510068871011020e-02	8.981763664682608450e+00	1.493483186866318668e+01	2.676629244232829330e-01	1.197727173268309242e-01	2.932387166229538100e-01	-3.099517360587696402e+01	2.676629244232837657e-01	1.197727173268290507e-01	2.932387166229538655e-01	-3.099517360587697112e+01
1.070841487279843384e+12	1.663032384281122766e+00	2.021495563591782507e-02	9.073756953657150959e+00	2.765268066736393582e+00	6.723625173867507632e-02	2.431455110897375038e-02	9.687952567700104822e+00	1.544976092971454840e+01	2.408675761368964940e-01	5.964459340112469865e-02	2.481424323973010215e-01	-3.117318535237069810e+01	2.408675761368966883e-01	5.964459340112374108e-02	2.481424323973009938e-01	-3.117318535237070165e+01
1.077103718199608643e+12	1.664277508624126378e+00	1.819655592646761411e-02	8.215535616358492277e+00	2.769488511064543967e+00	6.056823752568220309e-02	2.186982805081246276e-02	9.067039094781915054e+00	1.499912072946612440e+01	2.796859577552108234e-01	-2.877796414900104724e-02	2.811625974165318231e-01	-3.151845955491884155e+01	2.796859577552109899e-01	-2.877796414899970109e-02	2.811625974165318786e-01	-3.151845955491883799e+01
1.083365949119373779e+12	1.662977175111944428e+00	2.035101245555125116e-02	9.241667994513496964e+00	2.765078921235336828e+00	6.768653840800123445e-02	2.447906202176730259e-02	9.624481253056242025e+00	1.540504121464811149e+01	2.318719423059439344e-01	-6.427773776069094225e-02	2.406163444165070331e-01	-3.168634827217753624e+01	2.318719423059438234e-01	-6.427773776069146960e-02	2.406163444165070608e-01	-3.168634827217753980e+01
1.089628180039138916e+12	1.663965797989886752e+00	1.845610342738443488e-02	8.429610400020255412e+00	2.768441549126398282e+00	6.142064973466324768e-02	2.218600199597675279e-02	8.423064444596066735e+00	1.449789917563316166e+01	2.250642823652934665e-01	-1.498358498096898084e-01	2.703788325383414404e-01	-3.200329211226094372e+01	2.250642823652942992e-01	-1.498358498096886426e-01	2.703788325383414959e-01	-3.200329211226094372e+01
1.095890410958904053e+12	1.662985563058823724e+00	2.049238830349816437e-02	9.413450961926026039e+00	2.765101044963691912e+00	6.815709180262589928e-02	2.464904200400418188e-02	5.918190998531292379e+00	1.209668216230278048e+01	1.679432309822447289e-01	-1.645521284768922121e-01	2.351219509510569794e-01	-3.219112610603063729e+01	1.679432309822437852e-01	-1.645521284768931003e-01	2.351219509510569239e-01	-3.219112610603063729e+01
1.102152641878669189e+12	1.669878131953981049e+00	2.280735034568510261e-02	1.053672731644058302e+01	2.787972800348326174e+00	7.617099118014523940e-02	2.732128203353652654e-02	2.041707668245564378e+00	4.856186345321105158e+00	1.326472310796515328e-02	-1.991540700923232488e-01	1.995953318929803710e-01	-3.292021576168841790e+01	1.326472310796485664e-02	-1.991540700923233043e-01	1.995953318929804265e-01	-3.292021576168841790e+01
1.108414872798434326e+12	1.661987546469241295e+00	2.015886790629048408e-02	9.366075293402094104e+00	2.761796224663585431e+00	6.700757482234651063e-02	2.426231675746052044e-02	7.184386404599689691e+00	1.341572348460893060e+01	8.035126835868540429e-02	-2.234185729121866415e-01	2.374282734826826113e-01	-3.264148200155389645e+01	8.035126835868575124e-02	-2.234185729121865027e-01	2.374282734826826113e-01	-3.264148200155389645e+01
1.114677103718199707e+12	1.664715826960109224e+00	1.999845434747032566e-02	9.344039647906706492e+00	2.770878846355192326e+00	6.658348693394611217e-02	2.402973591628875319e-02	5.740286934751555492e+00	1.188903083794101256e+01	-2.291558617413101684e-02	-2.356087544604919537e-01	2.367205298830847016e-01	-3.308367908626346576e+01	-2.291558617413251911e-02	-2.356087544604918704e-01	2.367205298830847848e-01	-3.308367908626347287e+01
1.120939334637964844e+12	1.661926736023414897e+00	2.026573259724830101e-02	9.522118419596115046e+00	2.761589775991737827e+00	6.736032565693637897e-02	2.439186523738705661e-02	7.050479555847298130e+00	1.328772076481802955e+01	-3.615162943495479897e-02	-2.277534249714546488e-01	2.306047763968264164e-01	-3.314414098658937036e+01	-3.615162943495501408e-02	-2.277534249714546211e-01	2.306047763968263886e-01	-3.314414098658937746e+01
1.127201565557729980e+12	1.663640802576108246e+00	2.033193186537907496e-02	9.606592968903379770e+00	2.767287332542699207e+00	6.765006289288398589e-02	2.444634573986369588e-02	8.094872848017420353e+00	1.422751219195589378e+01	-1.154622413288639848e-01	-1.974211165786305677e-01	2.287064197696209722e-01	-3.351593006242278250e+01	-1.154622413288647481e-01	-1.974211165786301514e-01	2.287064197696209722e-01	-3.351593006242278250e+01
1.133463796477495117e+12	1.662081601755323268e+00	2.043563324516889726e-02	9.709232792202861617e+00	2.762097635787410077e+00	6.793138007402931000e-02	2.459412701197423445e-02	7.864006742203788924e+00	1.403065782355293578e+01	-1.418778243084930224e-01	-1.758284121303125280e-01	2.259312894283982132e-01	-3.366566345459073517e+01	-1.418778243084935220e-01	-1.758284121303120839e-01	2.259312894283981854e-01	-3.366566345459074228e+01
1.139726027397260254e+12	1.663927448914862328e+00	2.015499737587789914e-02	9.628804592743060553e+00	2.768248331333099888e+00	6.707290673306051665e-02	2.422936771021563102e-02	7.271062709563832271e+00	1.349731236686804969e+01	-1.998743194119166344e-01	-1.097749078383639665e-01	2.280356856969938950e-01	-3.405527527734429327e+01	-1.998743194119166344e-01	-1.097749078383639665e-01	2.280356856969938950e-01	-3.405527527734429327e+01
1.145988258317025391e+12	1.662257196033152473e+00	2.121874375657592862e-02	1.019269425696400866e+01	2.762648750677390908e+00	7.054201900030372674e-02	2.553419756420612433e-02	7.218612206481998861e+00	1.344805741579299330e+01	-1.954637024759504904e-01	-7.477031305040250653e-02	2.092765125360753209e-01	-3.419216513467232232e+01	-1.954637024759502961e-01	-7.477031305040303388e-02	2.092765125360753209e-01	-3.419216513467231522e+01
1.152250489236790527e+12	1.664044099708998026e+00	1.980117214229373118e-02	9.563722399856182221e+00	2.768650679358120925e+00	6.590004734141212406e-02	2.380222533407149593e-02	5.326215605166362721e+00	1.137967117871426836e+01	-2.292808498372044257e-01	2.876673227055344742e-03	2.292988952239542466e-01	-3.457006503577068912e+01	-2.292808498372044534e-01	2.876673227057418604e-03	2.292988952239542744e-01	-3.457006503577070333e+01
1.158512720156555664e+12	1.662083116958487983e+00	2.212820502791756558e-02	1.074573569654497973e+01	2.762030630220685179e+00	7.355783197099542703e-02	2.663179443637023885e-02	4.228221311938663796e+00	9.809037731703416085e+00	-1.918207489545873112e-01	2.472858422331445510e-02	1.934081244601383587e-01	-3.468572714113133060e+01	-1.918207489545872280e-01	2.472858422331557227e-02	1.934081244601383864e-01	-3.468572714113133060e+01
1.164774951076321045e+12	1.665986439168635869e+00	1.455509032518392809e-02	7.106341736190310066e+00	2.775298964839416627e+00	4.849716620526207250e-02	1.747457366564044920e-02	1.253141641780164850e+00	1.535215917598315993e+00	-2.603584857575949041e-01	2.064572589758097154e-01	3.322817191628096856e-01	-3.522796068656202806e+01	-2.603584857575946820e-01	2.064572589758099652e-01	3.322817191628096301e-01	-3.522796068656202806e+01
1.171037181996086182e+12	1.659991458555709176e+00	2.098770602701506213e-02	1.030207763312119340e+01	2.755131158673634229e+00	6.967882547904635793e-02	2.529056566315735638e-02	3.074944118961411288e+00	7.642186130543113798e+00	-1.822052315858290195e-01	9.792777037449570954e-02	2.068540418453687080e-01	-3.505068273279110969e+01	-1.822052315858291305e-01	9.792777037449559852e-02	2.068540418453687635e-01	-3.505068273279110258e+01
1.177299412915851318e+12	1.664405374745662858e+00	2.411240008185652067e-02	1.189916617346613492e+01	2.769663843644542656e+00	8.026561658851950887e-02	2.898027382373583039e-02	4.158223172075468987e+00	9.695464577564401054e+00	-7.875630999000035604e-02	1.425416879556105632e-01	1.628517398386510329e-01	-3.562354404921924100e+01	-7.875630999000138299e-02	1.425416879556098970e-01	1.628517398386509496e-01	-3.562354404921923390e+01
1.183561643835616455e+12	1.660217803317609375e+00	2.237378260137990599e-02	1.109990999634361053e+01	2.755822568304854503e+00	7.429070440473739545e-02	2.695772407816322477e-02	4.867690428860095508e+00	1.076721828770090816e+01	-9.650246877967184889e-02	1.556874044810763469e-01	1.831701241868493590e-01	-3.557342985815203917e+01	-9.650246877967193215e-02	1.556874044810763191e-01	1.831701241868493590e-01	-3.557342985815203917e+01
1.189823874755381592e+12	1.662993297762228151e+00	2.529303389146912023e-02	1.261457915313752132e+01	2.764906970838655997e+00	8.412429168317206440e-02	3.042572230112152581e-02	4.899355270080547164e+00	1.081133189730186928e+01	-1.436417644489999812e-02	1.462670142389716210e-01	1.469706399908626282e-01	-3.603042424092620166e+01	-1.436417644489859126e-02	1.462670142389717320e-01	1.469706399908625727e-01	-3.603042424092620877e+01
1.196086105675146729e+12	1.658811961666653012e+00	2.253604218323676869e-02	1.129872018589796667e+01	2.751149250971085092e+00	7.476611268435484625e-02	2.717632009894204240e-02	5.293714284116938451e+00	1.133802859198878998e+01	-2.661095431147010235e-02	1.766898133941494364e-01	1.786824922778572355e-01	-3.597883069694844949e+01	-2.661095431147048745e-02	1.766898133941493809e-01	1.786824922778572078e-01	-3.597883069694844949e+01
1.202348336594911865e+12	1.661804314434450314e+00	2.487520320420479741e-02	1.253678289743314345e+01	2.760974803738502903e+00	8.267544001436238910e-02	2.994429355255816272e-02	4.820305108072546751e+00	1.070066487389264154e+01	4.797493677302960835e-02	1.407251201422209108e-01	1.486780212318508654e-01	-3.645687164072155184e+01	4.797493677302937243e-02	1.407251201422210496e-01	1.486780212318509209e-01	-3.645687164072155184e+01
1.208610567514677002e+12	1.657692087172422779e+00	2.140878194706395329e-02	1.084594772974964449e+01	2.747484719929606634e+00	7.097833685929545722e-02	2.583393324972304075e-02	3.780560476535373748e+00	9.047673387459049366e+00	5.248846570630773256e-02	1.831174802867546469e-01	1.904916024888557435e-01	-3.640746915544792728e+01	5.248846570630883585e-02	1.831174802867543416e-01	1.904916024888557435e-01	-3.640746915544792728e+01
1.214872798434442139e+12	1.659734795425394704e+00	2.588864713475415649e-02	1.318345755447734291e+01	2.754049369095309174e+00	8.593657691208284044e-02	3.120371692549308087e-02	3.887904610483287282e+00	9.238155947589905992e+00	8.513157257286507740e-02	1.047793888873617546e-01	1.350040924725542379e-01	-3.681062240797947993e+01	8.513157257286504964e-02	1.047793888873618101e-01	1.350040924725542657e-01	-3.681062240797947993e+01
1.221135029354207520e+12	1.658685502386256561e+00	2.047275771859756108e-02	1.047922577944846623e+01	2.750818462017743826e+00	6.791573284340821082e-02	2.468928203775088911e-02	5.198723237516983176e+00	1.121483868553196572e+01	1.519182377114435267e-01	1.317602416465892268e-01	2.010967732911650985e-01	-3.698465374453803634e+01	1.519182377114439986e-01	1.317602416465887827e-01	2.010967732911651540e-01	-3.698465374453803634e+01
1.227397260273972656e+12	1.660535039594081219e+00	2.470973422699455219e-02	1.271283425538697998e+01	2.756766046754148380e+00	8.206275900596324280e-02	2.976776324657109951e-02	4.470338035249061370e+00	1.018786970687089699e+01	1.377483081761529948e-01	4.541561300643170290e-02	1.450419743044832899e-01	-3.738063487267286433e+01	1.377483081761532724e-01	4.541561300643102289e-02	1.450419743044833454e-01	-3.738063487267286433e+01
1.233659491193737793e+12	1.658776320332611354e+00	1.989573820821904926e-02	1.028832140863211464e+01	2.751143040497348480e+00	6.600515883066107592e-02	2.399190367750880098e-02	3.646997975543463166e+00	8.802968716022141038e+00	2.033922123221544587e-01	3.998048808736016230e-02	2.072844216553764440e-01	-3.750501803553836311e+01	2.033922123221540701e-01	3.998048808736206355e-02	2.072844216553764718e-01	-3.750501803553834890e+01
1.239921722113502930e+12	1.658250785684027395e+00	2.388226330179965204e-02	1.241249000140298264e+01	2.749225305721277657e+00	7.920556376824416933e-02	2.881013920663881567e-02	5.096179322338623585e+00	1.107930133341979229e+01	1.512738097098242918e-01	-2.787579008732802340e-03	1.512994914097666732e-01	-3.771753713132832786e+01	1.512738097098242640e-01	-2.787579008733211735e-03	1.512994914097666455e-01	-3.771753713132832786e+01
1.246183953033268066e+12	1.659151928976498880e+00	1.964928185633287028e-02	1.026403201645792862e+01	2.752399029148967724e+00	6.520228778987520457e-02	2.368925693526186330e-02	4.962002498363093927e+00	1.089777452643939881e+01	1.951958830020051328e-01	-6.900175396779521797e-02	2.070330282625567619e-01	-3.803890133590333988e+01	1.951958830020057156e-01	-6.900175396779313630e-02	2.070330282625565954e-01	-3.803890133590332567e+01
1.252446183953033203e+12	1.658748793840154390e+00	2.356433608922831394e-02	1.237096115555833009e+01	2.750892283130840887e+00	7.817462813130297838e-02	2.841791683763458809e-02	5.008618410567660106e+00	1.096139137131326180e+01	1.289193403065504451e-01	-8.115556828230729991e-02	1.523365437716781012e-01	-3.826094525709646632e+01	1.289193403065505561e-01	-8.115556828230706399e-02	1.523365437716781012e-01	-3.826094525709646632e+01
1.258708414872798340e+12	1.659379324204114825e+00	1.935921262023077363e-02	1.021414423696529994e+01	2.753164962482829825e+00	6.424855430976463000e-02	2.333625307065679069e-02	4.549195303347927322e+00	1.030683648613716485e+01	1.358157537926167335e-01	-1.598638114213357386e-01	2.097673882671304835e-01	-3.856566286742637573e+01	1.358157537926148184e-01	-1.598638114213372929e-01	2.097673882671304280e-01	-3.856566286742638283e+01
1.264970645792563477e+12	1.659038396784263458e+00	2.340592919567818092e-02	1.241067765249122168e+01	2.751860564482985883e+00	7.766267049608782669e-02	2.822187704509619005e-02	4.278347280086686411e+00	9.889218529144653047e+00	6.932124715877746590e-02	-1.347812104942233691e-01	1.515632211650849714e-01	-3.879486692612100995e+01	6.932124715877591159e-02	-1.347812104942241740e-01	1.515632211650849714e-01	-3.879486692612102416e+01
1.271232876712328857e+12	1.659969132584073748e+00	1.926591486490792163e-02	1.026606273863805363e+01	2.755126345656340181e+00	6.396164797347962672e-02	2.321550446291506184e-02	3.934345925527247267e+00	9.318941717625763843e+00	3.027338366026838604e-02	-2.048204580514670636e-01	2.070456418151673528e-01	-3.912316610728385058e+01	3.027338366026795582e-02	-2.048204580514670914e-01	2.070456418151673528e-01	-3.912316610728385058e+01
1.277495107632093994e+12	1.658659838166523848e+00	2.382534764854624468e-02	1.275814850649758547e+01	2.750584811556024967e+00	7.903629454999776260e-02	2.873436013241358056e-02	3.513041409091165690e+00	8.548369973816374312e+00	-2.440977553814276601e-04	-1.437179019972754379e-01	1.437181092911142266e-01	-3.927160661882881243e+01	-2.440977553806982360e-04	-1.437179019972754934e-01	1.437181092911142821e-01	-3.927160661882880532e+01
1.283757338551859131e+12	1.660256769723948311e+00	1.905529968211361336e-02	1.025387180714061230e+01	2.756089436968224504e+00	6.327338059269545234e-02	2.295766593928023555e-02	3.514808903744599089e+00	8.551792073010778594e+00	-7.730277153356608644e-02	-1.932212359678590896e-01	2.081109428062777322e-01	-3.965047824376831187e+01	-7.730277153356820974e-02	-1.932212359678583402e-01	2.081109428062778155e-01	-3.965047824376831898e+01
1.290019569471624268e+12	1.659470911820370542e+00	2.368611692362092985e-02	1.280794129810999493e+01	2.753282675043012606e+00	7.861284409745027124e-02	2.855240575551224944e-02	2.883975538991573107e+00	7.205971614525735092e+00	-7.778534910350053122e-02	-1.200483818948629017e-01	1.430460573756868747e-01	-3.984484091579267329e+01	-7.778534910349937936e-02	-1.200483818948636927e-01	1.430460573756869025e-01	-3.984484091579266618e+01
1.296281800391389404e+12	1.661563816599980870e+00	1.948542322895913809e-02	1.058762200664721398e+01	2.760414634915883347e+00	6.475254837675054054e-02	2.345754422459208136e-02	2.908110074664124411e+00	7.262669056810682200e+00	-1.665328065992777162e-01	-1.069360123286341585e-01	1.979102988896288551e-01	-4.026988041892992243e+01	-1.665328065992772721e-01	-1.069360123286347969e-01	1.979102988896288273e-01	-4.026988041892991532e+01
1.302544031311154541e+12	1.658485548812665078e+00	2.492321725457772100e-02	1.360772980893008111e+01	2.749953148862128050e+00	8.266959129327122735e-02	3.006218172388796378e-02	2.713195913212510746e+00	6.790674176464262857e+00	-1.071677183599937383e-01	-6.799400735028991727e-02	1.269177091427284576e-01	-4.027532888217799467e+01	-1.071677183599941546e-01	-6.799400735028937603e-02	1.269177091427285131e-01	-4.027532888217800178e+01
1.308806262230919678e+12	1.661625203887602265e+00	2.045530689878325217e-02	1.122200673877233079e+01	2.760579898614192285e+00	6.797810699254840106e-02	2.462457508535555520e-02	2.883086967019748759e+00	7.203875114200769758e+00	-1.797300582672039237e-01	-1.082923104083333317e-02	1.800560082020821184e-01	-4.078052449771001164e+01	-1.797300582672039515e-01	-1.082923104083251264e-02	1.800560082020821184e-01	-4.078052449771001164e+01
1.315068493150684814e+12	1.657517245350002000e+00	2.462678215965907400e-02	1.357516768333412571e+01	2.746756940233119337e+00	8.163863225422536563e-02	2.972182615011309884e-02	3.000603889745862674e+00	7.475685035837841497e+00	-1.264465582047318293e-01	-1.750844586535348080e-02	1.276529582831618104e-01	-4.070311418387755253e+01	-1.264465582047317738e-01	-1.750844586535372019e-02	1.276529582831618104e-01	-4.070311418387754543e+01
1.321330724070450195e+12	1.661394864348010092e+00	2.093633239706934115e-02	1.159581557081206604e+01	2.759794565267702282e+00	6.956703024554773684e-02	2.520732199456290901e-02	3.006491782907396271e+00	7.489021861990132756e+00	-1.551094975891938454e-01	7.192658170848463539e-02	1.709748209492832072e-01	-4.127490500202696211e+01	-1.551094975891934569e-01	7.192658170848549581e-02	1.709748209492832072e-01	-4.127490500202696921e+01
1.327592954990215332e+12	1.656294768634212433e+00	2.484042502720939030e-02	1.382334422033714993e+01	2.742695313889526698e+00	8.228613204643454859e-02	3.000192242635266182e-02	2.880758659420168399e+00	7.198378629572954601e+00	-1.186655789004821826e-01	3.305539319464519121e-02	1.231835160849013983e-01	-4.111237668208493545e+01	-1.186655789004821965e-01	3.305539319464519815e-02	1.231835160849014121e-01	-4.111237668208493545e+01
1.333855185909980469e+12	1.661455949706460711e+00	2.152628321453716603e-02	1.203557635879324295e+01	2.759972491945964723e+00	7.152994264371818900e-02	2.591690419105764642e-02	3.028520828668209486e+00	7.538689832077200670e+00	-9.300500214303632218e-02	1.298051137131228661e-01	1.596849960694584347e-01	-4.178978849818711439e+01	-9.300500214303587809e-02	1.298051137131232546e-01	1.596849960694584625e-01	-4.178978849818712149e+01
1.340117416829745605e+12	1.655728419835503118e+00	2.439236381694515066e-02	1.370206115793292234e+01	2.740841612838393893e+00	8.077425999736659312e-02	2.947060480219337170e-02	3.294825291163714809e+00	8.112073641120852940e+00	-9.324702145837118761e-02	8.352653961928477311e-02	1.251866200183944788e-01	-4.157116965882043047e+01	-9.324702145837170109e-02	8.352653961928421800e-02	1.251866200183945066e-01	-4.157116965882042336e+01
1.346379647749510742e+12	1.661203227053526410e+00	2.158287406978201539e-02	1.218052411540161017e+01	2.759130341119937935e+00	7.170708010762352758e-02	2.598901510340299523e-02	3.198831200960698506e+00	7.910912633166516272e+00	-2.092430667815129222e-02	1.553843482849630864e-01	1.567868690353373951e-01	-4.227764444256514764e+01	-2.092430667815202427e-02	1.553843482849630031e-01	1.567868690353373951e-01	-4.227764444256514764e+01
1.352641878669275879e+12	1.655252816959041695e+00	2.438272848640403792e-02	1.382465471108652011e+01	2.739267370602401108e+00	8.071916002453551064e-02	2.946742654288044341e-02	3.291463089081040572e+00	8.105127556222635477e+00	-4.504822804881742498e-02	1.146733288479449137e-01	1.232043635566824336e-01	-4.203718237910570110e+01	-4.504822804881730008e-02	1.146733288479450108e-01	1.232043635566824613e-01	-4.203718237910570110e+01
1.358904109589041016e+12	1.661315191492112042e+00	2.150998203027094588e-02	1.225231124666580129e+01	2.759505486155530374e+00	7.146971983122292482e-02	2.589946647679712902e-02	3.085610414204184693e+00	7.665744824334232099e+00	5.869761932826456780e-02	1.433496353758344499e-01	1.549016735777588305e-01	-4.280014570035313426e+01	5.869761932826352002e-02	1.433496353758348940e-01	1.549016735777588305e-01	-4.280014570035312715e+01
1.365166340508806152e+12	1.654866195801167894e+00	2.447338172914469492e-02	1.400453576927755606e+01	2.737983179592168970e+00	8.100034424099897268e-02	2.958394516253537443e-02	3.128520267651170528e+00	7.759704288382291537e+00	1.198809323281436329e-02	1.192386578764612071e-01	1.198397759991999267e-01	-4.251170276049158758e+01	1.198809323281302928e-02	1.192386578764613320e-01	1.198397759991999129e-01	-4.251170276049157337e+01
1.371428571428571533e+12	1.661780955552137007e+00	2.124400134711558127e-02	1.221233402597129647e+01	2.761064636642537540e+00	7.060575371672123124e-02	2.557193076167098636e-02	2.647489814085886906e+00	6.623886458585932502e+00	1.253449656873055207e-01	9.249651121290458633e-02	1.557785768637997836e-01	-4.334656208110153131e+01	1.253449656873052431e-01	9.249651121290493327e-02	1.557785768637997836e-01	-4.334656208110153131e+01
1.377690802348336670e+12	1.654145782926410346e+00	2.384347677131691892e-02	1.376925690662165458e+01	2.735629759788682502e+00	7.888117310315541364e-02	2.883474008896902072e-02	2.536864361340770646e+00	6.333495356629979867e+00	6.406486987557649670e-02	1.062605507624174855e-01	1.240790562524830415e-01	-4.295405259792006802e+01	6.406486987557567792e-02	1.062605507624179157e-01	1.240790562524829860e-01	-4.295405259792006092e+01
1.383953033268101807e+12	1.663477444755293799e+00	2.120067790663489327e-02	1.229872982021686845e+01	2.766707740465900844e+00	7.053369902241804490e-02	2.549372960171806743e-02	2.144375116579050999e+00	5.189973051642168045e+00	1.539534591859193779e-01	-3.482184673482151271e-03	1.539928349158192766e-01	-4.400491171866971030e+01	1.539534591859193224e-01	-3.482184673483351700e-03	1.539928349158192766e-01	-4.400491171866971740e+01
1.390215264187866943e+12	1.652549310005119843e+00	2.324085531958726414e-02	1.354326326844027584e+01	2.730379084642411414e+00	7.681331884462549997e-02	2.813284033586328434e-02	1.996016757196739544e+00	4.702204804865659504e+00	1.015991014812511611e-01	7.863452851878809102e-02	1.284747698856459064e-01	-4.332363168977221335e+01	1.015991014812511195e-01	7.863452851878821592e-02	1.284747698856459619e-01	-4.332363168977221335e+01
1.396477495107632080e+12	1.664562144469044602e+00	2.120403662716454155e-02	1.241199660349399458e+01	2.770317521630098589e+00	7.059087335902634874e-02	2.548114893252003896e-02	1.747265426513183950e+00	3.796659198970629312e+00	1.224696471346681803e-01	-8.847301077065096442e-02	1.510837122396516408e-01	-4.460790404728379599e+01	1.224696471346682219e-01	-8.847301077065086727e-02	1.510837122396516130e-01	-4.460790404728379599e+01
1.402739726027397217e+12	1.651369120828785952e+00	2.180973851377995473e-02	1.282379941359828912e+01	2.726544308532798055e+00	7.203185743001302987e-02	2.641873715552220392e-02	1.368130283943695957e+00	2.132496863398100295e+00	1.378249569229009763e-01	3.619483149997426708e-02	1.424983669313829027e-01	-4.372548170840468629e+01	1.378249569229008653e-01	3.619483149997466259e-02	1.424983669313829027e-01	-4.372548170840467918e+01
1.409001956947162354e+12	1.668478966934136221e+00	2.020553932485893642e-02	1.193359251941106614e+01	2.783413799282194123e+00	6.742503475817540615e-02	2.422386307618487611e-02	1.210640883345986740e+00	1.300471987267009188e+00	1.461394881886940098e-02	-1.617859927002553710e-01	1.624446826894854479e-01	-4.546300906701419109e+01	1.461394881886810514e-02	-1.617859927002554266e-01	1.624446826894854201e-01	-4.546300906701419819e+01
1.415264187866927490e+12	1.653124363993752510e+00	-3.355478966950597129e-03	-1.990587164239176365e+00	2.732808903590651095e+00	-1.109404806626923881e-02	-4.059576961891742108e-03	9.284804908778442056e-02	-1.617029630808783125e+01	1.294523251855225876e+00	-4.339590239256250204e-01	1.365324461086195207e+00	-4.430575095046540923e+01	1.294523251829621024e+00	-4.339590238838483272e-01	1.365324461048639693e+00	-4.430575095044235212e+01
1.421526418786692627e+12	1.649145840301274202e+00	4.237839976998876435e-02	2.525158539089095555e+01	2.717886073815930725e+00	1.397763233986028808e-01	5.142832319029324445e-02	1.206815198476631990e+00	1.278938818617425976e+00	2.195537732418444132e-02	-6.763137235159648493e-03	2.297343288907679332e-02	-4.428111378907051687e+01	2.195537732418438928e-02	-6.763137235159841047e-03	2.297343288907680026e-02	-4.428111378907053108e+01
1.427788649706458008e+12	1.657662553773224134e+00	1.809103278186854902e-02	1.082720717339604732e+01	2.747517856714852602e+00	5.997765520317466931e-02	2.182975992552370348e-02	1.340143155375407735e+00	1.991879719878599797e+00	5.042354169004167885e-02	-1.839506010998439300e-01	1.907363552172507970e-01	-4.528555062062930858e+01	5.042354169004289316e-02	-1.839506010998435970e-01	1.907363552172507692e-01	-4.528555062062930148e+01
1.434050880626223145e+12	1.657091886013397186e+00	3.718947685449074808e-02	2.235495452680269679e+01	2.744570461502727099e+00	1.232527606813193094e-01	4.490785075848811175e-02	1.759359496068230833e+00	3.843588258159833515e+00	2.397160827765598863e-03	-3.503907958883268475e-02	3.512098344959498769e-02	-4.548478599347851770e+01	2.397160827765516464e-03	-3.503907958883268475e-02	3.512098344959498769e-02	-4.548478599347852480e+01
1.440313111545988281e+12	1.656756430050675633e+00	1.966158309541561622e-02	1.187037826062743129e+01	2.744455290664441272e+00	6.514890843661097497e-02	2.373837484553746255e-02	1.720281432250319487e+00	3.690770492511898482e+00	-2.555803271012678859e-02	-1.621149254146688479e-01	1.641172205413422014e-01	-4.570946026116227046e+01	-2.555803271012953293e-02	-1.621149254146684315e-01	1.641172205413422291e-01	-4.570946026116228467e+01
1.446575342465753418e+12	1.656087224707296635e+00	3.491553333664156045e-02	2.117136694504162975e+01	2.741405801370533801e+00	1.156463374053076365e-01	4.218504876129305914e-02	1.781653975922782296e+00	3.929258991200289763e+00	-1.432005240555608849e-02	-3.927945465155628646e-02	4.180836589274375403e-02	-4.590268751997034258e+01	-1.432005240555585951e-02	-3.927945465155634197e-02	4.180836589274372628e-02	-4.590268751997033547e+01
1.452837573385518555e+12	1.656323955104730183e+00	1.994754977505467167e-02	1.214774821061655885e+01	2.743011139511748020e+00	6.607920907613404338e-02	2.409002578381655782e-02	1.929244328828713551e+00	4.470717330191619432e+00	-9.254124359975407499e-02	-1.275133016066354319e-01	1.575548280872845763e-01	-4.618088521079676667e+01	-9.254124359975474112e-02	-1.275133016066349601e-01	1.575548280872845763e-01	-4.618088521079677378e+01
1.459099804305283691e+12	1.655430878675207218e+00	3.190940999312818355e-02	1.951609549199595151e+01	2.739433183625259005e+00	1.056476452458632587e-01	3.856551270436656131e-02	1.779811812382103176e+00	3.922220875150812081e+00	-3.815099267259641769e-02	-3.724248751641447835e-02	5.331511153805076203e-02	-4.635054123922112268e+01	-3.815099267259641769e-02	-3.724248751641452693e-02	5.331511153805079672e-02	-4.635054123922112268e+01
1.465362035225048828e+12	1.656372116463760813e+00	1.973540138332370228e-02	1.212216134943187207e+01	2.743179102130877567e+00	6.537833711711542317e-02	2.383305452652730722e-02	1.927232755550392751e+00	4.463619883797059984e+00	-1.431571874765821817e-01	-6.650459435602980307e-02	1.578506933677054358e-01	-4.668899688944750892e+01	-1.431571874765822094e-01	-6.650459435602976144e-02	1.578506933677054358e-01	-4.668899688944750892e+01
1.471624266144813965e+12	1.655769337541127761e+00	3.200082819347779134e-02	1.974000779008174078e+01	2.740548046136316529e+00	1.059719801973643405e-01	3.866817089624315085e-02	1.728439275129413977e+00	3.722957092358245124e+00	-5.015178316526338470e-02	-1.212529320051774703e-02	5.159674495405807554e-02	-4.688667007654530750e+01	-5.015178316526335001e-02	-1.212529320051775571e-02	5.159674495405804778e-02	-4.688667007654530750e+01
1.477886497064579346e+12	1.656174583881305340e+00	1.958212551630123324e-02	1.213081758645756913e+01	2.742530792654678695e+00	6.486283715694336760e-02	2.365072338683143691e-02	1.737523372696553325e+00	3.758619929094936474e+00	-1.579020933892276990e-01	8.664946211241494542e-03	1.581396610263980929e-01	-4.717871025671994545e+01	-1.579020933892277545e-01	8.664946211240889123e-03	1.581396610263980929e-01	-4.717871025671993834e+01
1.484148727984344482e+12	1.655581077760669872e+00	3.489997768317533444e-02	2.171159526570502152e+01	2.739730696596895054e+00	1.155594853330694921e-01	4.217914026243876208e-02	1.534050715413414867e+00	2.911261443643100133e+00	-3.740216387864762904e-02	9.607465143807003560e-03	3.861638576167738396e-02	-4.737532310498531274e+01	-3.740216387864758046e-02	9.607465143807242952e-03	3.861638576167740478e-02	-4.737532310498531984e+01
1.490410958904109619e+12	1.656033641093062059e+00	1.872545076448118781e-02	1.169842721429333388e+01	2.742096777925611573e+00	6.201995282122528541e-02	2.261771113277161876e-02	1.426806223279712738e+00	2.418195980524539213e+00	-1.432446281851007253e-01	8.768161433847136699e-02	1.679496620922119599e-01	-4.767316690022789771e+01	-1.432446281851006142e-01	8.768161433847136699e-02	1.679496620922118766e-01	-4.767316690022789771e+01
1.496673189823874756e+12	1.654287324922639968e+00	3.898961264854777092e-02	2.446048482563842441e+01	2.735146363505220446e+00	1.290000440162720474e-01	4.716385409479598861e-02	1.293976410741715544e+00	1.753375964840482082e+00	-2.072310526764245542e-02	1.534210652210580075e-02	2.578424566415376054e-02	-4.776117863188285639e+01	-2.072310526764258032e-02	1.534210652210565157e-02	2.578424566415377095e-02	-4.776117863188284929e+01
1.502935420743639893e+12	1.657195121622035305e+00	1.828795046696608459e-02	1.152111516241853728e+01	2.745961221995590229e+00	6.061340459664323749e-02	2.207365643444639258e-02	1.214143324434708848e+00	1.320126171615911836e+00	-6.895992209855245081e-02	1.585043202003481588e-01	1.728556923506221199e-01	-4.828432004527163457e+01	-6.895992209855371369e-02	1.585043202003475205e-01	1.728556923506220366e-01	-4.828432004527162746e+01
