freq_roi_Hz	n_opt	k_opt	alpha_cm	eps_r	eps_i	loss_tan	DR	alpha_max	H_meas_real	H_meas_imag	H_meas_mag	H_meas_phase	H_model_real	H_model_imag	H_model_mag	H_model_phase
3.005870841487279663e+11	1.667335257551803229e+00	7.314740266579144307e-03	9.216337844600384077e-01	2.779953355650170543e+00	2.439224869260256737e-02	8.774337397793407697e-03	7.655570711280181229e+01	2.951334267699601810e+01	8.112958085066211966e-01	2.082393773425492700e-01	8.375944885064757761e-01	2.512511120036142187e-01	8.112958065268501828e-01	2.082393766311208261e-01	8.375944864119928557e-01	2.512511117685501394e-01
3.068493150684931641e+11	1.667948406057238042e+00	8.077577516320880863e-03	1.038951928890473386e+00	2.781986638010348845e+00	2.694596508630239459e-02	9.685871498496449392e-03	7.884747011304553155e+01	2.971401998903494501e+01	8.399187794725418987e-01	-6.085223212658917580e-02	8.421202706653205805e-01	-7.232377237111500823e-02	8.399187794042483057e-01	-6.085223211789731607e-02	8.421202705965773472e-01	-7.232377236668073583e-02
3.131115459882583008e+11	1.667592245305390852e+00	7.066867794417005383e-03	9.275027593092471934e-01	2.780813955982250896e+00	2.356930786513641851e-02	8.475686701166301740e-03	7.184352025003005338e+01	2.908113361259056262e+01	7.665872166838328949e-01	-2.877567264641737732e-01	8.188161542180534269e-01	-3.590983106497765420e-01	7.665872166837757185e-01	-2.877567264642328371e-01	8.188161542180206753e-01	-3.590983106498685795e-01
3.193737769080234985e+11	1.668511965380365281e+00	8.151783374808360683e-03	1.091292186191342273e+00	2.783865727045259586e+00	2.720269620011296977e-02	9.771554689523540699e-03	7.753072438666623611e+01	2.959944417114113335e+01	6.316613417544079123e-01	-4.314832366567858402e-01	7.649665575584300159e-01	-5.992884133986658979e-01	6.316613417589868051e-01	-4.314832366601176195e-01	7.649665575640901549e-01	-5.992884133988860551e-01
3.256360078277886353e+11	1.668070309269063856e+00	7.834635409066301182e-03	1.069400478167289448e+00	2.782397175152997004e+00	2.613744541962316828e-02	9.393858523517921444e-03	7.403954168761724475e+01	2.928597678417212791e+01	5.442673134464079965e-01	-5.592150495753571704e-01	7.803514465660582600e-01	-7.989433023692995572e-01	5.442673135451689959e-01	-5.592150497222712069e-01	7.803514467402220545e-01	-7.989433024099136249e-01
3.318982387475538330e+11	1.667845439736286073e+00	8.904294934016893440e-03	1.238778460689522909e+00	2.781629124380853302e+00	2.970197539953398080e-02	1.067790638917226996e-02	7.551960872368788102e+01	2.942063707676693696e+01	3.965614222067441741e-01	-6.983103795011070813e-01	8.030556317601015293e-01	-1.054324046764534950e+00	3.965614218438227034e-01	-6.983103789076988699e-01	8.030556310648773177e-01	-1.054324046792615377e+00
3.381604696673189697e+11	1.667830688427458519e+00	8.174834673820638789e-03	1.158753282562341225e+00	2.781592377338466093e+00	2.726848028363786786e-02	9.803190613331128761e-03	6.983212778548957544e+01	2.888794222083970453e+01	1.688953783910447648e-01	-8.067390929493213347e-01	8.242291022128179767e-01	-1.364421357303372329e+00	1.688953783890668470e-01	-8.067390929361315521e-01	8.242291021995027389e-01	-1.364421357302441962e+00
3.444227005870841675e+11	1.667528151670502945e+00	8.409524929971700161e-03	1.214094218871591746e+00	2.780579416504096013e+00	2.804623912580544998e-02	1.008647297010735640e-02	7.649307951540878037e+01	2.950777475857756116e+01	-5.473654440664598581e-02	-7.779372905016179729e-01	7.798605755175597176e-01	-1.641041685367256919e+00	-5.473654440666505389e-02	-7.779372905016158635e-01	7.798605755175589405e-01	-1.641041685367281566e+00
3.506849315068493042e+11	1.668279344955835075e+00	8.493774757727518693e-03	1.248553068260791932e+00	2.783083828596634834e+00	2.833997797804814478e-02	1.018294083952854881e-02	7.247436011598516359e+01	2.914061193821027373e+01	-2.257902615955531822e-01	-7.131209041433054230e-01	7.480124772739781269e-01	-1.877432680348520844e+00	-2.257902615972103011e-01	-7.131209041487677203e-01	7.480124772796860055e-01	-1.877432680348428695e+00
3.569471624266145020e+11	1.667690962872037774e+00	9.017061510823508319e-03	1.349143443745088433e+00	2.781111840246774491e+00	3.007534398652329799e-02	1.081414402372780567e-02	7.312140104567453136e+01	2.920108234086091414e+01	-3.670092534819487384e-01	-6.588645208587877722e-01	7.541871445389780604e-01	-2.079023082129194400e+00	-3.670092535418731372e-01	-6.588645208959564847e-01	7.541871446006098711e-01	-2.079023082174624726e+00
3.632093933463796387e+11	1.667702943119870662e+00	9.138836123034777686e-03	1.391352339167297947e+00	2.781149588164994579e+00	3.048172779815057354e-02	1.096011804897644923e-02	7.385682895504099577e+01	2.926916675387905542e+01	-5.510173318159904410e-01	-5.632622491959861089e-01	7.879622207510551535e-01	-2.345205843603721974e+00	-5.510173315966988561e-01	-5.632622489810531485e-01	7.879622204440642763e-01	-2.345205843595529416e+00
3.694716242661448364e+11	1.667179019241478599e+00	8.752596839613574486e-03	1.355523888108704611e+00	2.779409274247541806e+00	2.918429162976604943e-02	1.050017782561619810e-02	7.644141169130480762e+01	2.950317778798740065e+01	-6.993144511544712172e-01	-3.820983205595807064e-01	7.968938625487909100e-01	-2.641525372795184623e+00	-6.993144511519092665e-01	-3.820983205583541320e-01	7.968938625459546232e-01	-2.641525372794993665e+00
3.757338551859099731e+11	1.667804527006720550e+00	9.293738872798050152e-03	1.463726567342287233e+00	2.781485566721875191e+00	3.100027952974184972e-02	1.114522394098822755e-02	6.888924965150421542e+01	2.879545625448772839e+01	-7.305893033785606505e-01	-1.565577098092194031e-01	7.471753788180378608e-01	-2.930495578781695976e+00	-7.305893033785680890e-01	-1.565577098092160724e-01	7.471753788180443001e-01	-2.930495578781702193e+00
3.819960861056751709e+11	1.667625587439784951e+00	8.759108787253569450e-03	1.402516549458681538e+00	2.780898377897141227e+00	2.921382787358543093e-02	1.050517635084397862e-02	7.304759563649395204e+01	2.919421181557603973e+01	-7.324222435833238620e-01	3.281916821803567644e-03	7.324295965303798672e-01	-3.146073531779193466e+00	-7.324222435883337434e-01	3.281916821611715034e-03	7.324295965353888604e-01	-3.146073531778900811e+00
3.882583170254403076e+11	1.667444146271564120e+00	9.866241536410139817e-03	1.605689886793145948e+00	2.780272638213250325e+00	3.290281339117689940e-02	1.183438377191741234e-02	7.414952521106654615e+01	2.929607555516551542e+01	-7.133748237861124997e-01	1.594447943588967187e-01	7.309762524596936650e-01	-3.361486287909349002e+00	-7.133748237996955233e-01	1.594447943889931441e-01	7.309762524795145877e-01	-3.361486287945477436e+00
3.945205479452055054e+11	1.667464120547538453e+00	9.103309685745793883e-03	1.505421471503725295e+00	2.780353723066141036e+00	3.035888455842799746e-02	1.091907274479758660e-02	6.963789532558378426e+01	2.886899270155067043e+01	-6.850229179853438710e-01	3.665733969783059876e-01	7.769378698051536691e-01	-3.632944414666834820e+00	-6.850229178711251254e-01	3.665733969095497091e-01	7.769378696720069533e-01	-3.632944414658170196e+00
4.007827788649706421e+11	1.667013081384950413e+00	9.843471768809619604e-03	1.653661111288509789e+00	2.778835719572084084e+00	3.281839240969818688e-02	1.181012327520819701e-02	7.234659622830459114e+01	2.912860772227996620e+01	-5.358358952607299441e-01	5.359578662856688824e-01	7.578726417303601748e-01	-3.927104617821682186e+00	-5.358358952603626824e-01	5.359578662852773068e-01	7.578726417298236040e-01	-3.927104617821659538e+00
4.070450097847357788e+11	1.667797998072527266e+00	8.953328761471261027e-03	1.527622786317918591e+00	2.781470000278818855e+00	2.986468756893389739e-02	1.073701588222781937e-02	6.966500071136100303e+01	2.887164030191326702e+01	-3.508470155757542064e-01	6.473219307958686386e-01	7.362875188591103681e-01	-4.215710301193402287e+00	-3.508470155757724696e-01	6.473219307958874014e-01	7.362875188591356812e-01	-4.215710301193392517e+00
4.133072407045009766e+11	1.666871893458132803e+00	1.006124609834104129e-02	1.743066462045387510e+00	2.778360680527649507e+00	3.354161666897996497e-02	1.207244865796543859e-02	7.128235924141237945e+01	2.902778433744190068e+01	-2.080619363102554076e-01	6.678661230811224758e-01	6.995247870523115807e-01	-4.410385869125062364e+00	-2.080619363113722642e-01	6.678661230840733376e-01	6.995247870554610614e-01	-4.410385869124792357e+00
4.195694716242661133e+11	1.667891358009421898e+00	9.860543041636351744e-03	1.734178809469880234e+00	2.781764351813437397e+00	3.289262904885042332e-02	1.182437650673309401e-02	7.322016126597470986e+01	2.921026506225109998e+01	-3.763580296450963480e-02	7.211215667671021512e-01	7.221030173883942194e-01	-4.660245640295358704e+00	-3.763580294504856316e-02	7.211215667737737034e-01	7.221030173940423680e-01	-4.660245640322754568e+00
4.258317025440313110e+11	1.666442284974248400e+00	1.016546728390397593e-02	1.814489665364205084e+00	2.776926552425094119e+00	3.388032905683981827e-02	1.220065724361779624e-02	6.929433177463066329e+01	2.883534449281756196e+01	1.375492819099503605e-01	7.289391898701889083e-01	7.418033078131629487e-01	-4.898893878944314828e+00	1.375492819014957901e-01	7.289391898361697875e-01	7.418033077781662765e-01	-4.898893878941618318e+00
4.320939334637964478e+11	1.667579522670322723e+00	9.975488342659700330e-03	1.806764278143906388e+00	2.780721954061706747e+00	3.326984017771166674e-02	1.196446129003136613e-02	6.859570027366898159e+01	2.876640374555959312e+01	3.661074041231900944e-01	6.390254800034802507e-01	7.364700913462128851e-01	-5.232655058443969942e+00	3.661074041231364706e-01	6.390254800033922100e-01	7.364700913461098564e-01	-5.232655058443966389e+00
4.383561643835616455e+11	1.666265410433850791e+00	9.922580200644884676e-03	1.823227644356199662e+00	2.776341960410451115e+00	3.306730434118070050e-02	1.191038597287636357e-02	6.596325802369787539e+01	2.850017274145453783e+01	4.781167035150146183e-01	5.175769604301692084e-01	7.046144280017244688e-01	-5.458176951511474861e+00	4.781167035150214462e-01	5.175769604301906357e-01	7.046144280017448969e-01	-5.458176951511461539e+00
4.446183953033267822e+11	1.667970727273468068e+00	1.048860874472163154e-02	1.954764634880605145e+00	2.782016336127782097e+00	3.498938471204039030e-02	1.257698750998034222e-02	6.645857309989261807e+01	2.855106842628274322e+01	5.752722462265926762e-01	3.631323774831475837e-01	6.802964654142725776e-01	-5.720114456537049641e+00	5.752722462288871741e-01	3.631323774848745356e-01	6.802964654171347325e-01	-5.720114456536703251e+00
4.508806262230919800e+11	1.666345692692942970e+00	1.022200566452134002e-02	1.931909833164303869e+00	2.776603478156518534e+00	3.406679021951599523e-02	1.226923127033396031e-02	6.651236152436325710e+01	2.855657256163051727e+01	6.544612516339461949e-01	2.580743070598517375e-01	7.035068427916633116e-01	-5.907575601751536176e+00	6.544612516394576751e-01	2.580743070509462500e-01	7.035068427935237123e-01	-5.907575601766185791e+00
4.571428571428571167e+11	1.667193102926289416e+00	1.098179928873464078e-02	2.104333656810698283e+00	2.779412242529371024e+00	3.661756006379844608e-02	1.317456960989531710e-02	6.436131843871386593e+01	2.833291021049107528e+01	7.090633015377705295e-01	4.977941242837770341e-02	7.108085223809277320e-01	-6.213095836659849880e+00	7.090633015291901708e-01	4.977941242836119579e-02	7.108085223723673574e-01	-6.213095836659027427e+00
4.634050880626223145e+11	1.666096988707457260e+00	9.901335536880032442e-03	1.923285410414220076e+00	2.775781139334643211e+00	3.299317064435591113e-02	1.188608502911882997e-02	6.355660113490932162e+01	2.824731003389225137e+01	7.083709096228109070e-01	-1.402186157109475140e-01	7.221153687547045008e-01	-6.478604311630740575e+00	7.083709096227707169e-01	-1.402186157109368003e-01	7.221153687546630895e-01	-6.478604311630737023e+00
4.696673189823874512e+11	1.667263282527513546e+00	1.110774081236465954e-02	2.186780739261745765e+00	2.779643471358464790e+00	3.703905681657586324e-02	1.332511064754436647e-02	6.460365919036999571e+01	2.835847911690398249e+01	5.896246645175169387e-01	-3.084778347151079236e-01	6.654440769275175027e-01	-6.765201829196057837e+00	5.896246645175464707e-01	-3.084778347151179156e-01	6.654440769275483669e-01	-6.765201829196050731e+00
4.759295499021526489e+11	1.666476477370466780e+00	9.963365411918823772e-03	1.987640741867244598e+00	2.777044580978748289e+00	3.320742818881846498e-02	1.195783042745203646e-02	6.260964874973024052e+01	2.814518079811541895e+01	5.271693892677342674e-01	-4.262082729017609983e-01	6.779093279125298910e-01	-6.963078347545869740e+00	5.271693892695583639e-01	-4.262082729029670891e-01	6.779093279147065942e-01	-6.963078347545561542e+00
4.821917808219177856e+11	1.666695390654650444e+00	1.165754280337840537e-02	2.356220787543163553e+00	2.777737626925245173e+00	3.885914571350015945e-02	1.398949466530948968e-02	6.507870381712274366e+01	2.840832306283224540e+01	4.005905527355768103e-01	-5.305013479403392074e-01	6.647589571472592995e-01	-7.207213721080961477e+00	4.005905527319797432e-01	-5.305013479430447099e-01	6.647589571472507508e-01	-7.207213721087732061e+00
4.884540117416829834e+11	1.666283345768840629e+00	1.034807656129801794e-02	2.118714677512220312e+00	2.776393105698083286e+00	3.448565526966355932e-02	1.242102755509928019e-02	6.722430283260740680e+01	2.862900861614798842e+01	2.619192561876491077e-01	-6.597780040620325748e-01	7.098652769406113006e-01	-7.476080648420762920e+00	2.619192561863677993e-01	-6.597780040578934413e-01	7.098652769362914228e-01	-7.476080648420289521e+00
4.947162426614481201e+11	1.666382968562293954e+00	1.152965519104542924e-02	2.390901309771625627e+00	2.776699264965658998e+00	3.842564208750789273e-02	1.383860419179500957e-02	6.269145036959719164e+01	2.815406388814940541e+01	5.542514489817455120e-02	-6.669898904755356961e-01	6.692887722676592599e-01	-7.771074684314703163e+00	5.542514489817784717e-02	-6.669898904755248159e-01	6.692887722676488238e-01	-7.771074684314696945e+00
5.009784735812133179e+11	1.666496052640448200e+00	1.021761556843716126e-02	2.145644584611822836e+00	2.777104693798291279e+00	3.405523202439623975e-02	1.226285494401665663e-02	6.543118855735777117e+01	2.844507285807289776e+01	-1.148847277457240856e-01	-6.578953059996651698e-01	6.678508323911875877e-01	-8.026863066290086834e+00	-1.148847277457232252e-01	-6.578953059997024733e-01	6.678508323912242250e-01	-8.026863066290076176e+00
5.072407045009784546e+11	1.666238481686094453e+00	1.183339933564983050e-02	2.516012409639365899e+00	2.776210648511744594e+00	3.943453068443682208e-02	1.420444471876680659e-02	6.728431227742275667e+01	2.863507914482935135e+01	-2.371399703267208225e-01	-5.849131886253007284e-01	6.311567188538633744e-01	-8.239158231367609275e+00	-2.371399703270431203e-01	-5.849131886261847990e-01	6.311567188548037333e-01	-8.239158231367555985e+00
5.135029354207436523e+11	1.666508294783173527e+00	1.089811992450743887e-02	2.345760528754888163e+00	2.777131127563231772e+00	3.632361450346684173e-02	1.307954606210426363e-02	6.875810409483261765e+01	2.878249214098488906e+01	-3.960837432117464418e-01	-5.386460523656219079e-01	6.685969648193873516e-01	-8.488029019026143374e+00	-3.960837432133660907e-01	-5.386460523635119291e-01	6.685969648186469438e-01	-8.488029019029964317e+00
5.197651663405087891e+11	1.665681058851311347e+00	1.181260955654332180e-02	2.573606715157084945e+00	2.774353852071490323e+00	3.935207998788040062e-02	1.418423246857926888e-02	6.595539933230362806e+01	2.849936215192128586e+01	-5.149842407162164015e-01	-4.152761588783507318e-01	6.615610752748495305e-01	-8.746155137378419653e+00	-5.149842407154319179e-01	-4.152761588778025592e-01	6.615610752738947387e-01	-8.746155137378320177e+00
5.260273972602739868e+11	1.666283218913388708e+00	1.078546379480000046e-02	2.378134156670773436e+00	2.776383439403094844e+00	3.594327465894631146e-02	1.294607731368470176e-02	6.630035269757138394e+01	2.853485197060726364e+01	-6.228277814763700793e-01	-2.412201074074666884e-01	6.679083661674307670e-01	-9.055269098210015244e+00	-6.228277814763646392e-01	-2.412201074074704354e-01	6.679083661674271033e-01	-9.055269098210006362e+00
5.322896281800391235e+11	1.665774050311392918e+00	1.179912408539624674e-02	2.632612465734979423e+00	2.774663967361640449e+00	3.930934943571443019e-02	1.416724688038267961e-02	6.402026784674146143e+01	2.829676305970583883e+01	-6.164202801387149711e-01	-8.766495023821496702e-02	6.226227632094417652e-01	-9.283509085824041662e+00	-6.164202801387400621e-01	-8.766495023822028221e-02	6.226227632094674114e-01	-9.283509085824039886e+00
5.385518590998043213e+11	1.666514637785219133e+00	1.124653768254330923e-02	2.538841175907862624e+00	2.777144553342555167e+00	3.748503934472296323e-02	1.349769110851870707e-02	6.498803478091016927e+01	2.839883779063911362e+01	-6.272182108957118363e-01	6.610575677426915042e-02	6.306922031846567966e-01	-9.529785442303083443e+00	-6.272182108965046465e-01	6.610575677435609476e-02	6.306922031854544919e-01	-9.529785442303088772e+00
5.448140900195694580e+11	1.665268029940547567e+00	1.205611320020141125e-02	2.753244681795811832e+00	2.772972261676576622e+00	4.015331975527926950e-02	1.448024573134461430e-02	5.760658870062367498e+01	2.757857569359960337e+01	-6.002226687700658037e-01	1.930854457585318706e-01	6.305150604618664500e-01	-9.736012892655221407e+00	-6.002226687694091067e-01	1.930854457594023688e-01	6.305150604615078480e-01	-9.736012892656855655e+00
5.510763209393345947e+11	1.665983192678110569e+00	1.144853324562765742e-02	2.644543779834665376e+00	2.775368929372473925e+00	3.814612793606451252e-02	1.374452510884365854e-02	5.883581485031590574e+01	2.772222176123177562e+01	-5.322846786689540144e-01	3.805965251060537402e-01	6.543551742505858693e-01	-1.004551639580497202e+01	-5.322846786686872278e-01	3.805965251058286425e-01	6.543551742502379254e-01	-1.004551639580492939e+01
5.573385518590998535e+11	1.665060598419478843e+00	1.170109677204874028e-02	2.733599063765816073e+00	2.772289880743363799e+00	3.896607038686341479e-02	1.405555409538017907e-02	3.668649858450253731e+01	2.450868320844315917e+01	-4.071214176226150561e-01	4.837696345251525365e-01	6.322823008559131930e-01	-1.029600023586704083e+01	-4.071214176226137793e-01	4.837696345251509267e-01	6.322823008559110836e-01	-1.029600023586704083e+01
5.636007827788649902e+11	1.666424127088810270e+00	1.175261428844553459e-02	2.776484363049218196e+00	2.776831247401090330e+00	3.916968001326865539e-02	1.410589140046900405e-02	4.937357530519732762e+01	2.652934223374291278e+01	-2.425925199731669424e-01	5.579828116979643760e-01	6.084373007116652410e-01	-1.058546006391422978e+01	-2.425925199731859827e-01	5.579828116979921315e-01	6.084373007116983256e-01	-1.058546006391421912e+01
5.698630136986301270e+11	1.665338700002746197e+00	1.213271979309132539e-02	2.898129577679835034e+00	2.773205782837258937e+00	4.041017561544859443e-02	1.457164696018521145e-02	5.244146823883561837e+01	2.693946768007478099e+01	-1.316020096369464598e-01	5.858271494159912329e-01	6.004269630299333693e-01	-1.077459960179467835e+01	-1.316020096369811265e-01	5.858271494163616033e-01	6.004269630303024075e-01	-1.077459960179475651e+01
5.761252446183952637e+11	1.665917760516392176e+00	1.226517001194062269e-02	2.961963068102820174e+00	2.775131550408529435e+00	4.086552911728986992e-02	1.472561872293009708e-02	5.616397381259265842e+01	2.740603133643234202e+01	3.081591980834688313e-02	6.132067127195299783e-01	6.139805318069349038e-01	-1.104578576958074443e+01	3.081591980872448039e-02	6.132067127191266342e-01	6.139805318065510997e-01	-1.104578576958139280e+01
5.823874755381605225e+11	1.664941483461520599e+00	1.202847300654192111e-02	2.936376135060062786e+00	2.771885459188179635e+00	4.005340738257752442e-02	1.444987824075105558e-02	5.353421534119146230e+01	2.707977677022607566e+01	1.841990270047640377e-01	5.975670960492930339e-01	6.253124945419584746e-01	-1.129458102408886511e+01	1.841990270047188516e-01	5.975670960491742401e-01	6.253124945418316871e-01	-1.129458102408885267e+01
5.886497064579256592e+11	1.665747861908235761e+00	1.219234063875685760e-02	3.008383379745701358e+00	2.774567286281607537e+00	4.061873070133225488e-02	1.463966323763885719e-02	5.588840888931991913e+01	2.737256865846967457e+01	3.444775513447209669e-01	4.959953056134246974e-01	6.038841996368256027e-01	-1.160261141584903299e+01	3.444775513447203563e-01	4.959953056134250859e-01	6.038841996368254916e-01	-1.160261141584903299e+01
5.949119373776907959e+11	1.665184349110550466e+00	1.205919889988778942e-02	3.007186083306742308e+00	2.772693492244620472e+00	4.016157854180862907e-02	1.448468020505794089e-02	5.239110424316377390e+01	2.693293064301269624e+01	4.337160585460057005e-01	3.983214172639603645e-01	5.888714383393478524e-01	-1.182348653847207487e+01	4.337160585460222983e-01	3.983214172639780726e-01	5.888714383393719443e-01	-1.182348653847207132e+01
6.011741682974559326e+11	1.665707651724488425e+00	1.278272280698157341e-02	3.221164051478109691e+00	2.774418583011149408e+00	4.258455837892467788e-02	1.534900272067329409e-02	5.668071869638385607e+01	2.746834095068168224e+01	5.059188324383712132e-01	2.737599060085476599e-01	5.752376475454414884e-01	-1.207037503799173273e+01	5.059188324385665014e-01	2.737599060085744163e-01	5.752376475456260074e-01	-1.207037503799185352e+01
6.074363992172210693e+11	1.664809867731676940e+00	1.242983449237574679e-02	3.164865946576049360e+00	2.771437394911255847e+00	4.138662223435740639e-02	1.493326975754494593e-02	5.428122860198922695e+01	2.717405496639111817e+01	5.739660890188548192e-01	1.621127662031469352e-01	5.964206739455265582e-01	-1.229109785777896313e+01	5.739660890186949471e-01	1.621127662028955807e-01	5.964206739453045136e-01	-1.229109785777929531e+01
6.136986301369863281e+11	1.665276296350443941e+00	1.285669478283379789e-02	3.307300441696098492e+00	2.772979848585912510e+00	4.281989814253108623e-02	1.544183531098042121e-02	5.804663020088220549e+01	2.763034769886179021e+01	5.897572487469354696e-01	-1.597656310729375986e-02	5.899736121372515241e-01	-1.259345405693155229e+01	5.897572487469022740e-01	-1.597656310729339904e-02	5.899736121372183284e-01	-1.259345405693155406e+01
6.199608610567514648e+11	1.664693836348116074e+00	1.242858753194759323e-02	3.229796868964179613e+00	2.771051098987368899e+00	4.137958611789240709e-02	1.493281236604183763e-02	5.706710034931915487e+01	2.751456117692175951e+01	5.611559741083590458e-01	-1.605384767334437912e-01	5.836682531964504372e-01	-1.284501325547169515e+01	5.611559741083600450e-01	-1.605384767334407103e-01	5.836682531964505483e-01	-1.284501325547168804e+01
6.262230919765166016e+11	1.665295141632451514e+00	1.296225848445677932e-02	3.402506134531468440e+00	2.773039888599628799e+00	4.317197215749979389e-02	1.556846417355410746e-02	5.874332373280704900e+01	2.771151823639415923e+01	4.771732176833934358e-01	-2.861376468457163535e-01	5.563892815437111450e-01	-1.310653384234368701e+01	4.771732176834111439e-01	-2.861376468457255129e-01	5.563892815437311290e-01	-1.310653384234368524e+01
6.324853228962817383e+11	1.664690025046297039e+00	1.282833046625421643e-02	3.401024434990402412e+00	2.771028313426089795e+00	4.271038753034181457e-02	1.541319059188350250e-02	5.622134686928018965e+01	2.741297766650547629e+01	4.112896770235739408e-01	-3.821401244545929998e-01	5.614180912157423764e-01	-1.331504662734831967e+01	4.112896770236098565e-01	-3.821401244547105169e-01	5.614180912158486247e-01	-1.331504662734842981e+01
6.387475538160469971e+11	1.664849990579910788e+00	1.335372439709016194e-02	3.575368584040611974e+00	2.771547169178655512e+00	4.446389587340456029e-02	1.604298724115937880e-02	5.776491285377387896e+01	2.759724834030775398e+01	2.976063744829078317e-01	-4.769430868852593819e-01	5.621781410376082144e-01	-1.357929627332411116e+01	2.976063744827903146e-01	-4.769430868852100880e-01	5.621781410375040755e-01	-1.357929627332424261e+01
6.450097847358121338e+11	1.664259827603218556e+00	1.282083267709068289e-02	3.466344290425066532e+00	2.769596400023361049e+00	4.267439356180929844e-02	1.540816328380891463e-02	5.332659278759416566e+01	2.705333968327258276e+01	1.699270076108882477e-01	-5.498746741990343523e-01	5.755322278040432282e-01	-1.383744773603026523e+01	1.699270076108827243e-01	-5.498746741990195863e-01	5.755322278040274631e-01	-1.383744773603026701e+01
6.512720156555772705e+11	1.664732058805157955e+00	1.320488260442844765e-02	3.604841076580900250e+00	2.771158458689063409e+00	4.396518280870117396e-02	1.586527203843101155e-02	5.580429981010143337e+01	2.736232216856948085e+01	6.143177771779209650e-03	-5.505954980149062594e-01	5.506297676909761574e-01	-1.412601007027598321e+01	6.143177771783059869e-03	-5.505954980149065925e-01	5.506297676909766015e-01	-1.412601007027597610e+01
6.575342465753424072e+11	1.664361345775959844e+00	1.290782101240742566e-02	3.557627495421030517e+00	2.769932077469876130e+00	4.296655670249126951e-02	1.551177267196312409e-02	5.057063175253982479e+01	2.669232239785432981e+01	-1.152377537195632962e-01	-5.319531865572062479e-01	5.442921389940301724e-01	-1.435050188010176342e+01	-1.152377537195636015e-01	-5.319531865572227902e-01	5.442921389940463817e-01	-1.435050188010175809e+01
6.637964774951076660e+11	1.664672237829302626e+00	1.363664379676711273e-02	3.794299433410579070e+00	2.770947701345578551e+00	4.540108469129077590e-02	1.638467758494464160e-02	5.122442429735579594e+01	2.677971531351625600e+01	-2.360627387878742045e-01	-4.766801844209389016e-01	5.319300845633874175e-01	-1.459698522772706575e+01	-2.360627387879405681e-01	-4.766801844209549444e-01	5.319300845634311603e-01	-1.459698522772716345e+01
6.700587084148728027e+11	1.663989150955890617e+00	1.314108845498156673e-02	3.690909151799336207e+00	2.768687206293123815e+00	4.373325724168206780e-02	1.579566559280441360e-02	4.846199589152066523e+01	2.640255741001375611e+01	-3.524126554306244996e-01	-4.263255865369480757e-01	5.531258314739394555e-01	-1.482793488325628317e+01	-3.524126554306077908e-01	-4.263255865368733022e-01	5.531258314738711768e-01	-1.482793488325634712e+01
6.763209393346379395e+11	1.664326072241935073e+00	1.357125305999537339e-02	3.847352187345015384e+00	2.769797095834648282e+00	4.517398060148688360e-02	1.630949092603990735e-02	4.918257934995011027e+01	2.650297297373684202e+01	-4.522165563669757193e-01	-2.992627741969273725e-01	5.422711700546575253e-01	-1.512335921635771641e+01	-4.522165563669705568e-01	-2.992627741969257071e-01	5.422711700546523073e-01	-1.512335921635771463e+01
6.825831702544030762e+11	1.663991992131296893e+00	1.297326719411207724e-02	3.711881473412690813e+00	2.768701044215392315e+00	4.317482544556431462e-02	1.559389213789219401e-02	4.476393120885856547e+01	2.586252140152505063e+01	-5.117899453086278694e-01	-1.762472477913755164e-01	5.412873917551034308e-01	-1.537630907096761490e+01	-5.117899453086268702e-01	-1.762472477913792079e-01	5.412873917551037639e-01	-1.537630907096760779e+01
6.888454011741683350e+11	1.664499093722189738e+00	1.380336580609328560e-02	3.985620297389156352e+00	2.770366700094414547e+00	4.595137974911627649e-02	1.658674995896761498e-02	4.787827508143430322e+01	2.632011330525361004e+01	-5.107913571532443076e-01	-3.759309959363782427e-02	5.121728728461810709e-01	-1.563449796192869812e+01	-5.107913571532562980e-01	-3.759309959364170312e-02	5.121728728461932834e-01	-1.563449796192869101e+01
6.951076320939334717e+11	1.664023338164175581e+00	1.334020797836048960e-02	3.886904036496795722e+00	2.768795708806140343e+00	4.439683482391158093e-02	1.603470948857211795e-02	4.375004290744909952e+01	2.570665437660193575e+01	-5.203178187253368892e-01	7.508575530076945503e-02	5.257076213373548246e-01	-1.585128136737670701e+01	-5.203178187253573173e-01	7.508575530081557092e-02	5.257076213373815810e-01	-1.585128136737678872e+01
7.013698630136986084e+11	1.664158000352466971e+00	1.417522965470075641e-02	4.167411306163050888e+00	2.769220913001357864e+00	4.717964367340760079e-02	1.703715418726670094e-02	4.671301356483417777e+01	2.615248351133829985e+01	-4.725329733459350257e-01	2.065922296178282214e-01	5.157206222729663336e-01	-1.612012332414389704e+01	-4.725329733459063819e-01	2.065922296178252793e-01	5.157206222729389111e-01	-1.612012332414391480e+01
7.076320939334637451e+11	1.663803095973372059e+00	1.336962672417068253e-02	3.965664456539426119e+00	2.768061995251834162e+00	4.448885267136702681e-02	1.607220241009070863e-02	4.382010879023932404e+01	2.571754136017975156e+01	-4.153012361704659372e-01	3.326774510662345863e-01	5.321178471096831286e-01	-1.638334470680097255e+01	-4.153012361704624400e-01	3.326774510662341422e-01	5.321178471096801310e-01	-1.638334470680097610e+01
7.138943248532290039e+11	1.664090321199879652e+00	1.420593681383023124e-02	4.251018248379604181e+00	2.768994788470360291e+00	4.727992391094389124e-02	1.707476088716733398e-02	4.619745427864251752e+01	2.607697856499388323e+01	-2.904307759825201507e-01	4.058827006401636850e-01	4.990899741697497616e-01	-1.665767115030786982e+01	-2.904307759825204838e-01	4.058827006401642956e-01	4.990899741697504832e-01	-1.665767115030786982e+01
7.201565557729941406e+11	1.663998916739182432e+00	1.356319993021714611e-02	4.094286630300199015e+00	2.768708434516825356e+00	4.513829998279657307e-02	1.630301674963972186e-02	4.359474263783370418e+01	2.568246121293579876e+01	-1.900224160570101739e-01	4.672351188535036060e-01	5.043978339507328990e-01	-1.689249460190112018e+01	-1.900224160570133380e-01	4.672351188535139310e-01	5.043978339507436681e-01	-1.689249460190112373e+01
7.264187866927592773e+11	1.663874640417967399e+00	1.467442678128716774e-02	4.468249075310713359e+00	2.768263480224661066e+00	4.883281316810795386e-02	1.764023313421917566e-02	4.662290445010823703e+01	2.613934709109184951e+01	-7.292763521060764698e-02	4.786860335779315467e-01	4.842094161826926424e-01	-1.712757252630772697e+01	-7.292763521058198695e-02	4.786860335779437037e-01	4.842094161827007470e-01	-1.712757252630778027e+01
7.326810176125244141e+11	1.663701083769270506e+00	1.395406231988042915e-02	4.285532167198581099e+00	2.767706580279817974e+00	4.643077720913801887e-02	1.677590303103727865e-02	4.515008939882476824e+01	2.592095968909378101e+01	5.255282062308817836e-02	5.043917371372648173e-01	5.071220991514668874e-01	-1.738257549957181780e+01	5.255282062309400704e-02	5.043917371372469427e-01	5.071220991514496790e-01	-1.738257549957183201e+01
7.389432485322896729e+11	1.663450394339320848e+00	1.473301626919739163e-02	4.563435483833609752e+00	2.766850152659253936e+00	4.901528344560806411e-02	1.771519263466395794e-02	4.544096983620890740e+01	2.596465025282552830e+01	1.749057064239178672e-01	4.529962638385933160e-01	4.855899722928533890e-01	-1.764723347815395371e+01	1.749057064239116221e-01	4.529962638385944818e-01	4.855899722928523343e-01	-1.764723347815394305e+01
7.452054794520548096e+11	1.663588813384367482e+00	1.386299669548790060e-02	4.330343227885640189e+00	2.767335557340228736e+00	4.612465244519625002e-02	1.666753145380319226e-02	4.276334935156615558e+01	2.555146043590669436e+01	2.926755250022776145e-01	3.963554833624294282e-01	4.927033916331649555e-01	-1.791480610895605352e+01	2.926755250022782251e-01	3.963554833624294282e-01	4.927033916331652885e-01	-1.791480610895605707e+01
7.514677103718199463e+11	1.663406854056360240e+00	1.493749860685890038e-02	4.705192142743105599e+00	2.766699233257047474e+00	4.969427513021285742e-02	1.796157476492707059e-02	3.650847563760552816e+01	2.447558895725085293e+01	3.523202692822527404e-01	2.997336071501318089e-01	4.625687056020419963e-01	-1.814463131719080735e+01	3.523202692822578475e-01	2.997336071501351396e-01	4.625687056020481025e-01	-1.814463131719080735e+01
7.577299412915850830e+11	1.663868698926316947e+00	1.417420889266184612e-02	4.501968360557237148e+00	2.768258139069021961e+00	4.716804501708619229e-02	1.703888967267663118e-02	3.360194807228815250e+01	2.391117490648969834e+01	4.365254202128665550e-01	2.064580307925640290e-01	4.828864887018097241e-01	-1.840777528934878049e+01	4.365254202128789895e-01	2.064580307925468206e-01	4.828864887018136098e-01	-1.840777528934882312e+01
7.639921722113503418e+11	1.662950693766749533e+00	1.506484626939470772e-02	4.824394061328216132e+00	2.765178060306193064e+00	5.010419311035871348e-02	1.811969862975499820e-02	4.232959954917552636e+01	2.548210085569881400e+01	4.565085063205776006e-01	1.019852331622145142e-01	4.677616958732257468e-01	-1.862976233082086708e+01	4.565085063205704397e-01	1.019852331622139729e-01	4.677616958732185859e-01	-1.862976233082086708e+01
7.702544031311154785e+11	1.663463002416422309e+00	1.426395744721868815e-02	4.605357886769247067e+00	2.766905699926202278e+00	4.745513096298097089e-02	1.715097517210169981e-02	3.854701624200397703e+01	2.484524745603438944e+01	4.802630848990003809e-01	-3.833430940575233148e-02	4.817905665269094362e-01	-1.892920644929099439e+01	4.802630848990001033e-01	-3.833430940574773099e-02	4.817905665269088256e-01	-1.892920644929098728e+01
7.765166340508806152e+11	1.662883104138301427e+00	1.499619736644520682e-02	4.881137840137730777e+00	2.764955332093179674e+00	4.987384645397005545e-02	1.803784888496321598e-02	3.992083174846157334e+01	2.508350026607145367e+01	4.330457809551598869e-01	-1.380666091379814664e-01	4.545228673696455890e-01	-1.915819429833111442e+01	4.330457809551602200e-01	-1.380666091379819660e-01	4.545228673696460331e-01	-1.915819429833111442e+01
7.827788649706457520e+11	1.663531417681028080e+00	1.451977812430567047e-02	4.764180775212362384e+00	2.767125953655072301e+00	4.830821417508038285e-02	1.745790216425475300e-02	3.631541479065592171e+01	2.443951628406224685e+01	3.841309034708625947e-01	-2.510240096320621173e-01	4.588786380003962995e-01	-1.942837756683948314e+01	3.841309034708667580e-01	-2.510240096320658920e-01	4.588786380004018506e-01	-1.942837756683948669e+01
7.890410958904110107e+11	1.662741588170738805e+00	1.517954834919006506e-02	5.020507661819157974e+00	2.764479170344465331e+00	5.047933265969360705e-02	1.825997938461720177e-02	3.655993590795400650e+01	2.448517191223387712e+01	3.164066596715084945e-01	-3.169548746126215621e-01	4.478544036014209806e-01	-1.963581964871697139e+01	3.164066596714990576e-01	-3.169548746126328864e-01	4.478544036014222574e-01	-1.963581964871700336e+01
7.953033268101761475e+11	1.663241792082853054e+00	1.481161875303908457e-02	4.937697557650534641e+00	2.766153874880894925e+00	4.927060663690543962e-02	1.781195438342233692e-02	3.350012720341232608e+01	2.389052784937644702e+01	2.186281934859199416e-01	-4.050199447621553595e-01	4.602601901555860575e-01	-1.992537685137918047e+01	2.186281934859212184e-01	-4.050199447621499749e-01	4.602601901555819497e-01	-1.992537685137917336e+01
8.015655577299412842e+11	1.662489553752950933e+00	1.503539953280167568e-02	5.051765491696294852e+00	2.763645453098575011e+00	4.999238931956957038e-02	1.808929190374928414e-02	3.268924477080584268e+01	2.372382295955485887e+01	1.160538550436607114e-01	-4.352516651296088335e-01	4.504581104482326404e-01	-2.015977829003927013e+01	1.160538550436621824e-01	-4.352516651296077232e-01	4.504581104482319742e-01	-2.015977829003926658e+01
8.078277886497064209e+11	1.663307497658404577e+00	1.485628440265308534e-02	5.030581094437392764e+00	2.766371122580411068e+00	4.942113846855698128e-02	1.786497048973603036e-02	3.208125675739888294e+01	2.359609455359632335e+01	-1.591343507689104222e-02	-4.435678679971695737e-01	4.438532313000558283e-01	-2.045621285540172352e+01	-1.591343507688944975e-02	-4.435678679971700178e-01	4.438532313000562168e-01	-2.045621285540171996e+01
8.140900195694715576e+11	1.662502338407031877e+00	1.523467687275472521e-02	5.198700986645419242e+00	2.763681929829431727e+00	5.065537185166051753e-02	1.832894419032759376e-02	2.985164436986297432e+01	2.310603072482864917e+01	-1.010278589185337195e-01	-4.193751025187882897e-01	4.313723506326145873e-01	-2.065674893253780908e+01	-1.010278589185353709e-01	-4.193751025187914538e-01	4.313723506326180290e-01	-2.065674893253780908e+01
8.203522504892368164e+11	1.663147857376897853e+00	1.517662361009257214e-02	5.218728437310799606e+00	2.765830465593163812e+00	5.048193807868220362e-02	1.825200015209745702e-02	3.004377766994418053e+01	2.314967903968481977e+01	-2.148479778382597627e-01	-3.794029190669850893e-01	4.360117298625561522e-01	-2.093560791128984988e+01	-2.148479778382675343e-01	-3.794029190669807594e-01	4.360117298625561522e-01	-2.093560791128986764e+01
8.266144814090019531e+11	1.662367216351099408e+00	1.535078699721357902e-02	5.318912134602759245e+00	2.763229115337469288e+00	5.103729009871317557e-02	1.847016225163075620e-02	2.958525451093412784e+01	2.304504594886213198e+01	-2.934060787002314430e-01	-3.206996809403114823e-01	4.346670132106461582e-01	-2.116133517548252385e+01	-2.934060787002285564e-01	-3.206996809403109272e-01	4.346670132106437157e-01	-2.116133517548252030e+01
8.328767123287670898e+11	1.662971664954170814e+00	1.521740069758958404e-02	5.312639618478082859e+00	2.765243189156456172e+00	5.061221234869062169e-02	1.830298779765912598e-02	2.911240638166310646e+01	2.293543163902195658e+01	-3.734466914050417197e-01	-2.178604444724876466e-01	4.323489384595761709e-01	-2.146304107955534946e+01	-3.734466914050431074e-01	-2.178604444724849265e-01	4.323489384595759488e-01	-2.146304107955535656e+01
8.391389432485322266e+11	1.662454948385359454e+00	1.541343993708244389e-02	5.421539322339262057e+00	2.763518881280274453e+00	5.124829899008646189e-02	1.854458072902483851e-02	2.914946994292515470e+01	2.294408768823364042e+01	-4.004768150924579717e-01	-1.243535909897194452e-01	4.193393554373798793e-01	-2.169007419003229131e+01	-4.004768150924584713e-01	-1.243535909897194314e-01	4.193393554373803234e-01	-2.169007419003229131e+01
8.454011741682974854e+11	1.662965983483672305e+00	1.547944856634478339e-02	5.485389782850454310e+00	2.765216248895899120e+00	5.148359281783294883e-02	1.861828811341225895e-02	2.909605004373063863e+01	2.293160817522507244e+01	-4.140685169556859169e-01	-1.406521771749938247e-02	4.143073340930881754e-01	-2.195719329676905218e+01	-4.140685169556884149e-01	-1.406521771749673702e-02	4.143073340930905624e-01	-2.195719329676905929e+01
8.516634050880626221e+11	1.662301314997481461e+00	1.574522319710095625e-02	5.620901424812908331e+00	2.762997749788829616e+00	5.234661045093953746e-02	1.894558562522907774e-02	2.935606163650457745e+01	2.299213562133993705e+01	-4.045150851752494225e-01	7.395047666208472148e-02	4.112190743787170755e-01	-2.217196455609240857e+01	-4.045150851752479237e-01	7.395047666209030035e-02	4.112190743787165759e-01	-2.217196455609241923e+01
8.579256360078277588e+11	1.662629505441959532e+00	1.564756350405692095e-02	5.627111610319053270e+00	2.764092026122561663e+00	5.203220154024362776e-02	1.882433763004404473e-02	2.902806060393925236e+01	2.291569186780240130e+01	-3.712269663915332418e-01	1.857688116758959007e-01	4.151138542228324790e-01	-2.245513086344045561e+01	-3.712269663915301887e-01	1.857688116758992869e-01	4.151138542228313133e-01	-2.245513086344046627e+01
8.641878669275928955e+11	1.662041975372123170e+00	1.571210761843161788e-02	5.691565927240819001e+00	2.762136657573055931e+00	5.222836476679494633e-02	1.890868238673073382e-02	2.920952396210056534e+01	2.295808973147093468e+01	-3.124210659378788835e-01	2.632754532594492325e-01	4.085595265450664981e-01	-2.269138598725835720e+01	-3.124210659378794386e-01	2.632754532594487329e-01	4.085595265450666091e-01	-2.269138598725835365e+01
8.704500978473581543e+11	1.662708095829634969e+00	1.570168230860663830e-02	5.729005320621390673e+00	2.764351669110090004e+00	5.221462858533042206e-02	1.888856225088739876e-02	2.767244559200920406e+01	2.259031312131422808e+01	-2.203580332433696110e-01	3.345229115606053738e-01	4.005786329472287299e-01	-2.297946173777850731e+01	-2.203580332433684452e-01	3.345229115606064840e-01	4.005786329472290075e-01	-2.297946173777851087e+01
8.767123287671232910e+11	1.661925133638782137e+00	1.600579069928449727e-02	5.881978171528055910e+00	2.761738964484374836e+00	5.320085169380552731e-02	1.926353372927781110e-02	2.805330706981263589e+01	2.268331138634014721e+01	-1.458000414838423187e-01	3.632603793441103734e-01	3.914278417510909103e-01	-2.318026226158282910e+01	-1.458000414838447889e-01	3.632603793441110951e-01	3.914278417510925756e-01	-2.318026226158282199e+01
8.829745596868884277e+11	1.662473189909695614e+00	1.590112792410668802e-02	5.885254978936959702e+00	2.763564261299260139e+00	5.287039772630356543e-02	1.913123514683429810e-02	2.601594561036433362e+01	2.217035508889129503e+01	-4.025646854262332486e-02	3.940846434140963250e-01	3.961354432947633564e-01	-2.346014617909896316e+01	-4.025646854262484448e-02	3.940846434140957144e-01	3.961354432947629123e-01	-2.346014617909895605e+01
8.892367906066535645e+11	1.661633278283716653e+00	1.601243687061902968e-02	5.968483728348867423e+00	2.760768753365355987e+00	5.321359594127551135e-02	1.927491966736024145e-02	2.633957583466056107e+01	2.225446537209758802e+01	4.613902507957051702e-02	3.917042214732988081e-01	3.944122294697469666e-01	-2.367919509932139732e+01	4.613902507957060722e-02	3.917042214732980865e-01	3.944122294697462450e-01	-2.367919509932140087e+01
8.954990215264188232e+11	1.662351383814338446e+00	1.588485106782044562e-02	5.962624003752020840e+00	2.763159794775999156e+00	5.281240830855198076e-02	1.911304891175623008e-02	2.453605773842715010e+01	2.177190720156407266e+01	1.610137510484907220e-01	3.571705165489282296e-01	3.917859184791274707e-01	-2.398546689304339452e+01	1.610137510484917212e-01	3.571705165489276190e-01	3.917859184791273597e-01	-2.398546689304339807e+01
9.017612524461839600e+11	1.661555671119046895e+00	1.591695438469026974e-02	6.016455419612747768e+00	2.760513898790982079e+00	5.289381164965059612e-02	1.916085685089881710e-02	2.436813709614399670e+01	2.172518571425561618e+01	2.268281176653754450e-01	3.102730708355625477e-01	3.843440821052763745e-01	-2.419321357151502383e+01	2.268281176653739462e-01	3.102730708355639910e-01	3.843440821052766521e-01	-2.419321357151501672e+01
9.080234833659490967e+11	1.662378118169079766e+00	1.613336036636125320e-02	6.140603787550891646e+00	2.763240722450659881e+00	5.363949049115047246e-02	1.941180515158981087e-02	2.242021549998745655e+01	2.115837010273750707e+01	3.001671763262874770e-01	2.288280252212513410e-01	3.774421795061518869e-01	-2.448139217672080292e+01	3.001671763262889758e-01	2.288280252212515353e-01	3.774421795061532192e-01	-2.448139217672080292e+01
9.142857142857142334e+11	1.661344279936843638e+00	1.597248786044230470e-02	6.121299962604190625e+00	2.759809696110417931e+00	5.307160268661299113e-02	1.923016748633440270e-02	2.218334215746927285e+01	2.108610847334875871e+01	3.432887965076007464e-01	1.689936695537537781e-01	3.826304459356053567e-01	-2.467528993530599379e+01	3.432887965076013570e-01	1.689936695537513356e-01	3.826304459356048571e-01	-2.467528993530600090e+01
9.205479452054794922e+11	1.662234119646545993e+00	1.618315020731076956e-02	6.244513936054888248e+00	2.762760374166495669e+00	5.380036887591407163e-02	1.947341122269615615e-02	1.991285917148934814e+01	2.035150330007805053e+01	3.746290587018258900e-01	5.320555263500763299e-02	3.783883751583981270e-01	-2.499166275029531192e+01	3.746290587018254459e-01	5.320555263500776483e-02	3.783883751583977939e-01	-2.499166275029531192e+01
9.268101761252446289e+11	1.661320164178051284e+00	1.577949294722846493e-02	6.130176773849957961e+00	2.759735695506915665e+00	5.242957962747198802e-02	1.899804380282930916e-02	1.985073651600885469e+01	2.033024533473422579e+01	3.812380424904195375e-01	-2.716715209138413981e-02	3.822047869855679236e-01	-2.520388131290059519e+01	3.812380424904192044e-01	-2.716715209138449716e-02	3.822047869855675906e-01	-2.520388131290059519e+01
9.330724070450097656e+11	1.662317161539759169e+00	1.635247841459912255e-02	6.395700116527185841e+00	2.763030941999301771e+00	5.436601100459318575e-02	1.967622228843173351e-02	1.932757194584329952e+01	2.014853675317510096e+01	3.377149062940097979e-01	-1.341161359406491671e-01	3.633710168035179655e-01	-2.551076952626225847e+01	3.377149062940096869e-01	-1.341161359406500275e-01	3.633710168035181320e-01	-2.551076952626226202e+01
9.393346379647749023e+11	1.661413733819649519e+00	1.588728046487019110e-02	6.255457253945685636e+00	2.760043189243980066e+00	5.279069191475992129e-02	1.912676298707489952e-02	1.899409716345102339e+01	2.003012725984920195e+01	3.124622410844876130e-01	-2.006195471924727691e-01	3.713231137691986872e-01	-2.570351455288670195e+01	3.124622410844875575e-01	-2.006195471924750728e-01	3.713231137691998529e-01	-2.570351455288670550e+01
9.455968688845401611e+11	1.662109536418906686e+00	1.659658953572379358e-02	6.578305519884944275e+00	2.762332664270455318e+00	5.517069947871350299e-02	1.997250374378219118e-02	1.826914287460536457e+01	1.976537371110897467e+01	2.324324840778066170e-01	-2.726223656357238956e-01	3.582566313404375036e-01	-2.599754734546442947e+01	2.324324840778039802e-01	-2.726223656357256719e-01	3.582566313404371705e-01	-2.599754734546443657e+01
9.518590998043052979e+11	1.661417751520332553e+00	1.591850880145048025e-02	6.351323139405315565e+00	2.760055546144415395e+00	5.289458620092496455e-02	1.916431945538727213e-02	1.851900636467336980e+01	1.985779212683767270e+01	1.725902827906927173e-01	-3.299974015872944033e-01	3.724052775782552560e-01	-2.622165579664369162e+01	1.725902827906957704e-01	-3.299974015872925714e-01	3.724052775782549785e-01	-2.622165579664368096e+01
9.581213307240704346e+11	1.662132681364407061e+00	1.679119012443044262e-02	6.743589863883600266e+00	2.762403106393839014e+00	5.581837172963824423e-02	2.020645415596349082e-02	1.761517732836178851e+01	1.951737169532871263e+01	6.145588444922428506e-02	-3.429218806179857859e-01	3.483851919069070879e-01	-2.652620751632700902e+01	6.145588444922459731e-02	-3.429218806179858414e-01	3.483851919069072545e-01	-2.652620751632700902e+01
9.643835616438355713e+11	1.661457840715468315e+00	1.616341356898466294e-02	6.533893409829356180e+00	2.760180900536704396e+00	5.370966041383271744e-02	1.945874649135827250e-02	1.786165353603216133e+01	1.961190702702507238e+01	-1.192887954944230229e-02	-3.559952283578500798e-01	3.561950319429833534e-01	-2.673703356033326273e+01	-1.192887954944110013e-02	-3.559952283578503018e-01	3.561950319429835199e-01	-2.673703356033325917e+01
9.706457925636008301e+11	1.661861349119235554e+00	1.714314717087838877e-02	6.974940239021753641e+00	2.761489256201483222e+00	5.697906737109113134e-02	2.063345611181832337e-02	1.752898561064335681e+01	1.948400062150185974e+01	-9.981348041140815364e-02	-3.196343493807348168e-01	3.348564590625126569e-01	-2.700621647063423936e+01	-9.981348041140535032e-02	-3.196343493807360936e-01	3.348564590625129900e-01	-2.700621647063422870e+01
9.769080234833659668e+11	1.661229693515256178e+00	1.627570989895965603e-02	6.664733343552164513e+00	2.759419195884076803e+00	5.407538513438393812e-02	1.959665469278544861e-02	1.697511716545112037e+01	1.926556162640164160e+01	-1.754009286246770716e-01	-3.072636390575406162e-01	3.538028118165281732e-01	-2.722224613145651517e+01	-1.754009286246789590e-01	-3.072636390575390064e-01	3.538028118165277291e-01	-2.722224613145652228e+01
9.831702544031311035e+11	1.661610677139355952e+00	1.722565051103648603e-02	7.098940290416389409e+00	2.760653319347980528e+00	5.724464961961845538e-02	2.073590668499392456e-02	1.734983879018422925e+01	1.941411174417571317e+01	-2.403319198344500696e-01	-2.304036432354782393e-01	3.329343336267590048e-01	-2.751002357723278280e+01	-2.403319198344494034e-01	-2.304036432354788222e-01	3.329343336267588938e-01	-2.751002357723277925e+01
9.894324853228962402e+11	1.660928640273741319e+00	1.619142824210371631e-02	6.715223716522769060e+00	2.758421785733059739e+00	5.378561378849435609e-02	1.949869090603946475e-02	1.385693397512497071e+01	1.788472126662177786e+01	-2.994304984699669436e-01	-1.811436906099572197e-01	3.499595120321332131e-01	-2.773027477375300265e+01	-2.994304984699673877e-01	-1.811436906099563870e-01	3.499595120321331576e-01	-2.773027477375300265e+01
9.956947162426614990e+11	1.661390209875317270e+00	1.752759369325409058e-02	7.315392974677324744e+00	2.759910212928875062e+00	5.824034512928940449e-02	2.110226081140643972e-02	1.536051363805108672e+01	1.858557109322520162e+01	-3.066879202434053542e-01	-8.395882916454575073e-02	3.179725859534225929e-01	-2.800712102411356241e+01	-3.066879202434047991e-01	-8.395882916454858180e-02	3.179725859534228150e-01	-2.800712102411355531e+01
1.001956947162426636e+12	1.660775838886159317e+00	1.631948792887286115e-02	6.854010246067600676e+00	2.757910061341765751e+00	5.420602251053275450e-02	1.965474627702713806e-02	1.499981014721827499e+01	1.842390410021427982e+01	-3.402635470229054548e-01	-1.987884576735490447e-02	3.408437324370968691e-01	-2.821597830513128002e+01	-3.402635470229059544e-01	-1.987884576735175421e-02	3.408437324370971466e-01	-2.821597830513129068e+01
1.008219178082191772e+12	1.661173103584031363e+00	1.758408805219720955e-02	7.431285816323716986e+00	2.759186879918375634e+00	5.842042824672664947e-02	2.117305959662104872e-02	1.501130783024869508e+01	1.842911706940097361e+01	-3.083154914960485882e-01	6.952797377019542813e-02	3.160578767141217771e-01	-2.849613291694353023e+01	-3.083154914960485882e-01	6.952797377019437342e-02	3.160578767141215550e-01	-2.849613291694352668e+01
1.014481409001956909e+12	1.660580955204104647e+00	1.619815097125636150e-02	6.888088147944666950e+00	2.757266728691688762e+00	5.379668202477836531e-02	1.951087338231679083e-02	1.369347137953314508e+01	1.780398800974323237e+01	-3.097266900200655870e-01	1.488220935438081538e-01	3.436257237715881208e-01	-2.872225600303453419e+01	-3.097266900200643658e-01	1.488220935438108461e-01	3.436257237715881763e-01	-2.872225600303454485e+01
1.020743639921722046e+12	1.661139990024450119e+00	1.764130878663734345e-02	7.548082623615965936e+00	2.759074850682724733e+00	5.860936700370600327e-02	2.124239833116643716e-02	1.330363436071980310e+01	1.760749231624610900e+01	-2.279188181874952368e-01	2.090272113599520309e-01	3.092561442767186031e-01	-2.901652339454708240e+01	-2.279188181874937380e-01	2.090272113599536685e-01	3.092561442767185476e-01	-2.901652339454708951e+01
1.027005870841487305e+12	1.660630423688080670e+00	1.606604768150342658e-02	6.916257256375909712e+00	2.757435286190350165e+00	5.335953513665588066e-02	1.935114684427534718e-02	1.210827531855410299e+01	1.696696349604860643e+01	-1.929811356770643194e-01	2.761771275862502373e-01	3.369206501967509926e-01	-2.923523790294416713e+01	-1.929811356770652908e-01	2.761771275862501263e-01	3.369206501967514367e-01	-2.923523790294416358e+01
1.033268101761252441e+12	1.660765994652660504e+00	1.774568105506247814e-02	7.685902220981815525e+00	2.757828779798532803e+00	5.894284729639941850e-02	2.137291761118881306e-02	1.237837958045371778e+01	1.711706207150964332e+01	-1.048532379160077577e-01	2.833804627137165300e-01	3.021567277909115723e-01	-2.949074263357222492e+01	-1.048532379160087152e-01	2.833804627137163634e-01	3.021567277909116833e-01	-2.949074263357222137e+01
1.039530332681017578e+12	1.660648831092909949e+00	1.570889936185808355e-02	6.844978443058818307e+00	2.757507770691087323e+00	5.217393072605157334e-02	1.892068311850150439e-02	1.024338493982063625e+01	1.582904463392608463e+01	-3.703278070461230725e-02	3.429257620999228151e-01	3.449195633166213804e-01	-2.973755642721591030e+01	-3.703278070460833821e-02	3.429257620999229816e-01	3.449195633166211028e-01	-2.973755642721592451e+01
1.045792563600782715e+12	1.660613829305697564e+00	1.764469088533988927e-02	7.734794234787246481e+00	2.757326954964893329e+00	5.860203539603922596e-02	2.125320513424036606e-02	1.111275051958141979e+01	1.638325777821033569e+01	4.634719520550778515e-02	2.992337588685829441e-01	3.028017584989206590e-01	-2.999879542741178184e+01	4.634719520550827088e-02	2.992337588685825556e-01	3.028017584989203814e-01	-2.999879542741178540e+01
1.052054794520547974e+12	1.661200404424977295e+00	1.563331543307865806e-02	6.894116399767139747e+00	2.759342383110277908e+00	5.194013983986701249e-02	1.882337623550763700e-02	9.499015600090627842e+00	1.531576808650114963e+01	1.486255661558110730e-01	3.058696073552019112e-01	3.400673104236289213e-01	-3.029744364508032461e+01	1.486255661558121277e-01	3.058696073552014116e-01	3.400673104236288657e-01	-3.029744364508032817e+01
1.058317025440313110e+12	1.660467784689200865e+00	1.794938846577171995e-02	7.962594520244748786e+00	2.756831083444367447e+00	5.960876260457172171e-02	2.162220346489162129e-02	1.023741050584350099e+01	1.582507539778228534e+01	1.757279282552602073e-01	2.299946521455922821e-01	2.894440270319252884e-01	-3.049756425643505864e+01	1.757279282552597632e-01	2.299946521455928095e-01	2.894440270319253994e-01	-3.049756425643505509e+01
1.064579256360078247e+12	1.661561384519906648e+00	1.585852556455800630e-02	7.076686673904100111e+00	2.760534741694627314e+00	5.269982738698267277e-02	1.909044164198110682e-02	8.981763664682608450e+00	1.493483186866318668e+01	2.729684284047879106e-01	1.866933420403750765e-01	3.307055591730872490e-01	-3.081606231928497053e+01	2.729684284047884102e-01	1.866933420403747435e-01	3.307055591730874711e-01	-3.081606231928497053e+01
1.070841487279843384e+12	1.660372948576233743e+00	1.794577070114175207e-02	8.055202525346945919e+00	2.756516277677678151e+00	5.959334442705543217e-02	2.161907945534132305e-02	9.687952567700104822e+00	1.544976092971454840e+01	2.632992281804684143e-01	1.176313938160524902e-01	2.883810471781000917e-01	-3.099577079697376547e+01	2.632992281804691914e-01	1.176313938160504918e-01	2.883810471781000362e-01	-3.099577079697377258e+01
1.077103718199608643e+12	1.661766216633124404e+00	1.632869859813255997e-02	7.372219525707937038e+00	2.761200332345259412e+00	5.426895938392269081e-02	1.965411880775368506e-02	9.067039094781915054e+00	1.499912072946612440e+01	3.185574294597041667e-01	2.044719250160114549e-02	3.192129752143103016e-01	-3.135182763454851695e+01	3.185574294597042222e-01	2.044719250160051405e-02	3.192129752143103572e-01	-3.135182763454851695e+01
1.083365949119373779e+12	1.660392246239586589e+00	1.827371299191140122e-02	8.298338417664664846e+00	2.756568482786029062e+00	6.068306272355457331e-02	2.201398699234309239e-02	9.624481253056242025e+00	1.540504121464811149e+01	2.754133156747413658e-01	-2.763055607768418603e-02	2.767958491020354739e-01	-3.151591593636182154e+01	2.754133156747416433e-01	-2.763055607768167068e-02	2.767958491020355294e-01	-3.151591593636181443e+01
1.089628180039138916e+12	1.661512930373945762e+00	1.689842890323072985e-02	7.718160693406127315e+00	2.760339660900418934e+00	5.615391625144534188e-02	2.034311829332192262e-02	8.423064444596066735e+00	1.449789917563316166e+01	2.732093044053263697e-01	-1.234914990177002903e-01	2.998224046719673574e-01	-3.184044513364237261e+01	2.732093044053277020e-01	-1.234914990176977923e-01	2.998224046719675795e-01	-3.184044513364236195e+01
1.095890410958904053e+12	1.659925950428939867e+00	1.929024746674356042e-02	8.861231589126690622e+00	2.754982047260091438e+00	6.404076472048750301e-02	2.324543812696633696e-02	5.918190998531292379e+00	1.209668216230278048e+01	2.145875001728378972e-01	-1.371078876458177165e-01	2.546495004611748492e-01	-3.198448522866612009e+01	2.145875001728379805e-01	-1.371078876458176610e-01	2.546495004611749047e-01	-3.198448522866612009e+01
1.102152641878669189e+12	1.664718086057361601e+00	1.883467699092596093e-02	8.701399002456685849e+00	2.770931560989132958e+00	6.270885486368578399e-02	2.263096488796018796e-02	2.041707668245564378e+00	4.856186345321105158e+00	1.065423162201595969e-01	-2.396540106633766876e-01	2.622695368749454192e-01	-3.256839601756901459e+01	1.065423162201625806e-01	-2.396540106633750777e-01	2.622695368749451417e-01	-3.256839601756900748e+01
1.108414872798434326e+12	1.659713564225501869e+00	1.776438353622082633e-02	8.253566346808488774e+00	2.754333541951697217e+00	5.896757663033978802e-02	2.140901809174348275e-02	7.184386404599689691e+00	1.341572348460893060e+01	1.344654110412627779e-01	-2.459257568026963214e-01	2.802863261478780732e-01	-3.248636104876111830e+01	1.344654110412614179e-01	-2.459257568026970986e-01	2.802863261478781287e-01	-3.248636104876112540e+01
1.114677103718199707e+12	1.661705824953890742e+00	1.818726481384617608e-02	8.497782906360153987e+00	2.760935472084281805e+00	6.044376776229425791e-02	2.189249563180269836e-02	5.740286934751555492e+00	1.188903083794101256e+01	2.877954481690895780e-02	-2.668320824580840411e-01	2.683796237212993652e-01	-3.287928180995530880e+01	2.877954481690846861e-02	-2.668320824580840966e-01	2.683796237212993652e-01	-3.287928180995530880e+01
1.120939334637964844e+12	1.659569431306735288e+00	1.776722331720827566e-02	8.348161291580357357e+00	2.753855023103357169e+00	5.897188139287821290e-02	2.141430136958407879e-02	7.050479555847298130e+00	1.328772076481802955e+01	1.005906354670047442e-03	-2.736821294189392129e-01	2.736839779944733042e-01	-3.298304742422975977e+01	1.005906354670693193e-03	-2.736821294189392684e-01	2.736839779944733597e-01	-3.298304742422975977e+01
1.127201565557729980e+12	1.661028955463971446e+00	1.837412061147952747e-02	8.681550727434080628e+00	2.758679582581486933e+00	6.103989273370973717e-02	2.212648874451396061e-02	8.094872848017420353e+00	1.422751219195589378e+01	-8.899767650006693009e-02	-2.461229039691568143e-01	2.617194495650282393e-01	-3.333369283745250300e+01	-8.899767650006858155e-02	-2.461229039691562870e-01	2.617194495650282948e-01	-3.333369283745251010e+01
1.133463796477495117e+12	1.659523721139861463e+00	1.829961990123597781e-02	8.694385316977241374e+00	2.753684104937363042e+00	6.073730662788838497e-02	2.205674446062503430e-02	7.864006742203788924e+00	1.403065782355293578e+01	-1.255490162401445009e-01	-2.305004168098579997e-01	2.624747561735915613e-01	-3.348547261199065161e+01	-1.255490162401462495e-01	-2.305004168098570283e-01	2.624747561735915613e-01	-3.348547261199065872e+01
1.139726027397260254e+12	1.660884849695430487e+00	1.832441509873911079e-02	8.754266198676896593e+00	2.758202699759101595e+00	6.086948683405196681e-02	2.206853283095119855e-02	7.271062709563832271e+00	1.349731236686804969e+01	-1.961902200317674205e-01	-1.705679828632560013e-01	2.599693043690990968e-01	-3.384186909042708180e+01	-1.961902200317666711e-01	-1.705679828632563899e-01	2.599693043690988192e-01	-3.384186909042708180e+01
1.145988258317025391e+12	1.659439223974405575e+00	1.893747333309041617e-02	9.096856906233172779e+00	2.753379910168535893e+00	6.285117210379911890e-02	2.282691606475474241e-02	7.218612206481998861e+00	1.344805741579299330e+01	-2.082341751218325931e-01	-1.312096257331085702e-01	2.461248414396491890e-01	-3.399525648927295407e+01	-2.082341751218327874e-01	-1.312096257331081539e-01	2.461248414396491890e-01	-3.399525648927295407e+01
1.152250489236790527e+12	1.660629712718515005e+00	1.825733457261408468e-02	8.818067857752170724e+00	2.757357712497880975e+00	6.063734453265187674e-02	2.199110556378291309e-02	5.326215605166362721e+00	1.137967117871426836e+01	-2.489469611348903710e-01	-5.780785794952813389e-02	2.555706123540213426e-01	-3.432935329434403116e+01	-2.489469611348907874e-01	-5.780785794952671142e-02	2.555706123540213981e-01	-3.432935329434403826e+01
1.158512720156555664e+12	1.658616368797416252e+00	1.935229688536612910e-02	9.397719660896740379e+00	2.750633747447987609e+00	6.419607277579103544e-02	2.333864798806876972e-02	4.228221311938663796e+00	9.809037731703416085e+00	-2.338106755233420597e-01	-2.815060515895120505e-02	2.354992326091461252e-01	-3.443769680428523117e+01	-2.338106755233420875e-01	-2.815060515895112872e-02	2.354992326091461530e-01	-3.443769680428523117e+01
1.164774951076321045e+12	1.661149373920475458e+00	1.490877609367467771e-02	7.279024411595870880e+00	2.759194970871776231e+00	4.953140814785648299e-02	1.795139838639488519e-02	1.253141641780164850e+00	1.535215917598315993e+00	-3.078503486223263530e-01	1.013785587032089014e-01	3.241133278833621678e-01	-3.487564544009673995e+01	-3.078503486223265750e-01	1.013785587032080965e-01	3.241133278833621123e-01	-3.487564544009673284e+01
1.171037181996086182e+12	1.658809055408474453e+00	1.722210395638446717e-02	8.453684825582158169e+00	2.751350881440470797e+00	5.713636399207333572e-02	2.076665843585881466e-02	3.074944118961411288e+00	7.642186130543113798e+00	-2.495664153920194306e-01	1.082647535325387544e-01	2.720379615955893504e-01	-3.496682942803357719e+01	-2.495664153920203743e-01	1.082647535325368948e-01	2.720379615955894614e-01	-3.496682942803356298e+01
1.177299412915851318e+12	1.661822383450315632e+00	1.987979611433724272e-02	9.810429349881291117e+00	2.761258427842939955e+00	6.607338032246848347e-02	2.392872020098610331e-02	4.158223172075468987e+00	9.695464577564401054e+00	-1.408279990097375534e-01	1.707033493063259966e-01	2.212965403468481473e-01	-3.543852336375860546e+01	-1.408279990097387746e-01	1.707033493063248586e-01	2.212965403468480363e-01	-3.543852336375859835e+01
1.183561643835616455e+12	1.659052678710124074e+00	1.890871480101482746e-02	9.380847046616523244e+00	2.752098251239811777e+00	6.274110788317883991e-02	2.279755377734576233e-02	4.867690428860095508e+00	1.076721828770090816e+01	-1.404559597178596242e-01	1.890134332011463580e-01	2.354866334863811861e-01	-3.548924478871295918e+01	-1.404559597178575703e-01	1.890134332011478846e-01	2.354866334863811861e-01	-3.548924478871297339e+01
1.189823874755381592e+12	1.661322664720704223e+00	2.170829602293160993e-02	1.082673670687535861e+01	2.759521746198482006e+00	7.212896839072521771e-02	2.613821343864751456e-02	4.899355270080547164e+00	1.081133189730186928e+01	-4.189214374154325016e-02	1.865003373478686111e-01	1.911473974139614729e-01	-3.590736055727874998e+01	-4.189214374154145992e-02	1.865003373478689996e-01	1.911473974139614451e-01	-3.590736055727875708e+01
1.196086105675146729e+12	1.657815361900251139e+00	1.991263891146272114e-02	9.983444892146854599e+00	2.747955260964042523e+00	6.602295736679118787e-02	2.402621261877054687e-02	5.293714284116938451e+00	1.133802859198878998e+01	-4.807875353195416313e-02	2.115660276398085016e-01	2.169602511808893797e-01	-3.590485884641021386e+01	-4.807875353195190105e-02	2.115660276398089179e-01	2.169602511808892964e-01	-3.590485884641022096e+01
1.202348336594911865e+12	1.660026003537501627e+00	2.219772016422609170e-02	1.118736583706925813e+01	2.755193593640200334e+00	7.369758538372810086e-02	2.674860509034424072e-02	4.820305108072546751e+00	1.070066487389264154e+01	3.563624477338783736e-02	1.779550928625884543e-01	1.814881732160013028e-01	-3.632595543331712662e+01	3.563624477338993984e-02	1.779550928625879824e-01	1.814881732160012473e-01	-3.632595543331713372e+01
1.208610567514677002e+12	1.656349407005330621e+00	1.927773341448012559e-02	9.766332782429689274e+00	2.743121727081310635e+00	6.386132461896200374e-02	2.328052889104218967e-02	3.780560476535373748e+00	9.047673387459049366e+00	4.010842128307252896e-02	2.197542793112483295e-01	2.233844863311384432e-01	-3.630884331671700949e+01	4.010842128307173099e-02	2.197542793112485515e-01	2.233844863311385265e-01	-3.630884331671700949e+01
1.214872798434442139e+12	1.657908262294578217e+00	2.323731639066650700e-02	1.183330178366315977e+01	2.748119833311588156e+00	7.705067767527845612e-02	2.803759746620273011e-02	3.887904610483287282e+00	9.238155947589905992e+00	8.550018530181684173e-02	1.406180230620278360e-01	1.645712918358424037e-01	-3.667461960079502603e+01	8.550018530181593968e-02	1.406180230620283356e-01	1.645712918358423760e-01	-3.667461960079501893e+01
1.221135029354207520e+12	1.656924433675668551e+00	1.881549537908110484e-02	9.630936239256536524e+00	2.745044556045074913e+00	6.235170805062223431e-02	2.271427904997487882e-02	5.198723237516983176e+00	1.121483868553196572e+01	1.507017609796212909e-01	1.705938626792346535e-01	2.276253209688686718e-01	-3.685188045724945027e+01	1.507017609796211244e-01	1.705938626792348201e-01	2.276253209688686718e-01	-3.685188045724945027e+01
1.227397260273972656e+12	1.657569452241556940e+00	2.245293183106487900e-02	1.155173901482097953e+01	2.747032354856564496e+00	7.443458783287046354e-02	2.709636371820493134e-02	4.470338035249061370e+00	1.018786970687089699e+01	1.473611433404635462e-01	8.900273651952336773e-02	1.721534015771176707e-01	-3.715577323182782976e+01	1.473611433404631299e-01	8.900273651952401999e-02	1.721534015771176429e-01	-3.715577323182782976e+01
1.233659491193737793e+12	1.656804978397262484e+00	1.769736926477412028e-02	9.151518841760131195e+00	2.744689539563059721e+00	5.864217900482492779e-02	2.136568750655874066e-02	3.646997975543463166e+00	8.802968716022141038e+00	2.310917459049755818e-01	8.269394009031041937e-02	2.454418113383896316e-01	-3.735546949117625815e+01	2.310917459049758316e-01	8.269394009030972548e-02	2.454418113383896316e-01	-3.735546949117626525e+01
1.239921722113502930e+12	1.656117606527602204e+00	2.140970806919174560e-02	1.112741217126493254e+01	2.742267151051105856e+00	7.091398896800904517e-02	2.585962091287416845e-02	5.096179322338623585e+00	1.107930133341979229e+01	1.810049864874820891e-01	2.611199717093473996e-02	1.828787618330474096e-01	-3.755583908043645636e+01	1.810049864874823944e-01	2.611199717093278666e-02	1.828787618330474374e-01	-3.755583908043647057e+01
1.246183953033268066e+12	1.656907045750771301e+00	1.783533480605558469e-02	9.316495575363779480e+00	2.745022859090904710e+00	5.910298380695493126e-02	2.153096234197795708e-02	4.962002498363093927e+00	1.089777452643939881e+01	2.344062989784006235e-01	-3.992948067145916241e-02	2.377828345937607613e-01	-3.786783538222697132e+01	2.344062989784007067e-01	-3.992948067145938446e-02	2.377828345937608445e-01	-3.786783538222697842e+01
1.252446183953033203e+12	1.656071780356090262e+00	2.098427030632311896e-02	1.101646114086470085e+01	2.742133402091501360e+00	6.950291577133194121e-02	2.534629267792738727e-02	5.008618410567660106e+00	1.096139137131326180e+01	1.741991041950486097e-01	-6.459135710378953454e-02	1.857885123328852917e-01	-3.805418681512708190e+01	1.741991041950479713e-01	-6.459135710379099171e-02	1.857885123328851806e-01	-3.805418681512708901e+01
1.258708414872798340e+12	1.656831397387279692e+00	1.762093293931185981e-02	9.297007794828319405e+00	2.744779782090634335e+00	5.838982989021523212e-02	2.127304721172970300e-02	4.549195303347927322e+00	1.030683648613716485e+01	1.886360848293220649e-01	-1.487065940466618663e-01	2.402024637939708662e-01	-3.836669340151603791e+01	1.886360848293215930e-01	-1.487065940466621439e-01	2.402024637939706719e-01	-3.836669340151603791e+01
1.264970645792563477e+12	1.655685525234564803e+00	2.050866184510316895e-02	1.087444079299866573e+01	2.740873953260579921e+00	6.791178911773543270e-02	2.477742146330613737e-02	4.278347280086686411e+00	9.889218529144653047e+00	1.277724311862231121e-01	-1.410435598050606421e-01	1.903131102518211548e-01	-3.853383877775999622e+01	1.277724311862236117e-01	-1.410435598050601425e-01	1.903131102518211271e-01	-3.853383877775998911e+01
1.271232876712328857e+12	1.657141321286575320e+00	1.724210669446397948e-02	9.187653444585299312e+00	2.745820068472153430e+00	5.714521493885629105e-02	2.081171144278707100e-02	3.934345925527247267e+00	9.318941717625763843e+00	8.693541037864581378e-02	-2.267565798029048396e-01	2.428503902850780161e-01	-3.890380530404365800e+01	8.693541037864732646e-02	-2.267565798029043123e-01	2.428503902850780438e-01	-3.890380530404365089e+01
1.277495107632093994e+12	1.655615287030792526e+00	2.028460777566675269e-02	1.086213062724409006e+01	2.740650513337441030e+00	6.716701344963511844e-02	2.450769009867009504e-02	3.513041409091165690e+00	8.548369973816374312e+00	4.448684462356781305e-02	-1.844841181262439900e-01	1.897721507107389405e-01	-3.903328379196803866e+01	4.448684462356858327e-02	-1.844841181262437402e-01	1.897721507107388850e-01	-3.903328379196803866e+01
1.283757338551859131e+12	1.657736919744777326e+00	1.729951357413028745e-02	9.309063487546531235e+00	2.747792421915000727e+00	5.735608469092341039e-02	2.087351440140831904e-02	3.514808903744599089e+00	8.551792073010778594e+00	-4.286673708441830072e-02	-2.350293487717259322e-01	2.389065757410754887e-01	-3.945031403923838553e+01	-4.286673708441939012e-02	-2.350293487717257934e-01	2.389065757410755442e-01	-3.945031403923839264e+01
1.290019569471624268e+12	1.655814777079093858e+00	2.012733618301471017e-02	1.088357965768113900e+01	2.741317466331664843e+00	6.665428135014896116e-02	2.431468889276198683e-02	2.883975538991573107e+00	7.205971614525735092e+00	-5.314566799877224607e-02	-1.824372812126295040e-01	1.900205873143533397e-01	-3.955337285444980466e+01	-5.314566799877225994e-02	-1.824372812126294763e-01	1.900205873143533120e-01	-3.955337285444980466e+01
1.296281800391389404e+12	1.658574592222417099e+00	1.721503942297912190e-02	9.353983647075718721e+00	2.750573320383422171e+00	5.710485398212086089e-02	2.076107317661345097e-02	2.908110074664124411e+00	7.262669056810682200e+00	-1.642164314610947418e-01	-1.719890135894786287e-01	2.377966718801974300e-01	-4.003219190143570216e+01	-1.642164314610948250e-01	-1.719890135894786010e-01	2.377966718801974855e-01	-4.003219190143570216e+01
1.302544031311154541e+12	1.656217879861673126e+00	2.034193151992862506e-02	1.110641154741388981e+01	2.742643871395534116e+00	6.738134138845505716e-02	2.456802434002105379e-02	2.713195913212510746e+00	6.790674176464262857e+00	-1.347360124774774626e-01	-1.243492730658816298e-01	1.833481245345698896e-01	-4.009537491604601200e+01	-1.347360124774780177e-01	-1.243492730658810747e-01	1.833481245345699451e-01	-4.009537491604601200e+01
1.308806262230919678e+12	1.658987523310512247e+00	1.809718107756776162e-02	9.928312931708141775e+00	2.751912094536993258e+00	6.004599522955201413e-02	2.181973593878720752e-02	2.883086967019748759e+00	7.203875114200769758e+00	-2.094939272653659479e-01	-5.851393620596485878e-02	2.175122669905818207e-01	-4.056833491522021973e+01	-2.094939272653659479e-01	-5.851393620596526818e-02	2.175122669905819872e-01	-4.056833491522021262e+01
1.315068493150684814e+12	1.655976965650925115e+00	2.049863575438539559e-02	1.129958497384224891e+01	2.741839516698654222e+00	6.789053727306137986e-02	2.476094492751560600e-02	3.000603889745862674e+00	7.475685035837841497e+00	-1.721834014462188533e-01	-4.631936437458126360e-02	1.783048155537449164e-01	-4.057791395902022202e+01	-1.721834014462184925e-01	-4.631936437458243627e-02	1.783048155537448609e-01	-4.057791395902021492e+01
1.321330724070450195e+12	1.659171536051303075e+00	1.875982128214939010e-02	1.039033120049479031e+01	2.752498255148302597e+00	6.225152298550346019e-02	2.261637146147778277e-02	3.006491782907396271e+00	7.489021861990132756e+00	-1.978941085381595577e-01	5.112236377855303854e-02	2.043907392041517945e-01	-4.109350945779605979e+01	-1.978941085381590581e-01	5.112236377855527980e-02	2.043907392041518500e-01	-4.109350945779607400e+01
1.327592954990215332e+12	1.654864029691722305e+00	2.150203696318753535e-02	1.196557861046975013e+01	2.738112619173959317e+00	7.116589507096177103e-02	2.599085756101269379e-02	2.880758659420168399e+00	7.198378629572954601e+00	-1.600714607868804207e-01	2.507354290322753865e-02	1.620233165694549005e-01	-4.099608161212535862e+01	-1.600714607868805039e-01	2.507354290322735477e-02	1.620233165694549282e-01	-4.099608161212535862e+01
1.333855185909980469e+12	1.658794260402022935e+00	1.936358163840601679e-02	1.082638665793347066e+01	2.751223450048827068e+00	6.424039616522779494e-02	2.334975596550970672e-02	3.028520828668209486e+00	7.538689832077200670e+00	-1.419188952951007388e-01	1.274756266335322630e-01	1.907642739807259569e-01	-4.157254012434514578e+01	-1.419188952950986848e-01	1.274756266335347332e-01	1.907642739807260956e-01	-4.157254012434516000e+01
1.340117416829745605e+12	1.654598221161234228e+00	2.113110873737224574e-02	1.187009780713686524e+01	2.737248749713449669e+00	6.992698985604146877e-02	2.554645056038908069e-02	3.294825291163714809e+00	8.112073641120852940e+00	-1.315659223804933886e-01	9.752331584172434231e-02	1.637693166151545643e-01	-4.147858241775271182e+01	-1.315659223804926392e-01	9.752331584172543866e-02	1.637693166151545920e-01	-4.147858241775271892e+01
1.346379647749510742e+12	1.658693578879699260e+00	1.953775630369099237e-02	1.102634019215919636e+01	2.750882664695362578e+00	6.481430185329722926e-02	2.356127459928388998e-02	3.198831200960698506e+00	7.910912633166516272e+00	-6.243344841371831211e-02	1.749665648191621181e-01	1.857719954283919561e-01	-4.206875372213324482e+01	-6.243344841371842313e-02	1.749665648191621736e-01	1.857719954283920671e-01	-4.206875372213324482e+01
1.352641878669275879e+12	1.654006479512039940e+00	2.117600853998369975e-02	1.200649083992112942e+01	2.735289010930126885e+00	7.005051067067066817e-02	2.560991192914206793e-02	3.291463089081040572e+00	8.105127556222635477e+00	-7.413555113031308763e-02	1.429667519535132159e-01	1.610452486276221784e-01	-4.193312279935820186e+01	-7.413555113031299049e-02	1.429667519535132436e-01	1.610452486276221507e-01	-4.193312279935820186e+01
1.358904109589041016e+12	1.658515266936974042e+00	1.972489343771973574e-02	1.123550607183904582e+01	2.750283819241893024e+00	6.542807381032622605e-02	2.378957158987368356e-02	3.085610414204184693e+00	7.665744824334232099e+00	2.781024909006169638e-02	1.779562789755879670e-01	1.801162046604596056e-01	-4.256652269132778343e+01	2.781024909006224108e-02	1.779562789755877450e-01	1.801162046604594391e-01	-4.256652269132778343e+01
1.365166340508806152e+12	1.653198475243422116e+00	2.082369809890138174e-02	1.191605753966610948e+01	2.732631572144661902e+00	6.885141189206622769e-02	2.519600980750921412e-02	3.128520267651170528e+00	7.759704288382291537e+00	-6.292363883365216515e-03	1.628456371722474538e-01	1.629671604627016268e-01	-4.237287998484000440e+01	-6.292363883363683019e-03	1.628456371722475093e-01	1.629671604627015991e-01	-4.237287998484001150e+01
1.371428571428571533e+12	1.659281732400908593e+00	1.933459385086823759e-02	1.111469136652794276e+01	2.752842040959982306e+00	6.416307676027320495e-02	2.330793986926252975e-02	2.647489814085886906e+00	6.623886458585932502e+00	1.211765186834945496e-01	1.370360268935526538e-01	1.829279129794624537e-01	-4.313555568508863303e+01	1.211765186834931340e-01	1.370360268935537917e-01	1.829279129794623704e-01	-4.313555568508861882e+01
1.377690802348336670e+12	1.652235703662622290e+00	2.082659082617122071e-02	1.202704967589349749e+01	2.729449073572079776e+00	6.882087389714504344e-02	2.521419965791042023e-02	2.536864361340770646e+00	6.333495356629979867e+00	5.949856721847273516e-02	1.487627517140936440e-01	1.602199606746930738e-01	-4.279196933905001998e+01	5.949856721847281149e-02	1.487627517140934497e-01	1.602199606746929350e-01	-4.279196933905001998e+01
1.383953033268101807e+12	1.659872517065437147e+00	1.948229927947380674e-02	1.130188082522905368e+01	2.754797212923935312e+00	6.467626628648467935e-02	2.347768684499191780e-02	2.144375116579050999e+00	5.189973051642168045e+00	1.713851684976803458e-01	5.023036508237579273e-02	1.785944163664895667e-01	-4.369719671036480690e+01	1.713851684976802625e-01	5.023036508237600090e-02	1.785944163664895667e-01	-4.369719671036479980e+01
1.390215264187866943e+12	1.651337847865335107e+00	1.945199216612062895e-02	1.133535953727920109e+01	2.726538307793286098e+00	6.424362176058999452e-02	2.356233968067198564e-02	1.996016757196739544e+00	4.702204804865659504e+00	1.287522340683346644e-01	1.228410345238562240e-01	1.779524024577315844e-01	-4.322038972745682628e+01	1.287522340683343314e-01	1.228410345238565432e-01	1.779524024577315566e-01	-4.322038972745682628e+01
1.396477495107632080e+12	1.660857585863683150e+00	1.926231917791692769e-02	1.127539271958393563e+01	2.758076883580829808e+00	6.398393785594166938e-02	2.319875063557724076e-02	1.747265426513183950e+00	3.796659198970629312e+00	1.700838695890051488e-01	-5.414049008646210775e-02	1.784929000301468949e-01	-4.429047216271300158e+01	1.700838695890051211e-01	-5.414049008646234368e-02	1.784929000301469504e-01	-4.429047216271300869e+01
1.402739726027397217e+12	1.651112379279801035e+00	1.779776788289189754e-02	1.046482080451275642e+01	2.725855328469392269e+00	5.877222974998253663e-02	2.156102311672718208e-02	1.368130283943695957e+00	2.132496863398100295e+00	1.936011984104945849e-01	5.519686419036685943e-02	2.013159651950870155e-01	-4.370455995455071729e+01	1.936011984104943351e-01	5.519686419036751862e-02	2.013159651950869877e-01	-4.370455995455071729e+01
1.409001956947162354e+12	1.665118775390790340e+00	1.918526919244857923e-02	1.133101083009524501e+01	2.772252461604938212e+00	6.389150388654527002e-02	2.304678407591947975e-02	1.210640883345986740e+00	1.300471987267009188e+00	6.634487017648493801e-02	-1.648683797718333843e-01	1.777166971539931584e-01	-4.517051027363662996e+01	6.634487017648237062e-02	-1.648683797718344668e-01	1.777166971539931861e-01	-4.517051027363664417e+01
1.415264187866927490e+12	1.653691352956143890e+00	-3.789878248069084368e-03	-2.248287969896444416e+00	2.734680727664786648e+00	-1.253457777517684966e-02	-4.583561674448352954e-03	9.284804908778442056e-02	-1.617029630808783125e+01	1.339091807704818171e+00	-5.278953645966228958e-01	1.439388893046197992e+00	-4.435780994931981525e+01	1.339091809044135939e+00	-5.278953639532790731e-01	1.439388894056245372e+00	-4.435780994856275328e+01
1.421526418786692627e+12	1.651092261913557291e+00	2.893548286350352411e-02	1.724149142771218024e+01	2.725268395182282699e+00	9.555030370132601425e-02	3.506087835981197554e-02	1.206815198476631990e+00	1.278938818617425976e+00	6.643533019417394159e-02	-3.386241237395348075e-02	7.456752691213916484e-02	-4.445367849092724555e+01	6.643533019417392771e-02	-3.386241237395366116e-02	7.456752691213922035e-02	-4.445367849092724555e+01
1.427788649706458008e+12	1.657353446389465468e+00	1.544235896864879463e-02	9.242016296995613445e+00	2.746581979808522256e+00	5.118689371414670425e-02	1.863657960710686512e-02	1.340143155375407735e+00	1.991879719878599797e+00	6.956208191286075704e-02	-2.302211393608234180e-01	2.405008445902991621e-01	-4.525966233104063008e+01	6.956208191286415710e-02	-2.302211393608223078e-01	2.405008445902990788e-01	-4.525966233104061587e+01
1.434050880626223145e+12	1.654789807280683922e+00	2.846001198884203637e-02	1.710758869591351328e+01	2.737519333997637805e+00	9.419067550844373304e-02	3.440730969044728665e-02	1.759359496068230833e+00	3.843588258159833515e+00	2.029224908774295011e-02	-7.318992718355947502e-02	7.595091055526420609e-02	-4.528263232833452889e+01	2.029224908774299868e-02	-7.318992718355940563e-02	7.595091055526415058e-02	-4.528263232833452179e+01
1.440313111545988281e+12	1.655880068068378508e+00	1.718846532553707993e-02	1.037727146098307784e+01	2.741643356485890859e+00	5.692407426648260493e-02	2.076275680854609840e-02	1.720281432250319487e+00	3.690770492511898482e+00	-1.590341656213160870e-02	-2.037783300637450445e-01	2.043979610023478055e-01	-4.563097833637417722e+01	-1.590341656213433222e-02	-2.037783300637448780e-01	2.043979610023478610e-01	-4.563097833637419143e+01
1.446575342465753418e+12	1.653385539939522308e+00	2.639669211952707512e-02	1.600588625153022448e+01	2.732986958326252491e+00	8.728781810532321161e-02	3.193861494267077883e-02	1.781653975922782296e+00	3.929258991200289763e+00	-9.796640528846479318e-03	-8.885788150036502686e-02	8.939629338168529615e-02	-4.566290066532101122e+01	-9.796640528845660528e-03	-8.885788150036504074e-02	8.939629338168522676e-02	-4.566290066532099701e+01
1.452837573385518555e+12	1.655719121935448568e+00	1.772108770885560264e-02	1.079186736882523867e+01	2.741091773793107755e+00	5.868228756209493968e-02	2.140836294615948432e-02	1.929244328828713551e+00	4.470717330191619432e+00	-1.045929506923253399e-01	-1.615113403273730486e-01	1.924203689552426710e-01	-4.612777185386360657e+01	-1.045929506923263530e-01	-1.615113403273724657e-01	1.924203689552427265e-01	-4.612777185386360657e+01
1.459099804305283691e+12	1.653444510898780972e+00	2.675938891702865641e-02	1.636629412842968634e+01	2.733162685726095997e+00	8.849032943973340892e-02	3.237653210395155523e-02	1.779811812382103176e+00	3.922220875150812081e+00	-4.922508485153094526e-02	-6.895719577598712069e-02	8.472428121812683455e-02	-4.617305430020907409e+01	-4.922508485153016117e-02	-6.895719577598771743e-02	8.472428121812686230e-02	-4.617305430020905987e+01
1.465362035225048828e+12	1.655562847925998726e+00	1.842769561709600712e-02	1.131892355416769469e+01	2.740548763467087312e+00	6.101641647310582228e-02	2.226430607128242894e-02	1.927232755550392751e+00	4.463619883797059984e+00	-1.551541915319328835e-01	-8.633483464586684530e-02	1.775571086249629338e-01	-4.661611158835516733e+01	-1.551541915319316622e-01	-8.633483464586921841e-02	1.775571086249629893e-01	-4.661611158835515312e+01
1.471624266144813965e+12	1.653071509563752484e+00	2.727039506646955491e-02	1.682199622447372533e+01	2.731901741284302076e+00	9.015982627785747161e-02	3.300258750721839218e-02	1.728439275129413977e+00	3.722957092358245124e+00	-7.024481392640613553e-02	-3.669219325415527810e-02	7.925055791195226296e-02	-4.664252455295739708e+01	-7.024481392640688493e-02	-3.669219325415367522e-02	7.925055791195217969e-02	-4.664252455295741839e+01
1.477886497064579346e+12	1.655451837813536331e+00	1.811129317914154241e-02	1.121966017571100416e+01	2.740192768379594135e+00	5.996474715717926146e-02	2.188340464552034417e-02	1.737523372696553325e+00	3.758619929094936474e+00	-1.809051876224004318e-01	-1.997740779633565191e-03	1.809162178383090791e-01	-4.711284722621432763e+01	-1.809051876224004596e-01	-1.997740779632234225e-03	1.809162178383091069e-01	-4.711284722621433474e+01
1.484148727984344482e+12	1.652204700864509546e+00	2.778164761374568581e-02	1.728321703468797210e+01	2.729008553614649113e+00	9.180193757038380975e-02	3.363930004865302997e-02	1.534050715413414867e+00	2.911261443643100133e+00	-7.397780124752000031e-02	-4.155407610408046008e-03	7.409441605024097433e-02	-4.706777776159198368e+01	-7.397780124751991704e-02	-4.155407610408975820e-03	7.409441605024096045e-02	-4.706777776159196947e+01
1.490410958904109619e+12	1.655050332725274576e+00	1.670470803941732571e-02	1.043600037152742921e+01	2.738912556583360303e+00	5.529426519743242674e-02	2.018840107345702337e-02	1.426806223279712738e+00	2.418195980524539213e+00	-1.811096751237478708e-01	8.976719576497969866e-02	2.021357560129768138e-01	-4.758405218252514857e+01	-1.811096751237471769e-01	8.976719576498103093e-02	2.021357560129767583e-01	-4.758405218252515567e+01
1.496673189823874756e+12	1.649792374535564043e+00	2.854181369497141643e-02	1.790596400828954771e+01	2.721000243946696262e+00	9.417613317875714318e-02	3.461085069296378908e-02	1.293976410741715544e+00	1.753375964840482082e+00	-6.590132112794455654e-02	1.504923653283050944e-02	6.759780800166195758e-02	-4.734840018841789799e+01	-6.590132112794455654e-02	1.504923653283073322e-02	6.759780800166199921e-02	-4.734840018841789799e+01
1.502935420743639893e+12	1.654701972506573915e+00	1.600426332745903332e-02	1.008242893146442754e+01	2.737782481372491805e+00	5.296457219292217272e-02	1.934579264542967900e-02	1.214143324434708848e+00	1.320126171615911836e+00	-1.278928307419756882e-01	1.709445157644353397e-01	2.134914603096173535e-01	-4.805236748096674404e+01	-1.278928307419771315e-01	1.709445157644342017e-01	2.134914603096172980e-01	-4.805236748096673693e+01
