freq_roi_Hz	n_opt	k_opt	alpha_cm	eps_r	eps_i	loss_tan	DR	alpha_max	H_meas_real	H_meas_imag	H_meas_mag	H_meas_phase	H_model_real	H_model_imag	H_model_mag	H_model_phase
3.005870841487279663e+11	1.668954726107499065e+00	7.103987833087603218e-03	8.950796546093269246e-01	2.785359411153424780e+00	2.371246813648345345e-02	8.513252559627145638e-03	7.655570711280181229e+01	2.961408112351612942e+01	8.059500049378187647e-01	2.202796862977832726e-01	8.355109518460663853e-01	2.668006923713479583e-01	8.059500049378189868e-01	2.202796862977824399e-01	8.355109518460664964e-01	2.668006923713469036e-01
3.068493150684931641e+11	1.669755114379300576e+00	8.052241632568950258e-03	1.035693183896565728e+00	2.788017303400522007e+00	2.689054329639986585e-02	9.645041751929477047e-03	7.884747011304553155e+01	2.981544341119091968e+01	8.427279087036063654e-01	-4.768164389870031827e-02	8.440757473549611589e-01	-5.651985614800222879e-02	8.427279087036062544e-01	-4.768164389870101910e-02	8.440757473549612699e-01	-5.651985614800306840e-02
3.131115459882583008e+11	1.669182252572031233e+00	7.228235236425266906e-03	9.486816962979338630e-01	2.786117144916807398e+00	2.413048394811371025e-02	8.660972490743649999e-03	7.184352025003005338e+01	2.918039679179864621e+01	7.741339738116838065e-01	-2.783290235511292066e-01	8.226484393472059953e-01	-3.451447448495469916e-01	7.741339738116849167e-01	-2.783290235511267641e-01	8.226484393472063283e-01	-3.451447448495437720e-01
3.193737769080234985e+11	1.669865293507522663e+00	8.056972081615921405e-03	1.078599647802337413e+00	2.788385183661840738e+00	2.690811609969897406e-02	9.650071395215904790e-03	7.753072438666623611e+01	2.970047650950732532e+01	6.392722953684720766e-01	-4.263457509422030611e-01	7.684007853797041321e-01	-5.881804272591317773e-01	6.392722953684708553e-01	-4.263457509422051150e-01	7.684007853797042431e-01	-5.881804272591348859e-01
3.256360078277886353e+11	1.669538862778924493e+00	7.474876445818624295e-03	1.020294631215327152e+00	2.787304140551264187e+00	2.495919344152999070e-02	8.954599922702959763e-03	7.403954168761724475e+01	2.938593915842264437e+01	5.514893506514308985e-01	-5.534389347797531444e-01	7.813034995519249071e-01	-7.871626056068139476e-01	5.514893506514323418e-01	-5.534389347797517011e-01	7.813034995519249071e-01	-7.871626056068113941e-01
3.318982387475538330e+11	1.669558846487203096e+00	8.540741947673931647e-03	1.188200440516302248e+00	2.787353797610663264e+00	2.851854254860671650e-02	1.023140391185825906e-02	7.551960872368788102e+01	2.952105908952171731e+01	4.086873598378236716e-01	-6.932219401703569872e-01	8.047248078845120611e-01	-1.038097835706444316e+00	4.086873598378251149e-01	-6.932219401703559880e-01	8.047248078845119501e-01	-1.038097835706442096e+00
3.381604696673189697e+11	1.669635960625372340e+00	7.931250352555664282e-03	1.124226084997060893e+00	2.787621336281254969e+00	2.648460160269919955e-02	9.500788811593116959e-03	6.983212778548957544e+01	2.898654597624415530e+01	1.839228818841004420e-01	-8.106576428521459210e-01	8.312601520553900558e-01	-1.347692167892807102e+00	1.839228818841015523e-01	-8.106576428521455879e-01	8.312601520553899448e-01	-1.347692167892805548e+00
3.444227005870841675e+11	1.669178355196345942e+00	8.286502015947456307e-03	1.196333238322828008e+00	2.786087715340318738e+00	2.766329961062076112e-02	9.929084234608065093e-03	7.649307951540878037e+01	2.960849420001722621e+01	-4.559884063858778147e-02	-7.867600086475378118e-01	7.880803039504648000e-01	-1.628689312914765264e+00	-4.559884063858711534e-02	-7.867600086475379229e-01	7.880803039504649110e-01	-1.628689312914764376e+00
3.506849315068493042e+11	1.669856026532430260e+00	8.064457530653625777e-03	1.185445044277384952e+00	2.788354113871412743e+00	2.693296601655359446e-02	9.659090960709888762e-03	7.247436011598516359e+01	2.924007813590359106e+01	-2.226533157835838550e-01	-7.222468277977573958e-01	7.557876548961008911e-01	-1.869830850675959333e+00	-2.226533157835854926e-01	-7.222468277977571738e-01	7.557876548961011132e-01	-1.869830850675961553e+00
3.569471624266145020e+11	1.669616089215735011e+00	8.490346518408761409e-03	1.270335721530304607e+00	2.787545799384042677e+00	2.835123830030413655e-02	1.017068071368328400e-02	7.312140104567453136e+01	2.930075494331462238e+01	-3.657798276321065356e-01	-6.642477820133688704e-01	7.583007307211655501e-01	-2.074152056567475366e+00	-3.657798276321039266e-01	-6.642477820133699806e-01	7.583007307211652170e-01	-2.074152056567471369e+00
3.632093933463796387e+11	1.669781088809229486e+00	8.880243990732516329e-03	1.351982690414964994e+00	2.788090025811600814e+00	2.965612695947391492e-02	1.063671785520668191e-02	7.385682895504099577e+01	2.936907175013764970e+01	-5.463363423266798247e-01	-5.693599520421901428e-01	7.890843769435433863e-01	-2.335561328212092835e+00	-5.463363423266794916e-01	-5.693599520421908089e-01	7.890843769435437194e-01	-2.335561328212091947e+00
3.694716242661448364e+11	1.669140510861683691e+00	8.611443387027685817e-03	1.333663304287087792e+00	2.785955888042394690e+00	2.874741802855971737e-02	1.031869102879429990e-02	7.644141169130480762e+01	2.960388153850106718e+01	-6.991563460045621126e-01	-3.944331618949945550e-01	8.027434928798450331e-01	-2.627946206054788458e+00	-6.991563460045633338e-01	-3.944331618949920570e-01	8.027434928798449221e-01	-2.627946206054792011e+00
3.757338551859099731e+11	1.669803612639139567e+00	9.103664403996167276e-03	1.433790601466045089e+00	2.788161228077141285e+00	3.040266342009427872e-02	1.090419847817104652e-02	6.888924965150421542e+01	2.889374432580727969e+01	-7.383461211605438779e-01	-1.615381481431414634e-01	7.558105370649023103e-01	-2.926202726025548095e+00	-7.383461211605439889e-01	-1.615381481431396316e-01	7.558105370649019772e-01	-2.926202726025550316e+00
3.819960861056751709e+11	1.669432040045139676e+00	8.682527535316217349e-03	1.390254289013109767e+00	2.786927950044875146e+00	2.898977931206210210e-02	1.040205553631026215e-02	7.304759563649395204e+01	2.929386096673682971e+01	-7.343806199501997645e-01	4.870375131861928199e-04	7.343807814505898257e-01	-3.142255848435287380e+00	-7.343806199501997645e-01	4.870375131881126167e-04	7.343807814505898257e-01	-3.142255848435290044e+00
3.882583170254403076e+11	1.669370589800083460e+00	9.518704366373002476e-03	1.549129653886422986e+00	2.786707560356664448e+00	3.178049024444945525e-02	1.140431478945065288e-02	7.414952521106654615e+01	2.939607239974061415e+01	-7.158206260665008758e-01	1.554037461587842173e-01	7.324953877140941705e-01	-3.355373945098996558e+00	-7.158206260665013199e-01	1.554037461587840507e-01	7.324953877140946146e-01	-3.355373945098996114e+00
3.945205479452055054e+11	1.669574261086290479e+00	8.933311754432494978e-03	1.477308780104137131e+00	2.787398409222930695e+00	2.982965474292021205e-02	1.070161145397083985e-02	6.963789532558378426e+01	2.896753177620524866e+01	-6.888407681919977987e-01	3.598412204533165681e-01	7.771662034987586454e-01	-3.622988769222870609e+00	-6.888407681919976877e-01	3.598412204533168457e-01	7.771662034987586454e-01	-3.622988769222871053e+00
4.007827788649706421e+11	1.669071710929781460e+00	9.817237182337556003e-03	1.649253813087375953e+00	2.785703998080173882e+00	3.277134572105522281e-02	1.176411626778734593e-02	7.234659622830459114e+01	2.922803294575773236e+01	-5.446794062472664066e-01	5.328565889834375735e-01	7.619788711066330933e-01	-3.916019171572227897e+00	-5.446794062472642972e-01	5.328565889834395719e-01	7.619788711066328712e-01	-3.916019171572231894e+00
4.070450097847357788e+11	1.669600630918931072e+00	8.981745242766800766e-03	1.532471224869717208e+00	2.787485595017286766e+00	2.999185504815311820e-02	1.075946548450849340e-02	6.966500071136100303e+01	2.897018841367185971e+01	-3.591591095543451018e-01	6.486075709548034807e-01	7.414088258685355148e-01	-4.206679902900131829e+00	-3.591591095543447132e-01	6.486075709548033696e-01	7.414088258685354038e-01	-4.206679902900132717e+00
4.133072407045009766e+11	1.668727989776434883e+00	9.839884556767593965e-03	1.704716552368994664e+00	2.784556280535210870e+00	3.284018155209394302e-02	1.179368568761046329e-02	7.128235924141237945e+01	2.912686541856776046e+01	-2.116283634449180884e-01	6.708878337181305440e-01	7.034749815347951518e-01	-4.406823172382933862e+00	-2.116283634449168116e-01	6.708878337181312101e-01	7.034749815347953739e-01	-4.406823172382935638e+00
4.195694716242661133e+11	1.669777334518280698e+00	9.609180709549041202e-03	1.689971585997083858e+00	2.788064010517065761e+00	3.209038430419056120e-02	1.150991662427405283e-02	7.322016126597470986e+01	2.930996900826008655e+01	-4.393836971154056054e-02	7.205645183054747438e-01	7.219029057800701032e-01	-4.651486685895259932e+00	-4.393836971154083115e-02	7.205645183054746328e-01	7.219029057800699922e-01	-4.651486685895259043e+00
4.258317025440313110e+11	1.668505119523165714e+00	9.815768745413875479e-03	1.752070067094683381e+00	2.783812984558950099e+00	3.275532080755706732e-02	1.176635104054829864e-02	6.929433177463066329e+01	2.893376871540969830e+01	1.296273452300107376e-01	7.351745781512367683e-01	7.465151766650356402e-01	-4.886916934247667932e+00	1.296273452300108486e-01	7.351745781512367683e-01	7.465151766650356402e-01	-4.886916934247667932e+00
4.320939334637964478e+11	1.669628719180914489e+00	9.865154838728172962e-03	1.786780631555554555e+00	2.787562738633708737e+00	3.294229167581424339e-02	1.181759650437877625e-02	6.859570027366898159e+01	2.886459265140511121e+01	3.622807467351231159e-01	6.488261697461311650e-01	7.431169073587235996e-01	-5.221630497618613198e+00	3.622807467351249477e-01	6.488261697461303878e-01	7.431169073587237106e-01	-5.221630497618615863e+00
4.383561643835616455e+11	1.668289688600911314e+00	9.647042140617746384e-03	1.772598816172870073e+00	2.783097419670062855e+00	3.218812185738209597e-02	1.156557497049384882e-02	6.596325802369787539e+01	2.859745291601662842e+01	4.834154121506609725e-01	5.264600821609566328e-01	7.147381889991010206e-01	-5.455189188865293914e+00	4.834154121506608615e-01	5.264600821609567438e-01	7.147381889991010206e-01	-5.455189188865293914e+00
4.446183953033267822e+11	1.670024709256308082e+00	1.034269557854756647e-02	1.927570761608894179e+00	2.788875558174785496e+00	3.454511435298080607e-02	1.238675359742092211e-02	6.645857309989261807e+01	2.864852232404116350e+01	5.770791579605200061e-01	3.639220096633424273e-01	6.822459847223937279e-01	-5.720549452951453340e+00	5.770791579605205612e-01	3.639220096633414836e-01	6.822459847223936169e-01	-5.720549452951455116e+00
4.508806262230919800e+11	1.668386759718539780e+00	9.852871880515194636e-03	1.862145326033401771e+00	2.783417300919834414e+00	3.287680198130932263e-02	1.181166832959058832e-02	6.651236152436325710e+01	2.865404524675743048e+01	6.552986205871148551e-01	2.628267688755768772e-01	7.060412116731935583e-01	-5.901748770734107197e+00	6.552986205871161873e-01	2.628267688755751563e-01	7.060412116731942245e-01	-5.901748770734110749e+00
4.571428571428571167e+11	1.669411959638799958e+00	1.072057083116905764e-02	2.054277029393011933e+00	2.786821360346111831e+00	3.579409831941698927e-02	1.284405912367899555e-02	6.436131843871386593e+01	2.842961946471673684e+01	7.128686704529633156e-01	5.590669317255378412e-02	7.150575498901230453e-01	-6.204920545293210132e+00	7.128686704529632046e-01	5.590669317255591436e-02	7.150575498901230453e-01	-6.204920545293207468e+00
4.634050880626223145e+11	1.668442292902944546e+00	9.652923148482797991e-03	1.875032533760259357e+00	2.783606505821924149e+00	3.221069046214110332e-02	1.157156745925557936e-02	6.355660113490932162e+01	2.834372710742842827e+01	7.182198884772941216e-01	-1.406632478362304373e-01	7.318647125638545470e-01	-6.476587159150119177e+00	7.182198884772935665e-01	-1.406632478362345728e-01	7.318647125638548800e-01	-6.476587159150124506e+00
4.696673189823874512e+11	1.669570881043455524e+00	1.112393927625253236e-02	2.189969730563757100e+00	2.787343184803198426e+00	3.714441019625367574e-02	1.332609862996697071e-02	6.460365919036999571e+01	2.845527564595782977e+01	5.912599181404030180e-01	-3.129210450066912674e-01	6.689602912038021820e-01	-6.769953863182968767e+00	5.912599181404036841e-01	-3.129210450066909899e-01	6.689602912038026261e-01	-6.769953863182967879e+00
4.759295499021526489e+11	1.668664244795370344e+00	9.810586680359894771e-03	1.957162161710578330e+00	2.784344114247490953e+00	3.274115042796452851e-02	1.175901723512838733e-02	6.260964874973024052e+01	2.824124927201416924e+01	5.269585114736535791e-01	-4.295819778369798780e-01	6.798720089081915496e-01	-6.967132222780176853e+00	5.269585114736530240e-01	-4.295819778369804331e-01	6.798720089081914386e-01	-6.967132222780177742e+00
4.821917808219177856e+11	1.668966075388603088e+00	1.168859546385186444e-02	2.362497146579553231e+00	2.785311137534118853e+00	3.901573859621974838e-02	1.400767694152869891e-02	6.507870381712274366e+01	2.850528972516229231e+01	3.980729515977633470e-01	-5.270570799194174150e-01	6.604931795915369719e-01	-7.207113166367313362e+00	3.980729515977621813e-01	-5.270570799194180811e-01	6.604931795915368609e-01	-7.207113166367316026e+00
4.884540117416829834e+11	1.668534396375256135e+00	1.024856310472294779e-02	2.098339816560367499e+00	2.783901998841628700e+00	3.420016010730524830e-02	1.228497271870051741e-02	6.722430283260740680e+01	2.872672854861939840e+01	2.674184959008171214e-01	-6.589699861685223148e-01	7.111639013763266792e-01	-7.468474235137843920e+00	2.674184959008156781e-01	-6.589699861685227589e-01	7.111639013763265682e-01	-7.468474235137845696e+00
4.947162426614481201e+11	1.668714075042985412e+00	1.159110411729273593e-02	2.403643956087957001e+00	2.784472310551908247e+00	3.868447717163017718e-02	1.389292938020366026e-02	6.269145036959719164e+01	2.825016268286610099e+01	5.678656589425477852e-02	-6.698717802906387631e-01	6.722744351050488065e-01	-7.769411538798667749e+00	5.678656589425705448e-02	-6.698717802906386520e-01	6.722744351050488065e-01	-7.769411538798664196e+00
5.009784735812133179e+11	1.668650432834920316e+00	1.027418846823103561e-02	2.157524590789925423e+00	2.784288708051486427e+00	3.428805806908252762e-02	1.231483573162861847e-02	6.543118855735777117e+01	2.854216495916882934e+01	-1.160509283972641081e-01	-6.605934803359829743e-01	6.707097466447566880e-01	-8.027883883923905728e+00	-1.160509283972647465e-01	-6.605934803359827523e-01	6.707097466447565770e-01	-8.027883883923905728e+00
5.072407045009784546e+11	1.668454587866071259e+00	1.188483661199232246e-02	2.526948981787815907e+00	2.783599462430048188e+00	3.965862034263448882e-02	1.424724385742372548e-02	6.728431227742275667e+01	2.873281979795025265e+01	-2.387087319347592496e-01	-5.821571773737097555e-01	6.291969785922575387e-01	-8.243114583000478390e+00	-2.387087319347571679e-01	-5.821571773737107547e-01	6.291969785922575387e-01	-8.243114583000474838e+00
5.135029354207436523e+11	1.668723801233369608e+00	1.082559980200173237e-02	2.330150970217015338e+00	2.784521931191672905e+00	3.612987210445509079e-02	1.297525140661859831e-02	6.875810409483261765e+01	2.888073596165249057e+01	-3.930593669382237976e-01	-5.377550917135102138e-01	6.660902375817281396e-01	-8.485163437407246434e+00	-3.930593669382210775e-01	-5.377550917135125452e-01	6.660902375817283616e-01	-8.485163437407241105e+00
5.197651663405087891e+11	1.668021930580213086e+00	1.190872632282265718e-02	2.594547621901832191e+00	2.782155343133909220e+00	3.972803334349209875e-02	1.427958846422326851e-02	6.595539933230362806e+01	2.859663955968290949e+01	-5.115049025570211905e-01	-4.159366447641272280e-01	6.592727491694977404e-01	-8.742062430026125597e+00	-5.115049025570215235e-01	-4.159366447641262843e-01	6.592727491694974074e-01	-8.742062430026127373e+00
5.260273972602739868e+11	1.668452769418443671e+00	1.096586973047184409e-02	2.417912651675708791e+00	2.783614393481129046e+00	3.659207144177525906e-02	1.314552458396149939e-02	6.630035269757138394e+01	2.863225051643314600e+01	-6.221063842807540434e-01	-2.456619496668648317e-01	6.688543540091508310e-01	-9.048686784509218484e+00	-6.221063842807543764e-01	-2.456619496668628333e-01	6.688543540091503870e-01	-9.048686784509220260e+00
5.322896281800391235e+11	1.667938229146715967e+00	1.189655531912962513e-02	2.654351255718203628e+00	2.781876408220621766e+00	3.968543882387002425e-02	1.426570882394236767e-02	6.402026784674146143e+01	2.839334893218324751e+01	-6.179165150647970561e-01	-8.715492116881741469e-02	6.240326913501937911e-01	-9.284655848596401029e+00	-6.179165150647969451e-01	-8.715492116881848328e-02	6.240326913501940131e-01	-9.284655848596401029e+00
5.385518590998043213e+11	1.668639279934117425e+00	1.131127329267357998e-02	2.553454867444357124e+00	2.784229101635548265e+00	3.774886984444970894e-02	1.355810476310113054e-02	6.498803478091016927e+01	2.849577207671154611e+01	-6.242291625984571768e-01	6.632277497659368193e-02	6.277425889000737280e-01	-9.530628333671380403e+00	-6.242291625984576209e-01	6.632277497659032350e-02	6.277425889000738390e-01	-9.530628333671375074e+00
5.448140900195694580e+11	1.667457507210258427e+00	1.214187000849062913e-02	2.772828893757767421e+00	2.780267113344545571e+00	4.049210459445756749e-02	1.456410587317534880e-02	5.760658870062367498e+01	2.767271016366002456e+01	-5.960080361597676069e-01	1.892458512848169683e-01	6.253315691659409037e-01	-9.732231754118293665e+00	-5.960080361597686061e-01	1.892458512848146091e-01	6.253315691659411257e-01	-9.732231754118288336e+00
5.510763209393345947e+11	1.668197761081966712e+00	1.162139460816530995e-02	2.684473736909933628e+00	2.782748713266247620e+00	3.877356893198281862e-02	1.393355021498595726e-02	5.883581485031590574e+01	2.781684654111105814e+01	-5.327577309287114815e-01	3.738337338576842583e-01	6.508321292271050940e-01	-1.003664097803781452e+01	-5.327577309287102603e-01	3.738337338576863678e-01	6.508321292271053160e-01	-1.003664097803781985e+01
5.573385518590998535e+11	1.667059598389454944e+00	1.191338560518240275e-02	2.783193778415844477e+00	2.778945775825833131e+00	3.972064764486817751e-02	1.429342306366672248e-02	3.668649858450253731e+01	2.459233915686260374e+01	-4.130972412553544082e-01	4.788877456487230511e-01	6.324419369912944733e-01	-1.028380022068852995e+01	-4.130972412553517992e-01	4.788877456487249940e-01	6.324419369912942512e-01	-1.028380022068853528e+01
5.636007827788649902e+11	1.668428910293955569e+00	1.175397903873693153e-02	2.776806777088387079e+00	2.783516872681432996e+00	3.922135687843570501e-02	1.409057630056783847e-02	4.937357530519732762e+01	2.661989533554085696e+01	-2.457107454911429678e-01	5.597630292809606667e-01	6.113169549420421900e-01	-1.058194330529402549e+01	-2.457107454911409139e-01	5.597630292809619990e-01	6.113169549420425231e-01	-1.058194330529402905e+01
5.698630136986301270e+11	1.667545609053608047e+00	1.202865146213775646e-02	2.873270888681837221e+00	2.780563669817970762e+00	4.011664985704815889e-02	1.442752427951933536e-02	5.244146823883561837e+01	2.703142067075668109e+01	-1.300518026416409845e-01	5.867192897172692767e-01	6.009600621477914073e-01	-1.077744181203638085e+01	-1.300518026416408734e-01	5.867192897172690547e-01	6.009600621477911853e-01	-1.077744181203638085e+01
5.761252446183952637e+11	1.668248780628352579e+00	1.239924432106162544e-02	2.994341188553755195e+00	2.782900252808251818e+00	4.137004843864816594e-02	1.486580354322841573e-02	5.616397381259265842e+01	2.749957685759980919e+01	3.050131619163672092e-02	6.074076345422726453e-01	6.081729727550059250e-01	-1.104574770616547852e+01	3.050131619163624561e-02	6.074076345422727563e-01	6.081729727550060360e-01	-1.104574770616547852e+01
5.823874755381605225e+11	1.667088179523901870e+00	1.228314758294393218e-02	2.998546981513031451e+00	2.779032122593772858e+00	4.095418028574682873e-02	1.473685026984243238e-02	5.353421534119146230e+01	2.717220868055896688e+01	1.760540591662085874e-01	5.946807366742358214e-01	6.201936877462642661e-01	-1.128340148733951942e+01	1.760540591662100585e-01	5.946807366742354883e-01	6.201936877462642661e-01	-1.128340148733952297e+01
5.886497064579256592e+11	1.667803868637371512e+00	1.234451590726716626e-02	3.045931670279800940e+00	2.781417357168797899e+00	4.117646277319150089e-02	1.480412950867071066e-02	5.588840888931991913e+01	2.746599996085036466e+01	3.406290928424264841e-01	5.003351813867615849e-01	6.052796648029553639e-01	-1.159329901909605631e+01	3.406290928424294817e-01	5.003351813867590314e-01	6.052796648029549198e-01	-1.159329901909606342e+01
5.949119373776907959e+11	1.667247540113520055e+00	1.215098973823471387e-02	3.030075840241964524e+00	2.779566713462965133e+00	4.051741550203290243e-02	1.457688182326578180e-02	5.239110424316377390e+01	2.702486132070329106e+01	4.335038279955859553e-01	3.996392725155459846e-01	5.896075957987494398e-01	-1.182159683356849200e+01	4.335038279955854557e-01	3.996392725155469283e-01	5.896075957987495508e-01	-1.182159683356849023e+01
6.011741682974559326e+11	1.667828852581311860e+00	1.282813435138625488e-02	3.232607469016552493e+00	2.781488520471758097e+00	4.279026519206289431e-02	1.538394455958617263e-02	5.668071869638385607e+01	2.756209915442501313e+01	5.032364074917987651e-01	2.730136742243776671e-01	5.725236660075689876e-01	-1.206929162623610274e+01	5.032364074917995422e-01	2.730136742243760573e-01	5.725236660075688766e-01	-1.206929162623610630e+01
6.074363992172210693e+11	1.667002541314686725e+00	1.251267841748540839e-02	3.185959543407212546e+00	2.778740905628444224e+00	4.171733344120321513e-02	1.501303462899444309e-02	5.428122860198922695e+01	2.726680867826056698e+01	5.686480233897661662e-01	1.639286662373638792e-01	5.918050203567465362e-01	-1.228570241640597160e+01	5.686480233897663883e-01	1.639286662373628800e-01	5.918050203567463141e-01	-1.228570241640597338e+01
6.136986301369863281e+11	1.667457926212201791e+00	1.304961848302262778e-02	3.356928798721427576e+00	2.780245643145343948e+00	4.351937954712265660e-02	1.565306995603754289e-02	5.804663020088220549e+01	2.772465888327952399e+01	5.869214554027790687e-01	-1.023844858455192491e-02	5.870107500221225516e-01	-1.258381317016397105e+01	5.869214554027790687e-01	-1.023844858455166471e-02	5.870107500221225516e-01	-1.258381317016397105e+01
6.199608610567514648e+11	1.666763002175925878e+00	1.260785940384913546e-02	3.276383959337289209e+00	2.777939947303758039e+00	4.202862718194312619e-02	1.512942251423963005e-02	5.706710034931915487e+01	2.760847714503086081e+01	5.631017327277113571e-01	-1.557796138804568853e-01	5.842523851056964368e-01	-1.283626607722932889e+01	5.631017327277116902e-01	-1.557796138804565245e-01	5.842523851056966588e-01	-1.283626607722932711e+01
6.262230919765166016e+11	1.667391876313178978e+00	1.308536212175128409e-02	3.434820015756715694e+00	2.780024442493326475e+00	4.363685300084854668e-02	1.569657170413648120e-02	5.874332373280704900e+01	2.780610648173120936e+01	4.770389550366710973e-01	-2.853730893850940364e-01	5.558812505991472808e-01	-1.310547848123364645e+01	4.770389550366697651e-01	-2.853730893850963679e-01	5.558812505991473918e-01	-1.310547848123365178e+01
6.324853228962817383e+11	1.666713952123784814e+00	1.293814452865431515e-02	3.430138146280484968e+00	2.777768002620241816e+00	4.312837200100431284e-02	1.552626855818114993e-02	5.622134686928018965e+01	2.750654689771176820e+01	4.101605886131242662e-01	-3.772172276897397536e-01	5.572472927860642189e-01	-1.330995383500571805e+01	4.101605886131229894e-01	-3.772172276897410303e-01	5.572472927860641079e-01	-1.330995383500572160e+01
6.387475538160469971e+11	1.666961551686922949e+00	1.339081503758346448e-02	3.585299349933204649e+00	2.778581500875103139e+00	4.464394762680542333e-02	1.606717226496505099e-02	5.776491285377387896e+01	2.769144654606366274e+01	3.005189729642872565e-01	-4.716392814972975578e-01	5.592452636927710552e-01	-1.356985709743556079e+01	3.005189729642856467e-01	-4.716392814972985570e-01	5.592452636927710552e-01	-1.356985709743556434e+01
6.450097847358121338e+11	1.666362857918376905e+00	1.292234880684886740e-02	3.493791014490198243e+00	2.776598187151214869e+00	4.306664417759761138e-02	1.551057851182418255e-02	5.332659278759416566e+01	2.714568135540035598e+01	1.767617685613036005e-01	-5.469994710897516654e-01	5.748505407472345174e-01	-1.382461105091321940e+01	1.767617685613038503e-01	-5.469994710897515544e-01	5.748505407472344064e-01	-1.382461105091321940e+01
6.512720156555772705e+11	1.666798910863777294e+00	1.328071842396346541e-02	3.625543727677876582e+00	2.778042231774817683e+00	4.427257400910161039e-02	1.593660942325453300e-02	5.580429981010143337e+01	2.745571849641386919e+01	1.067033548716892627e-02	-5.531174341399146543e-01	5.532203467054800372e-01	-1.411787806783610577e+01	1.067033548716679256e-02	-5.531174341399148764e-01	5.532203467054802593e-01	-1.411787806783610932e+01
6.575342465753424072e+11	1.666418898444909535e+00	1.292967177592680740e-02	3.563649958625143110e+00	2.776784768682112770e+00	4.309249879618837209e-02	1.551884729497434584e-02	5.057063175253982479e+01	2.678343180290555026e+01	-1.141735655560427720e-01	-5.336189957576111809e-01	5.456966517261594429e-01	-1.434794963679411772e+01	-1.141735655560450480e-01	-5.336189957576104037e-01	5.456966517261593319e-01	-1.434794963679412305e+01
6.637964774951076660e+11	1.666860564506068121e+00	1.359962029515156962e-02	3.783997906634904318e+00	2.778239191833315580e+00	4.533734152448905264e-02	1.631873225954013837e-02	5.122442429735579594e+01	2.687112301844685547e+01	-2.356144116047342307e-01	-4.758766121988827202e-01	5.310110177705646972e-01	-1.459690020626464246e+01	-2.356144116047352299e-01	-4.758766121988822206e-01	5.310110177705645862e-01	-1.459690020626464602e+01
6.700587084148728027e+11	1.666252584003136583e+00	1.321461029749152437e-02	3.711559073022131283e+00	2.776223047771815278e+00	4.403775710957941875e-02	1.586247082882044981e-02	4.846199589152066523e+01	2.649267775479313869e+01	-3.486511869704359001e-01	-4.248559220535531034e-01	5.496000406476228006e-01	-1.482436352993948780e+01	-3.486511869704347344e-01	-4.248559220535542691e-01	5.496000406476230227e-01	-1.482436352993948603e+01
6.763209393346379395e+11	1.666557035461054825e+00	1.371231633031615334e-02	3.887342605269097806e+00	2.777224324825597002e+00	4.570471450551179954e-02	1.645697616031861071e-02	4.918257934995011027e+01	2.659343606884466027e+01	-4.491041729445605091e-01	-3.017449833720247110e-01	5.410587705105621703e-01	-1.511635877549051088e+01	-4.491041729445599540e-01	-3.017449833720255437e-01	5.410587705105621703e-01	-1.511635877549050910e+01
6.825831702544030762e+11	1.666187068131180116e+00	1.313007428428868487e-02	3.756746758634787131e+00	2.776006947156866911e+00	4.375431995216713665e-02	1.576160318942266061e-02	4.476393120885856547e+01	2.595079843126026731e+01	-5.118208696472114072e-01	-1.778252405592188889e-01	5.418324637619749140e-01	-1.537357403231568398e+01	-5.118208696472111852e-01	-1.778252405592194441e-01	5.418324637619749140e-01	-1.537357403231568220e+01
6.888454011741683350e+11	1.666647365093774980e+00	1.393148628439054744e-02	4.022614142657486624e+00	2.777519353263930846e+00	4.643774981543914021e-02	1.671914536288253428e-02	4.787827508143430322e+01	2.640995224202275082e+01	-5.094834484511661099e-01	-3.728694326428950295e-02	5.108460632946938418e-01	-1.563490773510912035e+01	-5.094834484511661099e-01	-3.728694326429040501e-02	5.108460632946939528e-01	-1.563490773510911858e+01
6.951076320939334717e+11	1.666173656303450157e+00	1.338907687098042469e-02	3.901142847187879070e+00	2.775955385580150647e+00	4.461705432929882059e-02	1.607268422290376517e-02	4.375004290744909952e+01	2.579439938249538500e+01	-5.175862899483362201e-01	7.366198245798771804e-02	5.228017360358743204e-01	-1.584933218186083081e+01	-5.175862899483357760e-01	7.366198245798785682e-02	5.228017360358738763e-01	-1.584933218186083259e+01
7.013698630136986084e+11	1.666404707314692146e+00	1.425275760865501486e-02	4.190203943723283864e+00	2.776701507461113660e+00	4.750172474255602573e-02	1.710724923615912496e-02	4.671301356483417777e+01	2.624175027418548112e+01	-4.708763214821994891e-01	2.032609993280614369e-01	5.128738090217221934e-01	-1.611546596660840791e+01	-4.708763214822004328e-01	2.032609993280591887e-01	5.128738090217220824e-01	-1.611546596660840081e+01
7.076320939334637451e+11	1.666019692315390488e+00	1.350836773726441301e-02	4.006817460706354694e+00	2.775439139183743187e+00	4.501041332264080902e-02	1.621740238767346159e-02	4.382010879023932404e+01	2.580532352681859365e+01	-4.170032948328615818e-01	3.289486160421171701e-01	5.311298710273096857e-01	-1.637586180217505216e+01	-4.170032948328640243e-01	3.289486160421142835e-01	5.311298710273099077e-01	-1.637586180217504506e+01
7.138943248532290039e+11	1.666272537412749388e+00	1.433436475663893601e-02	4.289449330795100934e+00	2.776258694922946191e+00	4.776991667048929857e-02	1.720657976068585768e-02	4.619745427864251752e+01	2.616598760539049451e+01	-2.919554126526163751e-01	4.057039554217796717e-01	4.998336347446387107e-01	-1.665498241339206231e+01	-2.919554126526160975e-01	4.057039554217796717e-01	4.998336347446384886e-01	-1.665498241339206587e+01
7.201565557729941406e+11	1.666134200130419130e+00	1.362862474565879056e-02	4.114036243115077873e+00	2.775817433431773562e+00	4.541423557897169422e-02	1.636067092597857930e-02	4.359474263783370418e+01	2.577012363984960075e+01	-1.899725509653377442e-01	4.669486397058749128e-01	5.041136798812791975e-01	-1.689237214047598101e+01	-1.899725509653389099e-01	4.669486397058743576e-01	5.041136798812790865e-01	-1.689237214047597746e+01
7.264187866927592773e+11	1.666135771434231749e+00	1.468338267546498432e-02	4.470976075586433396e+00	2.775792807125948336e+00	4.892901824249976800e-02	1.762704266575313913e-02	4.662290445010823703e+01	2.622856901514924033e+01	-7.186831196513898679e-02	4.772908797147842330e-01	4.826713562286777948e-01	-1.712930686035186056e+01	-7.186831196514190112e-02	4.772908797147838444e-01	4.826713562286778503e-01	-1.712930686035185346e+01
7.326810176125244141e+11	1.665992496355888752e+00	1.401723922697837091e-02	4.304934880285695264e+00	2.775334514918579298e+00	4.670523074354276938e-02	1.682868515217992439e-02	4.515008939882476824e+01	2.600943618733283103e+01	5.082766407840258460e-02	5.022352560550168432e-01	5.048006575474275337e-01	-1.737961909431825802e+01	5.082766407840250134e-02	5.022352560550167322e-01	5.048006575474274227e-01	-1.737961909431825802e+01
7.389432485322896729e+11	1.665775537659679673e+00	1.480534804469364404e-02	4.585839680291222464e+00	2.774588943534670005e+00	4.932477319877648370e-02	1.777732637251105627e-02	4.544096983620890740e+01	2.605327588088583113e+01	1.744718547954879628e-01	4.538610911232592859e-01	4.862410082987378979e-01	-1.764576047411138049e+01	1.744718547954886845e-01	4.538610911232589529e-01	4.862410082987378424e-01	-1.764576047411138049e+01
7.452054794520548096e+11	1.665855422396166574e+00	1.402568799014137189e-02	4.381162625849423620e+00	2.774877568403113948e+00	4.672953678242759007e-02	1.684021569618997585e-02	4.276334935156615558e+01	2.563867571540939849e+01	2.931285919419838737e-01	3.957478105133602764e-01	4.924842138992970852e-01	-1.791627913044740694e+01	2.931285919419824859e-01	3.957478105133614976e-01	4.924842138992972518e-01	-1.791627913044740339e+01
7.514677103718199463e+11	1.665623310688101988e+00	1.495714889993186511e-02	4.711381827308302128e+00	2.774077296804378978e+00	4.982595173831882995e-02	1.796127014763295934e-02	3.650847563760552816e+01	2.455913194444152836e+01	3.535325462031664867e-01	2.991380749193310873e-01	4.631078158391816468e-01	-1.814730698277022114e+01	3.535325462031664867e-01	2.991380749193310873e-01	4.631078158391816468e-01	-1.814730698277022114e+01
7.577299412915850830e+11	1.666169788986382239e+00	1.414853349926926268e-02	4.493813421570969524e+00	2.775921584730745462e+00	4.714771814988845400e-02	1.698452809662547372e-02	3.360194807228815250e+01	2.399279136860694805e+01	4.362929130069393979e-01	2.047727814973617222e-01	4.819578798839656564e-01	-1.841072999813334476e+01	4.362929130069390093e-01	2.047727814973625271e-01	4.819578798839656009e-01	-1.841072999813334121e+01
7.639921722113503418e+11	1.665372533023575130e+00	1.502387386901890554e-02	4.811272984516901552e+00	2.773239956963326591e+00	5.004069376214943105e-02	1.804412691967107948e-02	4.232959954917552636e+01	2.556907938884452847e+01	4.574738174878084096e-01	1.004564319450837323e-01	4.683735564760310721e-01	-1.863339723037321249e+01	4.574738174878078545e-01	1.004564319450857585e-01	4.683735564760309611e-01	-1.863339723037320539e+01
7.702544031311154785e+11	1.665907770253652220e+00	1.435008901572016812e-02	4.633166908197268619e+00	2.775042773936736040e+00	4.781184959023962455e-02	1.722922977594781163e-02	3.854701624200397703e+01	2.493005220551739143e+01	4.805813827709504160e-01	-4.064390451174061669e-02	4.822969960926547506e-01	-1.893392751408301677e+01	4.805813827709501940e-01	-4.064390451174186569e-02	4.822969960926546396e-01	-1.893392751408302033e+01
7.765166340508806152e+11	1.665311982513184574e+00	1.502634121448102184e-02	4.890949412611711011e+00	2.773038208171699104e+00	5.004709215561392588e-02	1.804774705524546038e-02	3.992083174846157334e+01	2.516911824834292588e+01	4.338063576979794833e-01	-1.429138495594816094e-01	4.567409817118422977e-01	-1.916779981332322791e+01	4.338063576979797054e-01	-1.429138495594805824e-01	4.567409817118422422e-01	-1.916779981332322436e+01
7.827788649706457520e+11	1.665977431897926131e+00	1.460453529557521196e-02	4.791991013252279608e+00	2.775267511142009536e+00	4.866165241157002080e-02	1.753404031006220928e-02	3.631541479065592171e+01	2.452293614372045027e+01	3.797574996579588524e-01	-2.554514313264608649e-01	4.576802293230527452e-01	-1.944170308793826507e+01	3.797574996579599071e-01	-2.554514313264591441e-01	4.576802293230526897e-01	-1.944170308793826152e+01
7.890410958904110107e+11	1.665234944169540432e+00	1.515015031553935097e-02	5.010784509997337821e+00	2.772777892228748708e+00	5.045711942971463360e-02	1.819731741627432856e-02	3.655993590795400650e+01	2.456874760910466904e+01	3.123116306984993207e-01	-3.205464923405560995e-01	4.475361532003755416e-01	-1.964796552718977907e+01	3.123116306984968782e-01	-3.205464923405583755e-01	4.475361532003754861e-01	-1.964796552718978617e+01
7.953033268101761475e+11	1.665872751043858013e+00	1.493924843516995608e-02	4.980245018549229741e+00	2.774908841526624315e+00	4.977377377844845185e-02	1.793708428672750876e-02	3.350012720341232608e+01	2.397207383650611234e+01	2.115905558978000700e-01	-4.055260562761456855e-01	4.574078548341991013e-01	-1.993944220510928744e+01	2.115905558978026235e-01	-4.055260562761444088e-01	4.574078548341991568e-01	-1.993944220510928389e+01
8.015655577299412842e+11	1.665049700565062407e+00	1.517175309930013025e-02	5.097579122415175412e+00	2.772160323259698078e+00	5.052344591007348201e-02	1.822529724783901114e-02	3.268924477080584268e+01	2.380479992975507031e+01	1.108733122072642213e-01	-4.358090239515653996e-01	4.496914461243682881e-01	-2.017122917989325614e+01	1.108733122072678434e-01	-4.358090239515645670e-01	4.496914461243683991e-01	-2.017122917989324549e+01
8.078277886497064209e+11	1.665844892123741872e+00	1.501877008916862113e-02	5.085601407763904014e+00	2.774813641159769695e+00	5.003788287804476764e-02	1.803288052783637643e-02	3.208125675739888294e+01	2.367663554603103648e+01	-2.280563149582533894e-02	-4.423197284250430239e-01	4.429072577661459231e-01	-2.047186578883316344e+01	-2.280563149582917615e-02	-4.423197284250429129e-01	4.429072577661459786e-01	-2.047186578883317054e+01
8.140900195694715576e+11	1.665135719721367868e+00	1.523717007328755264e-02	5.199551769643849575e+00	2.772444793740155067e+00	5.074391231300111327e-02	1.830294779090812715e-02	2.985164436986297432e+01	2.318489897319820869e+01	-1.106129670253727382e-01	-4.175467352723832293e-01	4.319496551807650575e-01	-2.067931536258914349e+01	-1.106129670253670344e-01	-4.175467352723847281e-01	4.319496551807650575e-01	-2.067931536258912928e+01
8.203522504892368164e+11	1.665860521748069312e+00	1.540244463653861820e-02	5.296380663704091774e+00	2.774854042617967753e+00	5.131664891683995061e-02	1.849345880132299488e-02	3.004377766994418053e+01	2.322869627366675260e+01	-2.206294297015132522e-01	-3.694775805325009044e-01	4.303382713245078039e-01	-2.095866533031123424e+01	-2.206294297015126971e-01	-3.694775805325015705e-01	4.303382713245080815e-01	-2.095866533031123069e+01
8.266144814090019531e+11	1.665036669833085847e+00	1.547741688788841288e-02	5.362788273476684076e+00	2.772107561455331215e+00	5.154093334525617492e-02	1.859268884869591867e-02	2.958525451093412784e+01	2.312370603675120861e+01	-2.971001687150198189e-01	-3.137729335426196475e-01	4.321133694696733807e-01	-2.117846384988650854e+01	-2.971001687150210957e-01	-3.137729335426185928e-01	4.321133694696734917e-01	-2.117846384988651209e+01
8.328767123287670898e+11	1.665675915905183047e+00	1.552109029892198046e-02	5.418662548400265067e+00	2.774235352582503200e+00	5.170621259900784472e-02	1.863800508160749075e-02	2.911240638166310646e+01	2.301371757832981402e+01	-3.738374626601574380e-01	-2.082147202462121816e-01	4.279109933331849414e-01	-2.148297299712869091e+01	-3.738374626601571604e-01	-2.082147202462129587e-01	4.279109933331849969e-01	-2.148297299712869091e+01
8.391389432485322266e+11	1.665086821022323527e+00	1.555991596712862080e-02	5.473060952807030866e+00	2.772272010557323085e+00	5.181722202616137474e-02	1.869124740603802029e-02	2.914946994292515470e+01	2.302240317339674291e+01	-4.022390436997634877e-01	-1.156343186514029037e-01	4.185302186538917280e-01	-2.171122035251248406e+01	-4.022390436997627661e-01	-1.156343186514059984e-01	4.185302186538918390e-01	-2.171122035251247695e+01
8.454011741682974854e+11	1.665725084984843285e+00	1.577054308011558922e-02	5.588543772143966137e+00	2.774391348718721506e+00	5.253877842476534221e-02	1.893704666035271947e-02	2.909605004373063863e+01	2.300988106383218579e+01	-4.086462694471034163e-01	-1.929520257642980624e-03	4.086508247654215831e-01	-2.198642687310244170e+01	-4.086462694471034163e-01	-1.929520257643525111e-03	4.086508247654215831e-01	-2.198642687310243815e+01
8.516634050880626221e+11	1.665049620186690227e+00	1.592223445150298816e-02	5.684092832112838778e+00	2.772136720133912657e+00	5.302262085199696551e-02	1.912698622217868724e-02	2.935606163650457745e+01	2.307061510941496607e+01	-3.982969468697667437e-01	8.343817751922297243e-02	4.069427322775370226e-01	-2.219764973520942775e+01	-3.982969468697664661e-01	8.343817751922517900e-02	4.069427322775371891e-01	-2.219764973520943485e+01
8.579256360078277588e+11	1.665494130922855476e+00	1.603124211772881044e-02	5.765088515225970767e+00	2.773613699414640088e+00	5.339987931696124623e-02	1.925281784129890747e-02	2.902806060393925236e+01	2.299391042897864423e+01	-3.588744860542301129e-01	1.925388086129470322e-01	4.072616966555789864e-01	-2.248357378386271321e+01	-3.588744860542278925e-01	1.925388086129511955e-01	4.072616966555789864e-01	-2.248357378386272387e+01
8.641878669275928955e+11	1.664804305615007252e+00	1.601611393263321220e-02	5.801689407909072393e+00	2.771316860088763434e+00	5.332739086853655747e-02	1.924261770154587006e-02	2.920952396210056534e+01	2.303645301007103541e+01	-3.025861246272270599e-01	2.678585674403111683e-01	4.041120821852515754e-01	-2.271574373495577248e+01	-3.025861246272277261e-01	2.678585674403106687e-01	4.041120821852517420e-01	-2.271574373495576893e+01
8.704500978473581543e+11	1.665513079676043118e+00	1.611462428647178133e-02	5.879673684800468259e+00	2.773674137456083599e+00	5.367823504636794890e-02	1.935275464463887679e-02	2.767244559200920406e+01	2.266742106110777399e+01	-2.063851037970579894e-01	3.354904816961641334e-01	3.938891650934900346e-01	-2.301044251993513612e+01	-2.063851037970562963e-01	3.354904816961650771e-01	3.938891650934899791e-01	-2.301044251993513967e+01
8.767123287671232910e+11	1.664652085368015122e+00	1.620903457501220862e-02	5.956668392273013701e+00	2.770803832518227594e+00	5.396480641419266339e-02	1.947622772166699573e-02	2.805330706981263589e+01	2.276073675885726999e+01	-1.341566734256320059e-01	3.637953616975289073e-01	3.877435727607455584e-01	-2.320864764884105114e+01	-1.341566734256332549e-01	3.637953616975284632e-01	3.877435727607455584e-01	-2.320864764884104758e+01
8.829745596868884277e+11	1.665412265896224042e+00	1.624659695763077533e-02	6.013118446190361510e+00	2.773334063484891754e+00	5.411456370462113669e-02	1.951245773710446468e-02	2.601594561036433362e+01	2.224602957805022641e+01	-2.531850257865656331e-02	3.876827236235911855e-01	3.885085851934693690e-01	-2.349673023524153592e+01	-2.531850257865943254e-02	3.876827236235910745e-01	3.885085851934694245e-01	-2.349673023524152882e+01
8.892367906066535645e+11	1.664490270293702112e+00	1.630350521380137530e-02	6.076976688174921648e+00	2.770262055620145158e+00	5.427405160011006258e-02	1.959166696522520248e-02	2.633957583466056107e+01	2.233042695646492248e+01	5.686099822822385241e-02	3.846037947049528727e-01	3.887843258426960102e-01	-2.370872469886262834e+01	5.686099822822444916e-02	3.846037947049529837e-01	3.887843258426961768e-01	-2.370872469886263190e+01
8.954990215264188232e+11	1.665312128235726163e+00	1.636056428124132989e-02	6.141190300227506782e+00	2.772996816385403296e+00	5.449089224466280301e-02	1.965054266297052224e-02	2.453605773842715010e+01	2.184622166107038765e+01	1.703863623557106965e-01	3.437393485793443504e-01	3.836512116995898780e-01	-2.402213437725932721e+01	1.703863623557090867e-01	3.437393485793450720e-01	3.836512116995898225e-01	-2.402213437725932366e+01
9.017612524461839600e+11	1.664353140145554466e+00	1.628754877915378901e-02	6.156536530556481424e+00	2.769806090867134252e+00	5.421646591171699892e-02	1.957410162772211387e-02	2.436813709614399670e+01	2.179934069843234568e+01	2.329758439760135913e-01	2.983119102475570994e-01	3.785072518088423155e-01	-2.422498064115914929e+01	2.329758439760125921e-01	2.983119102475579876e-01	3.785072518088424820e-01	-2.422498064115914573e+01
9.080234833659490967e+11	1.665330324425446262e+00	1.658798922004972934e-02	6.313642484852302950e+00	2.773049928064597491e+00	5.524896293878243936e-02	1.992353703394821388e-02	2.242021549998745655e+01	2.123059036454840154e+01	3.020383146144113851e-01	2.111499993721188406e-01	3.685260719812913921e-01	-2.452263063598034165e+01	3.020383146144125508e-01	2.111499993721172308e-01	3.685260719812913921e-01	-2.452263063598034520e+01
9.142857142857142334e+11	1.664212439751337591e+00	1.632882068679509385e-02	6.257861037853464481e+00	2.769336414238078081e+00	5.434925302686675203e-02	1.962537044883358797e-02	2.218334215746927285e+01	2.115808208318372508e+01	3.417651734890951865e-01	1.539803980415987428e-01	3.748511661861017585e-01	-2.470943463968987430e+01	3.417651734890956305e-01	1.539803980415971607e-01	3.748511661861015920e-01	-2.470943463968987786e+01
9.205479452054794922e+11	1.665234143683231194e+00	1.669500115583372191e-02	6.442019387112901008e+00	2.772726030224831106e+00	5.560217190705064871e-02	2.005325131330846014e-02	1.991285917148934814e+01	2.042096946828667114e+01	3.664365026532873104e-01	3.759933458523761346e-02	3.683604490686062660e-01	-2.503049102193963193e+01	3.664365026532870884e-01	3.759933458523963962e-02	3.683604490686063215e-01	-2.503049102193962838e+01
9.268101761252446289e+11	1.664237288770771261e+00	1.618037535021191187e-02	6.285915618186266762e+00	2.769423948788613643e+00	5.385596800826018132e-02	1.944663186429710852e-02	1.985073651600885469e+01	2.039963894273072498e+01	3.734278242271963366e-01	-4.009961518681261217e-02	3.755746517607229662e-01	-2.523971382332814528e+01	3.734278242271963366e-01	-4.009961518681288972e-02	3.755746517607229662e-01	-2.523971382332814528e+01
9.330724070450097656e+11	1.665338746188321783e+00	1.696503936166779067e-02	6.635281910871546174e+00	2.773065326995548752e+00	5.650507475919073347e-02	2.037639510656989034e-02	1.932757194584329952e+01	2.021731013185952364e+01	3.213759392398874426e-01	-1.448562424896633893e-01	3.525135817391210624e-01	-2.555620843360852845e+01	3.213759392398877757e-01	-1.448562424896626677e-01	3.525135817391210624e-01	-2.555620843360852490e+01
9.393346379647749023e+11	1.664270149671746468e+00	1.630628171363704068e-02	6.420434790963837735e+00	2.769529236265092731e+00	5.427611581628875859e-02	1.959759626494644510e-02	1.899409716345102339e+01	2.009849646918753052e+01	2.979075015881953448e-01	-2.073581431581913437e-01	3.629687025578563486e-01	-2.574081041984560159e+01	2.979075015881941790e-01	-2.073581431581931200e-01	3.629687025578564041e-01	-2.574081041984560869e+01
9.455968688845401611e+11	1.665207338257873593e+00	1.719652907312100784e-02	6.816100493482523781e+00	2.772619758775709542e+00	5.727157281025194169e-02	2.065612229335804517e-02	1.826914287460536457e+01	1.983283923219000755e+01	2.115922265161315208e-01	-2.738470870542609181e-01	3.460686310692690504e-01	-2.604568756059968848e+01	2.115922265161308824e-01	-2.738470870542614732e-01	3.460686310692691614e-01	-2.604568756059969203e+01
9.518590998043052979e+11	1.664350433919579597e+00	1.648150804763501981e-02	6.575954113597684447e+00	2.769790726780768431e+00	5.486201014146077637e-02	1.980727627217706427e-02	1.851900636467336980e+01	1.992557310143179095e+01	1.556063969456882856e-01	-3.258816738393515156e-01	3.611263160097261671e-01	-2.625805667407027499e+01	1.556063969456899232e-01	-3.258816738393506274e-01	3.611263160097260561e-01	-2.625805667407026789e+01
9.581213307240704346e+11	1.665103540992482811e+00	1.744754758876722323e-02	7.007192712209755037e+00	2.772265385308842589e+00	5.810394654338231490e-02	2.095901310577785032e-02	1.761517732836178851e+01	1.958399070647432438e+01	4.592610619048893839e-02	-3.338449511740780307e-01	3.369891076195826174e-01	-2.656682846693497879e+01	4.592610619048785592e-02	-3.338449511740781417e-01	3.369891076195825619e-01	-2.656682846693498234e+01
9.643835616438355713e+11	1.664342846617680616e+00	1.663678852222852042e-02	6.725250357678127067e+00	2.769760328355110879e+00	5.537863993532434609e-02	1.999401874898406456e-02	1.786165353603216133e+01	1.967884871739277841e+01	-2.528590149332540435e-02	-3.470893260457794116e-01	3.480091623351941332e-01	-2.677626036242822849e+01	-2.528590149332452658e-02	-3.470893260457794671e-01	3.480091623351941332e-01	-2.677626036242822494e+01
9.706457925636008301e+11	1.664957602259085956e+00	1.774005275883576774e-02	7.217800010500197594e+00	2.771769107848438107e+00	5.907287141060176688e-02	2.131233487065471027e-02	1.752898561064335681e+01	1.955050572653480501e+01	-1.123786948251736945e-01	-3.035997668086640733e-01	3.237310449383634658e-01	-2.705805300138045766e+01	-1.123786948251737083e-01	-3.035997668086641843e-01	3.237310449383635769e-01	-2.705805300138045766e+01
9.769080234833659668e+11	1.664213195274942603e+00	1.686076275740195154e-02	6.904306383229537047e+00	2.769321274006472766e+00	5.611980772653731020e-02	2.026482382282314421e-02	1.697511716545112037e+01	1.933132112951254911e+01	-1.819787215772535327e-01	-2.891640784665369113e-01	3.416608250623607290e-01	-2.726524227193213790e+01	-1.819787215772558642e-01	-2.891640784665354680e-01	3.416608250623607845e-01	-2.726524227193214855e+01
9.831702544031311035e+11	1.664586469317425044e+00	1.791213583139771720e-02	7.381850842698256976e+00	2.770527269224608791e+00	5.963259788304093451e-02	2.152391660080299127e-02	1.734983879018422925e+01	1.948037829619187988e+01	-2.400822374272982007e-01	-2.120837457774626400e-01	3.203419984190287173e-01	-2.755077758882195127e+01	-2.400822374272973958e-01	-2.120837457774636114e-01	3.203419984190287173e-01	-2.755077758882194772e+01
9.894324853228962402e+11	1.663766153138036996e+00	1.662983840917644021e-02	6.897049699226130315e+00	2.767841260802226699e+00	5.533632455468531774e-02	1.999259326694433417e-02	1.385693397512497071e+01	1.794576752141449560e+01	-2.991018870405459662e-01	-1.672472584241829763e-01	3.426858390444825209e-01	-2.776448156726864269e+01	-2.991018870405471874e-01	-1.672472584241811722e-01	3.426858390444826874e-01	-2.776448156726864980e+01
9.956947162426614990e+11	1.664472918217798858e+00	1.799118568127377679e-02	7.508879749395360292e+00	2.770146412718257345e+00	5.989168266621608394e-02	2.162040330837468674e-02	1.536051363805108672e+01	1.864900957188590525e+01	-3.033219271327909361e-01	-6.624367065305789004e-02	3.104712794786998464e-01	-2.805931600821478256e+01	-3.033219271327905475e-01	-6.624367065306024926e-02	3.104712794786999575e-01	-2.805931600821477545e+01
1.001956947162426636e+12	1.663804280994852114e+00	1.672798577748198928e-02	7.025574969915949097e+00	2.767964859948625289e+00	5.566418869799106411e-02	2.011015006130685220e-02	1.499981014721827499e+01	1.848679075789327442e+01	-3.328703214624479378e-01	-2.900395697024113397e-03	3.328829572172669060e-01	-2.826562081264515314e+01	-3.328703214624479378e-01	-2.900395697022268952e-03	3.328829572172669060e-01	-2.826562081264516024e+01
1.008219178082191772e+12	1.664308091522358035e+00	1.805713966466279685e-02	7.631204158842783691e+00	2.769595363213924522e+00	6.010528730729522429e-02	2.170182984331226611e-02	1.501130783024869508e+01	1.849202152060554027e+01	-2.957341083654036473e-01	8.355885852682136405e-02	3.073121307221465259e-01	-2.854970308235730059e+01	-2.957341083654034253e-01	8.355885852682305714e-02	3.073121307221467480e-01	-2.854970308235730769e+01
1.014481409001956909e+12	1.663720564499550969e+00	1.669770541892387841e-02	7.100518262736020603e+00	2.767687303372447172e+00	5.556063177083848947e-02	2.007475038930064612e-02	1.369347137953314508e+01	1.786475869619489742e+01	-2.931006032566185748e-01	1.602840990053413239e-01	3.340642992349643348e-01	-2.877476079311104229e+01	-2.931006032566187969e-01	1.602840990053408798e-01	3.340642992349642793e-01	-2.877476079311104229e+01
1.020743639921722046e+12	1.664171895199459961e+00	1.823462130058980946e-02	7.801939745618767574e+00	2.769135595357786528e+00	6.069108857609396834e-02	2.191697968053181109e-02	1.330363436071980310e+01	1.766759230025896699e+01	-2.108417797098588731e-01	2.128305441404124698e-01	2.995848737675597673e-01	-2.906442612108303791e+01	-2.108417797098592894e-01	2.128305441404122478e-01	2.995848737675598783e-01	-2.906442612108303436e+01
1.027005870841487305e+12	1.663752622069672782e+00	1.645575787745110971e-02	7.084023219980631225e+00	2.767801995476389720e+00	5.475662063350591330e-02	1.978343130144369008e-02	1.210827531855410299e+01	1.702487715101686305e+01	-1.734542531162959478e-01	2.809379136160227719e-01	3.301703942376661982e-01	-2.929200653004869537e+01	-1.734542531162979184e-01	2.809379136160216617e-01	3.301703942376663647e-01	-2.929200653004868826e+01
1.033268101761252441e+12	1.664042625544094101e+00	1.833366598353917964e-02	7.940566702646985497e+00	2.768701736319286510e+00	6.101600335819396675e-02	2.203776685577864963e-02	1.237837958045371778e+01	1.717548806076284507e+01	-8.291022878390764961e-02	2.796991312562508436e-01	2.917288296732110098e-01	-2.955695508972644348e+01	-8.291022878390645612e-02	2.796991312562512322e-01	2.917288296732110098e-01	-2.955695508972644703e+01
1.039530332681017578e+12	1.663967534411061600e+00	1.631839547560530804e-02	7.110559605915947934e+00	2.768521665543129284e+00	5.430656057017517468e-02	1.961572533315223202e-02	1.024338493982063625e+01	1.588307420908370204e+01	-1.346581798367423900e-02	3.316909685627553173e-01	3.319641951778357081e-01	-2.980455500915580203e+01	-1.346581798367444717e-02	3.316909685627553728e-01	3.319641951778357636e-01	-2.980455500915580203e+01
1.045792563600782715e+12	1.663724122212591583e+00	1.840089158911240377e-02	8.066285269789814194e+00	2.767639362020783977e+00	6.122801441405018724e-02	2.212282974951791659e-02	1.111275051958141979e+01	1.643917905949583158e+01	5.932110199242899423e-02	2.832895278112810833e-01	2.894338434066320298e-01	-3.005154860594634769e+01	5.932110199243002813e-02	2.832895278112809168e-01	2.894338434066320298e-01	-3.005154860594635124e+01
1.052054794520547974e+12	1.664413316049949243e+00	1.614048371277028784e-02	7.117771910936927959e+00	2.770011171429906049e+00	5.372887203804438405e-02	1.939662648014124288e-02	9.499015600090627842e+00	1.536804568518532221e+01	1.626096638742736689e-01	2.882068510918942006e-01	3.309155357513598461e-01	-3.035881896521730994e+01	1.626096638742725031e-01	2.882068510918948667e-01	3.309155357513598461e-01	-3.035881896521730638e+01
1.058317025440313110e+12	1.663679968416740262e+00	1.865567195738992295e-02	8.275911548890194425e+00	2.767483003214944226e+00	6.207413546572707053e-02	2.242981633260853272e-02	1.023741050584350099e+01	1.587909142467166923e+01	1.823051557727226046e-01	2.094952531215683034e-01	2.777110564989925257e-01	-3.056124163177219799e+01	1.823051557727225491e-01	2.094952531215683866e-01	2.777110564989925812e-01	-3.056124163177219799e+01
1.064579256360078247e+12	1.664905825758808300e+00	1.649060709412223866e-02	7.358745867798194062e+00	2.771639468523286798e+00	5.491061564260729666e-02	1.981160113579395407e-02	8.981763664682608450e+00	1.498580921060490034e+01	2.745531518130476245e-01	1.599231914628377049e-01	3.177339458385550208e-01	-3.088848500577013922e+01	2.745531518130474025e-01	1.599231914628382323e-01	3.177339458385551318e-01	-3.088848500577013567e+01
1.070841487279843384e+12	1.663488537806898204e+00	1.884454457062839303e-02	8.458629364114257143e+00	2.766838998554857820e+00	6.269536778686309042e-02	2.265956487515514289e-02	9.687952567700104822e+00	1.550249588868548578e+01	2.544417333059912356e-01	9.701065998251746925e-02	2.723080310934673509e-01	-3.105167140791313329e+01	2.544417333059910691e-01	9.701065998251789946e-02	2.723080310934673509e-01	-3.105167140791312974e+01
1.077103718199608643e+12	1.665082640851282436e+00	1.703518402727607906e-02	7.691189567567589869e+00	2.772210003369437459e+00	5.672997841504887756e-02	2.046380986508862868e-02	9.067039094781915054e+00	1.505031750978310789e+01	3.057996764704445369e-01	-1.113543359054267696e-03	3.058017039001598714e-01	-3.141956793424773409e+01	3.057996764704446480e-01	-1.113543359052624696e-03	3.058017039001599824e-01	-3.141956793424772698e+01
1.083365949119373779e+12	1.663548580533308563e+00	1.929125660113229987e-02	8.760418632440094555e+00	2.767021727213135218e+00	6.418388507103491014e-02	2.319601773986757626e-02	9.624481253056242025e+00	1.545762353097622999e+01	2.567822026548440273e-01	-4.126539005541626781e-02	2.600767810026474169e-01	-3.157526611128253435e+01	2.567822026548440828e-01	-4.126539005541570576e-02	2.600767810026474169e-01	-3.157526611128253080e+01
1.089628180039138916e+12	1.664637854883867618e+00	1.764249149078009685e-02	8.058002618921442206e+00	2.770707930406361985e+00	5.873671838003813317e-02	2.119917358861552609e-02	8.423064444596066735e+00	1.454738512701259978e+01	2.534795389977232971e-01	-1.333874310326646773e-01	2.864333839621217015e-01	-3.190033386308520136e+01	2.534795389977232416e-01	-1.333874310326647328e-01	2.864333839621215905e-01	-3.190033386308520136e+01
1.095890410958904053e+12	1.662850805709805480e+00	2.015656366243590708e-02	9.259185449110892918e+00	2.764666514991071633e+00	6.703471625284507240e-02	2.424694475422528930e-02	5.918190998531292379e+00	1.213797199458015896e+01	1.968030990781454159e-01	-1.389965433872886458e-01	2.409387865835982967e-01	-3.203084958948403482e+01	1.968030990781456935e-01	-1.389965433872882294e-01	2.409387865835982967e-01	-3.203084958948403482e+01
1.102152641878669189e+12	1.668450246878508070e+00	1.899850976443005074e-02	8.777087814780092145e+00	2.783365282935685414e+00	6.339613661357412777e-02	2.277679361823059870e-02	2.041707668245564378e+00	4.872762057323431151e+00	8.202065347001166740e-02	-2.470308349394588210e-01	2.602914155452190070e-01	-3.266614939321117816e+01	8.202065347001367968e-02	-2.470308349394582381e-01	2.602914155452191181e-01	-3.266614939321117106e+01
1.108414872798434326e+12	1.662808530016637532e+00	1.815854516504435828e-02	8.436699026207573837e+00	2.764602474733580006e+00	6.038836758625625717e-02	2.184341804587141764e-02	7.184386404599689691e+00	1.346151562538993218e+01	1.179086984868857463e-01	-2.473297214426500856e-01	2.739971756930538738e-01	-3.254186658253378539e+01	1.179086984868858295e-01	-2.473297214426502244e-01	2.739971756930539848e-01	-3.254186658253378539e+01
1.114677103718199707e+12	1.665167215547444179e+00	1.840996066847219031e-02	8.601834892523433140e+00	2.772442929082213681e+00	6.131132588931560018e-02	2.211454931900511123e-02	5.740286934751555492e+00	1.192961189005536404e+01	6.554453790464979945e-03	-2.656096019115087858e-01	2.656904618010995089e-01	-3.296205084868211799e+01	6.554453790463344968e-03	-2.656096019115087858e-01	2.656904618010995089e-01	-3.296205084868212509e+01
1.120939334637964844e+12	1.662858354357038548e+00	1.822116388863559769e-02	8.561451181587935721e+00	2.764765895841541976e+00	6.059842919665297395e-02	2.191810499680949334e-02	7.050479555847298130e+00	1.333307599151297573e+01	-1.843154770262254993e-02	-2.657677924384815871e-01	2.664061588033164729e-01	-3.305596406902567708e+01	-1.843154770262059317e-02	-2.657677924384816981e-01	2.664061588033164729e-01	-3.305596406902566997e+01
1.127201565557729980e+12	1.664700157992572871e+00	1.889014488653173451e-02	8.925365983422672400e+00	2.770869778446662934e+00	6.289285435422393988e-02	2.269787445207236895e-02	8.094872848017420353e+00	1.427607522636882642e+01	-1.090918789768602903e-01	-2.284969717323387106e-01	2.532032862139650953e-01	-3.343215402364083388e+01	-1.090918789768594160e-01	-2.284969717323391547e-01	2.532032862139650953e-01	-3.343215402364082678e+01
1.133463796477495117e+12	1.662846345014447724e+00	1.898210323791697796e-02	9.018641948183017121e+00	2.764697646884572535e+00	6.312864197971432279e-02	2.283383213743154366e-02	7.864006742203788924e+00	1.407854893125527340e+01	-1.359282130282367940e-01	-2.109253788502253590e-01	2.509302583192405955e-01	-3.355917773363759693e+01	-1.359282130282369605e-01	-2.109253788502251925e-01	2.509302583192405400e-01	-3.355917773363760404e+01
1.139726027397260254e+12	1.664704771605054257e+00	1.885070586103114801e-02	9.005695202341307493e+00	2.770886627493176491e+00	6.276171998996382673e-02	2.265041065456525199e-02	7.271062709563832271e+00	1.354338299651227473e+01	-2.066579444502021912e-01	-1.436230642734135643e-01	2.516646391443739250e-01	-3.395017054560278069e+01	-2.066579444502018581e-01	-1.436230642734140361e-01	2.516646391443739250e-01	-3.395017054560278069e+01
1.145988258317025391e+12	1.662971192988647040e+00	1.992285940715055742e-02	9.570199677755754308e+00	2.765076268383126923e+00	6.626228255210850349e-02	2.396399813986152538e-02	7.218612206481998861e+00	1.349395992258820520e+01	-2.055556876930720034e-01	-1.050694659847858370e-01	2.308521895614157327e-01	-3.408499266932164318e+01	-2.055556876930713650e-01	-1.050694659847871137e-01	2.308521895614157327e-01	-3.408499266932163607e+01
1.152250489236790527e+12	1.664510431107896649e+00	1.897654628179593073e-02	9.165438260065359444e+00	2.770234865958210779e+00	6.317331846490219227e-02	2.280431859449969303e-02	5.326215605166362721e+00	1.141851362394318059e+01	-2.423600173170715744e-01	-2.728834213339821624e-02	2.438914340650787105e-01	-3.444539716513257588e+01	-2.423600173170713801e-01	-2.728834213339974279e-02	2.438914340650786827e-01	-3.444539716513256877e+01
1.158512720156555664e+12	1.661952079476784805e+00	2.088617474024271475e-02	1.014259011010363487e+01	2.761648482181929154e+00	6.942364308372375725e-02	2.513847925673486777e-02	4.228221311938663796e+00	9.842519104307109856e+00	-2.117285975460392322e-01	-8.792495070360659137e-03	2.119110827407924280e-01	-3.451601583966824194e+01	-2.117285975460392600e-01	-8.792495070361266291e-03	2.119110827407924558e-01	-3.451601583966823483e+01
1.164774951076321045e+12	1.664413500909319499e+00	1.588323553973520694e-02	7.754792110528191174e+00	2.770020024838006911e+00	5.287254334091599783e-02	1.908742278641398227e-02	1.253141641780164850e+00	1.540456098905611526e+00	-2.801543918943256717e-01	1.146153902286039528e-01	3.026931961160253537e-01	-3.494585862473095972e+01	-2.801543918943271705e-01	1.146153902286004833e-01	3.026931961160254092e-01	-3.494585862473094551e+01
1.171037181996086182e+12	1.662907981043338701e+00	1.801640247681839460e-02	8.843576174872580964e+00	2.764938362659425941e+00	5.991923893678056945e-02	2.167109391876204452e-02	3.074944118961411288e+00	7.668271347905108115e+00	-2.210696676391099014e-01	1.328292911606895610e-01	2.579058326992969552e-01	-3.509856206400439049e+01	-2.210696676391089022e-01	1.328292911606912541e-01	2.579058326992970107e-01	-3.509856206400439760e+01
1.177299412915851318e+12	1.666604068499602853e+00	2.215544510920081089e-02	1.093343350751128895e+01	2.777078257391441873e+00	7.384870991682740415e-02	2.659223222113833718e-02	4.158223172075468987e+00	9.728558288789320940e+00	-9.181698270743189616e-02	1.648387623782190392e-01	1.886853886655769086e-01	-3.562010561785672991e+01	-9.181698270743128554e-02	1.648387623782194000e-01	1.886853886655769086e-01	-3.562010561785673701e+01
1.183561643835616455e+12	1.662422434355516510e+00	2.114369762807112932e-02	1.048964964230137298e+01	2.763201294299134414e+00	7.029951456426992984e-02	2.544132948595078172e-02	4.867690428860095508e+00	1.080397023598128214e+01	-1.063788789549846153e-01	1.708262543587714122e-01	2.012413353810964534e-01	-3.557134919022779229e+01	-1.063788789549836855e-01	1.708262543587718840e-01	2.012413353810963701e-01	-3.557134919022779940e+01
1.189823874755381592e+12	1.664636588072425427e+00	2.492868754083474650e-02	1.243286604197198741e+01	2.770393530886897437e+00	8.299441074619746950e-02	2.995762508860180806e-02	4.899355270080547164e+00	1.084823441939390065e+01	-2.166886880023827580e-02	1.501605567450586265e-01	1.517159605218512120e-01	-3.598500017859097255e+01	-2.166886880023700251e-02	1.501605567450587930e-01	1.517159605218511564e-01	-3.598500017859097966e+01
1.196086105675146729e+12	1.659942265248175230e+00	2.195161492819681578e-02	1.100571043866645660e+01	2.754926450559287421e+00	7.287682681953336350e-02	2.645327493397814020e-02	5.293714284116938451e+00	1.137672889779480911e+01	-4.320950990571205408e-02	1.823059626796340593e-01	1.873566806250579475e-01	-3.589559350780917413e+01	-4.320950990571064548e-02	1.823059626796344479e-01	1.873566806250579753e-01	-3.589559350780918123e+01
1.202348336594911865e+12	1.661719177591161944e+00	2.464039985855660461e-02	1.241844502723296095e+01	2.760703475869057844e+00	8.189084997695612878e-02	2.966303722683481456e-02	4.820305108072546751e+00	1.073718965415646664e+01	2.347424058236970493e-02	1.505621643936110032e-01	1.523811186394420647e-01	-3.628298095043593463e+01	2.347424058236948982e-02	1.505621643936110310e-01	1.523811186394420647e-01	-3.628298095043593463e+01
1.208610567514677002e+12	1.657916493564652649e+00	2.018358446559723185e-02	1.022524787510745270e+01	2.748279722551832727e+00	6.692539516953791012e-02	2.435174069813983086e-02	3.780560476535373748e+00	9.078555980855846030e+00	2.718654235778059092e-02	2.084553033737275574e-01	2.102206497706735622e-01	-3.625800258268314735e+01	2.718654235777967498e-02	2.084553033737276684e-01	2.102206497706735344e-01	-3.625800258268314025e+01
1.214872798434442139e+12	1.658884071980955666e+00	2.443485714193791014e-02	1.244313386882257433e+01	2.751299302028569649e+00	8.106919062778179808e-02	2.946578388182208991e-02	3.887904610483287282e+00	9.269688718684523820e+00	6.621974239350862657e-02	1.362277488556755956e-01	1.514696465994017638e-01	-3.658077805581020669e+01	6.621974239350762736e-02	1.362277488556760952e-01	1.514696465994017915e-01	-3.658077805581019959e+01
1.221135029354207520e+12	1.658692902715872108e+00	1.910786283918668865e-02	9.780588018812698792e+00	2.750897035097724430e+00	6.338815295485462908e-02	2.304272102739853695e-02	5.198723237516983176e+00	1.125311850491801913e+01	1.420720040705525378e-01	1.723627131005108504e-01	2.233682144083891652e-01	-3.681767617399673043e+01	1.420720040705509557e-01	1.723627131005121549e-01	2.233682144083891652e-01	-3.681767617399672332e+01
1.227397260273972656e+12	1.659445610549364458e+00	2.310735114621398703e-02	1.188842917144458511e+01	2.753225784694558698e+00	7.669078486201524880e-02	2.785488400128552366e-02	4.470338035249061370e+00	1.022264415376604596e+01	1.384306653715154933e-01	8.908143045021901796e-02	1.646163733237301918e-01	-3.712731299551106190e+01	1.384306653715158542e-01	8.908143045021850448e-02	1.646163733237302196e-01	-3.712731299551106900e+01
1.233659491193737793e+12	1.659093463361247967e+00	1.798763315959211670e-02	9.301617732887239143e+00	2.752267565221336643e+00	5.968632919283862331e-02	2.168623790326819692e-02	3.646997975543463166e+00	8.833016054370853354e+00	2.272678312880128670e-01	8.094590277032021053e-02	2.412527850899525428e-01	-3.735695128893483741e+01	2.272678312880130613e-01	8.094590277031965542e-02	2.412527850899524873e-01	-3.735695128893484451e+01
1.239921722113502930e+12	1.658171316955796115e+00	2.183064125907017636e-02	1.134618662093072139e+01	2.749055539477136989e+00	7.239788633308386068e-02	2.633554880701091325e-02	5.096179322338623585e+00	1.111711852061786843e+01	1.760482240108117991e-01	2.799497715888864258e-02	1.782601916398825759e-01	-3.754141343625293104e+01	1.760482240108117713e-01	2.799497715888882993e-02	1.782601916398826036e-01	-3.754141343625293104e+01
1.246183953033268066e+12	1.659478063116492486e+00	1.796137242586657787e-02	9.382332799058611172e+00	2.753544831065444676e+00	5.961300704838209258e-02	2.164955020010176853e-02	4.962002498363093927e+00	1.093497210477997861e+01	2.320985255009525294e-01	-4.599733234360638828e-02	2.366125104943618551e-01	-3.789475698502396739e+01	2.320985255009525294e-01	-4.599733234360696421e-02	2.366125104943619661e-01	-3.789475698502396739e+01
1.252446183953033203e+12	1.658315565534303593e+00	2.146341631775838116e-02	1.126800638588503034e+01	2.749549836653327972e+00	7.118623473856337813e-02	2.589014164777212954e-02	5.008618410567660106e+00	1.099880609422452871e+01	1.685531602245809168e-01	-6.271161661265764464e-02	1.798413597587223689e-01	-3.805530107258309158e+01	1.685531602245805560e-01	-6.271161661265865772e-02	1.798413597587223967e-01	-3.805530107258309869e+01
1.258708414872798340e+12	1.659549218767524925e+00	1.751248860080868372e-02	9.239791308967927108e+00	2.753796922254909241e+00	5.812567355229447674e-02	2.110746550791372730e-02	4.549195303347927322e+00	1.034201700457296980e+01	1.853422944247958282e-01	-1.570756750739269181e-01	2.429496528142766620e-01	-3.840214670957909959e+01	1.853422944247950233e-01	-1.570756750739278895e-01	2.429496528142766898e-01	-3.840214670957910670e+01
1.264970645792563477e+12	1.658273726598429976e+00	2.120111201467294801e-02	1.124160313776600084e+01	2.749422265175985647e+00	7.031449405720491264e-02	2.557427971243413437e-02	4.278347280086686411e+00	9.922973584369232825e+00	1.181811860173741097e-01	-1.374618112678417103e-01	1.812802865330616076e-01	-3.855978761001882305e+01	1.181811860173739848e-01	-1.374618112678419046e-01	1.812802865330616908e-01	-3.855978761001882305e+01
1.271232876712328857e+12	1.659800562440783889e+00	1.729198941948164453e-02	9.214234024235757659e+00	2.754638894180659214e+00	5.740250752835143744e-02	2.083848726946304838e-02	3.934345925527247267e+00	9.350750236305580998e+00	7.960003095913797955e-02	-2.299915602213779831e-01	2.433768327137146581e-01	-3.893671214061332364e+01	7.960003095913562032e-02	-2.299915602213786492e-01	2.433768327137145471e-01	-3.893671214061333075e+01
1.277495107632093994e+12	1.658248506046734683e+00	2.094674824063345181e-02	1.121669780959208751e+01	2.749349341544371050e+00	6.946982795313498549e-02	2.526773404288893549e-02	3.513041409091165690e+00	8.577548285499538849e+00	3.683044817153322686e-02	-1.773927591650439062e-01	1.811758066539328749e-01	-3.906519565485986334e+01	3.683044817153368483e-02	-1.773927591650438784e-01	1.811758066539329304e-01	-3.906519565485985623e+01
1.283757338551859131e+12	1.660576831859244873e+00	1.731273697177847931e-02	9.316179147053407661e+00	2.757215683646232929e+00	5.749825982281665110e-02	2.085374030180296018e-02	3.514808903744599089e+00	8.580982065409356707e+00	-5.401336600608127453e-02	-2.330835007380678003e-01	2.392600301421441977e-01	-3.949762278860922748e+01	-5.401336600608323130e-02	-2.330835007380674950e-01	2.392600301421443365e-01	-3.949762278860923459e+01
1.290019569471624268e+12	1.658450106606241370e+00	2.081740731477800185e-02	1.125672611202167772e+01	2.750023391654944138e+00	6.904926276091824522e-02	2.510860924690713411e-02	2.883975538991573107e+00	7.230567892692530307e+00	-5.583484075422854437e-02	-1.717967642808816975e-01	1.806423473591695916e-01	-3.958414476701106821e+01	-5.583484075422752435e-02	-1.717967642808820583e-01	1.806423473591696471e-01	-3.958414476701106111e+01
1.296281800391389404e+12	1.661457036617479011e+00	1.718877359906351154e-02	9.339711818743122507e+00	2.760144030587895259e+00	5.711681769397763953e-02	2.069341927849036034e-02	2.908110074664124411e+00	7.287458861421431067e+00	-1.738457939422396459e-01	-1.649331782994578055e-01	2.396357931849255052e-01	-4.008160832083435565e+01	-1.738457939422387855e-01	-1.649331782994587214e-01	2.396357931849255052e-01	-4.008160832083434855e+01
1.302544031311154541e+12	1.658576073122950412e+00	2.085141719402914054e-02	1.138458363586715727e+01	2.750439808736946823e+00	6.916732329744244845e-02	2.514773203824641201e-02	2.713195913212510746e+00	6.813852912090657021e+00	-1.313104875664728166e-01	-1.189174381503641797e-01	1.771547381279724720e-01	-4.010479294105664394e+01	-1.313104875664730942e-01	-1.189174381503639299e-01	1.771547381279725275e-01	-4.010479294105665105e+01
1.308806262230919678e+12	1.661875415302285441e+00	1.804406823096782117e-02	9.899174638872489496e+00	2.761504307587819618e+00	5.997398677016484853e-02	2.171786826671737516e-02	2.883086967019748759e+00	7.228464236343655536e+00	-2.140405296455968609e-01	-4.779066387842200586e-02	2.193109570562034871e-01	-4.062102913675837357e+01	-2.140405296455967776e-01	-4.779066387842247771e-02	2.193109570562035149e-01	-4.062102913675837357e+01
1.315068493150684814e+12	1.657764012732737324e+00	2.119299421643529302e-02	1.168234032099069175e+01	2.747732378907889572e+00	7.026596626811892898e-02	2.557234714977837595e-02	3.000603889745862674e+00	7.501201931888079599e+00	-1.618291277520286231e-01	-4.980839271203657548e-02	1.693208273471956959e-01	-4.054212193797517472e+01	-1.618291277520284843e-01	-4.980839271203706814e-02	1.693208273471956959e-01	-4.054212193797517472e+01
1.321330724070450195e+12	1.661222445858793195e+00	1.866597542525985642e-02	1.033835365123080585e+01	2.759311595986494670e+00	6.201667470058061515e-02	2.247541553146292434e-02	3.006491782907396271e+00	7.514584280879406997e+00	-2.011935880967416768e-01	4.817140843651799426e-02	2.068800243667792693e-01	-4.107570870117331907e+01	-2.011935880967417045e-01	4.817140843651784854e-02	2.068800243667792693e-01	-4.107570870117331907e+01
1.327592954990215332e+12	1.657226910810790432e+00	2.130595918370828401e-02	1.185646410712562115e+01	2.745947090018737491e+00	7.061761783975534224e-02	2.571703515207697174e-02	2.880758659420168399e+00	7.222948990461691032e+00	-1.633822554356776369e-01	2.718884503747320477e-02	1.656290876800350642e-01	-4.100560583952672999e+01	-1.633822554356775258e-01	2.718884503747356907e-02	1.656290876800350087e-01	-4.100560583952672999e+01
1.333855185909980469e+12	1.661512047825212335e+00	1.952684791089469296e-02	1.091767058603983287e+01	2.760240987278995473e+00	6.488818612000421537e-02	2.350815976541599864e-02	3.028520828668209486e+00	7.564421783581032344e+00	-1.358083759488099840e-01	1.319497266317038453e-01	1.893532290087356351e-01	-4.161169270496913697e+01	-1.358083759488108999e-01	1.319497266317028461e-01	1.893532290087356074e-01	-4.161169270496912986e+01
1.340117416829745605e+12	1.656600576790387747e+00	2.101713381873208247e-02	1.180607402832650266e+01	2.743883751108290969e+00	6.963399201318466736e-02	2.537789437510192328e-02	3.294825291163714809e+00	8.139762734342415484e+00	-1.353590596110937627e-01	9.660850743305901545e-02	1.662987634567469064e-01	-4.146057948069699250e+01	-1.353590596110942346e-01	9.660850743305841870e-02	1.662987634567469064e-01	-4.146057948069699250e+01
1.346379647749510742e+12	1.661521658801708545e+00	1.925133345950785432e-02	1.086469441924245416e+01	2.760283608827212021e+00	6.397301500757264503e-02	2.317624710844603045e-02	3.198831200960698506e+00	7.937915099743869440e+00	-5.553502306030910773e-02	1.827246432037697432e-01	1.909775746527691553e-01	-4.211644482914446996e+01	-5.553502306030799057e-02	1.827246432037700485e-01	1.909775746527691553e-01	-4.211644482914447707e+01
1.352641878669275879e+12	1.656324897719882783e+00	2.125114123355122814e-02	1.204908999147482440e+01	2.742960555803051648e+00	7.039758866018504258e-02	2.566481990098281457e-02	3.291463089081040572e+00	8.132792940242238089e+00	-7.308723541301478943e-02	1.432523160552482411e-01	1.608196817417264224e-01	-4.193972708393986437e+01	-7.308723541301458126e-02	1.432523160552483243e-01	1.608196817417264224e-01	-4.193972708393987148e+01
1.358904109589041016e+12	1.661211341327116120e+00	1.960327557368406887e-02	1.116623126160337875e+01	2.759238832140618491e+00	6.513036742032961290e-02	2.360446897951253009e-02	3.085610414204184693e+00	7.691910455027937132e+00	3.493122074823826195e-02	1.797288971020375437e-01	1.830919622388622325e-01	-4.260346271210324431e+01	3.493122074823747786e-02	1.797288971020377379e-01	1.830919622388622603e-01	-4.260346271210323721e+01
1.365166340508806152e+12	1.655135971782176751e+00	2.072223266620304080e-02	1.185799542559885111e+01	2.739045674160658361e+00	6.859622540294467441e-02	2.504384138244244995e-02	3.128520267651170528e+00	7.786190632678235524e+00	-1.045959349498839543e-02	1.651490819522987430e-01	1.654799757244588554e-01	-4.234825105140880197e+01	-1.045959349498956636e-02	1.651490819522986875e-01	1.654799757244588554e-01	-4.234825105140879486e+01
1.371428571428571533e+12	1.661447485164105231e+00	1.874294736384670909e-02	1.077457726058620047e+01	2.760056447882246022e+00	6.228084552445262156e-02	2.256506223712919854e-02	2.647489814085886906e+00	6.646495894564313112e+00	1.270452882616586454e-01	1.454071763747477875e-01	1.930900106446860054e-01	-4.312960591476945638e+01	1.270452882616577572e-01	1.454071763747485924e-01	1.930900106446860331e-01	-4.312960591476944927e+01
1.377690802348336670e+12	1.654507759152034518e+00	2.023796240630102924e-02	1.168712542686445133e+01	2.736986349971927801e+00	6.696773166130445820e-02	2.446768931163698438e-02	2.536864361340770646e+00	6.355113595209460620e+00	6.357444911375061125e-02	1.568259786382347754e-01	1.692220380327483786e-01	-4.279663833888319857e+01	6.357444911375118024e-02	1.568259786382345533e-01	1.692220380327483786e-01	-4.279663833888319857e+01
1.383953033268101807e+12	1.662180033181843930e+00	1.882126483894371732e-02	1.091840799375919424e+01	2.762488222698257889e+00	6.256866122903947947e-02	2.264938569328110718e-02	2.144375116579050999e+00	5.207688084074302282e+00	1.825096134081172494e-01	5.280426054651621987e-02	1.899948655049519541e-01	-4.370066416234087825e+01	1.825096134081167498e-01	5.280426054651785051e-02	1.899948655049518986e-01	-4.370066416234087114e+01
1.390215264187866943e+12	1.653829574044574535e+00	1.880697243180975281e-02	1.095948386682789533e+01	2.734798557772407879e+00	6.220705441193596225e-02	2.274648501445965948e-02	1.996016757196739544e+00	4.718254928785739821e+00	1.395949311309176710e-01	1.274992354813281326e-01	1.890576627533748499e-01	-4.324215432568930595e+01	1.395949311309169771e-01	1.274992354813289652e-01	1.890576627533748499e-01	-4.324215432568929884e+01
1.396477495107632080e+12	1.663159940280769078e+00	1.895131221875486979e-02	1.109334166069087857e+01	2.765741834719918746e+00	6.303812659597311796e-02	2.279248402892125602e-02	1.747265426513183950e+00	3.809618407077161706e+00	1.753562953675409652e-01	-5.685248070422559141e-02	1.843421679574497596e-01	-4.429581547107635231e+01	1.753562953675413816e-01	-5.685248070422425221e-02	1.843421679574497318e-01	-4.429581547107634520e+01
1.402739726027397217e+12	1.652947918539912298e+00	1.667359361923442806e-02	9.803823183933104701e+00	2.731958812681249071e+00	5.512116373498782140e-02	2.017642560316998401e-02	1.368130283943695957e+00	2.139775754968562538e+00	2.125319545439958713e-01	6.785544978639636293e-02	2.231013083063505265e-01	-4.367325494632233074e+01	2.125319545439952607e-01	6.785544978639804214e-02	2.231013083063504987e-01	-4.367325494632232363e+01
1.409001956947162354e+12	1.666218400479977380e+00	1.874421056977464486e-02	1.107051722012325889e+01	2.775932412668170368e+00	6.246389710765958697e-02	2.250195171272939901e-02	1.210640883345986740e+00	1.304910912710798954e+00	8.661988912481451142e-02	-1.641350093472524196e-01	1.855890796502256690e-01	-4.506750436602274590e+01	8.661988912481212444e-02	-1.641350093472535854e-01	1.855890796502255580e-01	-4.506750436602276011e+01
1.415264187866927490e+12	1.659637286947398982e+00	-5.741397445184199047e-03	-3.405997227741684785e+00	2.754362960581499653e+00	-1.905727455842446544e-02	-6.918940906176397100e-03	9.284804908778442056e-02	-1.622549068399010253e+01	1.397722644073477127e+00	-1.110014280102893380e+00	1.784869824885864542e+00	-4.465346646069922798e+01	1.397722644073483345e+00	-1.110014280102888939e+00	1.784869824885866540e+00	-4.465346646069922087e+01
1.421526418786692627e+12	1.659806020377976976e+00	2.948365329319407521e-02	1.756812415781104164e+01	2.754086739471464096e+00	9.787429047756097955e-02	3.553783875969861866e-02	1.206815198476631990e+00	1.283304244492490032e+00	3.636551920030481333e-02	-6.167489950203147026e-02	7.159779476557513733e-02	-4.502033208856035884e+01	3.636551920030424434e-02	-6.167489950203183108e-02	7.159779476557517897e-02	-4.502033208856037305e+01
1.427788649706458008e+12	1.661743946426213814e+00	1.536099722980572256e-02	9.193322537326757526e+00	2.761156983248273633e+00	5.105208831539900100e-02	1.848938275698487274e-02	1.340143155375407735e+00	1.998678640313725108e+00	2.535723463072097131e-02	-2.419677772875791499e-01	2.432928165680378896e-01	-4.544867868315608206e+01	2.535723463072328196e-02	-2.419677772875789834e-01	2.432928165680379728e-01	-4.544867868315607495e+01
1.434050880626223145e+12	1.659421938074648217e+00	3.018494895156347002e-02	1.814446500138330975e+01	2.752770037420213090e+00	1.001791329797755425e-01	3.639211834551187019e-02	1.759359496068230833e+00	3.856707650104947316e+00	3.915739046686605648e-03	-6.565217140534829188e-02	6.576884233829098647e-02	-4.549352034182179949e+01	3.915739046686328960e-03	-6.565217140534829188e-02	6.576884233829097259e-02	-4.549352034182179949e+01
1.440313111545988281e+12	1.659795596374932680e+00	1.644900965896437320e-02	9.930836480311096892e+00	2.754650851826857760e+00	5.460398759335560043e-02	1.982247135136664187e-02	1.720281432250319487e+00	3.703368268709161359e+00	-4.903211215924128258e-02	-2.134513372104665518e-01	2.190105508411243629e-01	-4.577888733228126483e+01	-4.903211215924175442e-02	-2.134513372104663576e-01	2.190105508411242796e-01	-4.577888733228127194e+01
1.446575342465753418e+12	1.659008095211050415e+00	2.830947704374730742e-02	1.716572164992329164e+01	2.751506433485307213e+00	9.393130317353635961e-02	3.413813685129366005e-02	1.781653975922782296e+00	3.942670804666516648e+00	-3.034152075411851446e-02	-6.963827812568784692e-02	7.596115890363482059e-02	-4.596399358500283938e+01	-3.034152075411779628e-02	-6.963827812568813835e-02	7.596115890363479284e-02	-4.596399358500283228e+01
1.452837573385518555e+12	1.659070148152903323e+00	1.727995115303448612e-02	1.052322205313263304e+01	2.752215159780245113e+00	5.733730223907971407e-02	2.083314672376773702e-02	1.929244328828713551e+00	4.485977313569411429e+00	-1.255886691689401813e-01	-1.573630997020371292e-01	2.013346939090696897e-01	-4.622666385831839619e+01	-1.255886691689393764e-01	-1.573630997020377953e-01	2.013346939090697174e-01	-4.622666385831838909e+01
1.459099804305283691e+12	1.657987037131462893e+00	2.759568339998327152e-02	1.687777970563987395e+01	2.748159493553654631e+00	9.150657071591231095e-02	3.329740174489830701e-02	1.779811812382103176e+00	3.935608665283423235e+00	-5.828754963618254514e-02	-5.363419186688057200e-02	7.920899557375918332e-02	-4.638004459666043999e+01	-5.828754963618235779e-02	-5.363419186688074547e-02	7.920899557375915556e-02	-4.638004459666043289e+01
1.465362035225048828e+12	1.658634960818430537e+00	1.768674357308546233e-02	1.086380536045936473e+01	2.750757112350936229e+00	5.867170246670046913e-02	2.132929228948049830e-02	1.927232755550392751e+00	4.478855641327855963e+00	-1.731750989380907157e-01	-7.976746221310591911e-02	1.906632185822341174e-01	-4.669224161611707302e+01	-1.731750989380919092e-01	-7.976746221310339335e-02	1.906632185822341174e-01	-4.669224161611708723e+01
1.471624266144813965e+12	1.656906789338326469e+00	2.793696093139230383e-02	1.723317356296708525e+01	2.744559634769359047e+00	9.257788048140697112e-02	3.373141516350647989e-02	1.728439275129413977e+00	3.735664731680900630e+00	-7.098568485472858680e-02	-2.481183919319767880e-02	7.519703995799265073e-02	-4.678763108305907537e+01	-7.098568485472882272e-02	-2.481183919319708553e-02	7.519703995799267848e-02	-4.678763108305908247e+01
1.477886497064579346e+12	1.658126151406993154e+00	1.702344471746878793e-02	1.054575522911696872e+01	2.749092536309718060e+00	5.645403774613245995e-02	2.053551744821013186e-02	1.737523372696553325e+00	3.771449297047611005e+00	-2.006599757530814210e-01	5.484170001967536394e-03	2.007349047620709814e-01	-4.715121366401648118e+01	-2.006599757530813377e-01	5.484170001969089839e-03	2.007349047620709259e-01	-4.715121366401648828e+01
1.484148727984344482e+12	1.657461398515470252e+00	2.750170495778715349e-02	1.710906214843117468e+01	2.746421943793273091e+00	9.116602872178747319e-02	3.319447287690680676e-02	1.534050715413414867e+00	2.921198506972598530e+00	-7.476379795918476623e-02	1.672509034139322767e-02	7.661171015066538248e-02	-4.734397200479577350e+01	-7.476379795918486337e-02	1.672509034139304726e-02	7.661171015066542411e-02	-4.734397200479577350e+01
1.490410958904109619e+12	1.657918776347340639e+00	1.589806980233133063e-02	9.932065976382425276e+00	2.748441920341623490e+00	5.271541686593153586e-02	1.918010945611656193e-02	1.426806223279712738e+00	2.426450054254015498e+00	-1.900224850728479964e-01	1.086548871360357021e-01	2.188936484501215196e-01	-4.764331599294911257e+01	-1.900224850728488291e-01	1.086548871360341478e-01	2.188936484501215196e-01	-4.764331599294910546e+01
1.496673189823874756e+12	1.655296720923769005e+00	2.724957281633546419e-02	1.709526504885472775e+01	2.739264695082309409e+00	9.021225705890713320e-02	3.293301929560203678e-02	1.293976410741715544e+00	1.759360795931858679e+00	-6.633437084684527807e-02	3.857772347575082889e-02	7.673649395312696908e-02	-4.765064357801141881e+01	-6.633437084684473684e-02	3.857772347575172400e-02	7.673649395312696908e-02	-4.765064357801143302e+01
1.502935420743639893e+12	1.658115885547856383e+00	1.443730750982948584e-02	9.095271925437897309e+00	2.749139854058018528e+00	4.787745785317527175e-02	1.741543187863037537e-02	1.214143324434708848e+00	1.324632183056045687e+00	-1.260089530716044237e-01	2.129495477900490152e-01	2.474384088176048990e-01	-4.816036860136171782e+01	-1.260089530716059225e-01	2.129495477900481826e-01	2.474384088176049823e-01	-4.816036860136171072e+01
