0.0000	0.0011	-200000.0000
0.1562	0.0010	-199400.0000
0.3125	0.0011	-198800.0000
0.4687	0.0010	-198200.0000
0.6250	0.0010	-197600.0000
0.7812	0.0010	-197000.0000
0.9375	0.0008	-196400.0000
1.0937	0.0010	-195800.0000
1.2500	0.0009	-195200.0000
1.4062	0.0010	-194600.0000
1.5625	0.0010	-194000.0000
1.7187	0.0008	-193400.0000
1.8750	0.0008	-192800.0000
2.0312	0.0010	-192200.0000
2.1875	0.0009	-191600.0000
2.3437	0.0009	-191000.0000
2.5000	0.0009	-190400.0000
2.6562	0.0011	-189800.0000
2.8125	0.0010	-189200.0000
2.9687	0.0010	-188600.0000
3.1250	0.0013	-188000.0000
3.2812	0.0012	-187400.0000
3.4375	0.0015	-186800.0000
3.5937	0.0015	-186200.0000
3.7500	0.0016	-185600.0000
3.9062	0.0015	-185000.0000
4.0625	0.0016	-184400.0000
4.2187	0.0018	-183800.0000
4.3750	0.0017	-183200.0000
4.5312	0.0018	-182600.0000
4.6875	0.0018	-182000.0000
4.8437	0.0021	-181400.0000
5.0000	0.0018	-180800.0000
5.1562	0.0019	-180200.0000
5.3125	0.0020	-179600.0000
5.4687	0.0019	-179000.0000
5.6250	0.0020	-178400.0000
5.7812	0.0020	-177800.0000
5.9375	0.0021	-177200.0000
6.0937	0.0018	-176600.0000
6.2500	0.0018	-176000.0000
6.4062	0.0018	-175400.0000
6.5625	0.0016	-174800.0000
6.7187	0.0015	-174200.0000
6.8750	0.0012	-173600.0000
7.0312	0.0010	-173000.0000
7.1875	0.0009	-172400.0000
7.3437	0.0006	-171800.0000
7.5000	0.0002	-171200.0000
7.6562	0.0000	-170600.0000
7.8125	-0.0000	-170000.0000
7.9687	-0.0002	-169400.0000
8.1250	-0.0003	-168800.0000
8.2812	-0.0003	-168200.0000
8.4375	-0.0001	-167600.0000
8.5937	-0.0002	-167000.0000
8.7500	-0.0001	-166400.0000
8.9062	-0.0002	-165800.0000
9.0625	0.0000	-165200.0000
9.2187	-0.0000	-164600.0000
9.3750	0.0003	-164000.0000
9.5312	0.0004	-163400.0000
9.6875	0.0008	-162800.0000
9.8437	0.0012	-162200.0000
10.0000	0.0016	-161600.0000
10.1562	0.0018	-161000.0000
10.3125	0.0021	-160400.0000
10.4687	0.0022	-159800.0000
10.6250	0.0023	-159200.0000
10.7812	0.0024	-158600.0000
10.9375	0.0026	-158000.0000
11.0937	0.0026	-157400.0000
11.2500	0.0027	-156800.0000
11.4062	0.0028	-156200.0000
11.5625	0.0028	-155600.0000
11.7187	0.0030	-155000.0000
11.8750	0.0031	-154400.0000
12.0312	0.0033	-153800.0000
12.1875	0.0034	-153200.0000
12.3437	0.0035	-152600.0000
12.5000	0.0037	-152000.0000
12.6562	0.0035	-151400.0000
12.8125	0.0036	-150800.0000
12.9687	0.0036	-150200.0000
13.1250	0.0034	-149600.0000
13.2812	0.0032	-149000.0000
13.4375	0.0029	-148400.0000
13.5937	0.0025	-147800.0000
13.7500	0.0024	-147200.0000
13.9062	0.0029	-146600.0000
14.0625	0.0042	-146000.0000
14.2187	0.0062	-145400.0000
14.3750	0.0087	-144800.0000
14.5312	0.0113	-144200.0000
14.6875	0.0123	-143600.0000
14.8437	0.0125	-143000.0000
15.0000	0.0113	-142400.0000
15.1562	0.0092	-141800.0000
15.3125	0.0071	-141200.0000
15.4687	0.0050	-140600.0000
15.6250	0.0035	-140000.0000
15.7812	0.0021	-139400.0000
15.9375	0.0006	-138800.0000
16.0937	-0.0008	-138200.0000
16.2500	-0.0019	-137600.0000
16.4062	-0.0026	-137000.0000
16.5625	-0.0023	-136400.0000
16.7187	-0.0011	-135800.0000
16.8750	0.0008	-135200.0000
17.0312	0.0029	-134600.0000
17.1875	0.0042	-134000.0000
17.3437	0.0052	-133400.0000
17.5000	0.0060	-132800.0000
17.6562	0.0070	-132200.0000
17.8125	0.0089	-131600.0000
17.9687	0.0117	-131000.0000
18.1250	0.0163	-130400.0000
18.2812	0.0226	-129800.0000
18.4375	0.0315	-129200.0000
18.5937	0.0434	-128600.0000
18.7500	0.0592	-128000.0000
18.9062	0.0768	-127400.0000
19.0625	0.0954	-126800.0000
19.2187	0.1128	-126200.0000
19.3750	0.1281	-125600.0000
19.5312	0.1404	-125000.0000
19.6875	0.1488	-124400.0000
19.8437	0.1521	-123800.0000
20.0000	0.1464	-123200.0000
20.1562	0.1261	-122600.0000
20.3125	0.0857	-122000.0000
20.4687	0.0234	-121400.0000
20.6250	-0.0584	-120800.0000
20.7812	-0.1555	-120200.0000
20.9375	-0.2685	-119600.0000
21.0937	-0.4089	-119000.0000
21.2500	-0.5895	-118400.0000
21.4062	-0.8284	-117800.0000
21.5625	-1.1291	-117200.0000
21.7187	-1.4700	-116600.0000
21.8750	-1.7680	-116000.0000
22.0312	-1.8401	-115400.0000
22.1875	-1.4662	-114800.0000
22.3437	-0.5366	-114200.0000
22.5000	0.7708	-113600.0000
22.6562	2.0142	-113000.0000
22.8125	2.7647	-112400.0000
22.9687	2.8157	-111800.0000
23.1250	2.2651	-111200.0000
23.2812	1.4160	-110600.0000
23.4375	0.6056	-110000.0000
23.5937	0.0350	-109400.0000
23.7500	-0.2537	-108800.0000
23.9062	-0.3328	-108200.0000
24.0625	-0.3250	-107600.0000
24.2187	-0.3126	-107000.0000
24.3750	-0.3144	-106400.0000
24.5312	-0.3138	-105800.0000
24.6875	-0.2979	-105200.0000
24.8437	-0.2702	-104600.0000
25.0000	-0.2407	-104000.0000
25.1562	-0.2127	-103400.0000
25.3125	-0.1750	-102800.0000
25.4687	-0.1169	-102200.0000
25.6250	-0.0424	-101600.0000
25.7812	0.0223	-101000.0000
25.9375	0.0532	-100400.0000
26.0937	0.0495	-99800.0000
26.2500	0.0313	-99200.0000
26.4062	0.0166	-98600.0000
26.5625	0.0101	-98000.0000
26.7187	0.0094	-97400.0000
26.8750	0.0134	-96800.0000
27.0312	0.0188	-96200.0000
27.1875	0.0191	-95600.0000
27.3437	0.0071	-95000.0000
27.5000	-0.0210	-94400.0000
27.6562	-0.0609	-93800.0000
27.8125	-0.1028	-93200.0000
27.9687	-0.1353	-92600.0000
28.1250	-0.1494	-92000.0000
28.2812	-0.1454	-91400.0000
28.4375	-0.1267	-90800.0000
28.5937	-0.1016	-90200.0000
28.7500	-0.0728	-89600.0000
28.9062	-0.0492	-89000.0000
29.0625	-0.0328	-88400.0000
29.2187	-0.0238	-87800.0000
29.3750	-0.0234	-87200.0000
29.5312	-0.0306	-86600.0000
29.6875	-0.0407	-86000.0000
29.8437	-0.0467	-85400.0000
30.0000	-0.0415	-84800.0000
30.1562	-0.0207	-84200.0000
30.3125	0.0197	-83600.0000
30.4687	0.0744	-83000.0000
30.6250	0.1215	-82400.0000
30.7812	0.1334	-81800.0000
30.9375	0.1008	-81200.0000
31.0937	0.0393	-80600.0000
31.2500	-0.0225	-80000.0000
31.4062	-0.0690	-79400.0000
31.5625	-0.0965	-78800.0000
31.7187	-0.1042	-78200.0000
31.8750	-0.0897	-77600.0000
32.0312	-0.0540	-77000.0000
32.1875	-0.0098	-76400.0000
32.3437	0.0300	-75800.0000
32.5000	0.0535	-75200.0000
32.6562	0.0599	-74600.0000
32.8125	0.0535	-74000.0000
32.9687	0.0375	-73400.0000
33.1250	0.0153	-72800.0000
33.2812	-0.0075	-72200.0000
33.4375	-0.0242	-71600.0000
33.5937	-0.0293	-71000.0000
33.7500	-0.0191	-70400.0000
33.9062	0.0058	-69800.0000
34.0625	0.0353	-69200.0000
34.2187	0.0559	-68600.0000
34.3750	0.0579	-68000.0000
34.5312	0.0420	-67400.0000
34.6875	0.0200	-66800.0000
34.8437	0.0034	-66200.0000
35.0000	-0.0060	-65600.0000
35.1562	-0.0131	-65000.0000
35.3125	-0.0208	-64400.0000
35.4687	-0.0258	-63800.0000
35.6250	-0.0229	-63200.0000
35.7812	-0.0103	-62600.0000
35.9375	0.0071	-62000.0000
36.0937	0.0222	-61400.0000
36.2500	0.0313	-60800.0000
36.4062	0.0380	-60200.0000
36.5625	0.0454	-59600.0000
36.7187	0.0491	-59000.0000
36.8750	0.0416	-58400.0000
37.0312	0.0218	-57800.0000
37.1875	-0.0013	-57200.0000
37.3437	-0.0139	-56600.0000
37.5000	-0.0081	-56000.0000
37.6562	0.0127	-55400.0000
37.8125	0.0344	-54800.0000
37.9687	0.0438	-54200.0000
38.1250	0.0414	-53600.0000
38.2812	0.0360	-53000.0000
38.4375	0.0308	-52400.0000
38.5937	0.0213	-51800.0000
38.7500	0.0053	-51200.0000
38.9062	-0.0095	-50600.0000
39.0625	-0.0106	-50000.0000
39.2187	0.0063	-49400.0000
39.3750	0.0368	-48800.0000
39.5312	0.0632	-48200.0000
39.6875	0.0753	-47600.0000
39.8437	0.0753	-47000.0000
40.0000	0.0736	-46400.0000
40.1562	0.0784	-45800.0000
40.3125	0.0848	-45200.0000
40.4687	0.0846	-44600.0000
40.6250	0.0739	-44000.0000
40.7812	0.0596	-43400.0000
40.9375	0.0520	-42800.0000
41.0937	0.0565	-42200.0000
41.2500	0.0692	-41600.0000
41.4062	0.0813	-41000.0000
41.5625	0.0877	-40400.0000
41.7187	0.0897	-39800.0000
41.8750	0.0885	-39200.0000
42.0312	0.0803	-38600.0000
42.1875	0.0597	-38000.0000
42.3437	0.0273	-37400.0000
42.5000	-0.0078	-36800.0000
42.6562	-0.0330	-36200.0000
42.8125	-0.0409	-35600.0000
42.9687	-0.0331	-35000.0000
43.1250	-0.0176	-34400.0000
43.2812	-0.0044	-33800.0000
43.4375	0.0008	-33200.0000
43.5937	-0.0035	-32600.0000
43.7500	-0.0160	-32000.0000
43.9062	-0.0329	-31400.0000
44.0625	-0.0502	-30800.0000
44.2187	-0.0631	-30200.0000
44.3750	-0.0679	-29600.0000
44.5312	-0.0631	-29000.0000
44.6875	-0.0517	-28400.0000
44.8437	-0.0401	-27800.0000
45.0000	-0.0348	-27200.0000
45.1562	-0.0379	-26600.0000
45.3125	-0.0453	-26000.0000
45.4687	-0.0542	-25400.0000
45.6250	-0.0647	-24800.0000
45.7812	-0.0773	-24200.0000
45.9375	-0.0905	-23600.0000
46.0937	-0.1031	-23000.0000
46.2500	-0.1132	-22400.0000
46.4062	-0.1192	-21800.0000
46.5625	-0.1190	-21200.0000
46.7187	-0.1126	-20600.0000
46.8750	-0.1009	-20000.0000
47.0312	-0.0871	-19400.0000
47.1875	-0.0779	-18800.0000
47.3437	-0.0774	-18200.0000
47.5000	-0.0861	-17600.0000
47.6562	-0.0984	-17000.0000
47.8125	-0.1093	-16400.0000
47.9687	-0.1143	-15800.0000
48.1250	-0.1084	-15200.0000
48.2812	-0.0895	-14600.0000
48.4375	-0.0611	-14000.0000
48.5937	-0.0318	-13400.0000
48.7500	-0.0097	-12800.0000
48.9062	0.0007	-12200.0000
49.0625	0.0008	-11600.0000
49.2187	-0.0038	-11000.0000
49.3750	-0.0056	-10400.0000
49.5312	0.0002	-9800.0000
49.6875	0.0131	-9200.0000
49.8437	0.0277	-8600.0000
50.0000	0.0439	-8000.0000
50.1562	0.0606	-7400.0000
50.3125	0.0784	-6800.0000
50.4687	0.0938	-6200.0000
50.6250	0.1023	-5600.0000
50.7812	0.1020	-5000.0000
50.9375	0.0968	-4400.0000
51.0937	0.0932	-3800.0000
51.2500	0.0924	-3200.0000
51.4062	0.0913	-2600.0000
51.5625	0.0847	-2000.0000
51.7187	0.0729	-1400.0000
51.8750	0.0611	-800.0000
52.0312	0.0547	-200.0000
52.1875	0.0540	400.0000
52.3437	0.0539	1000.0000
52.5000	0.0479	1600.0000
52.6562	0.0340	2200.0000
52.8125	0.0125	2800.0000
52.9687	-0.0097	3400.0000
53.1250	-0.0278	4000.0000
53.2812	-0.0390	4600.0000
53.4375	-0.0410	5200.0000
53.5937	-0.0342	5800.0000
53.7500	-0.0207	6400.0000
53.9062	-0.0064	7000.0000
54.0625	0.0009	7600.0000
54.2187	-0.0051	8200.0000
54.3750	-0.0228	8800.0000
54.5312	-0.0431	9400.0000
54.6875	-0.0546	10000.0000
54.8437	-0.0482	10600.0000
55.0000	-0.0227	11200.0000
55.1562	0.0161	11800.0000
55.3125	0.0587	12400.0000
55.4687	0.0937	13000.0000
55.6250	0.1131	13600.0000
55.7812	0.1139	14200.0000
55.9375	0.0991	14800.0000
56.0937	0.0737	15400.0000
56.2500	0.0433	16000.0000
56.4062	0.0122	16600.0000
56.5625	-0.0164	17200.0000
56.7187	-0.0401	17800.0000
56.8750	-0.0608	18400.0000
57.0312	-0.0777	19000.0000
57.1875	-0.0884	19600.0000
57.3437	-0.0889	20200.0000
57.5000	-0.0780	20800.0000
57.6562	-0.0583	21400.0000
57.8125	-0.0385	22000.0000
57.9687	-0.0255	22600.0000
58.1250	-0.0210	23200.0000
58.2812	-0.0221	23800.0000
58.4375	-0.0246	24400.0000
58.5937	-0.0264	25000.0000
58.7500	-0.0260	25600.0000
58.9062	-0.0233	26200.0000
59.0625	-0.0174	26800.0000
59.2187	-0.0089	27400.0000
59.3750	0.0001	28000.0000
59.5312	0.0066	28600.0000
59.6875	0.0059	29200.0000
59.8437	-0.0018	29800.0000
60.0000	-0.0125	30400.0000
60.1562	-0.0197	31000.0000
60.3125	-0.0206	31600.0000
60.4687	-0.0163	32200.0000
60.6250	-0.0101	32800.0000
60.7812	-0.0033	33400.0000
60.9375	0.0032	34000.0000
61.0937	0.0110	34600.0000
61.2500	0.0202	35200.0000
61.4062	0.0299	35800.0000
61.5625	0.0374	36400.0000
61.7187	0.0399	37000.0000
61.8750	0.0360	37600.0000
62.0312	0.0264	38200.0000
62.1875	0.0142	38800.0000
62.3437	0.0022	39400.0000
62.5000	-0.0076	40000.0000
62.6562	-0.0154	40600.0000
62.8125	-0.0221	41200.0000
62.9687	-0.0279	41800.0000
63.1250	-0.0328	42400.0000
63.2812	-0.0389	43000.0000
63.4375	-0.0490	43600.0000
63.5937	-0.0651	44200.0000
63.7500	-0.0852	44800.0000
63.9062	-0.1025	45400.0000
64.0625	-0.1116	46000.0000
64.2187	-0.1096	46600.0000
64.3750	-0.0989	47200.0000
64.5312	-0.0833	47800.0000
64.6875	-0.0660	48400.0000
64.8437	-0.0477	49000.0000
65.0000	-0.0276	49600.0000
65.1562	-0.0069	50200.0000
65.3125	0.0135	50800.0000
65.4687	0.0340	51400.0000
65.6250	0.0558	52000.0000
65.7812	0.0804	52600.0000
65.9375	0.1061	53200.0000
66.0937	0.1261	53800.0000
66.2500	0.1369	54400.0000
66.4062	0.1388	55000.0000
66.5625	0.1372	55600.0000
66.7187	0.1334	56200.0000
66.8750	0.1258	56800.0000
67.0312	0.1108	57400.0000
67.1875	0.0876	58000.0000
67.3437	0.0619	58600.0000
67.5000	0.0389	59200.0000
67.6562	0.0207	59800.0000
67.8125	0.0058	60400.0000
67.9687	-0.0063	61000.0000
68.1250	-0.0142	61600.0000
68.2812	-0.0148	62200.0000
68.4375	-0.0078	62800.0000
68.5937	0.0022	63400.0000
68.7500	0.0093	64000.0000
68.9062	0.0109	64600.0000
69.0625	0.0094	65200.0000
69.2187	0.0099	65800.0000
69.3750	0.0174	66400.0000
69.5312	0.0313	67000.0000
69.6875	0.0476	67600.0000
69.8437	0.0623	68200.0000
70.0000	0.0717	68800.0000
70.1562	0.0763	69400.0000
70.3125	0.0760	70000.0000
70.4687	0.0699	70600.0000
70.6250	0.0597	71200.0000
70.7812	0.0466	71800.0000
70.9375	0.0342	72400.0000
71.0937	0.0242	73000.0000
71.2500	0.0178	73600.0000
71.4062	0.0143	74200.0000
71.5625	0.0140	74800.0000
71.7187	0.0149	75400.0000
71.8750	0.0166	76000.0000
72.0312	0.0178	76600.0000
72.1875	0.0180	77200.0000
72.3437	0.0156	77800.0000
72.5000	0.0071	78400.0000
72.6562	-0.0086	79000.0000
72.8125	-0.0301	79600.0000
72.9687	-0.0521	80200.0000
73.1250	-0.0689	80800.0000
73.2812	-0.0778	81400.0000
73.4375	-0.0799	82000.0000
73.5937	-0.0774	82600.0000
73.7500	-0.0734	83200.0000
73.9062	-0.0699	83800.0000
74.0625	-0.0693	84400.0000
74.2187	-0.0733	85000.0000
74.3750	-0.0816	85600.0000
74.5312	-0.0907	86200.0000
74.6875	-0.0965	86800.0000
74.8437	-0.0963	87400.0000
75.0000	-0.0911	88000.0000
75.1562	-0.0844	88600.0000
75.3125	-0.0811	89200.0000
75.4687	-0.0819	89800.0000
75.6250	-0.0851	90400.0000
75.7812	-0.0872	91000.0000
75.9375	-0.0882	91600.0000
76.0937	-0.0896	92200.0000
76.2500	-0.0919	92800.0000
76.4062	-0.0942	93400.0000
76.5625	-0.0955	94000.0000
76.7187	-0.0954	94600.0000
76.8750	-0.0940	95200.0000
77.0312	-0.0916	95800.0000
77.1875	-0.0866	96400.0000
77.3437	-0.0768	97000.0000
77.5000	-0.0627	97600.0000
77.6562	-0.0471	98200.0000
77.8125	-0.0350	98800.0000
77.9687	-0.0313	99400.0000
78.1250	-0.0342	100000.0000
78.2812	-0.0404	100600.0000
78.4375	-0.0443	101200.0000
78.5937	-0.0423	101800.0000
78.7500	-0.0342	102400.0000
78.9062	-0.0229	103000.0000
79.0625	-0.0113	103600.0000
79.2187	-0.0004	104200.0000
79.3750	0.0101	104800.0000
79.5312	0.0195	105400.0000
79.6875	0.0271	106000.0000
79.8437	0.0317	106600.0000
80.0000	0.0345	107200.0000
80.1562	0.0388	107800.0000
80.3125	0.0468	108400.0000
80.4687	0.0585	109000.0000
80.6250	0.0716	109600.0000
80.7812	0.0820	110200.0000
80.9375	0.0870	110800.0000
81.0937	0.0878	111400.0000
81.2500	0.0859	112000.0000
81.4062	0.0829	112600.0000
81.5625	0.0801	113200.0000
81.7187	0.0780	113800.0000
81.8750	0.0782	114400.0000
82.0312	0.0825	115000.0000
82.1875	0.0911	115600.0000
82.3437	0.1023	116200.0000
82.5000	0.1134	116800.0000
82.6562	0.1225	117400.0000
82.8125	0.1299	118000.0000
82.9687	0.1342	118600.0000
83.1250	0.1335	119200.0000
83.2812	0.1255	119800.0000
83.4375	0.1100	120400.0000
83.5937	0.0930	121000.0000
83.7500	0.0806	121600.0000
83.9062	0.0775	122200.0000
84.0625	0.0818	122800.0000
84.2187	0.0900	123400.0000
84.3750	0.0986	124000.0000
84.5312	0.1072	124600.0000
84.6875	0.1151	125200.0000
84.8437	0.1215	125800.0000
85.0000	0.1236	126400.0000
85.1562	0.1196	127000.0000
85.3125	0.1129	127600.0000
85.4687	0.1081	128200.0000
85.6250	0.1092	128800.0000
85.7812	0.1152	129400.0000
85.9375	0.1210	130000.0000
86.0937	0.1211	130600.0000
86.2500	0.1149	131200.0000
86.4062	0.1054	131800.0000
86.5625	0.0961	132400.0000
86.7187	0.0875	133000.0000
86.8750	0.0774	133600.0000
87.0312	0.0639	134200.0000
87.1875	0.0472	134800.0000
87.3437	0.0287	135400.0000
87.5000	0.0103	136000.0000
87.6562	-0.0055	136600.0000
87.8125	-0.0180	137200.0000
87.9687	-0.0271	137800.0000
88.1250	-0.0343	138400.0000
88.2812	-0.0409	139000.0000
88.4375	-0.0497	139600.0000
88.5937	-0.0611	140200.0000
88.7500	-0.0756	140800.0000
88.9062	-0.0920	141400.0000
89.0625	-0.1072	142000.0000
89.2187	-0.1176	142600.0000
89.3750	-0.1190	143200.0000
89.5312	-0.1117	143800.0000
89.6875	-0.0988	144400.0000
89.8437	-0.0850	145000.0000
90.0000	-0.0741	145600.0000
90.1562	-0.0680	146200.0000
90.3125	-0.0671	146800.0000
90.4687	-0.0702	147400.0000
90.6250	-0.0737	148000.0000
90.7812	-0.0760	148600.0000
90.9375	-0.0759	149200.0000
91.0937	-0.0742	149800.0000
91.2500	-0.0718	150400.0000
91.4062	-0.0693	151000.0000
91.5625	-0.0665	151600.0000
91.7187	-0.0619	152200.0000
91.8750	-0.0547	152800.0000
92.0312	-0.0449	153400.0000
92.1875	-0.0337	154000.0000
92.3437	-0.0239	154600.0000
92.5000	-0.0176	155200.0000
92.6562	-0.0138	155800.0000
92.8125	-0.0111	156400.0000
92.9687	-0.0069	157000.0000
93.1250	0.0007	157600.0000
93.2812	0.0107	158200.0000
93.4375	0.0215	158800.0000
93.5937	0.0315	159400.0000
93.7500	0.0391	160000.0000
93.9062	0.0417	160600.0000
94.0625	0.0390	161200.0000
94.2187	0.0308	161800.0000
94.3750	0.0203	162400.0000
94.5312	0.0109	163000.0000
94.6875	0.0071	163600.0000
94.8437	0.0091	164200.0000
95.0000	0.0146	164800.0000
95.1562	0.0198	165400.0000
95.3125	0.0210	166000.0000
95.4687	0.0172	166600.0000
95.6250	0.0097	167200.0000
95.7812	0.0012	167800.0000
95.9375	-0.0069	168400.0000
96.0937	-0.0145	169000.0000
96.2500	-0.0216	169600.0000
96.4062	-0.0259	170200.0000
96.5625	-0.0264	170800.0000
96.7187	-0.0218	171400.0000
96.8750	-0.0130	172000.0000
97.0312	-0.0029	172600.0000
97.1875	0.0051	173200.0000
97.3437	0.0084	173800.0000
97.5000	0.0070	174400.0000
97.6562	0.0018	175000.0000
97.8125	-0.0046	175600.0000
97.9687	-0.0090	176200.0000
98.1250	-0.0093	176800.0000
98.2812	-0.0041	177400.0000
98.4375	0.0057	178000.0000
98.5937	0.0167	178600.0000
98.7500	0.0265	179200.0000
98.9062	0.0332	179800.0000
99.0625	0.0365	180400.0000
99.2187	0.0360	181000.0000
99.3750	0.0299	181600.0000
99.5312	0.0179	182200.0000
99.6875	0.0010	182800.0000
99.8437	-0.0171	183400.0000
100.0000	-0.0331	184000.0000
100.1562	-0.0413	184600.0000
100.3125	-0.0420	185200.0000
100.4687	-0.0362	185800.0000
100.6250	-0.0275	186400.0000
100.7812	-0.0187	187000.0000
100.9375	-0.0127	187600.0000
101.0937	-0.0112	188200.0000
101.2500	-0.0150	188800.0000
101.4062	-0.0232	189400.0000
101.5625	-0.0334	190000.0000
101.7187	-0.0428	190600.0000
101.8750	-0.0499	191200.0000
102.0312	-0.0542	191800.0000
102.1875	-0.0558	192400.0000
102.3437	-0.0557	193000.0000
102.5000	-0.0547	193600.0000
102.6562	-0.0542	194200.0000
102.8125	-0.0560	194800.0000
102.9687	-0.0638	195400.0000
103.1250	-0.0813	196000.0000
103.2812	-0.1077	196600.0000
103.4375	-0.1343	197200.0000
103.5937	-0.1487	197800.0000
103.7500	-0.1424	198400.0000
103.9062	-0.1178	199000.0000
104.0625	-0.0863	199600.0000
