0.0000	0.0032	-200000.0000
0.1562	0.0031	-199400.0000
0.3125	0.0027	-198800.0000
0.4687	0.0025	-198200.0000
0.6250	0.0023	-197600.0000
0.7812	0.0021	-197000.0000
0.9375	0.0017	-196400.0000
1.0937	0.0013	-195800.0000
1.2500	0.0012	-195200.0000
1.4062	0.0010	-194600.0000
1.5625	0.0009	-194000.0000
1.7187	0.0011	-193400.0000
1.8750	0.0010	-192800.0000
2.0312	0.0011	-192200.0000
2.1875	0.0010	-191600.0000
2.3437	0.0010	-191000.0000
2.5000	0.0009	-190400.0000
2.6562	0.0009	-189800.0000
2.8125	0.0009	-189200.0000
2.9687	0.0011	-188600.0000
3.1250	0.0013	-188000.0000
3.2812	0.0018	-187400.0000
3.4375	0.0020	-186800.0000
3.5937	0.0023	-186200.0000
3.7500	0.0029	-185600.0000
3.9062	0.0031	-185000.0000
4.0625	0.0032	-184400.0000
4.2187	0.0036	-183800.0000
4.3750	0.0035	-183200.0000
4.5312	0.0036	-182600.0000
4.6875	0.0036	-182000.0000
4.8437	0.0036	-181400.0000
5.0000	0.0035	-180800.0000
5.1562	0.0037	-180200.0000
5.3125	0.0037	-179600.0000
5.4687	0.0038	-179000.0000
5.6250	0.0041	-178400.0000
5.7812	0.0041	-177800.0000
5.9375	0.0041	-177200.0000
6.0937	0.0039	-176600.0000
6.2500	0.0038	-176000.0000
6.4062	0.0037	-175400.0000
6.5625	0.0034	-174800.0000
6.7187	0.0031	-174200.0000
6.8750	0.0024	-173600.0000
7.0312	0.0020	-173000.0000
7.1875	0.0014	-172400.0000
7.3437	0.0011	-171800.0000
7.5000	0.0021	-171200.0000
7.6562	0.0045	-170600.0000
7.8125	0.0085	-170000.0000
7.9687	0.0128	-169400.0000
8.1250	0.0155	-168800.0000
8.2812	0.0160	-168200.0000
8.4375	0.0135	-167600.0000
8.5937	0.0103	-167000.0000
8.7500	0.0067	-166400.0000
8.9062	0.0041	-165800.0000
9.0625	0.0021	-165200.0000
9.2187	0.0006	-164600.0000
9.3750	-0.0004	-164000.0000
9.5312	-0.0021	-163400.0000
9.6875	-0.0036	-162800.0000
9.8437	-0.0050	-162200.0000
10.0000	-0.0056	-161600.0000
10.1562	-0.0042	-161000.0000
10.3125	-0.0013	-160400.0000
10.4687	0.0019	-159800.0000
10.6250	0.0042	-159200.0000
10.7812	0.0049	-158600.0000
10.9375	0.0043	-158000.0000
11.0937	0.0039	-157400.0000
11.2500	0.0051	-156800.0000
11.4062	0.0076	-156200.0000
11.5625	0.0119	-155600.0000
11.7187	0.0180	-155000.0000
11.8750	0.0266	-154400.0000
12.0312	0.0385	-153800.0000
12.1875	0.0553	-153200.0000
12.3437	0.0773	-152600.0000
12.5000	0.1011	-152000.0000
12.6562	0.1238	-151400.0000
12.8125	0.1426	-150800.0000
12.9687	0.1569	-150200.0000
13.1250	0.1677	-149600.0000
13.2812	0.1756	-149000.0000
13.4375	0.1791	-148400.0000
13.5937	0.1720	-147800.0000
13.7500	0.1437	-147200.0000
13.9062	0.0843	-146600.0000
14.0625	-0.0105	-146000.0000
14.2187	-0.1329	-145400.0000
14.3750	-0.2651	-144800.0000
14.5312	-0.4071	-144200.0000
14.6875	-0.5832	-143600.0000
14.8437	-0.8231	-143000.0000
15.0000	-1.1581	-142400.0000
15.1562	-1.5938	-141800.0000
15.3125	-2.0817	-141200.0000
15.4687	-2.4794	-140600.0000
15.6250	-2.4989	-140000.0000
15.7812	-1.6622	-139400.0000
15.9375	0.2424	-138800.0000
16.0937	2.5678	-138200.0000
16.2500	4.2760	-137600.0000
16.4062	4.5572	-137000.0000
16.5625	3.5198	-136400.0000
16.7187	1.8339	-135800.0000
16.8750	0.3158	-135200.0000
17.0312	-0.5933	-134600.0000
17.1875	-0.8498	-134000.0000
17.3437	-0.6786	-133400.0000
17.5000	-0.4072	-132800.0000
17.6562	-0.2633	-132200.0000
17.8125	-0.2883	-131600.0000
17.9687	-0.3565	-131000.0000
18.1250	-0.3748	-130400.0000
18.2812	-0.3262	-129800.0000
18.4375	-0.2682	-129200.0000
18.5937	-0.2239	-128600.0000
18.7500	-0.1999	-128000.0000
18.9062	-0.1664	-127400.0000
19.0625	-0.0794	-126800.0000
19.2187	0.0437	-126200.0000
19.3750	0.1385	-125600.0000
19.5312	0.1263	-125000.0000
19.6875	0.0470	-124400.0000
19.8437	-0.0128	-123800.0000
20.0000	-0.0201	-123200.0000
20.1562	-0.0051	-122600.0000
20.3125	0.0124	-122000.0000
20.4687	0.0283	-121400.0000
20.6250	0.0401	-120800.0000
20.7812	0.0312	-120200.0000
20.9375	-0.0025	-119600.0000
21.0937	-0.0465	-119000.0000
21.2500	-0.1157	-118400.0000
21.4062	-0.1695	-117800.0000
21.5625	-0.2043	-117200.0000
21.7187	-0.1964	-116600.0000
21.8750	-0.1654	-116000.0000
22.0312	-0.1179	-115400.0000
22.1875	-0.0683	-114800.0000
22.3437	-0.0357	-114200.0000
22.5000	-0.0193	-113600.0000
22.6562	-0.0115	-113000.0000
22.8125	-0.0123	-112400.0000
22.9687	-0.0161	-111800.0000
23.1250	-0.0433	-111200.0000
23.2812	-0.0654	-110600.0000
23.4375	-0.0738	-110000.0000
23.5937	-0.0515	-109400.0000
23.7500	-0.0124	-108800.0000
23.9062	0.0501	-108200.0000
24.0625	0.1452	-107600.0000
24.2187	0.2283	-107000.0000
24.3750	0.2189	-106400.0000
24.5312	0.0929	-105800.0000
24.6875	-0.0503	-105200.0000
24.8437	-0.1320	-104600.0000
25.0000	-0.1452	-104000.0000
25.1562	-0.1442	-103400.0000
25.3125	-0.1339	-102800.0000
25.4687	-0.0944	-102200.0000
25.6250	-0.0185	-101600.0000
25.7812	0.0623	-101000.0000
25.9375	0.1041	-100400.0000
26.0937	0.0989	-99800.0000
26.2500	0.0783	-99200.0000
26.4062	0.0514	-98600.0000
26.5625	0.0237	-98000.0000
26.7187	-0.0138	-97400.0000
26.8750	-0.0439	-96800.0000
27.0312	-0.0607	-96200.0000
27.1875	-0.0473	-95600.0000
27.3437	-0.0155	-95000.0000
27.5000	0.0400	-94400.0000
27.6562	0.0884	-93800.0000
27.8125	0.1098	-93200.0000
27.9687	0.0811	-92600.0000
28.1250	0.0242	-92000.0000
28.2812	-0.0180	-91400.0000
28.4375	-0.0276	-90800.0000
28.5937	-0.0144	-90200.0000
28.7500	-0.0168	-89600.0000
28.9062	-0.0310	-89000.0000
29.0625	-0.0420	-88400.0000
29.2187	-0.0301	-87800.0000
29.3750	0.0006	-87200.0000
29.5312	0.0366	-86600.0000
29.6875	0.0508	-86000.0000
29.8437	0.0451	-85400.0000
30.0000	0.0411	-84800.0000
30.1562	0.0590	-84200.0000
30.3125	0.0718	-83600.0000
30.4687	0.0475	-83000.0000
30.6250	-0.0015	-82400.0000
30.7812	-0.0438	-81800.0000
30.9375	-0.0484	-81200.0000
31.0937	-0.0092	-80600.0000
31.2500	0.0515	-80000.0000
31.4062	0.0878	-79400.0000
31.5625	0.0719	-78800.0000
31.7187	0.0360	-78200.0000
31.8750	0.0249	-77600.0000
32.0312	0.0345	-77000.0000
32.1875	0.0203	-76400.0000
32.3437	-0.0161	-75800.0000
32.5000	-0.0458	-75200.0000
32.6562	-0.0321	-74600.0000
32.8125	0.0265	-74000.0000
32.9687	0.0895	-73400.0000
33.1250	0.1197	-72800.0000
33.2812	0.1051	-72200.0000
33.4375	0.0707	-71600.0000
33.5937	0.0617	-71000.0000
33.7500	0.0877	-70400.0000
33.9062	0.1143	-69800.0000
34.0625	0.1030	-69200.0000
34.2187	0.0631	-68600.0000
34.3750	0.0307	-68000.0000
34.5312	0.0329	-67400.0000
34.6875	0.0634	-66800.0000
34.8437	0.0964	-66200.0000
35.0000	0.1114	-65600.0000
35.1562	0.1031	-65000.0000
35.3125	0.0947	-64400.0000
35.4687	0.0978	-63800.0000
35.6250	0.0912	-63200.0000
35.7812	0.0460	-62600.0000
35.9375	-0.0177	-62000.0000
36.0937	-0.0680	-61400.0000
36.2500	-0.0824	-60800.0000
36.4062	-0.0615	-60200.0000
36.5625	-0.0234	-59600.0000
36.7187	0.0109	-59000.0000
36.8750	0.0209	-58400.0000
37.0312	0.0120	-57800.0000
37.1875	-0.0069	-57200.0000
37.3437	-0.0314	-56600.0000
37.5000	-0.0603	-56000.0000
37.6562	-0.0846	-55400.0000
37.8125	-0.0935	-54800.0000
37.9687	-0.0856	-54200.0000
38.1250	-0.0645	-53600.0000
38.2812	-0.0358	-53000.0000
38.4375	-0.0193	-52400.0000
38.5937	-0.0245	-51800.0000
38.7500	-0.0463	-51200.0000
38.9062	-0.0625	-50600.0000
39.0625	-0.0697	-50000.0000
39.2187	-0.0830	-49400.0000
39.3750	-0.1023	-48800.0000
39.5312	-0.1185	-48200.0000
39.6875	-0.1268	-47600.0000
39.8437	-0.1376	-47000.0000
40.0000	-0.1410	-46400.0000
40.1562	-0.1327	-45800.0000
40.3125	-0.1135	-45200.0000
40.4687	-0.0933	-44600.0000
40.6250	-0.0706	-44000.0000
40.7812	-0.0621	-43400.0000
40.9375	-0.0794	-42800.0000
41.0937	-0.1091	-42200.0000
41.2500	-0.1301	-41600.0000
41.4062	-0.1400	-41000.0000
41.5625	-0.1392	-40400.0000
41.7187	-0.1202	-39800.0000
41.8750	-0.0784	-39200.0000
42.0312	-0.0248	-38600.0000
42.1875	0.0143	-38000.0000
42.3437	0.0260	-37400.0000
42.5000	0.0197	-36800.0000
42.6562	-0.0014	-36200.0000
42.8125	-0.0190	-35600.0000
42.9687	-0.0174	-35000.0000
43.1250	0.0065	-34400.0000
43.2812	0.0341	-33800.0000
43.4375	0.0531	-33200.0000
43.5937	0.0686	-32600.0000
43.7500	0.0875	-32000.0000
43.9062	0.1127	-31400.0000
44.0625	0.1302	-30800.0000
44.2187	0.1277	-30200.0000
44.3750	0.1102	-29600.0000
44.5312	0.0911	-29000.0000
44.6875	0.0897	-28400.0000
44.8437	0.0997	-27800.0000
45.0000	0.1018	-27200.0000
45.1562	0.0833	-26600.0000
45.3125	0.0551	-26000.0000
45.4687	0.0373	-25400.0000
45.6250	0.0396	-24800.0000
45.7812	0.0566	-24200.0000
45.9375	0.0618	-23600.0000
46.0937	0.0493	-23000.0000
46.2500	0.0170	-22400.0000
46.4062	-0.0185	-21800.0000
46.5625	-0.0431	-21200.0000
46.7187	-0.0542	-20600.0000
46.8750	-0.0511	-20000.0000
47.0312	-0.0377	-19400.0000
47.1875	-0.0103	-18800.0000
47.3437	0.0300	-18200.0000
47.5000	0.0674	-17600.0000
47.6562	0.0832	-17000.0000
47.8125	0.0711	-16400.0000
47.9687	0.0425	-15800.0000
48.1250	0.0134	-15200.0000
48.2812	-0.0038	-14600.0000
48.4375	-0.0061	-14000.0000
48.5937	-0.0018	-13400.0000
48.7500	0.0055	-12800.0000
48.9062	0.0156	-12200.0000
49.0625	0.0255	-11600.0000
49.2187	0.0277	-11000.0000
49.3750	0.0261	-10400.0000
49.5312	0.0214	-9800.0000
49.6875	0.0103	-9200.0000
49.8437	-0.0089	-8600.0000
50.0000	-0.0271	-8000.0000
50.1562	-0.0420	-7400.0000
50.3125	-0.0568	-6800.0000
50.4687	-0.0745	-6200.0000
50.6250	-0.0907	-5600.0000
50.7812	-0.0977	-5000.0000
50.9375	-0.0877	-4400.0000
51.0937	-0.0565	-3800.0000
51.2500	-0.0185	-3200.0000
51.4062	0.0060	-2600.0000
51.5625	0.0037	-2000.0000
51.7187	-0.0141	-1400.0000
51.8750	-0.0294	-800.0000
52.0312	-0.0348	-200.0000
52.1875	-0.0358	400.0000
52.3437	-0.0336	1000.0000
52.5000	-0.0271	1600.0000
52.6562	-0.0145	2200.0000
52.8125	0.0009	2800.0000
52.9687	0.0157	3400.0000
53.1250	0.0217	4000.0000
53.2812	0.0106	4600.0000
53.4375	-0.0133	5200.0000
53.5937	-0.0335	5800.0000
53.7500	-0.0341	6400.0000
53.9062	-0.0208	7000.0000
54.0625	-0.0046	7600.0000
54.2187	0.0052	8200.0000
54.3750	0.0104	8800.0000
54.5312	0.0161	9400.0000
54.6875	0.0256	10000.0000
54.8437	0.0383	10600.0000
55.0000	0.0507	11200.0000
55.1562	0.0558	11800.0000
55.3125	0.0523	12400.0000
55.4687	0.0358	13000.0000
55.6250	0.0148	13600.0000
55.7812	-0.0025	14200.0000
55.9375	-0.0148	14800.0000
56.0937	-0.0235	15400.0000
56.2500	-0.0289	16000.0000
56.4062	-0.0360	16600.0000
56.5625	-0.0435	17200.0000
56.7187	-0.0489	17800.0000
56.8750	-0.0547	18400.0000
57.0312	-0.0679	19000.0000
57.1875	-0.0951	19600.0000
57.3437	-0.1237	20200.0000
57.5000	-0.1396	20800.0000
57.6562	-0.1351	21400.0000
57.8125	-0.1126	22000.0000
57.9687	-0.0829	22600.0000
58.1250	-0.0593	23200.0000
58.2812	-0.0422	23800.0000
58.4375	-0.0256	24400.0000
58.5937	-0.0043	25000.0000
58.7500	0.0205	25600.0000
58.9062	0.0422	26200.0000
59.0625	0.0610	26800.0000
59.2187	0.0849	27400.0000
59.3750	0.1204	28000.0000
59.5312	0.1561	28600.0000
59.6875	0.1736	29200.0000
59.8437	0.1665	29800.0000
60.0000	0.1517	30400.0000
60.1562	0.1434	31000.0000
60.3125	0.1421	31600.0000
60.4687	0.1315	32200.0000
60.6250	0.1040	32800.0000
60.7812	0.0645	33400.0000
60.9375	0.0302	34000.0000
61.0937	0.0096	34600.0000
61.2500	0.0006	35200.0000
61.4062	-0.0081	35800.0000
61.5625	-0.0197	36400.0000
61.7187	-0.0269	37000.0000
61.8750	-0.0179	37600.0000
62.0312	0.0038	38200.0000
62.1875	0.0232	38800.0000
62.3437	0.0256	39400.0000
62.5000	0.0129	40000.0000
62.6562	-0.0012	40600.0000
62.8125	0.0008	41200.0000
62.9687	0.0223	41800.0000
63.1250	0.0524	42400.0000
63.2812	0.0787	43000.0000
63.4375	0.0916	43600.0000
63.5937	0.0928	44200.0000
63.7500	0.0902	44800.0000
63.9062	0.0838	45400.0000
64.0625	0.0694	46000.0000
64.2187	0.0483	46600.0000
64.3750	0.0278	47200.0000
64.5312	0.0154	47800.0000
64.6875	0.0108	48400.0000
64.8437	0.0082	49000.0000
65.0000	0.0099	49600.0000
65.1562	0.0148	50200.0000
65.3125	0.0176	50800.0000
65.4687	0.0178	51400.0000
65.6250	0.0192	52000.0000
65.7812	0.0201	52600.0000
65.9375	0.0141	53200.0000
66.0937	-0.0051	53800.0000
66.2500	-0.0341	54400.0000
66.4062	-0.0693	55000.0000
66.5625	-0.0975	55600.0000
66.7187	-0.1086	56200.0000
66.8750	-0.1037	56800.0000
67.0312	-0.0923	57400.0000
67.1875	-0.0838	58000.0000
67.3437	-0.0794	58600.0000
67.5000	-0.0769	59200.0000
67.6562	-0.0801	59800.0000
67.8125	-0.0917	60400.0000
67.9687	-0.1110	61000.0000
68.1250	-0.1247	61600.0000
68.2812	-0.1257	62200.0000
68.4375	-0.1120	62800.0000
68.5937	-0.0934	63400.0000
68.7500	-0.0805	64000.0000
68.9062	-0.0823	64600.0000
69.0625	-0.0936	65200.0000
69.2187	-0.1017	65800.0000
69.3750	-0.1010	66400.0000
69.5312	-0.0968	67000.0000
69.6875	-0.0989	67600.0000
69.8437	-0.1049	68200.0000
70.0000	-0.1089	68800.0000
70.1562	-0.1071	69400.0000
70.3125	-0.1036	70000.0000
70.4687	-0.1011	70600.0000
70.6250	-0.0988	71200.0000
70.7812	-0.0902	71800.0000
70.9375	-0.0726	72400.0000
71.0937	-0.0460	73000.0000
71.2500	-0.0235	73600.0000
71.4062	-0.0149	74200.0000
71.5625	-0.0259	74800.0000
71.7187	-0.0439	75400.0000
71.8750	-0.0566	76000.0000
72.0312	-0.0558	76600.0000
72.1875	-0.0419	77200.0000
72.3437	-0.0200	77800.0000
72.5000	-0.0001	78400.0000
72.6562	0.0122	79000.0000
72.8125	0.0202	79600.0000
72.9687	0.0306	80200.0000
73.1250	0.0413	80800.0000
73.2812	0.0453	81400.0000
73.4375	0.0438	82000.0000
73.5937	0.0430	82600.0000
73.7500	0.0486	83200.0000
73.9062	0.0644	83800.0000
74.0625	0.0885	84400.0000
74.2187	0.1068	85000.0000
74.3750	0.1131	85600.0000
74.5312	0.1084	86200.0000
74.6875	0.0997	86800.0000
74.8437	0.0925	87400.0000
75.0000	0.0867	88000.0000
75.1562	0.0829	88600.0000
75.3125	0.0813	89200.0000
75.4687	0.0856	89800.0000
75.6250	0.0962	90400.0000
75.7812	0.1130	91000.0000
75.9375	0.1303	91600.0000
76.0937	0.1416	92200.0000
76.2500	0.1466	92800.0000
76.4062	0.1505	93400.0000
76.5625	0.1526	94000.0000
76.7187	0.1460	94600.0000
76.8750	0.1240	95200.0000
77.0312	0.0922	95800.0000
77.1875	0.0663	96400.0000
77.3437	0.0606	97000.0000
77.5000	0.0740	97600.0000
77.6562	0.0941	98200.0000
77.8125	0.1095	98800.0000
77.9687	0.1174	99400.0000
78.1250	0.1247	100000.0000
78.2812	0.1351	100600.0000
78.4375	0.1426	101200.0000
78.5937	0.1390	101800.0000
78.7500	0.1232	102400.0000
78.9062	0.1081	103000.0000
79.0625	0.1061	103600.0000
79.2187	0.1215	104200.0000
79.3750	0.1414	104800.0000
79.5312	0.1485	105400.0000
79.6875	0.1363	106000.0000
79.8437	0.1134	106600.0000
80.0000	0.0961	107200.0000
80.1562	0.0894	107800.0000
80.3125	0.0858	108400.0000
80.4687	0.0740	109000.0000
80.6250	0.0535	109600.0000
80.7812	0.0295	110200.0000
80.9375	0.0057	110800.0000
81.0937	-0.0149	111400.0000
81.2500	-0.0307	112000.0000
81.4062	-0.0411	112600.0000
81.5625	-0.0474	113200.0000
81.7187	-0.0519	113800.0000
81.8750	-0.0582	114400.0000
82.0312	-0.0707	115000.0000
82.1875	-0.0885	115600.0000
82.3437	-0.1094	116200.0000
82.5000	-0.1304	116800.0000
82.6562	-0.1464	117400.0000
82.8125	-0.1493	118000.0000
82.9687	-0.1353	118600.0000
83.1250	-0.1099	119200.0000
83.2812	-0.0855	119800.0000
83.4375	-0.0681	120400.0000
83.5937	-0.0613	121000.0000
83.7500	-0.0638	121600.0000
83.9062	-0.0735	122200.0000
84.0625	-0.0840	122800.0000
84.2187	-0.0886	123400.0000
84.3750	-0.0873	124000.0000
84.5312	-0.0821	124600.0000
84.6875	-0.0770	125200.0000
84.8437	-0.0743	125800.0000
85.0000	-0.0730	126400.0000
85.1562	-0.0700	127000.0000
85.3125	-0.0632	127600.0000
85.4687	-0.0521	128200.0000
85.6250	-0.0360	128800.0000
85.7812	-0.0200	129400.0000
85.9375	-0.0114	130000.0000
86.0937	-0.0116	130600.0000
86.2500	-0.0142	131200.0000
86.4062	-0.0125	131800.0000
86.5625	-0.0045	132400.0000
86.7187	0.0087	133000.0000
86.8750	0.0244	133600.0000
87.0312	0.0381	134200.0000
87.1875	0.0471	134800.0000
87.3437	0.0503	135400.0000
87.5000	0.0466	136000.0000
87.6562	0.0349	136600.0000
87.8125	0.0164	137200.0000
87.9687	0.0003	137800.0000
88.1250	-0.0057	138400.0000
88.2812	-0.0004	139000.0000
88.4375	0.0131	139600.0000
88.5937	0.0269	140200.0000
88.7500	0.0327	140800.0000
88.9062	0.0262	141400.0000
89.0625	0.0123	142000.0000
89.2187	-0.0019	142600.0000
89.3750	-0.0109	143200.0000
89.5312	-0.0163	143800.0000
89.6875	-0.0225	144400.0000
89.8437	-0.0285	145000.0000
90.0000	-0.0303	145600.0000
90.1562	-0.0247	146200.0000
90.3125	-0.0106	146800.0000
90.4687	0.0073	147400.0000
90.6250	0.0214	148000.0000
90.7812	0.0249	148600.0000
90.9375	0.0188	149200.0000
91.0937	0.0073	149800.0000
91.2500	-0.0044	150400.0000
91.4062	-0.0151	151000.0000
91.5625	-0.0200	151600.0000
91.7187	-0.0143	152200.0000
91.8750	0.0003	152800.0000
92.0312	0.0177	153400.0000
92.1875	0.0301	154000.0000
92.3437	0.0355	154600.0000
92.5000	0.0377	155200.0000
92.6562	0.0391	155800.0000
92.8125	0.0372	156400.0000
92.9687	0.0260	157000.0000
93.1250	0.0038	157600.0000
93.2812	-0.0244	158200.0000
93.4375	-0.0494	158800.0000
93.5937	-0.0617	159400.0000
93.7500	-0.0581	160000.0000
93.9062	-0.0434	160600.0000
94.0625	-0.0264	161200.0000
94.2187	-0.0124	161800.0000
94.3750	-0.0035	162400.0000
94.5312	-0.0017	163000.0000
94.6875	-0.0092	163600.0000
94.8437	-0.0228	164200.0000
95.0000	-0.0388	164800.0000
95.1562	-0.0521	165400.0000
95.3125	-0.0613	166000.0000
95.4687	-0.0662	166600.0000
95.6250	-0.0666	167200.0000
95.7812	-0.0654	167800.0000
95.9375	-0.0635	168400.0000
96.0937	-0.0620	169000.0000
96.2500	-0.0608	169600.0000
96.4062	-0.0629	170200.0000
96.5625	-0.0759	170800.0000
96.7187	-0.1099	171400.0000
96.8750	-0.1631	172000.0000
97.0312	-0.2050	172600.0000
97.1875	-0.2036	173200.0000
97.3437	-0.1545	173800.0000
97.5000	-0.0856	174400.0000
97.6562	-0.0322	175000.0000
97.8125	-0.0163	175600.0000
97.9687	-0.0337	176200.0000
98.1250	-0.0619	176800.0000
98.2812	-0.0801	177400.0000
98.4375	-0.0818	178000.0000
98.5937	-0.0722	178600.0000
98.7500	-0.0608	179200.0000
98.9062	-0.0504	179800.0000
99.0625	-0.0405	180400.0000
99.2187	-0.0321	181000.0000
99.3750	-0.0298	181600.0000
99.5312	-0.0333	182200.0000
99.6875	-0.0377	182800.0000
99.8437	-0.0379	183400.0000
100.0000	-0.0350	184000.0000
100.1562	-0.0291	184600.0000
100.3125	-0.0170	185200.0000
100.4687	0.0059	185800.0000
100.6250	0.0344	186400.0000
100.7812	0.0604	187000.0000
100.9375	0.0799	187600.0000
101.0937	0.0953	188200.0000
101.2500	0.1105	188800.0000
101.4062	0.1256	189400.0000
101.5625	0.1360	190000.0000
101.7187	0.1365	190600.0000
101.8750	0.1267	191200.0000
102.0312	0.1121	191800.0000
102.1875	0.0970	192400.0000
102.3437	0.0839	193000.0000
102.5000	0.0739	193600.0000
102.6562	0.0682	194200.0000
102.8125	0.0649	194800.0000
102.9687	0.0612	195400.0000
103.1250	0.0576	196000.0000
103.2812	0.0572	196600.0000
103.4375	0.0584	197200.0000
103.5937	0.0552	197800.0000
103.7500	0.0466	198400.0000
103.9062	0.0357	199000.0000
104.0625	0.0287	199600.0000
