Time_abs/ps	 Signal 2/nA	 Ref.signal 2/nA
570.0	-0.005237	-0.003453
570.05	0.001965	-0.004187
570.1	-0.000854	0.002446
570.15	0.013691	0.004189
570.2	-0.009565	0.001005
570.25	-0.009128	0.006078
570.3	0.000351	0.002777
570.35	-0.00137	0.011495
570.4	-0.007042	0.022587
570.45	0.002008	0.010506
570.5	-0.006786	0.028801
570.55	0.001799	0.038524
570.6	0.003011	0.044729
570.65	-0.004787	0.06195
570.7	-0.016565	0.056972
570.75	-0.029503	0.074382
570.8	-0.037808	0.077267
570.85	-0.046493	0.081584
570.9	-0.044613	0.087967
570.95	-0.046544	0.111455
571.0	-0.074288	0.110017
571.05	-0.066804	0.122652
571.1	-0.077781	0.131482
571.15	-0.093519	0.137702
571.2	-0.1003	0.135383
571.25	-0.115759	0.140217
571.3	-0.126677	0.135607
571.35	-0.155086	0.143293
571.4	-0.142093	0.134793
571.45	-0.162886	0.147007
571.5	-0.16842	0.141462
571.55	-0.176165	0.158929
571.6	-0.16924	0.156424
571.65	-0.178065	0.156106
571.7	-0.171966	0.163398
571.75	-0.211774	0.153268
571.8	-0.181256	0.144566
571.85	-0.214511	0.14786
571.9	-0.212005	0.12687
571.95	-0.213506	0.140574
572.0	-0.202037	0.130115
572.05	-0.192999	0.112225
572.1	-0.189857	0.100341
572.15	-0.169269	0.106382
572.2	-0.168262	0.089666
572.25	-0.162701	0.079151
572.3	-0.144452	0.068381
572.35	-0.138869	0.073872
572.4	-0.129481	0.058067
572.45	-0.118011	0.042006
572.5	-0.11585	0.024716
572.55	-0.08222	0.007853
572.6	-0.086315	-0.001951
572.65	-0.051064	-0.026466
572.7	-0.053308	-0.027024
572.75	-0.006619	-0.034943
572.8	-0.014438	-0.038042
572.85	0.006071	-0.035308
572.9	0.005173	-0.052803
572.95	0.005384	-0.051669
573.0	0.013376	-0.075794
573.05	0.026516	-0.075911
573.1	0.033898	-0.080192
573.15	0.033954	-0.091631
573.2	0.028027	-0.109301
573.25	0.046944	-0.099849
573.3	0.041035	-0.115834
573.35	0.049687	-0.120699
573.4	0.03836	-0.130551
573.45	0.038638	-0.173172
573.5	0.031881	-0.198319
573.55	0.017949	-0.259615
573.6	0.023342	-0.315506
573.65	0.003935	-0.396482
573.7	0.001	-0.484627
573.75	-0.011688	-0.552962
573.8	-0.021809	-0.575301
573.85	-0.02377	-0.511025
573.9	-0.040495	-0.295894
573.95	-0.046994	0.08726
574.0	-0.061518	0.612212
574.05	-0.058465	1.20343
574.1	-0.080581	1.701624
574.15	-0.075337	1.974002
574.2	-0.080902	1.939083
574.25	-0.082797	1.661764
574.3	-0.095259	1.258365
574.35	-0.081656	0.815606
574.4	-0.090954	0.413069
574.45	-0.084571	0.083855
574.5	-0.081451	-0.179713
574.55	-0.082269	-0.377745
574.6	-0.083302	-0.520251
574.65	-0.071061	-0.584389
574.7	-0.076089	-0.634379
574.75	-0.081413	-0.673635
574.8	-0.069148	-0.682848
574.85	-0.061211	-0.651049
574.9	-0.065187	-0.577085
574.95	-0.031498	-0.480202
575.0	-0.030202	-0.383497
575.05	-0.027304	-0.305568
575.1	-0.026159	-0.255712
575.15	-0.013839	-0.221735
575.2	-0.026992	-0.173648
575.25	-0.021284	-0.135129
575.3	-0.021443	-0.071731
575.35	-0.023094	-0.018365
575.4	-0.024066	0.029285
575.45	-0.023738	0.093963
575.5	-0.016576	0.161506
575.55	-0.005365	0.230261
575.6	-0.001906	0.278743
575.65	-0.015211	0.267675
575.7	-0.010551	0.208005
575.75	-0.02669	0.120827
575.8	-0.037774	0.028391
575.85	-0.043389	-0.051538
575.9	-0.049521	-0.119542
575.95	-0.069012	-0.151863
576.0	-0.077977	-0.148886
576.05	-0.081077	-0.107158
576.1	-0.08736	-0.036508
576.15	-0.097954	0.043964
576.2	-0.092938	0.086501
576.25	-0.098387	0.078196
576.3	-0.106658	0.026532
576.35	-0.111315	-0.039714
576.4	-0.113709	-0.093618
576.45	-0.109221	-0.121382
576.5	-0.104197	-0.131959
576.55	-0.122764	-0.134541
576.6	-0.133188	-0.143235
576.65	-0.132533	-0.15864
576.7	-0.124235	-0.173507
576.75	-0.129818	-0.193283
576.8	-0.1135	-0.2044
576.85	-0.108229	-0.196151
576.9	-0.12596	-0.197658
576.95	-0.114553	-0.194551
577.0	-0.083644	-0.208438
577.05	-0.076716	-0.224232
577.1	-0.085458	-0.232777
577.15	-0.095709	-0.22975
577.2	-0.078351	-0.201067
577.25	-0.068338	-0.150072
577.3	-0.0704	-0.11267
577.35	-0.068276	-0.091522
577.4	-0.070097	-0.116187
577.45	-0.061089	-0.119921
577.5	-0.048133	-0.152318
577.55	-0.030459	-0.186223
577.6	-0.027991	-0.218369
577.65	-0.001796	-0.271712
577.7	-0.004786	-0.318767
577.75	-0.009517	-0.35651
577.8	-0.0114	-0.348489
577.85	0.002298	-0.304085
577.9	-0.006825	-0.233648
577.95	-0.001221	-0.16414
578.0	0.003472	-0.106342
578.05	-0.015603	-0.084573
578.1	0.000381	-0.099492
578.15	-0.010288	-0.144866
578.2	-0.007674	-0.195615
578.25	0.002684	-0.256566
578.3	0.005243	-0.287957
578.35	-0.004846	-0.305214
578.4	-0.013922	-0.28383
578.45	0.002347	-0.268278
578.5	-0.013744	-0.241859
578.55	-0.025453	-0.209507
578.6	-0.021741	-0.204547
578.65	-0.036145	-0.210928
578.7	-0.053405	-0.214901
578.75	-0.061412	-0.215559
578.8	-0.068437	-0.219518
578.85	-0.075721	-0.203941
578.9	-0.07082	-0.19831
578.95	-0.080385	-0.20558
579.0	-0.104244	-0.214062
579.05	-0.109025	-0.235071
579.1	-0.111174	-0.248959
579.15	-0.123898	-0.24969
579.2	-0.127273	-0.209552
579.25	-0.128492	-0.170579
579.3	-0.131794	-0.165157
579.35	-0.147013	-0.208095
579.4	-0.157467	-0.262695
579.45	-0.152012	-0.300143
579.5	-0.165429	-0.31208
579.55	-0.18591	-0.280213
579.6	-0.194551	-0.250835
579.65	-0.205698	-0.210061
579.7	-0.224044	-0.172729
579.75	-0.246103	-0.135057
579.8	-0.255797	-0.069727
579.85	-0.279875	0.060866
579.9	-0.294992	0.273465
579.95	-0.325958	0.55673
580.0	-0.365296	0.827509
580.05	-0.379933	1.026556
580.1	-0.390133	1.065715
580.15	-0.387104	0.902108
580.2	-0.358807	0.525362
580.25	-0.303416	0.013063
580.3	-0.209897	-0.547894
580.35	-0.085591	-1.078285
580.4	0.027132	-1.544266
580.45	0.170245	-1.88931
580.5	0.290888	-2.1422
580.55	0.417217	-2.306917
580.6	0.486891	-2.405586
580.65	0.518863	-2.468711
580.7	0.541952	-2.484902
580.75	0.49909	-2.521491
580.8	0.440562	-2.562211
580.85	0.360722	-2.633739
580.9	0.265881	-2.726388
580.95	0.147491	-2.827919
581.0	0.032619	-2.903732
581.05	-0.069059	-2.990292
581.1	-0.168332	-3.098906
581.15	-0.280359	-3.221807
581.2	-0.32946	-3.373155
581.25	-0.391573	-3.547436
581.3	-0.456229	-3.717808
581.35	-0.477905	-3.907469
581.4	-0.489388	-4.114672
581.45	-0.49344	-4.366851
581.5	-0.493712	-4.688503
581.55	-0.475487	-5.110962
581.6	-0.429374	-5.673262
581.65	-0.416081	-6.387683
581.7	-0.36285	-7.246814
581.75	-0.310367	-8.224384
581.8	-0.278666	-9.325044
581.85	-0.232062	-10.562122
581.9	-0.201617	-11.942307
581.95	-0.172191	-13.485947
582.0	-0.141246	-15.158143
582.05	-0.141718	-16.943218
582.1	-0.13486	-18.869668
582.15	-0.139419	-20.956626
582.2	-0.162632	-23.20168
582.25	-0.166229	-25.663567
582.3	-0.180158	-28.364726
582.35	-0.198381	-31.285722
582.4	-0.200058	-34.441589
582.45	-0.214608	-37.820567
582.5	-0.199795	-41.438339
582.55	-0.208295	-45.279585
582.6	-0.206397	-49.245853
582.65	-0.212321	-53.071901
582.7	-0.205466	-56.228662
582.75	-0.212458	-57.817419
582.8	-0.225661	-56.381669
582.85	-0.241533	-49.67796
582.9	-0.264445	-34.456005
582.95	-0.274141	-6.283087
583.0	-0.297664	40.185965
583.05	-0.311685	110.210451
583.1	-0.320508	206.33442
583.15	-0.33975	324.386905
583.2	-0.363709	449.930203
583.25	-0.366724	558.060609
583.3	-0.377181	619.023639
583.35	-0.376387	609.860308
583.4	-0.376383	526.454253
583.45	-0.371675	386.716341
583.5	-0.3817	221.714626
583.55	-0.382471	60.822972
583.6	-0.390469	-78.716836
583.65	-0.378403	-191.284589
583.7	-0.378624	-275.988344
583.75	-0.366853	-333.019119
583.8	-0.35727	-364.765847
583.85	-0.367759	-376.902801
583.9	-0.389611	-375.713813
583.95	-0.406224	-364.687655
584.0	-0.41579	-344.325919
584.05	-0.420939	-314.307709
584.1	-0.422623	-275.799761
584.15	-0.44304	-232.556841
584.2	-0.437426	-190.074402
584.25	-0.435411	-152.546805
584.3	-0.435741	-120.455905
584.35	-0.420013	-91.421183
584.4	-0.411285	-63.098097
584.45	-0.414037	-34.922416
584.5	-0.410648	-7.79247
584.55	-0.402406	16.874048
584.6	-0.397793	38.285852
584.65	-0.41718	56.878215
584.7	-0.437518	72.706179
584.75	-0.43607	83.260052
584.8	-0.457982	84.386055
584.85	-0.458069	73.945754
584.9	-0.468053	54.097827
584.95	-0.466401	30.332255
585.0	-0.450055	8.484821
585.05	-0.458288	-7.650596
585.1	-0.441227	-16.289925
585.15	-0.439718	-16.523222
585.2	-0.443959	-8.005532
585.25	-0.447932	7.797911
585.3	-0.446885	26.700399
585.35	-0.448554	42.683317
585.4	-0.442713	50.045243
585.45	-0.430184	46.142867
585.5	-0.434343	33.483887
585.55	-0.439658	18.666355
585.6	-0.443241	7.733444
585.65	-0.430958	2.434089
585.7	-0.433886	0.837304
585.75	-0.453556	0.443717
585.8	-0.441581	0.054502
585.85	-0.438639	-0.487788
585.9	-0.445905	-1.008638
585.95	-0.429696	-1.041653
586.0	-0.404398	0.023238
586.05	-0.390012	2.230968
586.1	-0.362078	4.673939
586.15	-0.325644	5.976541
586.2	-0.274966	5.623771
586.25	-0.202932	4.809308
586.3	-0.129595	5.717969
586.35	-0.055035	9.887931
586.4	0.016018	16.956339
586.45	0.063777	24.753633
586.5	0.073256	30.641183
586.55	0.038512	32.966221
586.6	-0.024178	31.857495
586.65	-0.151937	28.852345
586.7	-0.288445	25.237851
586.75	-0.453615	20.334709
586.8	-0.642167	12.034069
586.85	-0.835828	-0.196626
586.9	-1.037533	-12.834756
586.95	-1.23302	-19.855198
587.0	-1.418907	-17.398283
587.05	-1.590021	-6.748203
587.1	-1.737324	7.287158
587.15	-1.895435	19.845549
587.2	-2.016345	27.626892
587.25	-2.133049	28.351122
587.3	-2.247474	20.897783
587.35	-2.353908	6.805567
587.4	-2.454696	-9.337976
587.45	-2.564794	-22.312867
587.5	-2.670494	-28.830626
587.55	-2.757681	-28.041511
587.6	-2.872196	-21.186937
587.65	-3.004282	-11.165841
587.7	-3.128117	-1.40799
587.75	-3.271395	5.534505
587.8	-3.480121	8.936674
587.85	-3.713473	9.645342
587.9	-3.972324	9.120681
587.95	-4.301484	8.424372
588.0	-4.688753	7.964563
588.05	-5.132912	7.91454
588.1	-5.662079	8.050999
588.15	-6.30075	7.269715
588.2	-7.016927	4.313343
588.25	-7.819911	-0.465361
588.3	-8.738191	-4.34649
588.35	-9.776925	-4.34826
588.4	-10.92522	-0.782348
588.45	-12.183877	1.935295
588.5	-13.565932	-1.12849
588.55	-15.075425	-10.708181
588.6	-16.750105	-22.094254
588.65	-18.584303	-28.67061
588.7	-20.560434	-26.713764
588.75	-22.67667	-17.606816
588.8	-24.947758	-6.069414
588.85	-27.313926	3.216357
588.9	-29.708118	7.754571
588.95	-31.99953	7.48564
589.0	-33.994293	4.562705
589.05	-35.30884	2.346551
589.1	-35.43787	3.16321
589.15	-33.674731	6.395268
589.2	-29.046897	9.153164
589.25	-20.409057	9.242019
589.3	-6.605999	7.487452
589.35	13.445062	6.798399
589.4	40.205049	8.986131
589.45	73.295317	12.635845
589.5	111.231376	14.181619
589.55	151.398007	11.059171
589.6	190.287886	3.979063
589.65	223.966629	-3.625592
589.7	248.735914	-8.536507
589.75	261.92345	-9.969753
589.8	261.960708	-8.820671
589.85	248.618079	-5.480431
589.9	222.850977	0.183162
589.95	186.586119	6.690309
590.0	142.427509	10.700489
590.05	93.270171	9.651672
590.1	42.112441	4.391187
590.15	-8.28102	-1.486785
590.2	-55.595118	-4.715102
590.25	-98.035042	-4.952448
590.3	-134.210052	-4.609646
590.35	-163.183017	-6.393513
590.4	-184.543783	-10.791891
590.45	-198.380093	-15.809621
590.5	-205.011434	-18.473167
590.55	-205.059655	-16.635471
590.6	-199.29583	-10.070121
590.65	-188.591551	-0.634756
590.7	-173.796745	8.501767
590.75	-155.812165	14.603469
590.8	-135.637357	16.937682
590.85	-114.152481	16.96488
590.9	-92.269075	17.075509
590.95	-70.807849	18.746768
591.0	-50.603719	21.181459
591.05	-32.437225	21.605216
591.1	-16.962915	17.645764
591.15	-4.613534	9.774361
591.2	4.436624	1.340937
591.25	10.326074	-3.94593
591.3	13.492769	-4.793835
591.35	14.602863	-2.832416
591.4	14.401126	-1.103418
591.45	13.687298	-1.973927
591.5	13.144803	-6.041692
591.55	13.208168	-12.057292
591.6	14.076217	-17.649311
591.65	15.585054	-20.335716
591.7	17.41203	-18.778109
591.75	19.153008	-13.335433
591.8	20.422912	-5.900783
591.85	21.042708	0.927642
591.9	20.863588	5.161906
591.95	19.906793	6.4282
592.0	18.277113	5.947325
592.05	16.13218	5.208545
592.1	13.705073	4.555077
592.15	11.218762	3.233677
592.2	8.88677	0.687858
592.25	6.935437	-2.508193
592.3	5.445699	-5.319013
592.35	4.476625	-7.523417
592.4	4.039754	-9.653257
592.45	4.062011	-12.073878
592.5	4.46303	-14.339327
592.55	5.222251	-15.229374
592.6	6.269961	-13.424819
592.65	7.570474	-8.516474
592.7	9.029519	-1.452215
592.75	10.590201	5.958639
592.8	12.060585	12.071891
592.85	13.377954	15.954821
592.9	14.414669	17.17673
592.95	15.029844	15.668688
593.0	15.171653	12.299594
593.05	14.755527	8.867379
593.1	13.81206	7.048606
593.15	12.435944	7.035172
593.2	10.849423	7.467555
593.25	9.349059	6.418614
593.3	8.192038	2.767507
593.35	7.575208	-2.811203
593.4	7.486848	-8.072655
593.45	7.77305	-10.530503
593.5	8.189238	-8.999379
593.55	8.39485	-4.43444
593.6	8.108745	0.547322
593.65	7.139822	3.281085
593.7	5.46562	2.772364
593.75	3.278343	0.086041
593.8	0.83865	-2.730346
593.85	-1.528988	-4.225997
593.9	-3.481092	-4.235162
593.95	-4.80529	-3.673366
594.0	-5.431584	-3.678282
594.05	-5.35366	-4.717003
594.1	-4.644564	-6.030893
594.15	-3.492626	-6.150207
594.2	-2.078278	-4.449375
594.25	-0.574421	-2.065905
594.3	0.839885	-0.848401
594.35	2.003833	-1.239174
594.4	2.822828	-1.747207
594.45	3.220657	-0.614181
594.5	3.211178	2.180134
594.55	2.852674	4.90385
594.6	2.256161	5.86014
594.65	1.488652	5.128398
594.7	0.621385	4.441461
594.75	-0.36938	5.780171
594.8	-1.503004	9.898141
594.85	-2.774359	15.622198
594.9	-4.071828	20.258922
594.95	-5.181021	21.169283
595.0	-5.966619	17.448743
595.05	-6.337019	10.485661
595.1	-6.276574	2.628718
595.15	-5.909493	-4.213182
595.2	-5.319372	-9.456067
595.25	-4.588624	-13.58536
595.3	-3.8047	-17.268757
595.35	-2.998032	-20.334658
595.4	-2.166263	-21.585919
595.45	-1.321081	-19.580508
595.5	-0.486657	-13.61845
595.55	0.383919	-4.344199
595.6	1.297859	6.28923
595.65	2.296853	15.332191
595.7	3.334222	20.046433
595.75	4.335003	19.21421
595.8	5.150101	13.705395
595.85	5.672408	5.932452
595.9	5.817502	-1.451616
595.95	5.566568	-7.09436
596.0	5.006234	-11.271509
596.05	4.244695	-14.789165
596.1	3.406221	-17.367665
596.15	2.621895	-17.558531
596.2	1.929454	-14.159299
596.25	1.420506	-7.583788
596.3	1.045599	0.250108
596.35	0.761212	7.047291
596.4	0.501293	11.165038
596.45	0.256856	12.114567
596.5	-0.005273	10.575179
596.55	-0.293821	7.791372
596.6	-0.695037	5.115259
596.65	-1.237585	3.462099
596.7	-1.933916	3.148636
596.75	-2.693044	3.972981
596.8	-3.39228	5.36632
596.85	-3.867266	6.466909
596.9	-4.056936	6.12361
596.95	-3.847127	3.39051
597.0	-3.257672	-1.633432
597.05	-2.333436	-7.449473
597.1	-1.113639	-12.000602
597.15	0.349304	-13.682703
597.2	1.966496	-11.848233
597.25	3.64423	-6.870729
597.3	5.257231	-0.004738
597.35	6.647494	6.894138
597.4	7.662413	12.253174
597.45	8.248683	15.366499
597.5	8.412268	16.131492
597.55	8.195176	14.303682
597.6	7.624326	9.445411
597.65	6.711393	1.492075
597.7	5.486437	-8.454505
597.75	3.952989	-17.948244
597.8	2.134794	-23.845471
597.85	0.129056	-23.90631
597.9	-1.8899	-18.349112
597.95	-3.771134	-9.582223
598.0	-5.29589	-0.67017
598.05	-6.356198	6.040394
598.1	-6.870518	9.402338
598.15	-6.864542	9.473563
598.2	-6.392208	7.452593
598.25	-5.556364	5.327762
598.3	-4.518827	5.085108
598.35	-3.42195	7.826044
598.4	-2.3991	13.027425
598.45	-1.581548	18.696852
598.5	-1.063596	22.40598
598.55	-0.92921	22.573433
598.6	-1.155503	18.914865
598.65	-1.705646	11.983659
598.7	-2.531877	2.67779
598.75	-3.501139	-7.80529
598.8	-4.508528	-17.649197
598.85	-5.346228	-24.698484
598.9	-5.861111	-27.143191
598.95	-5.935412	-24.146034
599.0	-5.501627	-16.4371
599.05	-4.598327	-6.185661
599.1	-3.285611	4.144648
599.15	-1.716553	12.97037
599.2	-0.045283	19.49415
599.25	1.563441	22.734799
599.3	2.98244	21.230357
599.35	4.151553	14.110378
599.4	5.026769	2.110371
599.45	5.532589	-12.213969
599.5	5.666645	-25.091669
599.55	5.463823	-32.763671
599.6	4.887006	-32.986922
599.65	4.052665	-26.09229
599.7	3.066538	-14.7643
599.75	2.085142	-2.671912
599.8	1.226154	7.051538
599.85	0.552033	12.785524
599.9	0.042451	14.719124
599.95	-0.294628	14.545485
600.0	-0.521537	14.416921
600.05	-0.717566	15.352327
600.1	-0.905832	16.882138
600.15	-1.106435	17.518845
600.2	-1.360279	15.913723
600.25	-1.668184	11.890316
600.3	-2.006036	6.347917
600.35	-2.398645	0.426555
600.4	-2.773123	-5.149903
600.45	-3.082235	-9.953628
600.5	-3.286473	-13.352875
600.55	-3.37074	-14.660554
600.6	-3.332813	-13.751899
600.65	-3.158613	-11.319009
600.7	-2.859739	-8.399664
600.75	-2.417914	-5.883293
600.8	-1.833376	-4.003486
600.85	-1.168966	-1.893224
600.9	-0.460501	1.711694
600.95	0.308227	7.074027
601.0	1.142446	12.677303
601.05	2.103962	16.049141
601.1	3.159232	15.421985
601.15	4.255704	10.597115
601.2	5.274196	2.939648
601.25	6.120711	-5.355488
601.3	6.641806	-12.23821
601.35	6.73498	-16.436095
601.4	6.377606	-17.646447
601.45	5.552738	-16.195368
601.5	4.298184	-12.678209
601.55	2.72533	-7.724014
601.6	0.931039	-2.000933
601.65	-0.900402	3.536275
601.7	-2.567079	7.668414
601.75	-3.875303	9.401124
601.8	-4.662457	8.78527
601.85	-4.849474	6.904277
601.9	-4.456684	5.135615
601.95	-3.645861	4.3303
602.0	-2.551469	4.627558
602.05	-1.441647	5.530898
602.1	-0.490671	6.123846
602.15	0.127252	5.702631
602.2	0.362039	4.161318
602.25	0.19906	1.765924
602.3	-0.314042	-1.298462
602.35	-1.078803	-4.889196
602.4	-1.953424	-8.408051
602.45	-2.761447	-10.590271
602.5	-3.318682	-10.152534
602.55	-3.555613	-6.65849
602.6	-3.429652	-0.848104
602.65	-2.957055	5.616866
602.7	-2.255833	11.045311
602.75	-1.449585	14.414353
602.8	-0.600226	15.419329
602.85	0.187486	13.926745
602.9	0.911734	9.659874
602.95	1.533429	2.275184
603.0	2.081708	-7.677927
603.05	2.554447	-17.99529
603.1	2.951391	-25.261928
603.15	3.225755	-26.709266
603.2	3.321331	-22.067858
603.25	3.174961	-13.529106
603.3	2.793193	-4.154688
603.35	2.179809	3.900874
603.4	1.411664	9.702368
603.45	0.621333	12.889955
603.5	-0.06888	13.336844
603.55	-0.515332	11.245352
603.6	-0.644128	7.748229
603.65	-0.434918	4.622765
603.7	0.055068	3.326019
603.75	0.741154	4.10979
603.8	1.451268	5.961733
603.85	2.01538	7.354301
603.9	2.277296	7.298363
603.95	2.123227	5.785973
604.0	1.519404	3.660167
604.05	0.55156	1.902093
604.1	-0.591336	0.866875
604.15	-1.721593	0.374104
604.2	-2.647496	0.131803
604.25	-3.243549	0.070326
604.3	-3.474443	0.150725
604.35	-3.366229	0.103482
604.4	-2.94215	-0.348573
604.45	-2.308429	-1.251159
604.5	-1.518707	-2.494958
604.55	-0.592613	-3.977722
604.6	0.47124	-5.600921
604.65	1.712016	-7.155258
604.7	3.098195	-8.416284
604.75	4.549056	-9.013439
604.8	5.958566	-8.705628
604.85	7.150925	-7.406132
604.9	7.952875	-5.330925
604.95	8.206715	-2.724276
605.0	7.806711	0.300004
605.05	6.758656	3.441744
605.1	5.128222	6.018537
605.15	3.144827	7.31746
605.2	1.073184	7.07791
605.25	-0.789259	5.77859
605.3	-2.270438	4.361125
605.35	-3.114922	3.499914
605.4	-3.268362	3.256731
605.45	-2.844649	3.336812
605.5	-1.947877	3.706216
605.55	-0.851608	4.594701
605.6	0.124636	5.98776
605.65	0.748358	7.098136
605.7	0.814821	6.635174
605.75	0.235136	3.779568
605.8	-0.866017	-0.744722
605.85	-2.261447	-5.115053
605.9	-3.673273	-7.496285
605.95	-4.832268	-7.173118
606.0	-5.54848	-4.711808
606.05	-5.724796	-1.529997
606.1	-5.371727	0.986257
606.15	-4.526946	2.3099
606.2	-3.308342	2.887314
606.25	-1.831351	3.445168
606.3	-0.211174	4.209988
606.35	1.434111	4.575073
606.4	3.042578	3.574621
606.45	4.434567	0.745892
606.5	5.525275	-3.429936
606.55	6.242383	-7.598713
606.6	6.526991	-10.261231
606.65	6.347038	-10.48276
606.7	5.745142	-8.30981
606.75	4.768925	-4.619794
606.8	3.516113	-0.503691
606.85	2.114694	3.252389
606.9	0.683154	6.317136
606.95	-0.648094	8.394303
607.0	-1.817564	9.021577
607.05	-2.709394	7.705155
607.1	-3.271471	4.473894
607.15	-3.458025	0.18097
607.2	-3.217448	-3.593708
607.25	-2.579654	-5.432643
607.3	-1.667799	-4.765311
607.35	-0.636119	-2.135396
607.4	0.327622	1.095899
607.45	1.021564	3.678154
607.5	1.369834	5.029169
607.55	1.279095	5.495569
607.6	0.798288	5.859242
607.65	0.032892	6.562433
607.7	-0.916524	7.20501
607.75	-1.879429	6.951497
607.8	-2.720017	5.416332
607.85	-3.316229	3.282656
607.9	-3.608615	1.688096
607.95	-3.558675	1.260593
608.0	-3.246007	1.527856
608.05	-2.707419	1.301674
608.1	-2.019245	-0.413938
608.15	-1.244494	-3.684099
608.2	-0.419133	-7.713769
608.25	0.396685	-11.36352
608.3	1.191709	-13.600731
608.35	1.946098	-13.541323
608.4	2.572778	-10.734967
608.45	3.008388	-5.531957
608.5	3.202218	0.708414
608.55	3.155049	6.125744
608.6	2.780419	9.028714
608.65	2.156162	8.355729
608.7	1.343999	4.104879
608.75	0.491567	-2.402132
608.8	-0.259103	-8.839925
608.85	-0.76298	-12.740949
608.9	-0.946293	-12.408181
608.95	-0.767453	-7.757566
609.0	-0.257578	-0.465968
609.05	0.472529	6.833368
609.1	1.262782	11.82008
609.15	1.930324	13.56017
609.2	2.268605	12.531651
609.25	2.154958	9.998099
609.3	1.520648	7.236533
609.35	0.451752	5.221108
609.4	-0.882285	4.332266
609.45	-2.250005	4.093717
609.5	-3.448415	3.434116
609.55	-4.297536	1.585891
609.6	-4.693932	-1.326585
609.65	-4.652893	-4.282055
609.7	-4.18609	-5.973869
609.75	-3.388737	-5.836819
609.8	-2.392542	-4.673643
609.85	-1.344156	-3.985309
609.9	-0.309921	-4.828824
609.95	0.680741	-7.046096
610.0	1.60771	-9.464185
610.05	2.450122	-10.670722
610.1	3.213572	-9.749804
610.15	3.844897	-6.727451
610.2	4.306803	-2.323424
610.25	4.59262	2.493725
610.3	4.712721	6.843084
610.35	4.635086	9.784849
610.4	4.372369	10.676624
610.45	3.995784	9.400131
610.5	3.493371	6.516886
610.55	2.910732	2.889535
610.6	2.284404	-0.790306
610.65	1.671796	-3.967716
610.7	1.069945	-6.035907
610.75	0.471339	-6.287422
610.8	-0.095422	-4.504947
610.85	-0.620172	-1.386385
610.9	-1.154734	1.671435
610.95	-1.672749	3.510639
611.0	-2.158962	4.085594
611.05	-2.60142	4.230912
611.1	-2.944915	4.835184
611.15	-3.188831	6.163889
611.2	-3.278689	7.694301
611.25	-3.201229	8.700431
611.3	-2.944455	8.686398
611.35	-2.541551	7.322194
611.4	-2.013295	4.404962
611.45	-1.405908	-0.010694
611.5	-0.777798	-5.382832
611.55	-0.147821	-10.587217
611.6	0.462819	-14.181497
611.65	1.045874	-15.121456
611.7	1.604447	-13.267166
611.75	2.145454	-9.416614
611.8	2.656107	-4.87258
611.85	3.105572	-0.741217
611.9	3.4813	2.433812
611.95	3.745751	4.658664
612.0	3.784322	6.131567
612.05	3.633458	6.876853
612.1	3.209964	6.729135
612.15	2.608718	5.342465
612.2	1.901056	2.483624
612.25	1.211866	-1.623933
612.3	0.605453	-6.212091
612.35	0.156832	-10.141805
612.4	-0.123184	-12.437588
612.45	-0.220242	-12.71528
612.5	-0.129222	-11.199611
612.55	0.123276	-8.530533
612.6	0.407106	-5.34011
612.65	0.668662	-2.052287
612.7	0.824102	1.006098
612.75	0.801748	3.420607
612.8	0.546664	4.816759
612.85	0.11461	5.046765
612.9	-0.423336	4.461494
612.95	-0.959053	3.899403
613.0	-1.425182	4.094328
613.05	-1.716477	4.855242
613.1	-1.777102	5.067935
613.15	-1.614084	3.406183
613.2	-1.209427	-0.479406
613.25	-0.712438	-5.620907
613.3	-0.143265	-10.297624
613.35	0.37016	-12.891426
613.4	0.738717	-12.747971
613.45	0.974163	-10.464146
613.5	1.095563	-7.628085
613.55	1.116086	-5.788299
613.6	1.093967	-5.629275
613.65	1.128652	-6.874848
613.7	1.197177	-8.637735
613.75	1.346346	-10.002956
613.8	1.540804	-10.101046
613.85	1.796896	-8.435753
613.9	2.095234	-5.33861
613.95	2.393113	-2.113278
614.0	2.672841	-0.416946
614.05	2.900777	-1.149254
614.1	3.043871	-3.686506
614.15	3.11246	-6.287732
614.2	3.084487	-7.360965
614.25	2.973093	-6.43406
614.3	2.767032	-4.217957
614.35	2.443655	-1.88851
614.4	1.947673	-0.287808
614.45	1.255594	0.599998
614.5	0.402898	1.278881
614.55	-0.539226	2.343997
614.6	-1.466564	3.903969
614.65	-2.285683	5.669596
614.7	-2.901945	7.224866
614.75	-3.230388	8.165051
614.8	-3.269404	8.050438
614.85	-3.068932	6.579092
614.9	-2.752087	3.867303
614.95	-2.437559	0.403735
615.0	-2.224598	-3.247494
615.05	-2.164046	-6.672579
615.1	-2.199568	-9.405778
615.15	-2.264163	-10.826339
615.2	-2.256171	-10.384159
615.25	-2.055545	-8.036212
615.3	-1.635802	-4.5144
615.35	-0.967402	-0.963444
615.4	-0.15928	1.646231
615.45	0.730237	2.987776
615.5	1.588447	3.19817
615.55	2.3613	2.798099
615.6	2.979821	2.302587
615.65	3.420873	1.985344
615.7	3.66825	1.893081
615.75	3.73175	1.928996
615.8	3.578578	1.817835
615.85	3.254533	1.128397
615.9	2.77684	-0.333105
615.95	2.209534	-2.049207
616.0	1.573865	-2.961664
616.05	0.919263	-2.181787
616.1	0.247318	0.367462
616.15	-0.456737	3.938081
616.2	-1.169338	7.452606
616.25	-1.920019	10.036401
616.3	-2.646388	11.086452
616.35	-3.266339	10.235571
616.4	-3.70955	7.503809
616.45	-3.891789	3.514902
616.5	-3.819385	-0.539559
616.55	-3.419467	-3.310141
616.6	-2.78208	-3.818804
616.65	-1.984002	-1.952347
616.7	-1.128491	1.510327
616.75	-0.2974	5.168388
616.8	0.381865	7.536216
616.85	0.840934	7.650158
616.9	1.088309	5.563444
616.95	1.119846	2.229558
617.0	0.997089	-0.832149
617.05	0.782295	-2.384124
617.1	0.585778	-2.176204
617.15	0.421665	-0.832889
617.2	0.355181	0.704666
617.25	0.378418	1.871088
617.3	0.513152	2.575279
617.35	0.770801	2.92546
617.4	1.125211	2.818201
617.45	1.566835	2.133476
617.5	2.062431	1.004412
617.55	2.529083	-0.087805
617.6	2.881704	-0.478696
617.65	3.056967	0.165587
617.7	3.004307	1.398523
617.75	2.641169	2.243179
617.8	2.000561	2.091496
617.85	1.109095	1.04526
617.9	0.091702	-0.142121
617.95	-0.95054	-0.575561
618.0	-1.87738	0.212826
618.05	-2.609989	2.07794
618.1	-3.093626	4.363328
618.15	-3.281281	6.266579
618.2	-3.18963	7.258116
618.25	-2.854228	7.375481
618.3	-2.347999	7.18111
618.35	-1.753574	7.360583
618.4	-1.184941	8.095099
618.45	-0.755208	8.856961
618.5	-0.503224	8.822159
618.55	-0.492245	7.405324
618.6	-0.743249	4.700454
618.65	-1.209165	1.309981
618.7	-1.769985	-1.889401
618.75	-2.395404	-4.248932
618.8	-2.989129	-5.566092
618.85	-3.440747	-6.00143
618.9	-3.730536	-5.805282
618.95	-3.769759	-5.015299
619.0	-3.63263	-3.605603
619.05	-3.32366	-1.798268
619.1	-2.841279	-0.091179
619.15	-2.308084	1.081121
619.2	-1.699002	1.574885
619.25	-1.082581	1.565507
619.3	-0.498161	1.388435
619.35	0.011661	1.212664
619.4	0.358662	0.938343
619.45	0.48026	0.489984
619.5	0.326407	0.118888
619.55	-0.072882	0.295976
619.6	-0.671381	1.377341
619.65	-1.436017	3.217108
619.7	-2.277164	5.366477
619.75	-3.12201	7.429017
619.8	-3.921867	9.218261
619.85	-4.666469	10.615207
619.9	-5.367948	11.330966
619.95	-6.013194	11.098732
620.0	-6.571619	9.982749
620.05	-7.011454	8.415767
620.1	-7.257565	6.94357
620.15	-7.35969	6.066011
620.2	-7.281166	6.13586
620.25	-7.058754	7.230816
620.3	-6.752238	8.998478
620.35	-6.416511	10.756905
620.4	-6.127302	11.676693
620.45	-5.884654	11.213986
620.5	-5.652167	9.298753
620.55	-5.41698	6.508191
620.6	-5.200272	3.780344
620.65	-4.981883	2.018475
620.7	-4.710064	1.612068
620.75	-4.40464	2.368932
620.8	-4.036688	3.799878
620.85	-3.576967	5.606411
620.9	-3.018268	7.786164
620.95	-2.3922	10.426195
621.0	-1.725781	13.255484
621.05	-1.096977	15.573518
621.1	-0.568501	16.617643
621.15	-0.174657	16.102711
621.2	-0.027147	14.456475
621.25	-0.155916	12.391702
621.3	-0.5481	10.474757
621.35	-1.142917	8.81626
621.4	-1.89704	7.336022
621.45	-2.718898	5.890408
621.5	-3.475258	4.415321
621.55	-4.071821	2.898626
621.6	-4.427131	1.444497
621.65	-4.481174	0.251029
621.7	-4.280521	-0.496544
621.75	-3.794745	-0.794189
621.8	-3.090084	-0.832543
621.85	-2.198537	-0.89979
621.9	-1.181837	-1.138548
621.95	-0.104034	-1.54119
622.0	1.014653	-2.09807
622.05	2.098283	-2.79881
622.1	3.08377	-3.668268
622.15	3.91818	-4.651075
622.2	4.619923	-5.722149
622.25	5.14565	-6.789337
622.3	5.526496	-7.711598
622.35	5.829099	-8.490384
622.4	6.060498	-9.2566
622.45	6.236539	-10.20929
622.5	6.336245	-11.212792
622.55	6.339234	-11.79986
622.6	6.197382	-11.731598
622.65	5.847849	-11.343873
622.7	5.265236	-11.470621
622.75	4.443218	-12.721058
622.8	3.416669	-14.889759
622.85	2.271952	-17.019589
622.9	1.109874	-17.995457
622.95	0.038117	-17.199815
623.0	-0.909058	-14.873074
623.05	-1.689919	-11.734507
623.1	-2.351902	-8.589488
623.15	-2.919501	-6.133134
623.2	-3.392987	-4.920447
623.25	-3.853915	-5.301454
623.3	-4.262101	-6.873188
623.35	-4.601071	-8.613528
623.4	-4.826825	-9.43048
623.45	-4.899139	-8.800072
623.5	-4.852588	-7.037981
623.55	-4.657412	-4.941769
623.6	-4.32794	-3.404607
623.65	-3.926006	-3.160511
623.7	-3.447982	-4.41507
623.75	-2.951859	-6.65283
623.8	-2.473685	-8.630008
623.85	-2.009896	-8.979573
623.9	-1.598433	-7.064633
623.95	-1.216672	-3.313014
624.0	-0.86879	0.992548
624.05	-0.574269	4.369008
624.1	-0.340668	5.627302
624.15	-0.175705	4.348804
624.2	-0.023945	1.126187
624.25	0.151373	-2.800332
624.3	0.374558	-6.259913
624.35	0.654754	-8.745544
624.4	1.02916	-10.369805
624.45	1.504953	-11.324954
624.5	1.999378	-11.552753
624.55	2.54097	-10.820923
624.6	3.09466	-8.992041
624.65	3.645497	-6.284436
624.7	4.147157	-3.204327
624.75	4.525283	-0.439994
624.8	4.782115	1.405967
624.85	4.820522	2.038144
624.9	4.635692	1.654941
624.95	4.229187	0.78703
625.0	3.615579	-0.081648
625.05	2.879509	-0.740321
625.1	2.068703	-1.200127
625.15	1.21933	-1.438174
625.2	0.45859	-1.280034
625.25	-0.186954	-0.603159
625.3	-0.683593	0.282286
625.35	-0.984767	0.657242
625.4	-1.126336	-0.201522
625.45	-1.124441	-2.462665
625.5	-1.021848	-5.268208
625.55	-0.858776	-7.248074
625.6	-0.65468	-7.266108
625.65	-0.448557	-5.217021
625.7	-0.243528	-2.022034
625.75	-0.035853	0.83485
625.8	0.164576	2.160953
625.85	0.408409	1.644549
625.9	0.754359	0.079282
625.95	1.167766	-1.381998
626.0	1.692598	-2.159156
626.05	2.326085	-2.485177
626.1	3.025027	-3.047436
626.15	3.755217	-4.167099
626.2	4.455036	-5.613192
626.25	5.092314	-6.680803
626.3	5.642639	-6.866636
626.35	6.087213	-6.030579
626.4	6.415812	-4.333481
626.45	6.670136	-2.066216
626.5	6.893908	0.434202
626.55	7.111479	2.954615
626.6	7.318522	5.317677
626.65	7.504929	7.284561
626.7	7.676072	8.38785
626.75	7.748355	8.238391
626.8	7.734229	6.793821
626.85	7.642756	4.585299
626.9	7.410649	2.334381
626.95	7.16666	0.399912
627.0	6.906357	-1.362077
627.05	6.691899	-3.089134
627.1	6.579733	-4.512009
627.15	6.621123	-4.97682
627.2	6.850642	-4.060854
627.25	7.250318	-1.918156
627.3	7.77279	0.834149
627.35	8.411348	3.615633
627.4	9.069553	6.098432
627.45	9.684983	8.265679
627.5	10.201774	9.962344
627.55	10.557914	10.916985
627.6	10.761239	10.852723
627.65	10.802429	9.562891
627.7	10.63124	7.000894
627.75	10.298746	3.421637
627.8	9.839478	-0.552294
627.85	9.224286	-4.072149
627.9	8.553812	-6.503958
627.95	7.809435	-7.681122
628.0	7.030745	-7.778648
628.05	6.268631	-7.001072
628.1	5.513287	-5.423801
628.15	4.770536	-2.969493
628.2	4.085494	0.227277
628.25	3.439794	3.688835
628.3	2.784404	6.695576
628.35	2.163632	8.628694
628.4	1.545641	9.277492
628.45	0.91516	8.703433
628.5	0.274154	7.171886
628.55	-0.358486	5.089272
628.6	-1.014906	2.80094
628.65	-1.678521	0.637444
628.7	-2.356447	-1.083715
628.75	-3.049227	-2.003601
628.8	-3.716915	-1.796625
628.85	-4.400993	-0.50686
628.9	-5.057652	1.503034
628.95	-5.745851	3.793263
629.0	-6.435447	5.990933
629.05	-7.134878	7.812667
629.1	-7.859845	9.087757
629.15	-8.527789	9.711534
629.2	-9.104582	9.694757
629.25	-9.540908	9.163103
629.3	-9.772057	8.298833
629.35	-9.798603	7.233689
629.4	-9.631577	5.988515
629.45	-9.298026	4.402127
629.5	-8.90412	2.316685
629.55	-8.431951	-0.281351
629.6	-7.964889	-3.115338
629.65	-7.535626	-5.553875
629.7	-7.13564	-6.980444
629.75	-6.724667	-7.147031
629.8	-6.324307	-6.321905
629.85	-5.962681	-4.989033
629.9	-5.640363	-3.409841
629.95	-5.363611	-1.6067
630.0	-5.129103	0.436607
630.05	-4.991815	2.54554
630.1	-4.824385	4.37317
630.15	-4.618553	5.704176
630.2	-4.327623	6.484405
630.25	-3.899811	6.809295
630.3	-3.386711	6.691321
630.35	-2.805785	5.960434
630.4	-2.266042	4.486981
630.45	-1.849271	2.472007
630.5	-1.613316	0.426883
630.55	-1.57577	-1.07835
630.6	-1.766841	-1.707638
630.65	-2.172634	-1.568974
630.7	-2.723535	-1.037386
630.75	-3.340798	-0.52754
630.8	-3.96264	-0.361357
630.85	-4.481035	-0.437157
630.9	-4.849719	-0.403838
630.95	-5.018466	0.21915
631.0	-4.983812	1.471711
631.05	-4.76071	2.95285
631.1	-4.389886	4.004018
631.15	-3.919132	4.299438
631.2	-3.438929	3.904388
631.25	-2.948569	2.966184
631.3	-2.529248	1.608875
631.35	-2.135825	-0.026899
631.4	-1.827428	-1.490478
631.45	-1.567684	-2.221337
631.5	-1.33898	-1.95892
631.55	-1.184782	-0.738956
631.6	-1.055095	1.060201
631.65	-1.026269	2.960042
631.7	-1.096297	4.423763
631.75	-1.286358	4.985506
631.8	-1.524779	4.47434
631.85	-1.788178	3.145757
631.9	-2.034221	1.607126
631.95	-2.211109	0.30872
632.0	-2.291081	-0.724732
632.05	-2.284033	-1.854008
632.1	-2.224334	-3.303086
632.15	-2.153468	-4.82222
632.2	-2.089621	-5.969783
632.25	-2.045326	-6.235955
632.3	-2.062474	-5.446797
632.35	-2.160866	-3.766281
632.4	-2.330162	-1.621146
632.45	-2.595906	0.482908
632.5	-2.905413	2.096358
632.55	-3.243617	2.808784
632.6	-3.526967	2.31688
632.65	-3.741818	0.728978
632.7	-3.818985	-1.28406
632.75	-3.739029	-2.68608
632.8	-3.468629	-2.781802
632.85	-3.044269	-1.580488
632.9	-2.461972	0.21912
632.95	-1.805773	1.682974
633.0	-1.117195	2.120544
633.05	-0.487168	1.415424
633.1	0.037484	0.047218
633.15	0.3843	-1.351813
633.2	0.56337	-2.252203
633.25	0.566508	-2.597765
633.3	0.377713	-2.617336
633.35	0.083655	-2.602508
633.4	-0.31558	-2.652984
633.45	-0.70125	-2.753681
633.5	-1.010941	-2.888058
633.55	-1.19781	-3.060191
633.6	-1.183165	-3.202541
633.65	-1.008443	-3.063243
633.7	-0.653217	-2.532193
633.75	-0.140649	-1.721826
633.8	0.44743	-0.897821
633.85	1.071471	-0.118547
633.9	1.628038	0.684094
633.95	2.015936	1.491315
634.0	2.196284	2.184844
634.05	2.135856	2.586685
634.1	1.822014	2.457826
634.15	1.27363	1.715894
634.2	0.552687	0.469722
634.25	-0.259621	-0.994512
634.3	-1.05642	-2.313579
634.35	-1.797673	-3.337983
634.4	-2.367182	-3.945873
634.45	-2.71452	-4.020297
634.5	-2.820121	-3.455114
634.55	-2.67345	-2.27948
634.6	-2.330495	-0.7088
634.65	-1.828197	1.04829
634.7	-1.26627	2.841382
634.75	-0.701444	4.526546
634.8	-0.222298	5.764798
634.85	0.139504	6.155295
634.9	0.354249	5.493646
634.95	0.427898	4.047068
635.0	0.395512	2.299985
635.05	0.286599	0.608079
635.1	0.20582	-0.919471
635.15	0.147988	-2.390115
635.2	0.176195	-3.691281
635.25	0.346516	-4.603824
635.3	0.609609	-4.74775
635.35	0.988963	-3.929288
635.4	1.404745	-2.353228
635.45	1.881096	-0.608825
635.5	2.332645	0.669722
635.55	2.761156	1.177088
635.6	3.056083	1.183836
635.65	3.268693	1.180799
635.7	3.324458	1.571308
635.75	3.22226	2.524603
635.8	2.916771	3.848852
635.85	2.45125	5.167286
635.9	1.839405	6.058801
635.95	1.08856	6.241901
636.0	0.285036	5.706457
636.05	-0.522903	4.548409
636.1	-1.242743	2.976196
636.15	-1.843726	1.25999
636.2	-2.298591	-0.411631
636.25	-2.567447	-1.864209
636.3	-2.633778	-2.936241
636.35	-2.4784	-3.339295
636.4	-2.141427	-2.816782
636.45	-1.674724	-1.303424
636.5	-1.108076	0.87874
636.55	-0.515227	3.034304
636.6	0.052936	4.512732
636.65	0.557223	4.926555
636.7	0.908112	4.399759
636.75	1.132483	3.362849
636.8	1.214902	2.14568
636.85	1.161319	0.802629
636.9	0.993477	-0.659556
636.95	0.746021	-2.098933
637.0	0.463412	-3.199389
637.05	0.163981	-3.675556
637.1	-0.10742	-3.505891
637.15	-0.341642	-2.71302
637.2	-0.496586	-1.438712
637.25	-0.562732	0.139663
637.3	-0.530509	1.811696
637.35	-0.40116	3.349243
637.4	-0.206529	4.613959
637.45	0.017326	5.421864
637.5	0.218555	5.440152
637.55	0.393926	4.424506
637.6	0.49093	2.45101
637.65	0.513495	0.0636
637.7	0.45809	-2.04855
637.75	0.367434	-3.418871
637.8	0.302053	-4.026252
637.85	0.236267	-4.03228
637.9	0.218715	-3.604675
637.95	0.252758	-2.762854
638.0	0.315784	-1.60839
638.05	0.393801	-0.41249
638.1	0.460202	0.478716
638.15	0.480997	0.839211
638.2	0.414693	0.691919
638.25	0.312105	0.369001
638.3	0.114593	0.202141
638.35	-0.181637	0.333825
638.4	-0.545307	0.636975
638.45	-0.957597	0.767078
638.5	-1.388594	0.295819
638.55	-1.760634	-1.002567
638.6	-2.04629	-3.034945
638.65	-2.250535	-5.287721
638.7	-2.324764	-7.136795
638.75	-2.297125	-8.217206
638.8	-2.1951	-8.571583
638.85	-2.034376	-8.497262
638.9	-1.880759	-8.176303
638.95	-1.736743	-7.467993
639.0	-1.625851	-6.159515
639.05	-1.494511	-4.277586
639.1	-1.372893	-2.299091
639.15	-1.202691	-0.686485
639.2	-1.002734	0.336805
639.25	-0.774047	0.852282
639.3	-0.566627	1.093291
639.35	-0.414191	1.322018
639.4	-0.342515	1.685608
639.45	-0.336309	2.158836
639.5	-0.411541	2.775432
639.55	-0.551639	3.485585
639.6	-0.734248	4.196931
639.65	-0.973498	4.718635
639.7	-1.197914	4.745076
639.75	-1.45526	4.104062
639.8	-1.664533	2.762856
639.85	-1.87212	0.880602
639.9	-1.994092	-1.137389
639.95	-2.04126	-2.814204
640.0	-2.013581	-3.702445
640.05	-1.905136	-3.484541
640.1	-1.711769	-2.193612
640.15	-1.465504	-0.167247
640.2	-1.17383	1.957812
640.25	-0.828232	3.457274
640.3	-0.525265	3.796759
640.35	-0.24499	2.722556
640.4	-0.021929	0.448549
640.45	0.105844	-2.461695
640.5	0.137439	-5.233162
640.55	0.060221	-7.111731
640.6	-0.084284	-7.750586
640.65	-0.299242	-7.170268
640.7	-0.51494	-5.622258
640.75	-0.706194	-3.464679
640.8	-0.810637	-1.150879
640.85	-0.810605	0.777339
640.9	-0.706122	1.97094
640.95	-0.461249	2.449201
641.0	-0.10573	2.554881
641.05	0.327604	2.633979
641.1	0.784667	2.871999
641.15	1.248544	3.238891
641.2	1.603697	3.709295
641.25	1.84666	4.243847
641.3	1.965986	4.697618
641.35	1.940819	4.872051
641.4	1.749212	4.496643
641.45	1.454479	3.446459
641.5	1.107886	1.740244
641.55	0.70637	-0.31755
641.6	0.357648	-2.240779
641.65	0.038075	-3.454927
641.7	-0.188092	-3.661365
641.75	-0.299505	-2.944491
641.8	-0.316289	-1.78378
641.85	-0.261874	-0.755706
641.9	-0.140287	-0.252203
641.95	0.054567	-0.286009
642.0	0.297609	-0.499406
642.05	0.624115	-0.41945
642.1	0.986433	0.240577
642.15	1.389518	1.322121
642.2	1.808308	2.446571
642.25	2.189766	3.086484
642.3	2.499932	3.02102
642.35	2.747483	2.353606
642.4	2.859547	1.424412
642.45	2.834056	0.566708
642.5	2.696346	-0.101077
642.55	2.460143	-0.643986
642.6	2.170212	-1.079588
642.65	1.86512	-1.243081
642.7	1.60923	-0.994279
642.75	1.431074	-0.339386
642.8	1.347638	0.505035
642.85	1.3692	1.331243
642.9	1.457195	2.090799
642.95	1.58928	2.828905
643.0	1.72567	3.554526
643.05	1.823643	4.108998
643.1	1.866702	4.283193
643.15	1.825646	4.006127
643.2	1.682	3.363965
643.25	1.499519	2.491601
643.3	1.249747	1.551216
643.35	0.991872	0.677355
643.4	0.754407	0.108351
643.45	0.563793	0.024541
643.5	0.489338	0.430479
643.55	0.486253	1.214796
643.6	0.599516	2.235854
643.65	0.805856	3.404101
643.7	1.05867	4.569412
643.75	1.338941	5.558364
643.8	1.605275	6.074868
643.85	1.773932	5.834477
643.9	1.836044	4.898899
643.95	1.804974	3.518627
644.0	1.663261	1.958446
644.05	1.438109	0.381355
644.1	1.17529	-1.256115
644.15	0.89682	-2.845698
644.2	0.646873	-4.110928
644.25	0.442481	-4.644977
644.3	0.295283	-4.199419
644.35	0.224902	-2.912026
644.4	0.180546	-1.094868
644.45	0.186309	0.804444
644.5	0.233775	2.588348
644.55	0.268522	4.145962
644.6	0.315985	5.45389
644.65	0.36632	6.467636
644.7	0.395093	7.150331
644.75	0.394477	7.385315
644.8	0.327212	7.054613
644.85	0.169194	6.018503
644.9	-0.090673	4.329598
644.95	-0.445711	2.342014
645.0	-0.888684	0.609152
645.05	-1.40155	-0.4768
645.1	-1.915516	-0.902719
645.15	-2.437469	-0.872139
645.2	-2.915148	-0.626939
645.25	-3.296876	-0.273332
645.3	-3.55973	0.105498
645.35	-3.652919	0.529334
645.4	-3.628907	1.051285
645.45	-3.469456	1.694668
645.5	-3.177018	2.307871
645.55	-2.791962	2.702879
645.6	-2.332748	2.595465
645.65	-1.821756	1.899283
645.7	-1.250859	0.69092
645.75	-0.671178	-0.639578
645.8	-0.070988	-1.774064
645.85	0.535223	-2.539664
645.9	1.097096	-2.975455
645.95	1.572963	-3.182174
646.0	1.946216	-3.215019
646.05	2.190231	-3.071824
646.1	2.278924	-2.770607
646.15	2.202727	-2.295422
646.2	1.987243	-1.552094
646.25	1.683733	-0.543257
646.3	1.358424	0.627937
646.35	1.012941	1.847991
646.4	0.762532	2.974618
646.45	0.622654	3.88287
646.5	0.573072	4.448279
646.55	0.565128	4.616344
646.6	0.588244	4.348265
646.65	0.560187	3.616286
646.7	0.424148	2.429223
646.75	0.199133	0.875301
646.8	-0.155345	-0.905258
646.85	-0.560596	-2.564105
646.9	-1.016231	-3.73855
646.95	-1.441797	-4.117383
647.0	-1.751622	-3.730581
647.05	-1.953674	-2.777109
647.1	-2.025751	-1.612203
647.15	-1.955916	-0.511206
647.2	-1.743726	0.303177
647.25	-1.441394	0.835663
647.3	-1.048465	1.157068
647.35	-0.598536	1.276791
647.4	-0.12395	1.071569
647.45	0.389199	0.423191
647.5	0.877755	-0.613612
647.55	1.36687	-1.818935
647.6	1.801891	-2.968544
647.65	2.137632	-3.91967
647.7	2.368086	-4.654085
647.75	2.446278	-5.236584
647.8	2.381367	-5.694794
647.85	2.186002	-5.890143
647.9	1.858839	-5.620595
647.95	1.496306	-4.800067
648.0	1.081527	-3.599115
648.05	0.719278	-2.424376
648.1	0.388208	-1.559296
648.15	0.11052	-1.203075
648.2	-0.078517	-1.338286
648.25	-0.18503	-1.877708
648.3	-0.212813	-2.604951
648.35	-0.156174	-3.203004
648.4	-0.02226	-3.388335
648.45	0.153231	-3.077651
648.5	0.385674	-2.332379
648.55	0.598855	-1.400469
648.6	0.813373	-0.605192
648.65	0.95194	-0.332838
648.7	1.019125	-0.692692
648.75	1.042067	-1.473541
648.8	0.992065	-2.164373
648.85	0.878042	-2.353991
648.9	0.770729	-1.996832
648.95	0.659247	-1.403642
649.0	0.565874	-0.9512
649.05	0.526383	-0.897849
649.1	0.55898	-1.277635
649.15	0.655764	-1.888264
649.2	0.818473	-2.52276
649.25	1.033114	-3.155683
649.3	1.306086	-3.809076
649.35	1.58551	-4.571839
649.4	1.849749	-5.212294
649.45	2.05814	-5.483165
649.5	2.226247	-5.297836
649.55	2.314142	-4.762657
649.6	2.325568	-4.229372
649.65	2.2932	-3.901503
649.7	2.23463	-3.824857
649.75	2.175084	-3.844619
649.8	2.138284	-3.795128
649.85	2.161585	-3.606973
649.9	2.243328	-3.251525
649.95	2.408251	-2.697886
650.0	2.615317	-1.927219
650.05	2.872459	-1.09294
650.1	3.127737	-0.31413
650.15	3.315057	0.294051
650.2	3.42848	0.747019
650.25	3.443065	1.053286
650.3	3.315935	1.30812
650.35	3.058956	1.479275
650.4	2.685279	1.446949
650.45	2.235321	1.097459
650.5	1.747494	0.429984
650.55	1.255476	-0.386331
650.6	0.852208	-1.174596
650.65	0.560654	-1.715472
650.7	0.425426	-1.875274
650.75	0.455898	-1.643791
650.8	0.639262	-1.232274
650.85	0.980637	-0.946945
650.9	1.405564	-1.048296
650.95	1.920248	-1.568515
651.0	2.439448	-2.387055
651.05	2.946298	-3.263095
651.1	3.381845	-3.944259
651.15	3.684815	-4.30251
651.2	3.829242	-4.357518
651.25	3.851513	-4.206326
651.3	3.743872	-3.860785
651.35	3.547322	-3.249764
651.4	3.28095	-2.356914
651.45	2.985619	-1.338503
651.5	2.664412	-0.434792
651.55	2.364493	0.132644
651.6	2.133584	0.299466
651.65	1.955173	0.125311
651.7	1.821258	-0.19732
651.75	1.734268	-0.550092
651.8	1.685314	-0.843976
651.85	1.649278	-0.978295
651.9	1.616174	-0.85832
651.95	1.558852	-0.51137
652.0	1.425745	-0.070017
652.05	1.252825	0.275512
652.1	1.039489	0.445444
652.15	0.767392	0.538767
652.2	0.474437	0.683076
652.25	0.168844	0.908601
652.3	-0.118462	1.073328
652.35	-0.367121	1.015728
652.4	-0.587085	0.681039
652.45	-0.712831	0.131262
652.5	-0.76099	-0.448505
652.55	-0.696844	-0.892576
652.6	-0.532611	-1.143028
652.65	-0.301639	-1.30511
652.7	0.004484	-1.467037
652.75	0.408147	-1.56914
652.8	0.778863	-1.473888
652.85	1.148581	-1.041528
652.9	1.475955	-0.3247
652.95	1.718256	0.462368
653.0	1.840147	1.097274
653.05	1.824061	1.326718
653.1	1.677026	1.0925
653.15	1.447528	0.477034
653.2	1.162802	-0.287072
653.25	0.836473	-0.960707
653.3	0.544052	-1.414767
653.35	0.278564	-1.594281
653.4	0.070034	-1.526408
653.45	-0.022285	-1.228958
653.5	-0.077744	-0.724078
653.55	-0.051299	-0.10299
653.6	0.031799	0.553362
653.65	0.114289	1.087574
653.7	0.197986	1.398681
653.75	0.227536	1.430766
653.8	0.196014	1.343476
653.85	0.107648	1.258026
653.9	-0.055821	1.275761
653.95	-0.29241	1.378799
654.0	-0.588386	1.393684
654.05	-0.915993	1.274104
654.1	-1.25995	1.098061
654.15	-1.567123	1.013442
654.2	-1.848899	1.071393
654.25	-2.051306	1.114308
654.3	-2.184939	0.931578
654.35	-2.235686	0.455622
654.4	-2.217369	-0.135673
654.45	-2.163188	-0.458397
654.5	-2.071555	-0.282698
654.55	-1.978785	0.319882
654.6	-1.895346	1.068233
654.65	-1.795816	1.663418
654.7	-1.691243	1.961515
654.75	-1.55488	1.96103
654.8	-1.400156	1.767214
654.85	-1.255964	1.470489
654.9	-1.107802	1.085047
654.95	-0.966188	0.614108
655.0	-0.868974	0.077703
655.05	-0.834124	-0.414619
655.1	-0.810463	-0.646764
655.15	-0.808407	-0.394854
655.2	-0.833159	0.327891
655.25	-0.879902	1.322457
655.3	-0.911563	2.321799
655.35	-0.978389	3.119662
655.4	-1.071915	3.686801
655.45	-1.193717	4.012979
655.5	-1.341271	4.171743
655.55	-1.526775	4.279973
655.6	-1.758217	4.412083
655.65	-2.022653	4.703896
655.7	-2.291037	5.161216
655.75	-2.603881	5.643224
655.8	-2.868314	5.90204
655.85	-3.140538	5.634221
655.9	-3.37839	4.758466
655.95	-3.56032	3.412571
656.0	-3.721386	1.866944
656.05	-3.838384	0.341501
656.1	-3.914268	-0.968089
656.15	-3.937705	-1.870972
656.2	-3.918979	-2.238042
656.25	-3.827397	-1.959112
656.3	-3.673345	-1.124201
656.35	-3.462386	0.045063
656.4	-3.205885	1.201684
656.45	-2.899544	2.089223
656.5	-2.599149	2.623408
656.55	-2.283407	2.843812
656.6	-2.001784	2.783943
656.65	-1.746869	2.43198
656.7	-1.555184	1.802863
656.75	-1.450973	0.978844
656.8	-1.413668	0.15477
656.85	-1.464993	-0.533122
656.9	-1.564542	-1.033584
656.95	-1.713524	-1.357885
657.0	-1.885937	-1.486288
657.05	-2.067478	-1.326917
657.1	-2.24986	-0.806345
657.15	-2.44359	0.00367
657.2	-2.623523	0.903287
657.25	-2.847474	1.646715
657.3	-3.077241	2.084929
657.35	-3.342854	2.181432
657.4	-3.618335	2.031537
657.45	-3.886954	1.699353
657.5	-4.159057	1.288593
657.55	-4.374012	0.905506
657.6	-4.548892	0.651861
657.65	-4.66617	0.569994
657.7	-4.698868	0.554323
657.75	-4.663489	0.421401
657.8	-4.551684	0.108756
657.85	-4.408836	-0.230077
657.9	-4.242984	-0.354846
657.95	-4.035683	-0.169756
658.0	-3.841229	0.134048
658.05	-3.672858	0.36555
658.1	-3.511061	0.47458
658.15	-3.36133	0.726987
658.2	-3.216356	1.293396
658.25	-3.065113	2.146095
658.3	-2.903303	2.941678
658.35	-2.754372	3.361525
658.4	-2.597427	3.337986
658.45	-2.424287	2.974004
658.5	-2.263106	2.369526
658.55	-2.108706	1.561736
658.6	-1.983536	0.525463
658.65	-1.878012	-0.519425
658.7	-1.795435	-1.239412
658.75	-1.735801	-1.41573
658.8	-1.719701	-1.038339
658.85	-1.730953	-0.329933
658.9	-1.766476	0.550357
658.95	-1.813795	1.465553
659.0	-1.851174	2.298172
659.05	-1.893089	2.94743
659.1	-1.902008	3.309817
659.15	-1.887024	3.429456
659.2	-1.847496	3.457447
659.25	-1.764658	3.546808
659.3	-1.663001	3.775034
659.35	-1.572343	4.118383
659.4	-1.505401	4.407688
659.45	-1.443548	4.40824
659.5	-1.425283	3.970147
659.55	-1.427523	3.205621
659.6	-1.466389	2.335531
659.65	-1.50479	1.53967
659.7	-1.538323	0.96251
659.75	-1.548834	0.692064
659.8	-1.51551	0.80617
659.85	-1.456181	1.301263
659.9	-1.355938	1.984933
659.95	-1.231829	2.555113
660.0	-1.103043	2.72569
660.05	-0.938824	2.411719
660.1	-0.787945	1.744904
660.15	-0.651823	0.946257
660.2	-0.514182	0.155773
660.25	-0.402794	-0.603638
660.3	-0.287862	-1.370937
660.35	-0.201337	-2.021863
660.4	-0.136682	-2.387654
660.45	-0.086763	-2.348505
660.5	-0.048724	-1.862441
660.55	-0.046772	-1.060662
660.6	-0.060644	-0.115629
660.65	-0.086559	0.840178
660.7	-0.130003	1.739033
660.75	-0.181873	2.535221
660.8	-0.210782	3.144878
660.85	-0.214524	3.510115
660.9	-0.215821	3.59663
660.95	-0.183048	3.433802
661.0	-0.13097	3.03135
661.05	-0.085881	2.513224
661.1	-0.037333	1.897277
661.15	0.0004	1.249348
661.2	-0.004165	0.593715
661.25	-0.034108	0.130728
661.3	-0.059582	-0.110623
661.35	-0.108458	-0.109853
661.4	-0.133428	0.05294
661.45	-0.162222	0.27842
661.5	-0.11629	0.539059
661.55	-0.023238	0.763591
661.6	0.112297	0.864534
661.65	0.313334	0.785538
661.7	0.555272	0.568168
661.75	0.812738	0.322447
661.8	1.090572	0.092263
661.85	1.389994	-0.221835
661.9	1.707512	-0.633979
661.95	2.023113	-1.10976
662.0	2.302853	-1.50674
662.05	2.592382	-1.763089
662.1	2.828342	-1.871849
662.15	2.977428	-1.850815
662.2	3.047583	-1.777014
662.25	3.019784	-1.710535
662.3	2.880459	-1.674021
662.35	2.62472	-1.719463
662.4	2.310189	-1.887911
662.45	1.95878	-2.075797
662.5	1.582201	-2.176417
662.55	1.272182	-2.105387
662.6	1.000622	-1.846322
662.65	0.842538	-1.575528
662.7	0.750117	-1.394465
662.75	0.749258	-1.415673
662.8	0.811343	-1.601306
662.85	0.913498	-1.822933
662.9	1.043158	-2.044323
662.95	1.158692	-2.280268
663.0	1.242954	-2.601713
663.05	1.297575	-3.080476
663.1	1.269816	-3.619627
663.15	1.223536	-3.998241
663.2	1.149127	-4.072165
663.25	1.023949	-3.829416
663.3	0.932019	-3.437152
663.35	0.856097	-3.01276
663.4	0.822366	-2.612699
663.45	0.805206	-2.252901
663.5	0.863603	-1.913658
663.55	0.95317	-1.626068
663.6	1.080969	-1.469347
663.65	1.22557	-1.553987
663.7	1.360681	-2.009975
663.75	1.524621	-2.827479
663.8	1.648552	-3.754446
663.85	1.784315	-4.404387
663.9	1.855744	-4.554937
663.95	1.930649	-4.253597
664.0	1.965394	-3.81614
664.05	2.000335	-3.548182
664.1	2.002339	-3.545756
664.15	1.970255	-3.605895
664.2	1.919559	-3.533943
664.25	1.90878	-3.218903
664.3	1.870925	-2.764691
664.35	1.861315	-2.31295
664.4	1.871389	-1.902835
664.45	1.946419	-1.522515
664.5	2.066003	-1.174397
664.55	2.205486	-0.845365
664.6	2.379004	-0.526741
664.65	2.59364	-0.226406
664.7	2.745509	0.026933
664.75	2.877302	0.119911
664.8	2.964088	-0.058444
664.85	2.978636	-0.498876
664.9	2.931134	-1.114815
664.95	2.824584	-1.785089
665.0	2.673261	-2.327923
665.05	2.525209	-2.584869
665.1	2.401382	-2.471864
665.15	2.301053	-2.069686
665.2	2.272923	-1.632028
665.25	2.299527	-1.456592
665.3	2.375713	-1.660813
665.35	2.530981	-2.248104
665.4	2.732991	-3.038753
665.45	2.960179	-3.807094
665.5	3.211548	-4.271861
665.55	3.498397	-4.321257
665.6	3.758305	-3.980606
665.65	4.006844	-3.313024
665.7	4.245712	-2.586463
665.75	4.446234	-1.973209
665.8	4.562181	-1.653924
665.85	4.613638	-1.666934
665.9	4.597256	-1.994991
665.95	4.53457	-2.530656
666.0	4.415353	-3.105022
666.05	4.276117	-3.377334
666.1	4.138541	-3.131494
666.15	4.005041	-2.311483
666.2	3.884212	-1.161696
666.25	3.788736	-0.034197
666.3	3.687716	0.726174
666.35	3.562493	0.975821
666.4	3.425052	0.81571
666.45	3.268703	0.436732
666.5	3.076328	0.0479
666.55	2.824992	-0.316436
666.6	2.553437	-0.641701
666.65	2.277858	-0.921571
666.7	1.99261	-1.110235
666.75	1.747201	-1.202071
666.8	1.533933	-1.230247
666.85	1.38203	-1.233117
666.9	1.312332	-1.173848
666.95	1.318043	-1.014657
667.0	1.401662	-0.734166
667.05	1.547495	-0.420126
667.1	1.738182	-0.243602
667.15	1.959124	-0.270935
667.2	2.169143	-0.454243
667.25	2.356391	-0.641994
667.3	2.505924	-0.736733
667.35	2.581602	-0.707093
667.4	2.612915	-0.600086
667.45	2.559824	-0.537833
667.5	2.467557	-0.577435
667.55	2.336961	-0.625456
667.6	2.18259	-0.569854
667.65	2.023405	-0.315784
667.7	1.847711	0.111626
667.75	1.678007	0.607369
667.8	1.558833	1.057071
667.85	1.408035	1.405169
667.9	1.271161	1.630687
667.95	1.137918	1.82674
668.0	1.000956	1.976815
668.05	0.870397	2.023217
668.1	0.744886	1.878351
668.15	0.605759	1.642097
668.2	0.450573	1.379692
668.25	0.285294	1.230513
668.3	0.104887	1.120262
668.35	-0.096144	1.046919
668.4	-0.281342	1.052326
668.45	-0.4757	1.19249
668.5	-0.673864	1.542704
668.55	-0.891585	2.069281
668.6	-1.052045	2.727757
668.65	-1.238086	3.366938
668.7	-1.397333	3.781107
668.75	-1.565281	3.876325
668.8	-1.681756	3.587561
668.85	-1.808629	3.048779
668.9	-1.878684	2.474371
668.95	-1.942895	1.993849
669.0	-1.990301	1.678662
669.05	-2.024167	1.483196
669.1	-2.046321	1.375287
669.15	-2.078562	1.342725
669.2	-2.136278	1.347848
669.25	-2.213958	1.225882
669.3	-2.313201	0.918058
669.35	-2.460873	0.479506
669.4	-2.613895	0.171891
669.45	-2.796049	0.29272
669.5	-2.958349	0.937242
669.55	-3.114572	1.946479
669.6	-3.212252	2.995095
669.65	-3.285411	3.754951
669.7	-3.33132	4.066479
669.75	-3.305971	3.995812
669.8	-3.264004	3.72987
669.85	-3.228613	3.449646
669.9	-3.157755	3.136441
669.95	-3.157141	2.76749
670.0	-3.137702	2.313688
