freq_roi_Hz	n_opt	k_opt	alpha_cm	eps_r	eps_i	loss_tan	DR	alpha_max	H_meas_real	H_meas_imag	H_meas_mag	H_meas_phase	H_model_real	H_model_imag	H_model_mag	H_model_phase
3.005870841487279663e+11	1.667343509398135248e+00	5.621408095362482281e-03	7.082793685231072445e-01	2.780002778103114913e+00	1.874563660296153789e-02	6.743028010839718749e-03	7.655570711280181229e+01	2.951334267699601810e+01	8.263106460495289740e-01	1.746158515509521614e-01	8.445590443466070019e-01	2.082559724437459681e-01	8.263106460495284189e-01	1.746158515509546039e-01	8.445590443466070019e-01	2.082559724437489379e-01
3.068493150684931641e+11	1.671089102327502740e+00	5.448263000088398970e-03	7.007649684088252950e-01	2.792509104348020799e+00	1.820906585212373960e-02	6.520682716404281251e-03	7.884747011304553155e+01	2.971401998903494501e+01	8.389258917785819003e-01	-1.012072575579886918e-01	8.450086158607483799e-01	-1.200588976930094393e-01	8.389258917785819003e-01	-1.012072575579885114e-01	8.450086158607483799e-01	-1.200588976930092311e-01
3.131115459882583008e+11	1.672369376880262770e+00	7.178365845992854682e-03	9.421365056170393215e-01	2.796767803790659368e+00	2.400975843376326052e-02	8.584823667242278897e-03	7.184352025003005338e+01	2.908113361259056262e+01	7.499351619032657013e-01	-3.200941733685875312e-01	8.153913335836949772e-01	-4.034189170601281127e-01	7.499351619032657013e-01	-3.200941733685877533e-01	8.153913335836951992e-01	-4.034189170601283903e-01
3.193737769080234985e+11	1.671114707599250293e+00	1.023495540996790729e-02	1.370169734813072138e+00	2.792519611642283905e+00	3.420756903443977065e-02	1.224971487821432427e-02	7.753072438666623611e+01	2.959944417114113335e+01	6.153101401412280902e-01	-4.559177940164609866e-01	7.658117284695070692e-01	-6.376878340932721212e-01	6.153101401412285343e-01	-4.559177940164605425e-01	7.658117284695071803e-01	-6.376878340932713440e-01
3.256360078277886353e+11	1.668272912204118885e+00	8.775419947104446533e-03	1.197814294803370094e+00	2.783057501598763750e+00	2.927959078194010065e-02	1.052065606446149840e-02	7.403954168761724475e+01	2.928597678417212791e+01	5.245854234021832818e-01	-5.850423181562930397e-01	7.857890177902318030e-01	-8.398282904727665255e-01	5.245854234021823936e-01	-5.850423181562942609e-01	7.857890177902320250e-01	-8.398282904727684128e-01
3.318982387475538330e+11	1.668517681642445405e+00	7.017434187527685566e-03	9.762756495863265105e-01	2.783902009570904834e+00	2.341742604330426109e-02	8.411727841998896740e-03	7.551960872368788102e+01	2.942063707676693696e+01	3.660862226862017788e-01	-7.245237290140280617e-01	8.117596666163231500e-01	-1.102934884307121832e+00	3.660862226862017788e-01	-7.245237290140280617e-01	8.117596666163231500e-01	-1.102934884307121832e+00
3.381604696673189697e+11	1.671318080153702423e+00	6.101537796618580756e-03	8.648709402224050713e-01	2.793266896285174106e+00	2.039522087245963441e-02	7.301565381948885158e-03	6.983212778548957544e+01	2.888794222083970453e+01	1.244385060077866784e-01	-8.153643493637879880e-01	8.248054097730466161e-01	-1.419347899722082529e+00	1.244385060077870114e-01	-8.153643493637877659e-01	8.248054097730463941e-01	-1.419347899722082085e+00
3.444227005870841675e+11	1.671835798015613550e+00	8.702602352448582726e-03	1.256406193361709223e+00	2.794959200238798402e+00	2.909864429743686323e-02	1.041111594578937073e-02	7.649307951540878037e+01	2.950777475857756116e+01	-9.178425644576833353e-02	-7.731823730275307893e-01	7.786111556430375114e-01	-1.688953087227244687e+00	-9.178425644576872211e-02	-7.731823730275310114e-01	7.786111556430377334e-01	-1.688953087227245131e+00
3.506849315068493042e+11	1.670594688496953806e+00	1.034201076441532662e-02	1.520236837002209684e+00	2.790779656047582602e+00	3.455461650282112829e-02	1.238170717918977634e-02	7.247436011598516359e+01	2.914061193821027373e+01	-2.570901581373085110e-01	-7.036329591664052252e-01	7.491292883316860163e-01	-1.921102389248206865e+00	-2.570901581373075118e-01	-7.036329591664053362e-01	7.491292883316857942e-01	-1.921102389248205533e+00
3.569471624266145020e+11	1.668150888187723835e+00	9.353745470505093335e-03	1.399518497333589684e+00	2.782639893207165205e+00	3.120691762900994204e-02	1.121486028615870621e-02	7.312140104567453136e+01	2.920108234086091414e+01	-4.022479834346352479e-01	-6.481363510130908612e-01	7.628133255795910284e-01	-2.126241560817450971e+00	-4.022479834346374683e-01	-6.481363510130896399e-01	7.628133255795911394e-01	-2.126241560817454523e+00
3.632093933463796387e+11	1.668953555035366687e+00	7.399769562277826347e-03	1.126586203228172822e+00	2.785351212275613886e+00	2.469974343481215473e-02	8.867730333595030823e-03	7.385682895504099577e+01	2.926916675387905542e+01	-5.866657456161749051e-01	-5.349316970505173519e-01	7.939323759544820724e-01	-2.402287147424097657e+00	-5.866657456161744610e-01	-5.349316970505182400e-01	7.939323759544821835e-01	-2.402287147424096325e+00
3.694716242661448364e+11	1.670658665924264596e+00	6.855441794960139695e-03	1.061709488839835291e+00	2.791053380945639262e+00	2.290620648697910475e-02	8.207011246491542622e-03	7.644141169130480762e+01	2.950317778798740065e+01	-7.242097865873532436e-01	-3.429900655643596807e-01	8.013251525222102600e-01	-2.699282349422048366e+00	-7.242097865873535767e-01	-3.429900655643587370e-01	8.013251525222100380e-01	-2.699282349422049698e+00
3.757338551859099731e+11	1.672010465114978306e+00	9.788136188346592895e-03	1.541592160027402070e+00	2.795523187843964585e+00	3.273173228177227861e-02	1.170862485566306031e-02	6.888924965150421542e+01	2.879545625448772839e+01	-7.379043742468522904e-01	-1.135643226402082429e-01	7.465920712875055987e-01	-2.988889613180479632e+00	-7.379043742468525124e-01	-1.135643226402066192e-01	7.465920712875057097e-01	-2.988889613180481852e+00
3.819960861056751709e+11	1.669845685381689426e+00	1.027107977601478782e-02	1.644614733822472363e+00	2.788279117908079030e+00	3.430223649637884759e-02	1.230229652263589712e-02	7.304759563649395204e+01	2.919421181557603973e+01	-7.344698443346565631e-01	4.084597698410456779e-02	7.356047485387520180e-01	-3.197148298120268795e+00	-7.344698443346563410e-01	4.084597698410514371e-02	7.356047485387519069e-01	-3.197148298120271015e+00
3.882583170254403076e+11	1.668260579080569128e+00	9.881277021459041951e-03	1.608136849620577014e+00	2.782995720078660806e+00	3.296908985174956674e-02	1.184661895592771519e-02	7.414952521106654615e+01	2.929607555516551542e+01	-7.117033492646946957e-01	2.016835449761426313e-01	7.397282674528044000e-01	-3.417734236706684303e+00	-7.117033492646945847e-01	2.016835449761438526e-01	7.397282674528047330e-01	-3.417734236706687412e+00
3.945205479452055054e+11	1.669297500497203490e+00	7.136658519942455994e-03	1.180194823816014038e+00	2.786503213271381174e+00	2.382641245848402672e-02	8.550649554253194132e-03	6.963789532558378426e+01	2.886899270155067043e+01	-6.674856328855981458e-01	4.180998151063957113e-01	7.876195309289185653e-01	-3.701183889925382609e+00	-6.674856328855978127e-01	4.180998151063959334e-01	7.876195309289184543e-01	-3.701183889925384829e+00
4.007827788649706421e+11	1.670914681386595602e+00	8.626867867284759503e-03	1.449276864851357649e+00	2.791881449624068701e+00	2.882952034765674798e-02	1.032619789480627472e-02	7.234659622830459114e+01	2.912860772227996620e+01	-4.952347087736903575e-01	5.723776240332439924e-01	7.568841134996185938e-01	-3.999122876591133302e+00	-4.952347087736877485e-01	5.723776240332459908e-01	7.568841134996183717e-01	-3.999122876591139519e+00
4.070450097847357788e+11	1.671717585547082718e+00	9.617317247849910961e-03	1.640912934448041760e+00	2.794547193036322152e+00	3.215487673803193308e-02	1.150629226021233215e-02	6.966500071136100303e+01	2.887164030191326702e+01	-3.096750238810258571e-01	6.674216821191003568e-01	7.357651270469424132e-01	-4.277964485996993638e+00	-3.096750238810263567e-01	6.674216821190998017e-01	7.357651270469421911e-01	-4.277964485996994526e+00
4.133072407045009766e+11	1.669171905480554718e+00	1.136284993603647181e-02	1.968563579815975073e+00	2.786005735686917006e+00	3.793309975884719132e-02	1.361558566550991403e-02	7.128235924141237945e+01	2.902778433744190068e+01	-1.669673799150757920e-01	6.812713174907379932e-01	7.014333282581254325e-01	-4.472044293026555373e+00	-1.669673799150774296e-01	6.812713174907375491e-01	7.014333282581254325e-01	-4.472044293026554485e+00
4.195694716242661133e+11	1.668897897587032775e+00	9.569332624181725241e-03	1.682963482594446170e+00	2.785128620443545699e+00	3.194047819561576795e-02	1.146822375137888060e-02	7.322016126597470986e+01	2.921026506225109998e+01	8.066047019776537846e-03	7.314819532983692918e-01	7.315264240721062183e-01	-4.723415527352825549e+00	8.066047019773590551e-03	7.314819532983692918e-01	7.315264240721062183e-01	-4.723415527352822885e+00
4.258317025440313110e+11	1.668766533343476466e+00	8.494426757979921250e-03	1.516216533395645882e+00	2.784709587521257745e+00	2.835043018730843897e-02	1.018074930123822816e-02	6.929433177463066329e+01	2.883534449281756196e+01	1.969422566896124605e-01	7.233519843906357494e-01	7.496828301300941799e-01	-4.978209202264886279e+00	1.969422566896115168e-01	7.233519843906358604e-01	7.496828301300941799e-01	-4.978209202264887168e+00
4.320939334637964478e+11	1.671584928253720959e+00	8.992217188421270171e-03	1.628673829217206936e+00	2.794115312395033524e+00	3.006250944749809181e-02	1.075922289754369272e-02	6.859570027366898159e+01	2.876640374555959312e+01	4.154520155247524715e-01	6.088289587638741063e-01	7.370706060026286366e-01	-5.311190527133896389e+00	4.154520155247530266e-01	6.088289587638733291e-01	7.370706060026283035e-01	-5.311190527133899053e+00
4.383561643835616455e+11	1.670246438725845994e+00	1.065950120146903941e-02	1.958633427251450509e+00	2.789609541110507074e+00	3.560798784069507672e-02	1.276450604141538860e-02	6.596325802369787539e+01	2.850017274145453783e+01	5.142172736404467814e-01	4.783526616341082782e-01	7.023109520736878775e-01	-5.533904514127825358e+00	5.142172736404455602e-01	4.783526616341104432e-01	7.023109520736883216e-01	-5.533904514127823582e+00
4.446183953033267822e+11	1.670105208256308149e+00	1.160861550868690258e-02	2.163500575586579711e+00	2.789116646690817714e+00	3.877521844340589552e-02	1.390232943086523038e-02	6.645857309989261807e+01	2.855106842628274322e+01	5.997841214388131004e-01	3.235438085155754040e-01	6.814848408870826102e-01	-5.788490543406399347e+00	5.997841214388139885e-01	3.235438085155737387e-01	6.814848408870824992e-01	-5.788490543406403788e+00
4.508806262230919800e+11	1.667834548616797363e+00	9.937676106036266027e-03	1.878172916171282347e+00	2.781573324153407523e+00	3.314879908522185697e-02	1.191728393329733252e-02	6.651236152436325710e+01	2.855657256163051727e+01	6.793708616685336654e-01	2.093909749589758229e-01	7.109074117481939403e-01	-5.984210727204453129e+00	6.793708616685336654e-01	2.093909749589758784e-01	7.109074117481941624e-01	-5.984210727204454905e+00
4.571428571428571167e+11	1.669916259010103765e+00	9.521191598535289069e-03	1.824451841356649728e+00	2.788529659016843798e+00	3.179918531108896079e-02	1.140356718396907769e-02	6.436131843871386593e+01	2.833291021049107528e+01	7.162005421385939652e-01	-1.245329882383956234e-02	7.163088029692303849e-01	-6.300571560420194395e+00	7.162005421385935211e-01	-1.245329882384175330e-02	7.163088029692299408e-01	-6.300571560420199724e+00
4.634050880626223145e+11	1.670283740242327397e+00	9.257440156864396932e-03	1.798211920519399820e+00	2.789762072719640607e+00	3.092510354055396510e-02	1.108521183328231748e-02	6.355660113490932162e+01	2.824731003389225137e+01	6.897419909329254306e-01	-2.031179806862723480e-01	7.190277658993320387e-01	-6.569573900466234129e+00	6.897419909329259857e-01	-2.031179806862702109e-01	7.190277658993320387e-01	-6.569573900466233241e+00
4.696673189823874512e+11	1.670883511122188469e+00	1.209544080467634189e-02	2.381229219456014512e+00	2.791705408051753157e+00	4.042014520057638644e-02	1.447865705457238202e-02	6.460365919036999571e+01	2.835847911690398249e+01	5.584359850215890875e-01	-3.516120906049549077e-01	6.599104572793338397e-01	-6.845112317073626329e+00	5.584359850215897536e-01	-3.516120906049541306e-01	6.599104572793340617e-01	-6.845112317073627217e+00
4.759295499021526489e+11	1.668757560273981699e+00	1.099866947783302573e-02	2.194178639109294338e+00	2.784630824241288938e+00	3.670822568817709575e-02	1.318243889589161555e-02	6.260964874973024052e+01	2.814518079811541895e+01	4.924654718378665419e-01	-4.667538789626571316e-01	6.785141299038505158e-01	-7.041785181273611194e+00	4.924654718378658758e-01	-4.667538789626576867e-01	6.785141299038504048e-01	-7.041785181273614747e+00
4.821917808219177856e+11	1.668470504204510041e+00	1.139268281548128092e-02	2.302687326864745199e+00	2.783664030178717663e+00	3.801671048277621701e-02	1.365707573565745798e-02	6.507870381712274366e+01	2.840832306283224540e+01	3.562857967545989268e-01	-5.648146745480220332e-01	6.677987612700755360e-01	-7.291221513372329710e+00	3.562857967545965954e-01	-5.648146745480232545e-01	6.677987612700754250e-01	-7.291221513372335927e+00
4.884540117416829834e+11	1.669132642372235908e+00	9.092145211402233654e-03	1.861569287331791278e+00	2.785921110727977101e+00	3.035199272307976398e-02	1.089477824989402294e-02	6.722430283260740680e+01	2.862900861614798842e+01	2.000188884136916145e-01	-6.837961749204976014e-01	7.124498330115268674e-01	-7.569408236274706603e+00	2.000188884136937240e-01	-6.837961749204976014e-01	7.124498330115274225e-01	-7.569408236274705715e+00
4.947162426614481201e+11	1.670444884759295423e+00	1.129938542038492859e-02	2.343150333081482017e+00	2.790258436907617323e+00	3.775000115281153257e-02	1.352921315584266690e-02	6.269145036959719164e+01	2.815406388814940541e+01	-8.797771748551671406e-03	-6.635647007552443188e-01	6.636230201523577454e-01	-7.867239205227153143e+00	-8.797771748550843943e-03	-6.635647007552447629e-01	6.636230201523581895e-01	-7.867239205227153143e+00
5.009784735812133179e+11	1.670038710099095658e+00	1.126145221900389654e-02	2.364844694608760900e+00	2.788902472923370457e+00	3.761412227533573321e-02	1.348706978480607513e-02	6.543118855735777117e+01	2.844507285807289776e+01	-1.696867810619438754e-01	-6.394091971989608325e-01	6.615419299861374780e-01	-8.113382934683674108e+00	-1.696867810619437089e-01	-6.394091971989604994e-01	6.615419299861371449e-01	-8.113382934683677661e+00
5.072407045009784546e+11	1.668436933264092037e+00	1.274018581512209071e-02	2.708812971044581630e+00	2.783519487945084414e+00	4.251239310119397236e-02	1.527289220905669875e-02	6.728431227742275667e+01	2.863507914482935135e+01	-2.835726653386335117e-01	-5.615315483586105216e-01	6.290716464197660951e-01	-8.321620149978972591e+00	-2.835726653386361762e-01	-5.615315483586091894e-01	6.290716464197660951e-01	-8.321620149978977921e+00
5.135029354207436523e+11	1.668396289397271026e+00	1.045859956875963039e-02	2.251156183304531488e+00	2.783436796169642680e+00	3.489817742562092984e-02	1.253780127993033185e-02	6.875810409483261765e+01	2.878249214098488906e+01	-4.459797794456197839e-01	-5.037980944658673188e-01	6.728376354380026791e-01	-8.578579211077816069e+00	-4.459797794456218933e-01	-5.037980944658654314e-01	6.728376354380027902e-01	-8.578579211077821398e+00
5.197651663405087891e+11	1.668750408882883951e+00	1.090980994355268859e-02	2.376914262459629779e+00	2.784608903193788176e+00	3.641149960827620713e-02	1.307598333342764423e-02	6.595539933230362806e+01	2.849936215192128586e+01	-5.535267345794148142e-01	-3.603183188291561589e-01	6.604703905384550211e-01	-8.847735076330334181e+00	-5.535267345794138150e-01	-3.603183188291571026e-01	6.604703905384546880e-01	-8.847735076330334181e+00
5.260273972602739868e+11	1.670186945905380416e+00	1.067613841137474845e-02	2.354028523991345434e+00	2.789410454341363366e+00	3.566229401471422006e-02	1.278488576652832970e-02	6.630035269757138394e+01	2.853485197060726364e+01	-6.381075130843700816e-01	-1.782723670991813725e-01	6.625422515778635058e-01	-9.152347343112394285e+00	-6.381075130843713028e-01	-1.782723670991768761e-01	6.625422515778632837e-01	-9.152347343112403166e+00
5.322896281800391235e+11	1.669096832425520205e+00	1.275069085083384117e-02	2.844925389180770647e+00	2.785721655895731619e+00	4.256427542072765274e-02	1.527944305944714878e-02	6.402026784674146143e+01	2.829676305970583883e+01	-6.157468562944682366e-01	-3.076305748658006434e-02	6.165148471386906470e-01	-9.374858907211541137e+00	-6.157468562944681256e-01	-3.076305748658248601e-02	6.165148471386906470e-01	-9.374858907211539361e+00
5.385518590998043213e+11	1.668660006039269783e+00	1.185037737836828510e-02	2.675154513103870091e+00	2.784285784310966072e+00	3.954850157551129813e-02	1.420418184022674210e-02	6.498803478091016927e+01	2.839883779063911362e+01	-6.202816486374520544e-01	1.217886157378588879e-01	6.321248219772257482e-01	-9.618655732636266720e+00	-6.202816486374524985e-01	1.217886157378572781e-01	6.321248219772259702e-01	-9.618655732636263167e+00
5.448140900195694580e+11	1.667532226032978793e+00	1.167804087928199161e-02	2.666904616003446638e+00	2.780527348219723027e+00	3.894701900626645202e-02	1.400706201692384148e-02	5.760658870062367498e+01	2.757857569359960337e+01	-5.795059209388681021e-01	2.546561650882124828e-01	6.329904223767058857e-01	-9.838812797304250068e+00	-5.795059209388694343e-01	2.546561650882100958e-01	6.329904223767062188e-01	-9.838812797304246516e+00
5.510763209393345947e+11	1.669090834465633444e+00	1.054483871489348377e-02	2.435795663473437678e+00	2.785753020073661546e+00	3.520058729989416352e-02	1.263593256338402249e-02	5.883581485031590574e+01	2.772222176123177562e+01	-4.901817730864483913e-01	4.339936068058002916e-01	6.546973510061591117e-01	-1.014945270627818275e+01	-4.901817730864471701e-01	4.339936068058019014e-01	6.546973510061592227e-01	-1.014945270627818630e+01
5.573385518590998535e+11	1.669260020105225673e+00	1.161336308446831063e-02	2.713102803380766037e+00	2.786294144519566807e+00	3.877144539173771332e-02	1.391505827480499918e-02	3.668649858450253731e+01	2.450868320844315917e+01	-3.456656149325969540e-01	5.249352375877409660e-01	6.285234450742696044e-01	-1.041325249334955849e+01	-3.456656149326021166e-01	5.249352375877377463e-01	6.285234450742697154e-01	-1.041325249334954783e+01
5.636007827788649902e+11	1.669609900854358564e+00	1.273698197523322022e-02	3.009035302166138237e+00	2.787434990321063566e+00	4.253158242570577452e-02	1.525832264192352773e-02	4.937357530519732762e+01	2.652934223374291278e+01	-1.847805097354730530e-01	5.726560298974865404e-01	6.017298109251795202e-01	-1.068344872258490419e+01	-1.847805097354704440e-01	5.726560298974872065e-01	6.017298109251792981e-01	-1.068344872258490952e+01
5.698630136986301270e+11	1.667750664145277506e+00	1.270553191649727472e-02	3.034956586430310299e+00	2.781230847215732993e+00	4.237931858411470021e-02	1.523761273773454814e-02	5.244146823883561837e+01	2.693946768007478099e+01	-7.121080707710630842e-02	5.953575171865316262e-01	5.996011610354704535e-01	-1.087652968658708019e+01	-7.121080707710730762e-02	5.953575171865315152e-01	5.996011610354705645e-01	-1.087652968658707842e+01
5.761252446183952637e+11	1.668367037665154928e+00	1.190031748630048999e-02	2.873853428758398110e+00	2.783306954811329614e+00	3.970819486378798086e-02	1.426655252491892609e-02	5.616397381259265842e+01	2.740603133643234202e+01	9.816363705875341683e-02	6.060026115903578425e-01	6.139016736375106920e-01	-1.115616488943800633e+01	9.816363705875387480e-02	6.060026115903576205e-01	6.139016736375105809e-01	-1.115616488943800810e+01
5.823874755381605225e+11	1.668321414233053135e+00	1.150539872522821604e-02	2.808683880550458589e+00	2.783163966988747795e+00	3.838940614517580979e-02	1.379344034362134201e-02	5.353421534119146230e+01	2.707977677022607566e+01	2.509685098867099340e-01	5.667210672460942789e-01	6.198047765347631799e-01	-1.141246061115218424e+01	2.509685098867119324e-01	5.667210672460932797e-01	6.198047765347631799e-01	-1.141246061115218779e+01
5.886497064579256592e+11	1.669500766064550668e+00	1.251676442655437656e-02	3.088432909210268029e+00	2.787076138498411737e+00	4.179349559756409538e-02	1.499546245625033546e-02	5.588840888931991913e+01	2.737256865846967457e+01	3.909677471809312466e-01	4.481483741364662432e-01	5.947207282219871827e-01	-1.171293375700101791e+01	3.909677471809304139e-01	4.481483741364669093e-01	5.947207282219871827e-01	-1.171293375700101436e+01
5.949119373776907959e+11	1.668354667553952897e+00	1.303350989235747825e-02	3.250148694811134220e+00	2.783237424368946833e+00	4.348903412705043547e-02	1.562534110323371070e-02	5.239110424316377390e+01	2.693293064301269624e+01	4.668568395513031377e-01	3.455765974391149520e-01	5.808429162290157377e-01	-1.192915838291247432e+01	4.668568395513025826e-01	3.455765974391156181e-01	5.808429162290156267e-01	-1.192915838291247255e+01
6.011741682974559326e+11	1.668040695742411650e+00	1.328099372715158509e-02	3.346725123261028223e+00	2.782183377858448381e+00	4.430647603357706910e-02	1.592507394954010419e-02	5.668071869638385607e+01	2.746834095068168224e+01	5.294511021063698086e-01	2.182592330596414276e-01	5.726740454546831449e-01	-1.217535997530112901e+01	5.294511021063708078e-01	2.182592330596382635e-01	5.726740454546828119e-01	-1.217535997530113612e+01
6.074363992172210693e+11	1.667337702777168751e+00	1.214115558217022765e-02	3.091362952391811802e+00	2.779867607443375910e+00	4.048681291487181422e-02	1.456429536660821221e-02	5.428122860198922695e+01	2.717405496639111817e+01	5.870921705988061401e-01	9.438310206645653122e-02	5.946304623327876016e-01	-1.240697081621809339e+01	5.870921705988062511e-01	9.438310206645440792e-02	5.946304623327874905e-01	-1.240697081621809694e+01
6.136986301369863281e+11	1.668615903078486395e+00	1.251438689760727384e-02	3.219243982463875664e+00	2.784122422127009777e+00	4.176340998924907982e-02	1.500056522562780506e-02	5.804663020088220549e+01	2.763034769886179021e+01	5.771985004243892492e-01	-8.508013063754366057e-02	5.834352899177981389e-01	-1.271271862713528122e+01	5.771985004243889161e-01	-8.508013063754422955e-02	5.834352899177979168e-01	-1.271271862713528300e+01
6.199608610567514648e+11	1.668301271236379169e+00	1.281113148092153341e-02	3.329207944073179437e+00	2.783065006519097384e+00	4.274565387119558246e-02	1.535920065505744919e-02	5.706710034931915487e+01	2.751456117692175951e+01	5.304959510271479717e-01	-2.194622059904728084e-01	5.740989582941279368e-01	-1.295862487530842522e+01	5.304959510271473055e-01	-2.194622059904737521e-01	5.740989582941277147e-01	-1.295862487530842699e+01
6.262230919765166016e+11	1.668277868585193557e+00	1.376105893025818087e-02	3.612185907571393351e+00	2.782961680068274379e+00	4.591454012329272000e-02	1.649844496679030853e-02	5.874332373280704900e+01	2.771151823639415923e+01	4.387207158828515530e-01	-3.328634747670957683e-01	5.507031499626516835e-01	-1.321542528863544952e+01	4.387207158828502207e-01	-3.328634747670977112e-01	5.507031499626517945e-01	-1.321542528863545307e+01
6.324853228962817383e+11	1.667059478439512521e+00	1.326832241666436700e-02	3.517674327856854966e+00	2.778911256275267139e+00	4.423816529538358161e-02	1.591924362301461518e-02	5.622134686928018965e+01	2.741297766650547629e+01	3.646020838098540384e-01	-4.230694736051953120e-01	5.585001871217815106e-01	-1.342586103274429377e+01	3.646020838098512074e-01	-4.230694736051979765e-01	5.585001871217816216e-01	-1.342586103274430087e+01
6.387475538160469971e+11	1.667459218260066711e+00	1.296206610259193100e-02	3.470504748290561992e+00	2.780252229402824682e+00	4.322743322092650192e-02	1.554802573801420881e-02	5.776491285377387896e+01	2.759724834030775398e+01	2.385870856691767461e-01	-5.092195991365756624e-01	5.623418867494451856e-01	-1.369900685684151043e+01	2.385870856691733322e-01	-5.092195991365773278e-01	5.623418867494452966e-01	-1.369900685684151753e+01
6.450097847358121338e+11	1.667669253145264596e+00	1.250753329756010453e-02	3.381638129539736859e+00	2.780964299496895276e+00	4.171685742606317387e-02	1.500086046901435467e-02	5.332659278759416566e+01	2.705333968327258276e+01	9.763175872154968016e-02	-5.612790761257135941e-01	5.697070840419640181e-01	-1.396494498770024073e+01	9.763175872154949975e-02	-5.612790761257135941e-01	5.697070840419640181e-01	-1.396494498770024073e+01
6.512720156555772705e+11	1.668266470340409757e+00	1.355975054823210790e-02	3.701717556206415960e+00	2.782929149227118870e+00	4.524255437159122734e-02	1.625717075267837236e-02	5.580429981010143337e+01	2.736232216856948085e+01	-5.922064751409097938e-02	-5.402304111727102010e-01	5.434666339784105515e-01	-1.424635207433639295e+01	-5.922064751408934180e-02	-5.402304111727105340e-01	5.434666339784107736e-01	-1.424635207433638939e+01
6.575342465753424072e+11	1.667379569861312749e+00	1.363927122813617630e-02	3.759228323051573284e+00	2.779968600271261803e+00	4.548368438718295576e-02	1.636122234716779963e-02	5.057063175253982479e+01	2.669232239785432981e+01	-1.751942373273538689e-01	-5.096856802155196320e-01	5.389550198388267654e-01	-1.446824509350164689e+01	-1.751942373273567555e-01	-5.096856802155184107e-01	5.389550198388264324e-01	-1.446824509350165222e+01
6.637964774951076660e+11	1.667222985315510275e+00	1.386704246025491707e-02	3.858406227674544553e+00	2.779440187897767700e+00	4.623890385616628157e-02	1.663604925103249685e-02	5.122442429735579594e+01	2.677971531351625600e+01	-2.920340058413435913e-01	-4.436728057606192377e-01	5.311585630856778817e-01	-1.471929854867595644e+01	-2.920340058413447015e-01	-4.436728057606184605e-01	5.311585630856777707e-01	-1.471929854867595999e+01
6.700587084148728027e+11	1.666831824204800583e+00	1.288535500495525087e-02	3.619081849642677096e+00	2.778162297808299375e+00	4.295543957687203429e-02	1.546181791134366469e-02	4.846199589152066523e+01	2.640255741001375611e+01	-4.036101068443103679e-01	-3.739205561432445979e-01	5.501978740901758425e-01	-1.496073097390526030e+01	-4.036101068443110340e-01	-3.739205561432435987e-01	5.501978740901756204e-01	-1.496073097390526208e+01
6.763209393346379395e+11	1.667827540140577769e+00	1.339572824531533313e-02	3.797592170587003935e+00	2.781469258116148424e+00	4.468352897555186165e-02	1.606472149392563012e-02	4.918257934995011027e+01	2.650297297373684202e+01	-4.828523505545752603e-01	-2.323752608314092472e-01	5.358588006952428318e-01	-1.525942354173532323e+01	-4.828523505545763705e-01	-2.323752608314071655e-01	5.358588006952428318e-01	-1.525942354173532856e+01
6.825831702544030762e+11	1.667589521646293704e+00	1.356459625318646653e-02	3.881071188403295569e+00	2.780670814433002569e+00	4.524035715435265753e-02	1.626958391462006784e-02	4.476393120885856547e+01	2.586252140152505063e+01	-5.186860185545126845e-01	-1.056345568184941103e-01	5.293333972442810786e-01	-1.550705288807690074e+01	-5.186860185545130175e-01	-1.056345568184925005e-01	5.293333972442811897e-01	-1.550705288807690430e+01
6.888454011741683350e+11	1.667417498418702237e+00	1.454974669286257169e-02	4.201132285818659717e+00	2.780069418904056011e+00	4.852100446647739096e-02	1.745316290900573303e-02	4.787827508143430322e+01	2.632011330525361004e+01	-5.044009909233778677e-01	2.484265689970120358e-02	5.050123931611201211e-01	-1.575717530213912454e+01	-5.044009909233778677e-01	2.484265689970218197e-02	5.050123931611202321e-01	-1.575717530213912632e+01
6.951076320939334717e+11	1.666585781010011758e+00	1.369686977946892904e-02	3.990823720255952889e+00	2.777320561222995199e+00	4.565401683761730750e-02	1.643815174778151186e-02	4.375004290744909952e+01	2.570665437660193575e+01	-5.018790689105261382e-01	1.395635614762284482e-01	5.209228229809341748e-01	-1.597919257444590002e+01	-5.018790689105258052e-01	1.395635614762297527e-01	5.209228229809341748e-01	-1.597919257444590180e+01
7.013698630136986084e+11	1.667036948377320860e+00	1.399763891212526395e-02	4.115200958499753980e+00	2.778816253360055999e+00	4.666916251311388486e-02	1.679461981578775701e-02	4.671301356483417777e+01	2.615248351133829985e+01	-4.365862406923961547e-01	2.663922743240940694e-01	5.114414818740089519e-01	-1.625582791746034772e+01	-4.365862406923976535e-01	2.663922743240916824e-01	5.114414818740089519e-01	-1.625582791746034061e+01
7.076320939334637451e+11	1.667244984135380692e+00	1.337996431790217100e-02	3.968730767130804971e+00	2.779526813679437769e+00	4.461535679386553072e-02	1.605142162122383948e-02	4.382010879023932404e+01	2.571754136017975156e+01	-3.586296447223397132e-01	3.800497890703515291e-01	5.225447964013136826e-01	-1.652235119671597730e+01	-3.586296447223404904e-01	3.800497890703511961e-01	5.225447964013139046e-01	-1.652235119671597730e+01
7.138943248532290039e+11	1.667483881658379019e+00	1.474932147816339877e-02	4.413621964997649805e+00	2.780284953106428869e+00	4.918851166047041173e-02	1.769189579129714501e-02	4.619745427864251752e+01	2.607697856499388323e+01	-2.297689006574504533e-01	4.321561520184732941e-01	4.894411991616022251e-01	-1.679009013685758944e+01	-2.297689006574548665e-01	4.321561520184709071e-01	4.894411991616021695e-01	-1.679009013685757878e+01
7.201565557729941406e+11	1.666899448803802697e+00	1.429981849350756701e-02	4.316647691910135975e+00	2.778349287613473884e+00	4.767271912964437391e-02	1.715864860555165600e-02	4.359474263783370418e+01	2.568246121293579876e+01	-1.262007875737767015e-01	4.801951535740103805e-01	4.965017868046487926e-01	-1.702175990819149121e+01	-1.262007875737790052e-01	4.801951535740095478e-01	4.965017868046485705e-01	-1.702175990819148765e+01
7.264187866927592773e+11	1.666496999749435437e+00	1.493369974019023369e-02	4.547195679231829324e+00	2.776989234785939509e+00	4.977393162437189489e-02	1.792370348465130089e-02	4.662290445010823703e+01	2.613934709109184951e+01	-8.543709037126813802e-03	4.799029751435780478e-01	4.799790209121319595e-01	-1.726095848281456213e+01	-8.543709037129800996e-03	4.799029751435781588e-01	4.799790209121321261e-01	-1.726095848281455503e+01
7.326810176125244141e+11	1.666587224384958210e+00	1.379922407412324109e-02	4.237978682937611374e+00	2.777322557898111111e+00	4.599522109671829589e-02	1.656099359648295979e-02	4.515008939882476824e+01	2.592095968909378101e+01	1.211467063571353558e-01	4.874512867312371656e-01	5.022800826203651647e-01	-1.752235509704472349e+01	1.211467063571356195e-01	4.874512867312371656e-01	5.022800826203651647e-01	-1.752235509704472349e+01
7.389432485322896729e+11	1.666852505860340505e+00	1.472832104516469398e-02	4.561981175254574694e+00	2.778180352852086976e+00	4.909987768249671897e-02	1.767339461316493054e-02	4.544096983620890740e+01	2.596465025282552830e+01	2.349190560399196104e-01	4.173135701556821564e-01	4.788920324319129174e-01	-1.779147696661075528e+01	2.349190560399175010e-01	4.173135701556831556e-01	4.788920324319128063e-01	-1.779147696661075173e+01
7.452054794520548096e+11	1.666940183405285048e+00	1.436765682918780644e-02	4.487982419494373154e+00	2.778483145488483963e+00	4.790004901990103925e-02	1.723963994443441367e-02	4.276334935156615558e+01	2.555146043590669436e+01	3.384253163481789062e-01	3.461698304717598096e-01	4.841128445664418800e-01	-1.805284569462433453e+01	3.384253163481786841e-01	3.461698304717601982e-01	4.841128445664419910e-01	-1.805284569462433097e+01
7.514677103718199463e+11	1.666383602703255251e+00	1.540038224669929706e-02	4.850996773257434391e+00	2.776597139584936258e+00	5.132588890252405556e-02	1.848517675495285617e-02	3.650847563760552816e+01	2.447558895725085293e+01	3.875796784669010009e-01	2.458715983402569583e-01	4.589889432556072402e-01	-1.828424205926642188e+01	3.875796784669010564e-01	2.458715983402569583e-01	4.589889432556072402e-01	-1.828424205926642188e+01
7.577299412915850830e+11	1.666653149229482711e+00	1.441132133679891812e-02	4.577279281221891871e+00	2.777525033653879927e+00	4.803734818106791121e-02	1.729501898237582533e-02	3.360194807228815250e+01	2.391117490648969834e+01	4.570960450416704512e-01	1.391319330140284583e-01	4.778017257994752742e-01	-1.855408355833501233e+01	4.570960450416710619e-01	1.391319330140262656e-01	4.778017257994752187e-01	-1.855408355833501588e+01
7.639921722113503418e+11	1.666016314885664373e+00	1.493330972900140143e-02	4.782270557843794734e+00	2.775387357725747073e+00	4.975827528751430862e-02	1.792840741635720256e-02	4.232959954917552636e+01	2.548210085569881400e+01	4.625741722008498980e-01	3.165046577574558151e-02	4.636557093050005518e-01	-1.878123993247365675e+01	4.625741722008497314e-01	3.165046577574789216e-02	4.636557093050006073e-01	-1.878123993247364965e+01
7.702544031311154785e+11	1.666980754557583433e+00	1.434334734785116215e-02	4.630990247659308778e+00	2.778619104452229038e+00	4.782016796960488619e-02	1.721004793099630351e-02	3.854701624200397703e+01	2.484524745603438944e+01	4.610272425314411726e-01	-1.101408010075030641e-01	4.740011755288363604e-01	-1.908406341006535456e+01	4.610272425314412836e-01	-1.101408010075033694e-01	4.740011755288364714e-01	-1.908406341006535811e+01
7.765166340508806152e+11	1.666313640036265253e+00	1.543599720616872437e-02	5.024289039558750503e+00	2.776362876961159465e+00	5.144242538440125384e-02	1.852871100218248662e-02	3.992083174846157334e+01	2.508350026607145367e+01	4.009528751408135139e-01	-1.985333461436222247e-01	4.474133408992942984e-01	-1.930931907288370653e+01	4.009528751408123481e-01	-1.985333461436247227e-01	4.474133408992942984e-01	-1.930931907288371008e+01
7.827788649706457520e+11	1.666590141673575332e+00	1.502398801388129916e-02	4.929620428767882423e+00	2.777296980107706759e+00	5.007766062511306154e-02	1.803107877327940478e-02	3.631541479065592171e+01	2.443951628406224685e+01	3.379780990154914178e-01	-3.026093655852342690e-01	4.536536383123399019e-01	-1.957979712232731728e+01	3.379780990154925835e-01	-3.026093655852331032e-01	4.536536383123399574e-01	-1.957979712232731373e+01
7.890410958904110107e+11	1.665753919120621429e+00	1.532300564459714368e-02	5.067954953014321973e+00	2.774501324563725113e+00	5.104871341039018962e-02	1.839923915639770508e-02	3.655993590795400650e+01	2.448517191223387712e+01	2.597794187146733047e-01	-3.607729825357048892e-01	4.445700072153334070e-01	-1.979628744526999995e+01	2.597794187146753031e-01	-3.607729825357034459e-01	4.445700072153333515e-01	-1.979628744526999284e+01
7.953033268101761475e+11	1.666570411229507442e+00	1.477207318882452214e-02	4.924514391171982197e+00	2.777238721439393654e+00	4.923740017802333280e-02	1.772890454029981896e-02	3.350012720341232608e+01	2.389052784937644702e+01	1.458656846719718347e-01	-4.299040567414479375e-01	4.539760962513084142e-01	-2.009324292944381440e+01	1.458656846719686984e-01	-4.299040567414490477e-01	4.539760962513084697e-01	-2.009324292944382151e+01
8.015655577299412842e+11	1.666160634176576671e+00	1.525264090265384710e-02	5.124756731682554189e+00	2.775858615825186781e+00	5.082669967846665388e-02	1.831026241347571970e-02	3.268924477080584268e+01	2.372382295955485887e+01	3.972622260799180821e-02	-4.390337535702327765e-01	4.408274146836464458e-01	-2.033011241942030978e+01	3.972622260799188454e-02	-4.390337535702326099e-01	4.408274146836462792e-01	-2.033011241942030978e+01
8.078277886497064209e+11	1.666790829154753961e+00	1.547032115792474662e-02	5.238503991484763311e+00	2.777952337317663112e+00	5.157157886021544041e-02	1.856460176347444341e-02	3.208125675739888294e+01	2.359609455359632335e+01	-8.531499201205720861e-02	-4.249886529337704721e-01	4.334674185962287263e-01	-2.061846551022100371e+01	-8.531499201205361427e-02	-4.249886529337712493e-01	4.334674185962287818e-01	-2.061846551022099305e+01
8.140900195694715576e+11	1.665804176752657240e+00	1.578626411164951032e-02	5.386925334756902828e+00	2.774654349151995270e+00	5.259364938501265990e-02	1.895502746174009337e-02	2.985164436986297432e+01	2.310603072482864917e+01	-1.674587510434104032e-01	-3.897129861166824250e-01	4.241681799109881523e-01	-2.082619510237022808e+01	-1.674587510434136783e-01	-3.897129861166806486e-01	4.241681799109878748e-01	-2.082619510237023874e+01
8.203522504892368164e+11	1.666271651283009803e+00	1.556886635170896468e-02	5.353607472502853071e+00	2.776218826269931217e+00	5.188392128893316857e-02	1.868870018385521484e-02	3.004377766994418053e+01	2.314967903968481977e+01	-2.701094294140112817e-01	-3.296912949298130280e-01	4.262105744944155172e-01	-2.110673912779706640e+01	-2.701094294140131691e-01	-3.296912949298114737e-01	4.262105744944155172e-01	-2.110673912779707351e+01
8.266144814090019531e+11	1.665821571706487925e+00	1.551116159833417461e-02	5.374480517652908240e+00	2.774720912628543701e+00	5.167765518546070524e-02	1.862445154403133060e-02	2.958525451093412784e+01	2.304504594886213198e+01	-3.382092847350561815e-01	-2.572459184710998437e-01	4.249246790326940415e-01	-2.134089053757748644e+01	-3.382092847350579023e-01	-2.572459184710974567e-01	4.249246790326939305e-01	-2.134089053757749355e+01
8.328767123287670898e+11	1.666599530153174413e+00	1.576898001551325923e-02	5.505204840053578685e+00	2.777305333176052216e+00	5.256114936969839141e-02	1.892523257771980966e-02	2.911240638166310646e+01	2.293543163902195658e+01	-3.910102264229228242e-01	-1.442770316924716356e-01	4.167791490001579446e-01	-2.163766145184416345e+01	-3.910102264229226576e-01	-1.442770316924721352e-01	4.167791490001579446e-01	-2.163766145184415990e+01
8.391389432485322266e+11	1.665934392260875363e+00	1.614212927519477828e-02	5.677849264602104817e+00	2.775076830980075293e+00	5.378345664773619833e-02	1.938088922343150777e-02	2.914946994292515470e+01	2.294408768823364042e+01	-4.029001762977935663e-01	-5.297766573402525742e-02	4.063682875513531800e-01	-2.186040782915776504e+01	-4.029001762977940659e-01	-5.297766573402282186e-02	4.063682875513533466e-01	-2.186040782915777214e+01
8.454011741682974854e+11	1.666094135638515716e+00	1.624764996722588908e-02	5.757614216266409457e+00	2.775605682679595176e+00	5.414022865660474831e-02	1.950573490840286708e-02	2.909605004373063863e+01	2.293160817522507244e+01	-3.979858330709689640e-01	5.385316244919642614e-02	4.016128564064810336e-01	-2.212564593510013466e+01	-3.979858330709691305e-01	5.385316244919691187e-02	4.016128564064812001e-01	-2.212564593510013466e+01
8.516634050880626221e+11	1.665419301772667504e+00	1.615127083561915255e-02	5.765856737374567942e+00	2.773360587167353675e+00	5.379727639559619273e-02	1.939786576780608632e-02	2.935606163650457745e+01	2.299213562133993705e+01	-3.759916755405023348e-01	1.398520150910994853e-01	4.011587294336189657e-01	-2.234724706092490365e+01	-3.759916755405031674e-01	1.398520150910975146e-01	4.011587294336190213e-01	-2.234724706092490010e+01
8.579256360078277588e+11	1.665989397031987451e+00	1.601898713236875674e-02	5.760681428436646101e+00	2.775264063074257770e+00	5.337492542743638158e-02	1.923237724928816145e-02	2.902806060393925236e+01	2.291569186780240130e+01	-3.212594327368272773e-01	2.406867967185558344e-01	4.014196771921220708e-01	-2.263413595156630009e+01	-3.212594327368275549e-01	2.406867967185554458e-01	4.014196771921220708e-01	-2.263413595156629654e+01
8.641878669275928955e+11	1.665588478568265307e+00	1.620573295277608766e-02	5.870377147352503933e+00	2.773922354158812276e+00	5.398416418579585208e-02	1.946131048147757905e-02	2.920952396210056534e+01	2.295808973147093468e+01	-2.521195690055746397e-01	3.040922192609995522e-01	3.950143730177885226e-01	-2.286971660517563976e+01	-2.521195690055748617e-01	3.040922192609991637e-01	3.950143730177883561e-01	-2.286971660517563620e+01
8.704500978473581543e+11	1.666065953331135052e+00	1.650065733730984516e-02	6.020523904459715858e+00	2.775503489156620596e+00	5.498236679455103387e-02	1.980987125736176704e-02	2.767244559200920406e+01	2.259031312131422808e+01	-1.539574900024088255e-01	3.543547795650409116e-01	3.863550420642010153e-01	-2.315207820066488154e+01	-1.539574900024081594e-01	3.543547795650411336e-01	3.863550420642010153e-01	-2.315207820066488154e+01
8.767123287671232910e+11	1.665080403962952760e+00	1.656916505884697272e-02	6.089012972095154019e+00	2.772218214430683059e+00	5.517798409902752166e-02	1.990391081474051846e-02	2.805330706981263589e+01	2.268331138634014721e+01	-7.829308459317767255e-02	3.744360556117685701e-01	3.825338767184077171e-01	-2.335581867443530868e+01	-7.829308459317642355e-02	3.744360556117687922e-01	3.825338767184076061e-01	-2.335581867443531223e+01
8.829745596868884277e+11	1.665707639877916701e+00	1.630518594929465312e-02	6.034803144065031155e+00	2.774316082458818222e+00	5.431934561074033135e-02	1.957936442577164204e-02	2.601594561036433362e+01	2.217035508889129503e+01	3.259393833551281483e-02	3.841675852418559023e-01	3.855477899907842065e-01	-2.364658522099010085e+01	3.259393833551122582e-02	3.841675852418560133e-01	3.855477899907841510e-01	-2.364658522099009730e+01
8.892367906066535645e+11	1.665075072843763548e+00	1.625367143020679458e-02	6.058401618751723561e+00	2.772210816370703768e+00	5.412716628126035268e-02	1.952490985231853174e-02	2.633957583466056107e+01	2.225446537209758802e+01	1.160586492696775163e-01	3.662941075643220135e-01	3.842407881871016673e-01	-2.386878377151772668e+01	1.160586492696772665e-01	3.662941075643220135e-01	3.842407881871016118e-01	-2.386878377151772668e+01
8.954990215264188232e+11	1.666045397309848797e+00	1.643424312000468096e-02	6.168846789463902525e+00	2.775437181550404642e+00	5.476039021670969786e-02	1.973036557293638554e-02	2.453605773842715010e+01	2.177190720156407266e+01	2.186845790180032001e-01	3.083053469205634944e-01	3.779882697122892155e-01	-2.417889300598217162e+01	2.186845790180036442e-01	3.083053469205631614e-01	3.779882697122891599e-01	-2.417889300598217162e+01
9.017612524461839600e+11	1.665062493460606197e+00	1.656168912277562050e-02	6.260158939483185137e+00	2.772158817582651924e+00	5.515249477337634543e-02	1.989514252342505785e-02	2.436813709614399670e+01	2.172518571425561618e+01	2.725357816355973295e-01	2.546574011503548451e-01	3.729961718736249376e-01	-2.438124246333301670e+01	2.725357816355973850e-01	2.546574011503546786e-01	3.729961718736248266e-01	-2.438124246333301670e+01
9.080234833659490967e+11	1.665779048895410952e+00	1.677878968912302482e-02	6.386264062530619512e+00	2.774538311955468295e+00	5.589951265992695872e-02	2.014732051781599476e-02	2.242021549998745655e+01	2.115837010273750707e+01	3.288752308848050254e-01	1.608359010968088698e-01	3.660971245054463474e-01	-2.467789323218222108e+01	3.288752308848050809e-01	1.608359010968082869e-01	3.660971245054461254e-01	-2.467789323218222108e+01
9.142857142857142334e+11	1.664717166756721545e+00	1.634595189337180801e-02	6.264426405446394064e+00	2.771016055151226176e+00	5.442277344775117015e-02	1.964000654077086711e-02	2.218334215746927285e+01	2.108610847334875871e+01	3.604523598971819398e-01	9.500966887169150221e-02	3.727636529150287759e-01	-2.487501854442987792e+01	3.604523598971822729e-01	9.500966887169079444e-02	3.727636529150289424e-01	-2.487501854442988147e+01
9.205479452054794922e+11	1.666001595864417650e+00	1.664030995430528306e-02	6.420915957573599009e+00	2.775284417507410950e+00	5.544556587910231399e-02	1.997833646502440025e-02	1.991285917148934814e+01	2.035150330007805053e+01	3.632750584682231110e-01	-2.603418703798411962e-02	3.642067366205898327e-01	-2.520428413699267978e+01	3.632750584682230555e-01	-2.603418703798454983e-02	3.642067366205897772e-01	-2.520428413699268333e+01
9.268101761252446289e+11	1.665092921853291941e+00	1.639131077500858777e-02	6.367861942202836190e+00	2.772265763337010469e+00	5.458611110272879041e-02	1.969007150202757572e-02	1.985073651600885469e+01	2.033024533473422579e+01	3.531407182007633150e-01	-1.002693730341083223e-01	3.670998692726600288e-01	-2.540939606748193214e+01	3.531407182007625933e-01	-1.002693730341105288e-01	3.670998692726599733e-01	-2.540939606748193924e+01
9.330724070450097656e+11	1.666009977080587845e+00	1.730187488111937719e-02	6.767023345801905343e+00	2.775289888857658926e+00	5.765019234828978184e-02	2.077267408343395211e-02	1.932757194584329952e+01	2.014853675317510096e+01	2.884070212381050768e-01	-1.913728859673777538e-01	3.461245316109792247e-01	-2.571858401494871416e+01	2.884070212381047993e-01	-1.913728859673783644e-01	3.461245316109793357e-01	-2.571858401494871771e+01
9.393346379647749023e+11	1.664808625886957882e+00	1.661450883354495534e-02	6.541796126363824015e+00	2.771311718923840761e+00	5.531995524192140357e-02	1.996165024099249077e-02	1.899409716345102339e+01	2.003012725984920195e+01	2.560460060457464548e-01	-2.499674560820723257e-01	3.578313657466617448e-01	-2.590612734488927771e+01	2.560460060457454556e-01	-2.499674560820729363e-01	3.578313657466614117e-01	-2.590612734488928126e+01
9.455968688845401611e+11	1.665760679197296312e+00	1.734973858544635802e-02	6.876827366221006876e+00	2.774457626930854737e+00	5.780102465997732919e-02	2.083326993316443609e-02	1.826914287460536457e+01	1.976537371110897467e+01	1.589489804059689981e-01	-3.012128512539399283e-01	3.405788603724917429e-01	-2.621797900078312793e+01	1.589489804059700251e-01	-3.012128512539392067e-01	3.405788603724916319e-01	-2.621797900078312438e+01
9.518590998043052979e+11	1.664947072991120214e+00	1.655580696084690828e-02	6.605598624437313049e+00	2.771774661117573757e+00	5.512908468093614955e-02	1.988945402174512045e-02	1.851900636467336980e+01	1.985779212683767270e+01	9.669169533516042137e-02	-3.410229190838256486e-01	3.544656757532963498e-01	-2.642725451165653894e+01	9.669169533516019932e-02	-3.410229190838257041e-01	3.544656757532962943e-01	-2.642725451165654249e+01
9.581213307240704346e+11	1.665978899352029918e+00	1.768358438356352341e-02	7.101988573914399083e+00	2.775172983929550252e+00	5.892095689585580970e-02	2.123145376416346597e-02	1.761517732836178851e+01	1.951737169532871263e+01	-1.350597080853676094e-02	-3.291869980412480690e-01	3.294639448056337905e-01	-2.674454282075967626e+01	-1.350597080853958507e-02	-3.291869980412480134e-01	3.294639448056337905e-01	-2.674454282075968337e+01
9.643835616438355713e+11	1.664888070667457365e+00	1.712408500156854113e-02	6.922234939023144129e+00	2.771559053563667607e+00	5.701936968041398240e-02	2.057303076659995275e-02	1.786165353603216133e+01	1.961190702702507238e+01	-7.819576152957727344e-02	-3.291720721166943586e-01	3.383324255562696892e-01	-2.693676737693276024e+01	-7.819576152957584403e-02	-3.291720721166949692e-01	3.383324255562699112e-01	-2.693676737693275669e+01
9.706457925636008301e+11	1.665417952017617997e+00	1.791206154549444471e-02	7.287784301924177477e+00	2.773296112953747450e+00	5.966213771102177321e-02	2.151307876297333874e-02	1.752898561064335681e+01	1.948400062150185974e+01	-1.596683895690771959e-01	-2.780107074317231808e-01	3.205993575699579434e-01	-2.722486410948246061e+01	-1.596683895690778898e-01	-2.780107074317224591e-01	3.205993575699576659e-01	-2.722486410948246061e+01
9.769080234833659668e+11	1.664667665651514694e+00	1.701109876197155410e-02	6.965867408131774852e+00	2.770829059584573706e+00	5.663565213251711694e-02	2.043996613093426035e-02	1.697511716545112037e+01	1.926556162640164160e+01	-2.249380274690723491e-01	-2.498172085422732946e-01	3.361632845590529772e-01	-2.743657938408149022e+01	-2.249380274690722104e-01	-2.498172085422732391e-01	3.361632845590528107e-01	-2.743657938408149022e+01
9.831702544031311035e+11	1.665254560328313316e+00	1.787888524414464608e-02	7.368147793667997547e+00	2.772753096156670871e+00	5.954579037279691955e-02	2.147533094646389071e-02	1.734983879018422925e+01	1.941411174417571317e+01	-2.707797204611094855e-01	-1.644900866974633169e-01	3.168258916735429698e-01	-2.772844109982390748e+01	-2.707797204611080977e-01	-1.644900866974651765e-01	3.168258916735427477e-01	-2.772844109982390037e+01
9.894324853228962402e+11	1.664601483950862049e+00	1.686228551509427395e-02	6.993454679389492057e+00	2.770613763698619447e+00	5.613797098245811024e-02	2.026192597394627787e-02	1.385693397512497071e+01	1.788472126662177786e+01	-3.168458873883987503e-01	-1.081297673556996797e-01	3.347885346653012295e-01	-2.794545806193119475e+01	-3.168458873883990834e-01	-1.081297673556986111e-01	3.347885346653012295e-01	-2.794545806193119830e+01
9.956947162426614990e+11	1.665101942310615479e+00	1.839432718846801401e-02	7.677136647697641259e+00	2.772226127013867725e+00	6.125685985803010908e-02	2.209663175060454926e-02	1.536051363805108672e+01	1.858557109322520162e+01	-3.024828674615738788e-01	-1.270918247000958623e-02	3.027497455437940799e-01	-2.823234237475321606e+01	-3.024828674615738788e-01	-1.270918247001082482e-02	3.027497455437941354e-01	-2.823234237475321251e+01
1.001956947162426636e+12	1.664266290744059962e+00	1.700117981235814771e-02	7.140313540290629923e+00	2.769493246391979913e+00	5.658898092917217376e-02	2.043297307292398987e-02	1.499981014721827499e+01	1.842390410021427982e+01	-3.232824059118510340e-01	5.324979442532311313e-02	3.276386036145526592e-01	-2.843758404457252453e+01	-3.232824059118503679e-01	5.324979442532567359e-02	3.276386036145524372e-01	-2.843758404457253164e+01
1.008219178082191772e+12	1.664973059880535677e+00	1.826434886929001120e-02	7.718773717115412936e+00	2.771801703688334673e+00	6.081929764725478582e-02	2.194215320898489432e-02	1.501130783024869508e+01	1.842911706940097361e+01	-2.691799531688730540e-01	1.344555083974434961e-01	3.008922247689556073e-01	-2.873758177341638032e+01	-2.691799531688726099e-01	1.344555083974444121e-01	3.008922247689556073e-01	-2.873758177341638387e+01
1.014481409001956909e+12	1.664337203842643387e+00	1.678955780379381285e-02	7.139577493922701024e+00	2.769736438843501514e+00	5.588697137784125191e-02	2.017772182005041562e-02	1.369347137953314508e+01	1.780398800974323237e+01	-2.547128466954872161e-01	2.061009123620386740e-01	3.276525909376934997e-01	-2.895462927333043979e+01	-2.547128466954874382e-01	2.061009123620383132e-01	3.276525909376934442e-01	-2.895462927333043623e+01
1.020743639921722046e+12	1.665221988243397400e+00	1.846134857428422676e-02	7.898948205454182414e+00	2.772623448738112284e+00	6.148448715704798312e-02	2.217556343073959560e-02	1.330363436071980310e+01	1.760749231624610900e+01	-1.602770495034878395e-01	2.452772386605029942e-01	2.930011201385838704e-01	-2.926633168052547163e+01	-1.602770495034884224e-01	2.452772386605026333e-01	2.930011201385838704e-01	-2.926633168052547163e+01
1.027005870841487305e+12	1.664480577668433714e+00	1.693003357845708143e-02	7.288193705692670221e+00	2.770208967398475330e+00	5.635942414123244759e-02	2.034482770235200577e-02	1.210827531855410299e+01	1.696696349604860643e+01	-1.155611361919121477e-01	2.989929286487899573e-01	3.205481985286239288e-01	-2.947631458567192553e+01	-1.155611361919128555e-01	2.989929286487896243e-01	3.205481985286238178e-01	-2.947631458567192198e+01
1.033268101761252441e+12	1.664768045396725737e+00	1.865087988072250749e-02	8.077956470293694125e+00	2.771104789653709322e+00	6.209877768791904895e-02	2.240939350968362831e-02	1.237837958045371778e+01	1.711706207150964332e+01	-2.690370569450963034e-02	2.841256977455317023e-01	2.853966038681645667e-01	-2.975072224569978374e+01	-2.690370569450910299e-02	2.841256977455317578e-01	2.853966038681645667e-01	-2.975072224569978729e+01
1.039530332681017578e+12	1.664514695623303897e+00	1.646657137426624229e-02	7.175125608202372440e+00	2.770338023973116126e+00	5.481770007799236649e-02	1.978736876281070312e-02	1.024338493982063625e+01	1.582904463392608463e+01	4.747272291554877760e-02	3.224238113715461873e-01	3.258999440938443737e-01	-2.999131689197596273e+01	4.747272291554796575e-02	3.224238113715464649e-01	3.258999440938444847e-01	-2.999131689197596273e+01
1.045792563600782715e+12	1.664733450124585845e+00	1.865930250934562384e-02	8.179563269898427080e+00	2.770989290393572002e+00	6.212553008660256365e-02	2.241998202662799991e-02	1.111275051958141979e+01	1.638325777821033569e+01	1.136993939603115206e-01	2.571356426689904162e-01	2.811517222386106241e-01	-3.026145927542740210e+01	1.136993939603103826e-01	2.571356426689909158e-01	2.811517222386106241e-01	-3.026145927542739855e+01
1.052054794520547974e+12	1.665222019643738172e+00	1.660892379952414594e-02	7.324348724295713708e+00	2.772688518356591914e+00	5.531509126710509872e-02	1.994998388780109405e-02	9.499015600090627842e+00	1.531576808650114963e+01	2.065256978954799483e-01	2.428288628247849967e-01	3.187769133924119314e-01	-3.054991388024469146e+01	2.065256978954797817e-01	2.428288628247851355e-01	3.187769133924119314e-01	-3.054991388024468790e+01
1.058317025440313110e+12	1.664563770991840164e+00	1.926587498623668487e-02	8.546605968535597952e+00	2.770401373759590058e+00	6.413855503709500749e-02	2.315135837160497631e-02	1.023741050584350099e+01	1.582507539778228534e+01	2.116255261645924313e-01	1.617767083558682983e-01	2.663776767878650031e-01	-3.076324265551399861e+01	2.116255261645923758e-01	1.617767083558682706e-01	2.663776767878649476e-01	-3.076324265551399861e+01
1.064579256360078247e+12	1.665458200040622616e+00	1.694257337457814525e-02	7.560430680231477574e+00	2.773463965289997724e+00	5.643429551296218899e-02	2.034794618543433325e-02	8.981763664682608450e+00	1.493483186866318668e+01	2.905324559991971922e-01	1.018757796836469859e-01	3.078762453894038909e-01	-3.107867101000394783e+01	2.905324559991976918e-01	1.018757796836459312e-01	3.078762453894040019e-01	-3.107867101000395138e+01
1.070841487279843384e+12	1.664436962389895358e+00	1.940380992854391987e-02	8.709663203699289369e+00	2.769973893929959186e+00	6.459283691251306581e-02	2.331893345784230923e-02	9.687952567700104822e+00	1.544976092971454840e+01	2.572065248994778175e-01	3.841577803286633924e-02	2.600595478976616137e-01	-3.126766480206427445e+01	2.572065248994777620e-01	3.841577803286704007e-02	2.600595478976616137e-01	-3.126766480206427090e+01
1.077103718199608643e+12	1.665631381356463159e+00	1.747137757952917786e-02	7.888125937210420879e+00	2.774022649524913398e+00	5.820174954398305012e-02	2.098099291076474873e-02	9.067039094781915054e+00	1.499912072946612440e+01	2.882235069240280390e-01	-5.473057641551161423e-02	2.933738671701339173e-01	-3.160358169233531100e+01	2.882235069240277059e-01	-5.473057641551307834e-02	2.933738671701339173e-01	-3.160358169233531456e+01
1.083365949119373779e+12	1.664313444988128277e+00	1.958695648954946605e-02	8.894699921920642183e+00	2.769555594303727997e+00	6.519767006390929376e-02	2.354084178631558541e-02	9.624481253056242025e+00	1.540504121464811149e+01	2.371884279977633792e-01	-8.824473382872785598e-02	2.530720913584767473e-01	-3.177210387861120822e+01	2.371884279977642951e-01	-8.824473382872546900e-02	2.530720913584768028e-01	-3.177210387861119756e+01
1.089628180039138916e+12	1.665159373708099633e+00	1.782641326994275147e-02	8.142006750590931929e+00	2.772437958837879801e+00	5.936763831207925862e-02	2.141351373538556355e-02	8.423064444596066735e+00	1.449789917563316166e+01	2.216126996531196103e-01	-1.754101986752568121e-01	2.826321397980718908e-01	-3.208547341368659289e+01	2.216126996531192495e-01	-1.754101986752572007e-01	2.826321397980718353e-01	-3.208547341368659289e+01
1.095890410958904053e+12	1.663881890093659166e+00	1.980217064639119839e-02	9.096390306427771577e+00	2.768110818219339020e+00	6.589694624614912677e-02	2.380574715882910128e-02	5.918190998531292379e+00	1.209668216230278048e+01	1.640525038980615302e-01	-1.828834142988413070e-01	2.456818415366205377e-01	-3.225554926814427148e+01	1.640525038980616690e-01	-1.828834142988412237e-01	2.456818415366205655e-01	-3.225554926814427148e+01
1.102152641878669189e+12	1.671732846513582338e+00	2.096149917806630278e-02	9.683965810823060849e+00	2.794251325664612651e+00	7.008405337628179077e-02	2.508151386833906357e-02	2.041707668245564378e+00	4.856186345321105158e+00	-1.302383860284977643e-02	-2.246965051387681545e-01	2.250736319374829486e-01	-3.304461999391424598e+01	-1.302383860285110349e-02	-2.246965051387680712e-01	2.250736319374829764e-01	-3.304461999391425309e+01
1.108414872798434326e+12	1.663363830481697336e+00	1.952898049098127781e-02	9.073421311761016739e+00	2.766397851475727698e+00	6.496759958976190685e-02	2.348454672024311712e-02	7.184386404599689691e+00	1.341572348460893060e+01	6.199832774804839991e-02	-2.385942113512638241e-01	2.465177282344740151e-01	-3.273249679568601067e+01	6.199832774804663049e-02	-2.385942113512642404e-01	2.465177282344739873e-01	-3.273249679568601778e+01
1.114677103718199707e+12	1.665969306066613864e+00	1.914357136772220150e-02	8.944605755752059295e+00	2.775087252431363893e+00	6.378520461424171117e-02	2.298493662077001967e-02	5.740286934751555492e+00	1.188903083794101256e+01	-4.513282005660741031e-02	-2.470316649645105667e-01	2.511207178657314798e-01	-3.316743035813764351e+01	-4.513282005660844420e-02	-2.470316649645103446e-01	2.511207178657314243e-01	-3.316743035813765061e+01
1.120939334637964844e+12	1.663349662931872919e+00	1.964980349001255525e-02	9.232716106157358382e+00	2.766345986398379253e+00	6.536898802357984928e-02	2.363008399708036930e-02	7.050479555847298130e+00	1.328772076481802955e+01	-6.112723111141911414e-02	-2.329111557235216678e-01	2.407989718495812115e-01	-3.324338320386136303e+01	-6.112723111141902393e-02	-2.329111557235216401e-01	2.407989718495811837e-01	-3.324338320386136303e+01
1.127201565557729980e+12	1.664877077687731743e+00	1.946240986639022341e-02	9.195754295180655902e+00	2.771436898412234395e+00	6.480504012623326815e-02	2.338319164450769136e-02	8.094872848017420353e+00	1.422751219195589378e+01	-1.403810782073456609e-01	-1.971787249401523723e-01	2.420460631526180628e-01	-3.360542295758948939e+01	-1.403810782073477981e-01	-1.971787249401509012e-01	2.420460631526180906e-01	-3.360542295758949649e+01
1.133463796477495117e+12	1.663389156857607354e+00	1.960645687602240519e-02	9.315280410240827536e+00	2.766479074000230298e+00	6.522633554394390021e-02	2.357738258602800133e-02	7.864006742203788924e+00	1.403065782355293578e+01	-1.658170528035696478e-01	-1.705604772570021577e-01	2.378784803268218229e-01	-3.375802047045299048e+01	-1.658170528035706193e-01	-1.705604772570011862e-01	2.378784803268218229e-01	-3.375802047045299759e+01
1.139726027397260254e+12	1.665046002139249026e+00	1.914664020347621107e-02	9.147074231201703043e+00	2.772011595408814699e+00	6.376007345039336194e-02	2.300137328285239979e-02	7.271062709563832271e+00	1.349731236686804969e+01	-2.218622946205152380e-01	-1.009822194108034032e-01	2.437627666634343548e-01	-3.413038482390052764e+01	-2.218622946205156266e-01	-1.009822194108025428e-01	2.437627666634343548e-01	-3.413038482390052764e+01
1.145988258317025391e+12	1.663568706281945531e+00	2.026565015935557698e-02	9.734863588655647604e+00	2.767050143944204343e+00	6.742660283512331987e-02	2.436768375256553876e-02	7.218612206481998861e+00	1.344805741579299330e+01	-2.152272960619491804e-01	-6.073094829422870378e-02	2.236314759841606103e-01	-3.428249825361886138e+01	-2.152272960619488473e-01	-6.073094829423021646e-02	2.236314759841606936e-01	-3.428249825361885428e+01
1.152250489236790527e+12	1.664961055235412157e+00	1.880462051727092160e-02	9.082400232140324547e+00	2.771741701697818971e+00	6.261792163947374479e-02	2.259154292808647838e-02	5.326215605166362721e+00	1.137967117871426836e+01	-2.452905516314121404e-01	1.968247231985259527e-02	2.460789597593915357e-01	-3.463758909642150030e+01	-2.452905516314120293e-01	1.968247231985400386e-02	2.460789597593915357e-01	-3.463758909642150741e+01
1.158512720156555664e+12	1.663369391910294537e+00	2.074838085679010791e-02	1.007567566086050093e+01	2.766367238635844217e+00	6.902444329776431797e-02	2.495129436676013154e-02	4.228221311938663796e+00	9.809037731703416085e+00	-2.074448019635317386e-01	4.698136956983406387e-02	2.126983661158360350e-01	-3.478023852631240231e+01	-2.074448019635320162e-01	4.698136956983257201e-02	2.126983661158360073e-01	-3.478023852631240231e+01
1.164774951076321045e+12	1.666407391008584815e+00	1.273189021733758287e-02	6.216186970376348597e+00	2.776751491779532177e+00	4.243303191936249191e-02	1.528153745302159028e-02	1.253141641780164850e+00	1.535215917598315993e+00	-2.872371726010459758e-01	2.409181175717385603e-01	3.748956290731503826e-01	-3.525544147099294889e+01	-2.872371726010434223e-01	2.409181175717416135e-01	3.748956290731503826e-01	-3.525544147099295600e+01
1.171037181996086182e+12	1.662393452261984539e+00	2.051663821973831112e-02	1.007084811643258604e+01	2.763131057679679703e+00	6.821345007784189451e-02	2.468701218071200215e-02	3.074944118961411288e+00	7.642186130543113798e+00	-1.676105019606158042e-01	1.312234275911803583e-01	2.128681947033594646e-01	-3.522175029482637143e+01	-1.676105019606165258e-01	1.312234275911794423e-01	2.128681947033594368e-01	-3.522175029482636432e+01
1.177299412915851318e+12	1.666961614437189487e+00	2.308250281341854213e-02	1.139092482473521351e+01	2.778228222070909581e+00	7.695529231021427941e-02	2.769941349629343949e-02	4.158223172075468987e+00	9.695464577564401054e+00	-5.511946718573856180e-02	1.662992131710988586e-01	1.751958445973142708e-01	-3.580826312372638398e+01	-5.511946718573890180e-02	1.662992131710987198e-01	1.751958445973142431e-01	-3.580826312372637688e+01
1.183561643835616455e+12	1.662440597400018927e+00	2.182780869215947273e-02	1.082904559399061206e+01	2.763232286651430503e+00	7.257487064425384438e-02	2.626448416763481689e-02	4.867690428860095508e+00	1.076721828770090816e+01	-7.277702251159781643e-02	1.759492700378337826e-01	1.904065141545849826e-01	-3.573611888088454691e+01	-7.277702251159649804e-02	1.759492700378343932e-01	1.904065141545850659e-01	-3.573611888088455402e+01
1.189823874755381592e+12	1.665570691598613928e+00	2.447731276206556103e-02	1.220774860849421550e+01	2.773526589872232773e+00	8.153738949117822488e-02	2.939845242115900550e-02	4.899355270080547164e+00	1.081133189730186928e+01	1.434282562360919382e-02	1.547361471512228581e-01	1.553994590790912511e-01	-3.622074355777954224e+01	1.434282562360925800e-02	1.547361471512228581e-01	1.553994590790912511e-01	-3.622074355777954224e+01
1.196086105675146729e+12	1.660960926176886954e+00	2.226440247302548595e-02	1.116253029718100898e+01	2.758295494668900893e+00	7.396060510474276872e-02	2.681388025600963537e-02	5.293714284116938451e+00	1.133802859198878998e+01	1.789307633610638095e-03	1.813198062558016577e-01	1.813286347007806443e-01	-3.613818343745306549e+01	1.789307633610912615e-03	1.813198062558016022e-01	1.813286347007805888e-01	-3.613818343745306549e+01
1.202348336594911865e+12	1.664074082380575081e+00	2.466241932382012489e-02	1.242954255488972670e+01	2.768534316723849198e+00	8.208018561114187317e-02	2.964752328165887879e-02	4.820305108072546751e+00	1.070066487389264154e+01	7.148004908491616127e-02	1.323742451796271480e-01	1.504404806029881747e-01	-3.662343682870351813e+01	7.148004908491702170e-02	1.323742451796266484e-01	1.504404806029881747e-01	-3.662343682870352524e+01
1.208610567514677002e+12	1.659545527158065248e+00	2.117011168489367490e-02	1.072503448982104324e+01	2.753643183081589729e+00	7.026552831220397866e-02	2.551729604762013534e-02	3.780560476535373748e+00	9.047673387459049366e+00	7.791972501715566102e-02	1.770106918721515155e-01	1.934018319039582379e-01	-3.654298813322580486e+01	7.791972501715337118e-02	1.770106918721524869e-01	1.934018319039582101e-01	-3.654298813322579065e+01
1.214872798434442139e+12	1.661848122572018749e+00	2.669736085177688845e-02	1.359528451888368572e+01	2.761026433419693671e+00	8.873391801830626813e-02	3.213801829068477917e-02	3.887904610483287282e+00	9.238155947589905992e+00	9.446390749783066532e-02	8.456632063588336023e-02	1.267867990196524242e-01	-3.696894190484642451e+01	9.446390749783023510e-02	8.456632063588370718e-02	1.267867990196523409e-01	-3.696894190484641740e+01
1.221135029354207520e+12	1.659697302926514073e+00	2.048332184574771717e-02	1.048463315421892617e+01	2.754175570867708256e+00	6.799222804472646042e-02	2.468696213992827709e-02	5.198723237516983176e+00	1.121483868553196572e+01	1.612094104160066432e-01	1.189438239595170255e-01	2.003399791973360655e-01	-3.706345042347975038e+01	1.612094104160058383e-01	1.189438239595181634e-01	2.003399791973360933e-01	-3.706345042347974328e+01
1.227397260273972656e+12	1.661686300311361775e+00	2.432906511362813162e-02	1.251698498805307480e+01	2.760609457233157649e+00	8.085454839739790456e-02	2.928865877263023276e-02	4.470338035249061370e+00	1.018786970687089699e+01	1.445980426482971759e-01	3.405885184716622716e-02	1.485550380393273195e-01	-3.746778670536917133e+01	1.445980426482973979e-01	3.405885184716537367e-02	1.485550380393273195e-01	-3.746778670536917843e+01
1.233659491193737793e+12	1.660027947481064636e+00	1.925175688515123537e-02	9.955311054176364749e+00	2.755322156275031187e+00	6.391690893492411873e-02	2.319761730560556887e-02	3.646997975543463166e+00	8.802968716022141038e+00	2.154138576687967266e-01	2.189307239678014300e-02	2.165235245757912153e-01	-3.759782700856142412e+01	2.154138576687968654e-01	2.189307239677906747e-02	2.165235245757912708e-01	-3.759782700856143123e+01
1.239921722113502930e+12	1.659718520954945431e+00	2.380026785492713598e-02	1.236987395402069900e+01	2.754099116050904961e+00	7.900349072502239889e-02	2.868578340720913736e-02	5.096179322338623585e+00	1.107930133341979229e+01	1.505765007760387908e-01	-1.953649589341592552e-02	1.518385894881464915e-01	-3.782813573590881617e+01	1.505765007760387908e-01	-1.953649589341593940e-02	1.518385894881464915e-01	-3.782813573590881617e+01
1.246183953033268066e+12	1.659940562763648320e+00	1.931186653148256327e-02	1.008777917818990311e+01	2.755029723719167656e+00	6.411310119657126494e-02	2.327129200988126839e-02	4.962002498363093927e+00	1.089777452643939881e+01	1.954674264636948045e-01	-8.294333614649651576e-02	2.123372596118039968e-01	-3.810041764558943100e+01	1.954674264636948877e-01	-8.294333614649615494e-02	2.123372596118039135e-01	-3.810041764558943100e+01
1.252446183953033203e+12	1.659861925516644465e+00	2.278376089283896955e-02	1.196116962156560959e+01	2.754622512019400560e+00	7.563579445219703601e-02	2.745777111824617908e-02	5.008618410567660106e+00	1.096139137131326180e+01	1.284151138122123226e-01	-9.748355436442035504e-02	1.612249510061154745e-01	-3.834842954841062834e+01	1.284151138122126834e-01	-9.748355436441974442e-02	1.612249510061154190e-01	-3.834842954841062124e+01
1.258708414872798340e+12	1.660410317604834818e+00	1.852784979070470558e-02	9.775507603306094140e+00	2.756619141590721522e+00	6.152766591103734500e-02	2.231997339883974238e-02	4.549195303347927322e+00	1.030683648613716485e+01	1.298199583809767077e-01	-1.804294026863200728e-01	2.222790834689147288e-01	-3.864621082563623844e+01	1.298199583809770963e-01	-1.804294026863197675e-01	2.222790834689147565e-01	-3.864621082563623844e+01
1.264970645792563477e+12	1.660475879987111991e+00	2.249810223736342651e-02	1.192931467605504814e+01	2.756673983414691165e+00	7.471511222125210017e-02	2.710335450284277400e-02	4.278347280086686411e+00	9.889218529144653047e+00	5.771973746109659853e-02	-1.513205007386861645e-01	1.619551235261936228e-01	-3.890550319725752360e+01	5.771973746109578668e-02	-1.513205007386864420e-01	1.619551235261936228e-01	-3.890550319725752360e+01
1.271232876712328857e+12	1.660891220779165733e+00	1.828388483273157145e-02	9.742776821917207286e+00	2.758225346816731260e+00	6.073508760084242453e-02	2.201962492692513540e-02	3.934345925527247267e+00	9.318941717625763843e+00	1.704278176262233671e-02	-2.226678153854236009e-01	2.233190820747870398e-01	-3.919351806350792344e+01	1.704278176262084138e-02	-2.226678153854237396e-01	2.233190820747870398e-01	-3.919351806350793055e+01
1.277495107632093994e+12	1.660538432952081811e+00	2.249500124985959540e-02	1.204576616606344253e+01	2.756881862229724423e+00	7.470762824939394808e-02	2.709859616145160119e-02	3.513041409091165690e+00	8.548369973816374312e+00	-2.381695020305950317e-02	-1.574025128748658409e-01	1.591942152727206516e-01	-3.942008137940045742e+01	-2.381695020306008256e-02	-1.574025128748657576e-01	1.591942152727206516e-01	-3.942008137940045742e+01
1.283757338551859131e+12	1.661327733375859816e+00	1.836453863529134700e-02	9.882165492275868601e+00	2.759672581404484681e+00	6.101903469092395671e-02	2.211096892511409465e-02	3.514808903744599089e+00	8.551792073010778594e+00	-9.870238300055232672e-02	-1.952279677842312100e-01	2.187604164723328803e-01	-3.973800583883367210e+01	-9.870238300055071690e-02	-1.952279677842319039e-01	2.187604164723327971e-01	-3.973800583883366500e+01
1.290019569471624268e+12	1.660483098186169792e+00	2.259364978270392982e-02	1.221720474740821061e+01	2.756693646351437543e+00	7.503274718103500329e-02	2.721838434254128178e-02	2.883975538991573107e+00	7.205971614525735092e+00	-9.461277434357281968e-02	-1.230559588583284986e-01	1.552235358427660195e-01	-3.992537066341100171e+01	-9.461277434357422134e-02	-1.230559588583274716e-01	1.552235358427660472e-01	-3.992537066341101593e+01
1.296281800391389404e+12	1.662402574225504859e+00	1.808485069236309348e-02	9.826605300151888045e+00	2.763255256967020124e+00	6.012860469093662258e-02	2.176006162996843574e-02	2.908110074664124411e+00	7.262669056810682200e+00	-1.928172127792119050e-01	-1.069700004234171858e-01	2.205018334040099171e-01	-4.033420332157938759e+01	-1.928172127792115720e-01	-1.069700004234176993e-01	2.205018334040098893e-01	-4.033420332157938049e+01
1.302544031311154541e+12	1.661007602895884450e+00	2.367310492301500854e-02	1.292518587148586739e+01	2.758385840981236292e+00	7.864241452255983644e-02	2.851030242186295902e-02	2.713195913212510746e+00	6.790674176464262857e+00	-1.307104110997611146e-01	-4.976038788288072306e-02	1.398617452061974575e-01	-4.047695307526750241e+01	-1.307104110997611701e-01	-4.976038788288038306e-02	1.398617452061974020e-01	-4.047695307526750241e+01
1.308806262230919678e+12	1.663119463890877281e+00	1.917333992176515137e-02	1.051870553062294533e+01	2.765598734208923659e+00	6.377510962336722933e-02	2.306014565110421285e-02	2.883086967019748759e+00	7.203875114200769758e+00	-1.987517782044176673e-01	1.239370384896188587e-02	1.991378247207541419e-01	-4.090298155955213844e+01	-1.987517782044175840e-01	1.239370384896235598e-02	1.991378247207541141e-01	-4.090298155955213844e+01
1.315068493150684814e+12	1.660122255423876370e+00	2.423066519743320019e-02	1.335681377296260486e+01	2.755418777817748133e+00	8.045173311596726107e-02	2.919764275529974917e-02	3.000603889745862674e+00	7.475685035837841497e+00	-1.309092138993910026e-01	9.769981478760601107e-03	1.312732829704956750e-01	-4.091519812709736215e+01	-1.309092138993909749e-01	9.769981478761258567e-03	1.312732829704957305e-01	-4.091519812709736925e+01
1.321330724070450195e+12	1.662908785222938501e+00	1.961323042132682992e-02	1.086300114080068369e+01	2.764880949164069346e+00	6.523002634845236070e-02	2.359234540213166198e-02	3.006491782907396271e+00	7.489021861990132756e+00	-1.607145197387564450e-01	1.000341580891126597e-01	1.893039609713877969e-01	-4.139745636571517196e+01	-1.607145197387560009e-01	1.000341580891133952e-01	1.893039609713877969e-01	-4.139745636571517906e+01
1.327592954990215332e+12	1.659240610850921227e+00	2.482915591113089848e-02	1.381707311706732533e+01	2.752462917713678792e+00	8.239508764179519218e-02	2.993504003688315235e-02	2.880758659420168399e+00	7.198378629572954601e+00	-1.069809896945743549e-01	6.007534214818707058e-02	1.226946571381670459e-01	-4.135237319183837457e+01	-1.069809896945743688e-01	6.007534214818713997e-02	1.226946571381670875e-01	-4.135237319183837457e+01
1.333855185909980469e+12	1.663044932715747271e+00	2.051843410513461488e-02	1.147207708706739027e+01	2.765297442093397784e+00	6.824615573161217641e-02	2.467949909936204347e-02	3.028520828668209486e+00	7.538689832077200670e+00	-8.167841266309464054e-02	1.525921322278983860e-01	1.730772137313840997e-01	-4.192003477452657023e+01	-8.167841266309519566e-02	1.525921322278980530e-01	1.730772137313840442e-01	-4.192003477452657023e+01
1.340117416829745605e+12	1.658164913807469443e+00	2.452082699505627253e-02	1.377422350907816906e+01	2.748909610425611216e+00	8.131914996149071373e-02	2.958232953643759322e-02	3.294825291163714809e+00	8.112073641120852940e+00	-7.366283138999092650e-02	9.910370027718432007e-02	1.234818048824207065e-01	-4.177230769105640462e+01	-7.366283138999159263e-02	9.910370027718387598e-02	1.234818048824207481e-01	-4.177230769105639752e+01
1.346379647749510742e+12	1.662414266385082273e+00	2.071467354542001760e-02	1.169054593224565153e+01	2.763192095380557767e+00	6.887273765083178068e-02	2.492506321437864061e-02	3.198831200960698506e+00	7.910912633166516272e+00	-5.391872372882994258e-03	1.675255540592235359e-01	1.676123013103014703e-01	-4.237932655757677480e+01	-5.391872372884803574e-03	1.675255540592235914e-01	1.676123013103015535e-01	-4.237932655757676059e+01
1.352641878669275879e+12	1.657671413239166336e+00	2.369441675971500211e-02	1.343439190844842734e+01	2.747313088884752119e+00	7.855511463190911758e-02	2.859343368971386037e-02	3.291463089081040572e+00	8.105127556222635477e+00	-2.225771855504013463e-02	1.278844227137595491e-01	1.298069012345141604e-01	-4.223918136604262941e+01	-2.225771855503998892e-02	1.278844227137595213e-01	1.298069012345141049e-01	-4.223918136604262941e+01
1.358904109589041016e+12	1.662779882249143304e+00	2.043577754172749145e-02	1.164043310945128873e+01	2.764419315808740230e+00	6.796039954900665037e-02	2.458396928438644213e-02	3.085610414204184693e+00	7.665744824334232099e+00	8.236416386192872696e-02	1.473754382166246879e-01	1.688294265766984159e-01	-4.292113084026607339e+01	8.236416386192892125e-02	1.473754382166245769e-01	1.688294265766984437e-01	-4.292113084026607339e+01
1.365166340508806152e+12	1.657037227991568384e+00	2.345112396633158153e-02	1.341956367334162614e+01	2.745222419734696828e+00	7.771877090091343365e-02	2.831055521848182752e-02	3.128520267651170528e+00	7.759704288382291537e+00	3.618566195359005505e-02	1.249597675160461913e-01	1.300936033349980037e-01	-4.269336939922830254e+01	3.618566195359067261e-02	1.249597675160460108e-01	1.300936033349980037e-01	-4.269336939922830965e+01
1.371428571428571533e+12	1.663041481219327267e+00	1.973444841512290993e-02	1.134455190083591525e+01	2.765317519801925084e+00	6.563841264666482600e-02	2.373630231488440059e-02	2.647489814085886906e+00	6.623886458585932502e+00	1.523450637282772191e-01	8.875479096704554094e-02	1.763134463447890155e-01	-4.345477709918583997e+01	1.523450637282778020e-01	8.875479096704437521e-02	1.763134463447889322e-01	-4.345477709918584708e+01
1.377690802348336670e+12	1.656331400296749523e+00	2.274028503855866912e-02	1.313217991775387361e+01	2.742916587045356014e+00	7.533089632212620901e-02	2.746379407886841498e-02	2.536864361340770646e+00	6.333495356629979867e+00	9.040786133325454110e-02	1.012128902088121202e-01	1.357115711178455142e-01	-4.314057106388405316e+01	9.040786133325519336e-02	1.012128902088114818e-01	1.357115711178454587e-01	-4.314057106388406027e+01
1.383953033268101807e+12	1.664431882159590703e+00	1.934663555590908010e-02	1.122318091337363910e+01	2.769959198041984205e+00	6.440231406355481636e-02	2.325027535029368722e-02	2.144375116579050999e+00	5.189973051642168045e+00	1.784883684651163149e-01	-1.840071283890308204e-02	1.794343442887088580e-01	-4.408502618673545470e+01	1.784883684651165370e-01	-1.840071283890145487e-02	1.794343442887088858e-01	-4.408502618673544760e+01
1.390215264187866943e+12	1.655524234839795161e+00	2.171896549047237779e-02	1.265640457336060898e+01	2.740288778679913051e+00	7.191254745025239814e-02	2.624268946023091548e-02	1.996016757196739544e+00	4.702204804865659504e+00	1.338180144661910431e-01	5.724810030444024700e-02	1.455493249181904480e-01	-4.357805250905224881e+01	1.338180144661909599e-01	5.724810030444048292e-02	1.455493249181904480e-01	-4.357805250905224881e+01
1.396477495107632080e+12	1.666056314802073501e+00	1.851675405220325199e-02	1.083896865699830059e+01	2.775400773911236296e+00	6.169991003662022439e-02	2.223099114787287570e-02	1.747265426513183950e+00	3.796659198970629312e+00	1.381802334642529551e-01	-1.301106336049889789e-01	1.897960850421502588e-01	-4.473762657589096392e+01	1.381802334642531771e-01	-1.301106336049887013e-01	1.897960850421502310e-01	-4.473762657589096392e+01
1.402739726027397217e+12	1.655405941055347219e+00	2.080728713364310423e-02	1.223437302443559993e+01	2.739935886483477745e+00	6.888901347655455865e-02	2.514256403458000125e-02	1.368130283943695957e+00	2.132496863398100295e+00	1.542072607251201433e-01	-1.415079460737317385e-02	1.548551718489416251e-01	-4.407380564222115282e+01	1.542072607251201433e-01	-1.415079460737320334e-02	1.548551718489416251e-01	-4.407380564222115282e+01
1.409001956947162354e+12	1.668981441223973849e+00	1.673866690759381881e-02	9.886023183138652470e+00	2.785218868180209473e+00	5.587304883920794080e-02	2.006055950486719183e-02	1.210640883345986740e+00	1.300471987267009188e+00	1.031696281289560396e-02	-2.179703542501683633e-01	2.182143786592133650e-01	-4.550579682161313144e+01	1.031696281289589019e-02	-2.179703542501683633e-01	2.182143786592134205e-01	-4.550579682161313144e+01
1.415264187866927490e+12	1.654813608808779701e+00	-1.975528244528654699e-04	-1.171952262220390950e-01	2.738408040871618709e+00	-6.538262047264272554e-04	-2.387614245093723562e-04	9.284804908778442056e-02	-1.617029630808783125e+01	8.116783413421898574e-01	-4.964194084168759846e-01	9.514483479711179914e-01	-4.453119968203472467e+01	8.116783413421941873e-01	-4.964194084168690457e-01	9.514483479711179914e-01	-4.453119968203471757e+01
1.421526418786692627e+12	1.669296812375154593e+00	4.467290913100580713e-02	2.661879131122756803e+01	2.784556178995624798e+00	1.491446896238258490e-01	5.356138646038076379e-02	1.206815198476631990e+00	1.278938818617425976e+00	-8.812914086091193019e-03	-1.643872676936113802e-02	1.865205598550827640e-02	-4.604520763119344196e+01	-8.812914086091153121e-03	-1.643872676936116578e-02	1.865205598550827987e-02	-4.604520763119344196e+01
1.427788649706458008e+12	1.659881532793584302e+00	1.789141432194626263e-02	1.070773856995738704e+01	2.754886600202739011e+00	5.939525645711449947e-02	2.155996419335135320e-02	1.340143155375407735e+00	1.991879719878599797e+00	1.424740368868100161e-02	-1.931194536777839643e-01	1.936442921975083387e-01	-4.547945180558915723e+01	1.424740368868222286e-02	-1.931194536777839366e-01	1.936442921975083942e-01	-4.547945180558915013e+01
1.434050880626223145e+12	1.664024186575839170e+00	3.265266168443418937e-02	1.962783101226806792e+01	2.767910297194304814e+00	1.086696375979533391e-01	3.926053445738701686e-02	1.759359496068230833e+00	3.843588258159833515e+00	-2.702243590311290133e-02	-4.460999069310794818e-02	5.215614356695693482e-02	-4.609772911367030446e+01	-2.702243590311323787e-02	-4.460999069310774001e-02	5.215614356695692788e-02	-4.609772911367031156e+01
1.440313111545988281e+12	1.659252280439664773e+00	1.916705649797042013e-02	1.157181543671198476e+01	2.752750754089431595e+00	6.360596440714662292e-02	2.310632893757448569e-02	1.720281432250319487e+00	3.690770492511898482e+00	-6.318434835195251009e-02	-1.584165016001347626e-01	1.705521910028903187e-01	-4.593260768262948091e+01	-6.318434835195345378e-02	-1.584165016001344295e-01	1.705521910028903465e-01	-4.593260768262948091e+01
1.446575342465753418e+12	1.663066920435888552e+00	3.244093281203112855e-02	1.967086929421698827e+01	2.764739167726395497e+00	1.079028844555443567e-01	3.902823301204182832e-02	1.781653975922782296e+00	3.929258991200289763e+00	-4.280576876705308870e-02	-2.922540829391839443e-02	5.183105564895096329e-02	-4.652483874910227257e+01	-4.280576876705301931e-02	-2.922540829391851933e-02	5.183105564895098410e-02	-4.652483874910226547e+01
1.452837573385518555e+12	1.658418932526866341e+00	1.935187824371987012e-02	1.178499349334614088e+01	2.749978860571991035e+00	6.418704251867958510e-02	2.334092215724479710e-02	1.929244328828713551e+00	4.470717330191619432e+00	-1.201344849700353851e-01	-1.135420756984886204e-01	1.653000224831714382e-01	-4.636669584340070571e+01	-1.201344849700365508e-01	-1.135420756984872881e-01	1.653000224831713549e-01	-4.636669584340071992e+01
1.459099804305283691e+12	1.662443539325549891e+00	2.900013726602785474e-02	1.773675690922125270e+01	2.762877513483812830e+00	9.642218167492425107e-02	3.489918796774382076e-02	1.779811812382103176e+00	3.922220875150812081e+00	-6.817259555901025725e-02	-9.808227165203175016e-03	6.887455339511548702e-02	-4.698099690096946546e+01	-6.817259555901010459e-02	-9.808227165204127379e-03	6.887455339511547314e-02	-4.698099690096945125e+01
1.465362035225048828e+12	1.658542187307411098e+00	2.000193594292682536e-02	1.228587603016996077e+01	2.750362109636986574e+00	6.634810917832915933e-02	2.412340867620746745e-02	1.927232755550392751e+00	4.463619883797059984e+00	-1.492205823498630179e-01	-3.621671092085092247e-02	1.535527021799249769e-01	-4.688578790053135492e+01	-1.492205823498626294e-01	-3.621671092085255311e-02	1.535527021799249769e-01	-4.688578790053134782e+01
1.471624266144813965e+12	1.660107180177291308e+00	2.981514122593227276e-02	1.839174650430594582e+01	2.755066907029875445e+00	9.899266005434026461e-02	3.593112740810356504e-02	1.728439275129413977e+00	3.722957092358245124e+00	-6.180836268457062799e-02	9.741337611891991155e-03	6.257129818228389373e-02	-4.728020946228155452e+01	-6.180836268457056554e-02	9.741337611892404019e-03	6.257129818228389373e-02	-4.728020946228156163e+01
1.477886497064579346e+12	1.658148114312481436e+00	1.884992029401374655e-02	1.167722801161662360e+01	2.749099849502947279e+00	6.251191958091893708e-02	2.273905023574223500e-02	1.737523372696553325e+00	3.758619929094936474e+00	-1.633296190066256259e-01	3.899462423999118521e-02	1.679200558732267257e-01	-4.735825066154439611e+01	-1.633296190066248765e-01	3.899462423999410648e-02	1.679200558732266979e-01	-4.735825066154441743e+01
1.484148727984344482e+12	1.660337744804964544e+00	3.041794656158820082e-02	1.892328271824152353e+01	2.755796175351011623e+00	1.010081295913305560e-01	3.665297546124395012e-02	1.534050715413414867e+00	2.911261443643100133e+00	-4.474824171508192533e-02	3.668287119274062091e-02	5.786223444989484904e-02	-4.781056463292949132e+01	-4.474824171508182818e-02	3.668287119274074581e-02	5.786223444989484904e-02	-4.781056463292949132e+01
1.490410958904109619e+12	1.658038769731492001e+00	1.732716682709789513e-02	1.082487158820279305e+01	2.748792331222465357e+00	5.745822873786742696e-02	2.090308099495975097e-02	1.426806223279712738e+00	2.418195980524539213e+00	-1.415141897431217155e-01	1.272614923438288581e-01	1.903201338067800619e-01	-4.785630936333902241e+01	-1.415141897431237694e-01	1.272614923438265544e-01	1.903201338067800619e-01	-4.785630936333900820e+01
1.496673189823874756e+12	1.660943718485712983e+00	3.436299841268707078e-02	2.155793669492318898e+01	2.757553220317237042e+00	1.141500127237742301e-01	4.139539787763083650e-02	1.293976410741715544e+00	1.753375964840482082e+00	-1.233013291580703844e-02	3.729168938875387224e-02	3.927724882408092227e-02	-4.837536132047931403e+01	-1.233013291580713038e-02	3.729168938875387224e-02	3.927724882408095003e-02	-4.837536132047930693e+01
1.502935420743639893e+12	1.657662979967578165e+00	1.628701074859004866e-02	1.026055526697761167e+01	2.747581288435866576e+00	5.399674954454351111e-02	1.965246661556739258e-02	1.214143324434708848e+00	1.320126171615911836e+00	-7.385360444306451888e-02	1.931362460448407259e-01	2.067751542751833926e-01	-4.832945128620453801e+01	-7.385360444306642014e-02	1.931362460448400042e-01	2.067751542751833926e-01	-4.832945128620452380e+01
