freq_roi_Hz	n_opt	k_opt	alpha_cm	eps_r	eps_i	loss_tan	DR	alpha_max	H_meas_real	H_meas_imag	H_meas_mag	H_meas_phase	H_model_real	H_model_imag	H_model_mag	H_model_phase
3.005870841487279663e+11	1.665025636577966095e+00	6.087358655728170725e-03	7.669876428665157730e-01	2.772273314526457977e+00	2.027121644166438030e-02	7.312127680717865619e-03	7.655570711280181229e+01	2.951334267699601810e+01	8.112958085066211966e-01	2.082393773425492700e-01	8.375944885064757761e-01	2.512511120036142187e-01	8.112958085066210856e-01	2.082393773425487982e-01	8.375944885064756651e-01	2.512511120036137191e-01
3.068493150684931641e+11	1.668565709544327591e+00	5.649483885075972864e-03	7.266463451171863985e-01	2.784079610398997318e+00	1.885307017452206996e-02	6.771742483261879164e-03	7.884747011304553155e+01	2.971401998903494501e+01	8.399187794725418987e-01	-6.085223212658917580e-02	8.421202706653205805e-01	-7.232377237111500823e-02	8.399187794725421208e-01	-6.085223212658782965e-02	8.421202706653205805e-01	-7.232377237111339841e-02
3.131115459882583008e+11	1.670070312161186177e+00	6.979057013951155651e-03	9.159778881006026552e-01	2.789086140325358176e+00	2.331103185176024509e-02	8.357946179833986022e-03	7.184352025003005338e+01	2.908113361259056262e+01	7.665872166838328949e-01	-2.877567264641737732e-01	8.188161542180534269e-01	-3.590983106497765420e-01	7.665872166838335611e-01	-2.877567264641726075e-01	8.188161542180536490e-01	-3.590983106497749322e-01
3.193737769080234985e+11	1.669163696058609370e+00	1.030601799495070928e-02	1.379682995918849908e+00	2.786001230233125181e+00	3.440486217619692644e-02	1.234919130790118787e-02	7.753072438666623611e+01	2.959944417114113335e+01	6.316613417544079123e-01	-4.314832366567858402e-01	7.649665575584300159e-01	-5.992884133986658979e-01	6.316613417544084674e-01	-4.314832366567854516e-01	7.649665575584302379e-01	-5.992884133986650097e-01
3.256360078277886353e+11	1.666237714952348403e+00	9.136805729133966325e-03	1.247142196859668317e+00	2.776264641510691522e+00	3.044818060015140951e-02	1.096731923350908328e-02	7.403954168761724475e+01	2.928597678417212791e+01	5.442673134464079965e-01	-5.592150495753571704e-01	7.803514465660582600e-01	-7.989433023692995572e-01	5.442673134464078855e-01	-5.592150495753571704e-01	7.803514465660581489e-01	-7.989433023692996683e-01
3.318982387475538330e+11	1.666144422317413998e+00	7.562104031704126351e-03	1.052050910418630636e+00	2.775980050602043114e+00	2.519911490681571789e-02	9.077556195459919597e-03	7.551960872368788102e+01	2.942063707676693696e+01	3.965614222067441741e-01	-6.983103795011070813e-01	8.030556317601015293e-01	-1.054324046764534950e+00	3.965614222067445072e-01	-6.983103795011067483e-01	8.030556317601014182e-01	-1.054324046764534506e+00
3.381604696673189697e+11	1.668682085470433840e+00	6.154157518704053177e-03	8.723295957337295903e-01	2.784462028715191551e+00	2.053866480524926125e-02	7.376169828656714555e-03	6.983212778548957544e+01	2.888794222083970453e+01	1.688953783910447648e-01	-8.067390929493213347e-01	8.242291022128179767e-01	-1.364421357303372329e+00	1.688953783910440709e-01	-8.067390929493217788e-01	8.242291022128181988e-01	-1.364421357303373217e+00
3.444227005870841675e+11	1.669577505748360613e+00	8.643090439154725579e-03	1.247814379854319533e+00	2.787414344688577739e+00	2.886061875472289984e-02	1.035390336198737521e-02	7.649307951540878037e+01	2.950777475857756116e+01	-5.473654440664598581e-02	-7.779372905016179729e-01	7.798605755175597176e-01	-1.641041685367256919e+00	-5.473654440664595805e-02	-7.779372905016177508e-01	7.798605755175594956e-01	-1.641041685367256919e+00
3.506849315068493042e+11	1.668574030998381641e+00	1.042516195907374627e-02	1.532459751098897760e+00	2.784030612920315395e+00	3.479030902772533435e-02	1.249638163684987577e-02	7.247436011598516359e+01	2.914061193821027373e+01	-2.257902615955531822e-01	-7.131209041433054230e-01	7.480124772739781269e-01	-1.877432680348520844e+00	-2.257902615955543479e-01	-7.131209041433053120e-01	7.480124772739784600e-01	-1.877432680348522398e+00
3.569471624266145020e+11	1.666007386654879019e+00	9.885570350761631320e-03	1.479090767031137510e+00	2.775482887887459782e+00	3.293886645133068530e-02	1.186779662561777970e-02	7.312140104567453136e+01	2.920108234086091414e+01	-3.670092534819487384e-01	-6.588645208587877722e-01	7.541871445389780604e-01	-2.079023082129194400e+00	-3.670092534819494601e-01	-6.588645208587877722e-01	7.541871445389782824e-01	-2.079023082129195288e+00
3.632093933463796387e+11	1.666405083246070840e+00	7.754235723916697368e-03	1.180552300936041688e+00	2.776845773296682029e+00	2.584339565404612099e-02	9.306745049569225409e-03	7.385682895504099577e+01	2.926916675387905542e+01	-5.510173318159904410e-01	-5.632622491959861089e-01	7.879622207510551535e-01	-2.345205843603721974e+00	-5.510173318159909961e-01	-5.632622491959857758e-01	7.879622207510552645e-01	-2.345205843603722862e+00
3.694716242661448364e+11	1.668123091741524844e+00	7.115844610805973150e-03	1.102038347106473193e+00	2.782584013956778346e+00	2.374020942505985360e-02	8.531713438294986906e-03	7.644141169130480762e+01	2.950317778798740065e+01	-6.993144511544712172e-01	-3.820983205595807064e-01	7.968938625487909100e-01	-2.641525372795184623e+00	-6.993144511544716613e-01	-3.820983205595797627e-01	7.968938625487907990e-01	-2.641525372795185511e+00
3.757338551859099731e+11	1.669487799268293937e+00	9.770843255457404772e-03	1.538868592511290823e+00	2.787094042527768600e+00	3.262460720709806777e-02	1.170559970682188457e-02	6.888924965150421542e+01	2.879545625448772839e+01	-7.305893033785606505e-01	-1.565577098092194031e-01	7.471753788180378608e-01	-2.930495578781695976e+00	-7.305893033785605395e-01	-1.565577098092195141e-01	7.471753788180377498e-01	-2.930495578781695976e+00
3.819960861056751709e+11	1.667676748953967003e+00	1.046877762914504538e-02	1.676270295768584440e+00	2.781036143696624219e+00	3.491707408418925213e-02	1.255541901651683820e-02	7.304759563649395204e+01	2.919421181557603973e+01	-7.324222435833238620e-01	3.281916821803567644e-03	7.324295965303798672e-01	-3.146073531779193466e+00	-7.324222435833240841e-01	3.281916821805519208e-03	7.324295965303800893e-01	-3.146073531779195243e+00
3.882583170254403076e+11	1.665912342231596899e+00	1.039363108258772525e-02	1.691520347923929801e+00	2.775155904432484277e+00	3.462975660216969370e-02	1.247849050457272742e-02	7.414952521106654615e+01	2.929607555516551542e+01	-7.133748237861124997e-01	1.594447943588967187e-01	7.309762524596936650e-01	-3.361486287909349002e+00	-7.133748237861116115e-01	1.594447943588992167e-01	7.309762524596934430e-01	-3.361486287909351667e+00
3.945205479452055054e+11	1.666493627198257110e+00	7.715821757404419008e-03	1.275971503208353175e+00	2.777141475587011410e+00	2.571673557462424153e-02	9.260146017295869947e-03	6.963789532558378426e+01	2.886899270155067043e+01	-6.850229179853438710e-01	3.665733969783059876e-01	7.769378698051536691e-01	-3.632944414666834820e+00	-6.850229179853450923e-01	3.665733969783048773e-01	7.769378698051542242e-01	-3.632944414666831712e+00
4.007827788649706421e+11	1.667997824290966769e+00	8.591832197170802890e-03	1.443391022281161451e+00	2.782142922258894480e+00	2.866231482310795109e-02	1.030224385447325169e-02	7.234659622830459114e+01	2.912860772227996620e+01	-5.358358952607299441e-01	5.359578662856688824e-01	7.578726417303601748e-01	-3.927104617821682186e+00	-5.358358952607314984e-01	5.359578662856672171e-01	7.578726417303600638e-01	-3.927104617821678190e+00
4.070450097847357788e+11	1.669235075370208765e+00	9.603961494780953456e-03	1.638634167158229626e+00	2.786253500769793501e+00	3.206253877918653628e-02	1.150740188225092032e-02	6.966500071136100303e+01	2.887164030191326702e+01	-3.508470155757542064e-01	6.473219307958686386e-01	7.362875188591103681e-01	-4.215710301193402287e+00	-3.508470155757538733e-01	6.473219307958687496e-01	7.362875188591103681e-01	-4.215710301193402287e+00
4.133072407045009766e+11	1.666751190339874622e+00	1.148418738705066916e-02	1.989584757450005403e+00	2.777927643939448465e+00	3.828256599490575257e-02	1.378098024922502773e-02	7.128235924141237945e+01	2.902778433744190068e+01	-2.080619363102554076e-01	6.678661230811224758e-01	6.995247870523115807e-01	-4.410385869125062364e+00	-2.080619363102543251e-01	6.678661230811226979e-01	6.995247870523113587e-01	-4.410385869125063252e+00
4.195694716242661133e+11	1.666457155098966414e+00	1.008514824930626351e-02	1.773680243619403907e+00	2.776977739565329895e+00	3.361293492058047699e-02	1.210414273102592038e-02	7.322016126597470986e+01	2.921026506225109998e+01	-3.763580296450963480e-02	7.211215667671021512e-01	7.221030173883942194e-01	-4.660245640295358704e+00	-3.763580296450772661e-02	7.211215667671022622e-01	7.221030173883943304e-01	-4.660245640295360481e+00
4.258317025440313110e+11	1.665745737858050468e+00	8.914529951092195481e-03	1.591203042229893727e+00	2.774629394348012479e+00	2.969868054207951830e-02	1.070365671270420878e-02	6.929433177463066329e+01	2.883534449281756196e+01	1.375492819099503605e-01	7.289391898701889083e-01	7.418033078131629487e-01	-4.898893878944314828e+00	1.375492819099491115e-01	7.289391898701889083e-01	7.418033078131628377e-01	-4.898893878944312164e+00
4.320939334637964478e+11	1.668635094924516116e+00	9.039570120879135071e-03	1.637250410522440358e+00	2.784261366185778463e+00	3.016748789345995163e-02	1.083500574329595428e-02	6.859570027366898159e+01	2.876640374555959312e+01	3.661074041231900944e-01	6.390254800034802507e-01	7.364700913462128851e-01	-5.232655058443969942e+00	3.661074041231856535e-01	6.390254800034825822e-01	7.364700913462126630e-01	-5.232655058443962837e+00
4.383561643835616455e+11	1.667441847968138324e+00	1.055393225528642419e-02	1.939235627770506287e+00	2.780250930869351045e+00	3.519613660617067208e-02	1.265933812498185734e-02	6.596325802369787539e+01	2.850017274145453783e+01	4.781167035150146183e-01	5.175769604301692084e-01	7.046144280017244688e-01	-5.458176951511474861e+00	4.781167035150136191e-01	5.175769604301699855e-01	7.046144280017243577e-01	-5.458176951511472197e+00
4.446183953033267822e+11	1.667609493912910468e+00	1.168608680982782116e-02	2.177938921355237145e+00	2.780784859563546707e+00	3.897565862151862459e-02	1.401606402144895888e-02	6.645857309989261807e+01	2.855106842628274322e+01	5.752722462265926762e-01	3.631323774831475837e-01	6.802964654142725776e-01	-5.720114456537049641e+00	5.752722462265921211e-01	3.631323774831484719e-01	6.802964654142726886e-01	-5.720114456537046976e+00
4.508806262230919800e+11	1.665077897618561620e+00	1.032935626264604168e-02	1.952198579122741195e+00	2.772377709537048318e+00	3.439836561911958912e-02	1.240753217023364205e-02	6.651236152436325710e+01	2.855657256163051727e+01	6.544612516339461949e-01	2.580743070598517375e-01	7.035068427916633116e-01	-5.907575601751536176e+00	6.544612516339455288e-01	2.580743070598523481e-01	7.035068427916628675e-01	-5.907575601751533512e+00
4.571428571428571167e+11	1.666811931806180480e+00	9.811521456637680924e-03	1.880084882529480472e+00	2.778165750058156913e+00	3.270792206619208692e-02	1.177320757968000793e-02	6.436131843871386593e+01	2.833291021049107528e+01	7.090633015377705295e-01	4.977941242837770341e-02	7.108085223809277320e-01	-6.213095836659849880e+00	7.090633015377704185e-01	4.977941242837567726e-02	7.108085223809273989e-01	-6.213095836659851656e+00
4.634050880626223145e+11	1.667096752979914998e+00	9.124216592525774203e-03	1.772333902684182227e+00	2.779128332467748486e+00	3.042190370977036415e-02	1.094656311993948139e-02	6.355660113490932162e+01	2.824731003389225137e+01	7.083709096228109070e-01	-1.402186157109475140e-01	7.221153687547045008e-01	-6.478604311630740575e+00	7.083709096228112401e-01	-1.402186157109470699e-01	7.221153687547048339e-01	-6.478604311630738799e+00
4.696673189823874512e+11	1.668120449948826689e+00	1.182128887139934602e-02	2.327256933151480300e+00	2.782486092666895061e+00	3.943866742226746769e-02	1.417389561306564398e-02	6.460365919036999571e+01	2.835847911690398249e+01	5.896246645175169387e-01	-3.084778347151079236e-01	6.654440769275175027e-01	-6.765201829196057837e+00	5.896246645175167167e-01	-3.084778347151087008e-01	6.654440769275177248e-01	-6.765201829196058725e+00
4.759295499021526489e+11	1.666073553212068292e+00	1.104290324726817270e-02	2.203003051209093677e+00	2.775679139000557960e+00	3.679657810190634093e-02	1.325678374884343806e-02	6.260964874973024052e+01	2.814518079811541895e+01	5.271693892677342674e-01	-4.262082729017609983e-01	6.779093279125298910e-01	-6.963078347545869740e+00	5.271693892677336013e-01	-4.262082729017617755e-01	6.779093279125297800e-01	-6.963078347545870628e+00
4.821917808219177856e+11	1.665643543495844758e+00	1.156062600546294179e-02	2.336631979012745219e+00	2.774234765915756018e+00	3.851176412953901534e-02	1.388194128438389151e-02	6.507870381712274366e+01	2.840832306283224540e+01	4.005905527355768103e-01	-5.305013479403392074e-01	6.647589571472592995e-01	-7.207213721080961477e+00	4.005905527355798079e-01	-5.305013479403369869e-01	6.647589571472594105e-01	-7.207213721080955260e+00
4.884540117416829834e+11	1.666032091888407951e+00	9.228473800063006355e-03	1.889481854469183375e+00	2.775577766473385832e+00	3.074986702011267212e-02	1.107872652373313553e-02	6.722430283260740680e+01	2.862900861614798842e+01	2.619192561876491077e-01	-6.597780040620325748e-01	7.098652769406113006e-01	-7.476080648420762920e+00	2.619192561876472203e-01	-6.597780040620331299e-01	7.098652769406111895e-01	-7.476080648420764696e+00
4.947162426614481201e+11	1.667288508423092397e+00	1.103611902539879293e-02	2.288556855812529101e+00	2.779729174396557312e+00	3.680078885727373211e-02	1.323898356582263111e-02	6.269145036959719164e+01	2.815406388814940541e+01	5.542514489817455120e-02	-6.669898904755356961e-01	6.692887722676592599e-01	-7.771074684314703163e+00	5.542514489817173401e-02	-6.669898904755359181e-01	6.692887722676593709e-01	-7.771074684314706715e+00
5.009784735812133179e+11	1.667234117168435947e+00	1.096767586655088451e-02	2.303153232887008794e+00	2.779549311536500422e+00	3.657136678151704651e-02	1.315730094433937084e-02	6.543118855735777117e+01	2.844507285807289776e+01	-1.148847277457240856e-01	-6.578953059996651698e-01	6.678508323911875877e-01	-8.026863066290086834e+00	-1.148847277457240162e-01	-6.578953059996651698e-01	6.678508323911875877e-01	-8.026863066290085058e+00
5.072407045009784546e+11	1.665797776172201150e+00	1.264705955415128084e-02	2.689012504448310192e+00	2.774722282984884547e+00	4.213488736084518987e-02	1.518526290693097101e-02	6.728431227742275667e+01	2.863507914482935135e+01	-2.371399703267208225e-01	-5.849131886253007284e-01	6.311567188538633744e-01	-8.239158231367609275e+00	-2.371399703267194348e-01	-5.849131886253017276e-01	6.311567188538638185e-01	-8.239158231367605723e+00
5.135029354207436523e+11	1.665535136907102975e+00	1.067211438286645546e-02	2.297114075739713712e+00	2.773893398246761066e+00	3.554956297951149258e-02	1.281576393742477234e-02	6.875810409483261765e+01	2.878249214098488906e+01	-3.960837432117464418e-01	-5.386460523656219079e-01	6.685969648193873516e-01	-8.488029019026143374e+00	-3.960837432117451096e-01	-5.386460523656233512e-01	6.685969648193876846e-01	-8.488029019026139821e+00
5.197651663405087891e+11	1.665578111222953295e+00	1.087325671099735255e-02	2.368950429886071962e+00	2.774032216873517420e+00	3.622051675109054514e-02	1.305699210368688711e-02	6.595539933230362806e+01	2.849936215192128586e+01	-5.149842407162164015e-01	-4.152761588783507318e-01	6.615610752748495305e-01	-8.746155137378419653e+00	-5.149842407162134039e-01	-4.152761588783540070e-01	6.615610752748491974e-01	-8.746155137378412547e+00
5.260273972602739868e+11	1.667190395988548790e+00	1.044122189104284767e-02	2.302230751397005726e+00	2.779414797361876133e+00	3.481500971826406027e-02	1.252602157522844650e-02	6.630035269757138394e+01	2.853485197060726364e+01	-6.228277814763700793e-01	-2.412201074074666884e-01	6.679083661674307670e-01	-9.055269098210015244e+00	-6.228277814763701903e-01	-2.412201074074666884e-01	6.679083661674308781e-01	-9.055269098210013468e+00
5.322896281800391235e+11	1.666309956654422830e+00	1.246292932698053572e-02	2.780720235529344553e+00	2.776433547038255067e+00	4.153420645325614502e-02	1.495955359621789840e-02	6.402026784674146143e+01	2.829676305970583883e+01	-6.164202801387149711e-01	-8.766495023821496702e-02	6.226227632094417652e-01	-9.283509085824041662e+00	-6.164202801387150821e-01	-8.766495023821480048e-02	6.226227632094418762e-01	-9.283509085824041662e+00
5.385518590998043213e+11	1.665981949965919640e+00	1.193096672398746144e-02	2.693347094213967008e+00	2.775353509645279271e+00	3.975355041561426384e-02	1.432377903479950011e-02	6.498803478091016927e+01	2.839883779063911362e+01	-6.272182108957118363e-01	6.610575677426915042e-02	6.306922031846567966e-01	-9.529785442303083443e+00	-6.272182108957113922e-01	6.610575677427051045e-02	6.306922031846565746e-01	-9.529785442303086995e+00
5.448140900195694580e+11	1.664470185491380150e+00	1.180856379972471636e-02	2.696712028275868533e+00	2.770321556210697533e+00	3.931000475622919293e-02	1.418969024303381662e-02	5.760658870062367498e+01	2.757857569359960337e+01	-6.002226687700658037e-01	1.930854457585318706e-01	6.305150604618664500e-01	-9.736012892655221407e+00	-6.002226687700672469e-01	1.930854457585284012e-01	6.305150604618666721e-01	-9.736012892655216078e+00
5.510763209393345947e+11	1.666029676684742222e+00	1.057387920166510085e-02	2.442503844950272729e+00	2.775543076672895015e+00	3.523279309530725351e-02	1.269401775509158489e-02	5.883581485031590574e+01	2.772222176123177562e+01	-5.322846786689540144e-01	3.805965251060537402e-01	6.543551742505858693e-01	-1.004551639580497202e+01	-5.322846786689554577e-01	3.805965251060518528e-01	6.543551742505859803e-01	-1.004551639580496847e+01
5.573385518590998535e+11	1.665844629251245879e+00	1.145476868136982747e-02	2.676052130245225147e+00	2.774907117079676855e+00	3.816372977435060487e-02	1.375315575049382635e-02	3.668649858450253731e+01	2.450868320844315917e+01	-4.071214176226150561e-01	4.837696345251525365e-01	6.322823008559131930e-01	-1.029600023586704083e+01	-4.071214176226172765e-01	4.837696345251509267e-01	6.322823008559133040e-01	-1.029600023586703728e+01
5.636007827788649902e+11	1.666786578597540203e+00	1.243004648639412305e-02	2.936523640989232575e+00	2.778022992537239944e+00	4.143646930973047399e-02	1.491581222367259138e-02	4.937357530519732762e+01	2.652934223374291278e+01	-2.425925199731669424e-01	5.579828116979643760e-01	6.084373007116652410e-01	-1.058546006391422978e+01	-2.425925199731669146e-01	5.579828116979643760e-01	6.084373007116652410e-01	-1.058546006391422978e+01
5.698630136986301270e+11	1.664847313833945242e+00	1.267884319866894628e-02	3.028581481437555567e+00	2.771555825315246580e+00	4.221667608365155949e-02	1.523212186384507831e-02	5.244146823883561837e+01	2.693946768007478099e+01	-1.316020096369464598e-01	5.858271494159912329e-01	6.004269630299333693e-01	-1.077459960179467835e+01	-1.316020096369446279e-01	5.858271494159913440e-01	6.004269630299331473e-01	-1.077459960179468013e+01
5.761252446183952637e+11	1.665257372116696999e+00	1.190996018218834843e-02	2.876182080466362923e+00	2.772940268237465755e+00	3.966629799001093054e-02	1.430477909833362260e-02	5.616397381259265842e+01	2.740603133643234202e+01	3.081591980834688313e-02	6.132067127195299783e-01	6.139805318069349038e-01	-1.104578576958074443e+01	3.081591980834790315e-02	6.132067127195297562e-01	6.139805318069347928e-01	-1.104578576958074621e+01
5.823874755381605225e+11	1.665035129897439958e+00	1.127269942854170967e-02	2.751877612534236128e+00	2.772214910040178282e+00	3.753888111459348365e-02	1.354111507684280756e-02	5.353421534119146230e+01	2.707977677022607566e+01	1.841990270047640377e-01	5.975670960492930339e-01	6.253124945419584746e-01	-1.129458102408886511e+01	1.841990270047610678e-01	5.975670960492942552e-01	6.253124945419586966e-01	-1.129458102408885978e+01
5.886497064579256592e+11	1.666457079804218422e+00	1.210786711901363707e-02	2.987540069970029410e+00	2.776932598383431205e+00	4.035448176361795813e-02	1.453203501846245423e-02	5.588840888931991913e+01	2.737256865846967457e+01	3.444775513447209669e-01	4.959953056134246974e-01	6.038841996368256027e-01	-1.160261141584903299e+01	3.444775513447220772e-01	4.959953056134236982e-01	6.038841996368253806e-01	-1.160261141584903655e+01
5.949119373776907959e+11	1.665470090038876805e+00	1.267089797457917992e-02	3.159724652398647304e+00	2.773630069158622202e+00	4.220600318119161615e-02	1.521688261549412891e-02	5.239110424316377390e+01	2.693293064301269624e+01	4.337160585460057005e-01	3.983214172639603645e-01	5.888714383393478524e-01	-1.182348653847207487e+01	4.337160585460057005e-01	3.983214172639606976e-01	5.888714383393479634e-01	-1.182348653847207487e+01
6.011741682974559326e+11	1.665205747406039549e+00	1.317199494827850023e-02	3.319258131019811042e+00	2.772736679743189381e+00	4.386816338535335508e-02	1.582125115083644548e-02	5.668071869638385607e+01	2.746834095068168224e+01	5.059188324383712132e-01	2.737599060085476599e-01	5.752376475454414884e-01	-1.207037503799173273e+01	5.059188324383689928e-01	2.737599060085519342e-01	5.752376475454414884e-01	-1.207037503799172562e+01
6.074363992172210693e+11	1.664241219066791011e+00	1.207336046153422576e-02	3.074101059743401088e+00	2.769553069208084306e+00	4.018596826547302797e-02	1.450991089943752359e-02	5.428122860198922695e+01	2.717405496639111817e+01	5.739660890188548192e-01	1.621127662031469352e-01	5.964206739455265582e-01	-1.229109785777896313e+01	5.739660890188558184e-01	1.621127662031443817e-01	5.964206739455268913e-01	-1.229109785777896846e+01
6.136986301369863281e+11	1.665460454589473782e+00	1.223229207176968099e-02	3.146676937990006806e+00	2.773608896832047588e+00	4.074479742904149604e-02	1.469017404565555948e-02	5.804663020088220549e+01	2.763034769886179021e+01	5.897572487469354696e-01	-1.597656310729375986e-02	5.899736121372515241e-01	-1.259345405693155229e+01	5.897572487469351366e-01	-1.597656310729613990e-02	5.899736121372511910e-01	-1.259345405693155762e+01
6.199608610567514648e+11	1.665325143387722306e+00	1.239014638108558615e-02	3.219807229483880651e+00	2.773154317471993036e+00	4.126724459735244682e-02	1.488097663276512564e-02	5.706710034931915487e+01	2.751456117692175951e+01	5.611559741083590458e-01	-1.605384767334437912e-01	5.836682531964504372e-01	-1.284501325547169515e+01	5.611559741083593789e-01	-1.605384767334432083e-01	5.836682531964506593e-01	-1.284501325547169337e+01
6.262230919765166016e+11	1.665454490739221693e+00	1.350590584027189407e-02	3.545209928426707791e+00	2.773556251230874015e+00	4.498694306636381174e-02	1.621994976535957866e-02	5.874332373280704900e+01	2.771151823639415923e+01	4.771732176833934358e-01	-2.861376468457163535e-01	5.563892815437111450e-01	-1.310653384234368701e+01	4.771732176833929917e-01	-2.861376468457166311e-01	5.563892815437108119e-01	-1.310653384234368879e+01
6.324853228962817383e+11	1.664215225547372334e+00	1.314565897994007977e-02	3.485154013021138475e+00	2.769439508593674493e+00	4.375441164853963866e-02	1.579901330676046836e-02	5.622134686928018965e+01	2.741297766650547629e+01	4.112896770235739408e-01	-3.821401244545929998e-01	5.614180912157423764e-01	-1.331504662734831967e+01	4.112896770235742183e-01	-3.821401244545928333e-01	5.614180912157423764e-01	-1.331504662734831967e+01
6.387475538160469971e+11	1.664417338526133383e+00	1.298118563074043136e-02	3.475623871484292415e+00	2.770116565606037362e+00	4.321222087686134999e-02	1.559942329264671877e-02	5.776491285377387896e+01	2.759724834030775398e+01	2.976063744829078317e-01	-4.769430868852593819e-01	5.621781410376082144e-01	-1.357929627332411116e+01	2.976063744829101632e-01	-4.769430868852579386e-01	5.621781410376081034e-01	-1.357929627332410760e+01
6.450097847358121338e+11	1.664459962505060453e+00	1.226378864006608289e-02	3.315737347343603592e+00	2.770276566270538865e+00	4.082517036002875771e-02	1.473685727161504894e-02	5.332659278759416566e+01	2.705333968327258276e+01	1.699270076108882477e-01	-5.498746741990343523e-01	5.755322278040432282e-01	-1.383744773603026523e+01	1.699270076108909400e-01	-5.498746741990334641e-01	5.755322278040431172e-01	-1.383744773603025990e+01
6.512720156555772705e+11	1.665266087487595303e+00	1.324475723143386102e-02	3.615726572321260157e+00	2.772935718542123507e+00	4.411209010902580191e-02	1.590808247521072194e-02	5.580429981010143337e+01	2.736232216856948085e+01	6.143177771779209650e-03	-5.505954980149062594e-01	5.506297676909761574e-01	-1.412601007027598321e+01	6.143177771777112370e-03	-5.505954980149062594e-01	5.506297676909761574e-01	-1.412601007027598854e+01
6.575342465753424072e+11	1.664472222496092391e+00	1.340691421642981745e-02	3.695186553894267867e+00	2.770288034112274644e+00	4.463087260527079381e-02	1.611055314671369296e-02	5.057063175253982479e+01	2.669232239785432981e+01	-1.152377537195632962e-01	-5.319531865572062479e-01	5.442921389940301724e-01	-1.435050188010176342e+01	-1.152377537195647395e-01	-5.319531865572055818e-01	5.442921389940298393e-01	-1.435050188010176697e+01
6.637964774951076660e+11	1.664232087669655913e+00	1.384264761024242216e-02	3.851618533652465093e+00	2.769476822736439914e+00	4.607475666253824098e-02	1.663662836398576914e-02	5.122442429735579594e+01	2.677971531351625600e+01	-2.360627387878742045e-01	-4.766801844209389016e-01	5.319300845633874175e-01	-1.459698522772706575e+01	-2.360627387878750649e-01	-4.766801844209386796e-01	5.319300845633875285e-01	-1.459698522772706752e+01
6.700587084148728027e+11	1.663614617290440245e+00	1.276861213880075424e-02	3.586292532793236010e+00	2.767450557406466949e+00	4.248409959324217500e-02	1.535134908898116123e-02	4.846199589152066523e+01	2.640255741001375611e+01	-3.524126554306244996e-01	-4.263255865369480757e-01	5.531258314739394555e-01	-1.482793488325628317e+01	-3.524126554306237780e-01	-4.263255865369487974e-01	5.531258314739395665e-01	-1.482793488325628140e+01
6.763209393346379395e+11	1.664561113767058398e+00	1.312214882436589861e-02	3.720034381416815972e+00	2.770591510675660896e+00	4.368523732420719063e-02	1.576747678460680910e-02	4.918257934995011027e+01	2.650297297373684202e+01	-4.522165563669757193e-01	-2.992627741969273725e-01	5.422711700546575253e-01	-1.512335921635771641e+01	-4.522165563669768851e-01	-2.992627741969256516e-01	5.422711700546575253e-01	-1.512335921635771996e+01
6.825831702544030762e+11	1.664478689945790180e+00	1.304479985120030050e-02	3.732348233297993367e+00	2.770319142480496044e+00	4.342558273386182971e-02	1.567529966781347484e-02	4.476393120885856547e+01	2.586252140152505063e+01	-5.117899453086278694e-01	-1.762472477913755164e-01	5.412873917551034308e-01	-1.537630907096761490e+01	-5.117899453086285355e-01	-1.762472477913740454e-01	5.412873917551036529e-01	-1.537630907096761845e+01
6.888454011741683350e+11	1.664525720226027738e+00	1.422834910908138233e-02	4.108331098670183756e+00	2.770443427375606227e+00	4.736690609684209713e-02	1.709722913985359943e-02	4.787827508143430322e+01	2.632011330525361004e+01	-5.107913571532443076e-01	-3.759309959363782427e-02	5.121728728461810709e-01	-1.563449796192869812e+01	-5.107913571532444186e-01	-3.759309959363670711e-02	5.121728728461810709e-01	-1.563449796192869989e+01
6.951076320939334717e+11	1.663598266459838104e+00	1.349396178950009600e-02	3.931702911455471572e+00	2.767377105163402184e+00	4.489706288137530754e-02	1.622368805379139842e-02	4.375004290744909952e+01	2.570665437660193575e+01	-5.203178187253368892e-01	7.508575530076945503e-02	5.257076213373548246e-01	-1.585128136737670701e+01	-5.203178187253368892e-01	7.508575530077057913e-02	5.257076213373549356e-01	-1.585128136737670879e+01
7.013698630136986084e+11	1.663895826087429919e+00	1.381586211226347276e-02	4.061759941359622594e+00	2.768358442025265820e+00	4.597631060478930831e-02	1.660778817758661388e-02	4.671301356483417777e+01	2.615248351133829985e+01	-4.725329733459350257e-01	2.065922296178282214e-01	5.157206222729663336e-01	-1.612012332414389704e+01	-4.725329733459357473e-01	2.065922296178270834e-01	5.157206222729665557e-01	-1.612012332414389704e+01
7.076320939334637451e+11	1.664055148665406270e+00	1.297467454587919282e-02	3.848514752378142667e+00	2.768911195620276100e+00	4.318114796065652267e-02	1.559499200586796780e-02	4.382010879023932404e+01	2.571754136017975156e+01	-4.153012361704659372e-01	3.326774510662345863e-01	5.321178471096831286e-01	-1.638334470680097255e+01	-4.153012361704649935e-01	3.326774510662359741e-01	5.321178471096831286e-01	-1.638334470680097610e+01
7.138943248532290039e+11	1.664471696126929690e+00	1.431587854309028865e-02	4.283917472377834379e+00	2.770261082829197807e+00	4.765674928032922336e-02	1.720298118315208985e-02	4.619745427864251752e+01	2.607697856499388323e+01	-2.904307759825201507e-01	4.058827006401636850e-01	4.990899741697497616e-01	-1.665767115030786982e+01	-2.904307759825189850e-01	4.058827006401646287e-01	4.990899741697499281e-01	-1.665767115030786982e+01
7.201565557729941406e+11	1.663984838620894191e+00	1.395418989737992263e-02	4.212313718551668806e+00	2.768650823744511325e+00	4.643912084895408798e-02	1.677319525116087798e-02	4.359474263783370418e+01	2.568246121293579876e+01	-1.900224160570101739e-01	4.672351188535036060e-01	5.043978339507328990e-01	-1.689249460190112018e+01	-1.900224160570080090e-01	4.672351188535044941e-01	5.043978339507328990e-01	-1.689249460190112373e+01
7.264187866927592773e+11	1.663515982636837087e+00	1.474775466808974506e-02	4.490576847787517423e+00	2.767067928220451556e+00	4.906625119674862950e-02	1.773221780945000853e-02	4.662290445010823703e+01	2.613934709109184951e+01	-7.292763521060764698e-02	4.786860335779315467e-01	4.842094161826926424e-01	-1.712757252630772697e+01	-7.292763521060888210e-02	4.786860335779313802e-01	4.842094161826926424e-01	-1.712757252630772342e+01
7.326810176125244141e+11	1.663489999518815488e+00	1.359712341515546992e-02	4.175910099956978705e+00	2.767014096733941830e+00	4.523735764666849540e-02	1.634879912612827862e-02	4.515008939882476824e+01	2.592095968909378101e+01	5.255282062308817836e-02	5.043917371372648173e-01	5.071220991514668874e-01	-1.738257549957181780e+01	5.255282062308532648e-02	5.043917371372652614e-01	5.071220991514669985e-01	-1.738257549957181425e+01
7.389432485322896729e+11	1.663683164670219927e+00	1.443382532316288443e-02	4.470763450176105991e+00	2.767633337093658774e+00	4.802662438387357569e-02	1.735295775642997293e-02	4.544096983620890740e+01	2.596465025282552830e+01	1.749057064239178672e-01	4.529962638385933160e-01	4.855899722928533890e-01	-1.764723347815395371e+01	1.749057064239188664e-01	4.529962638385928164e-01	4.855899722928533890e-01	-1.764723347815395726e+01
7.452054794520548096e+11	1.663932342822786126e+00	1.399451764837192705e-02	4.371426038489770072e+00	2.768474994967515368e+00	4.657186107466065872e-02	1.682220759057537554e-02	4.276334935156615558e+01	2.555146043590669436e+01	2.926755250022776145e-01	3.963554833624294282e-01	4.927033916331649555e-01	-1.791480610895605352e+01	2.926755250022758381e-01	3.963554833624307605e-01	4.927033916331649555e-01	-1.791480610895604997e+01
7.514677103718199463e+11	1.663367593687691492e+00	1.524249081763614545e-02	4.801262240656822833e+00	2.766559418204055376e+00	5.070773054627633614e-02	1.832880588525145557e-02	3.650847563760552816e+01	2.447558895725085293e+01	3.523202692822527404e-01	2.997336071501318089e-01	4.625687056020419963e-01	-1.814463131719080735e+01	3.523202692822529070e-01	2.997336071501318089e-01	4.625687056020421628e-01	-1.814463131719080735e+01
7.577299412915850830e+11	1.663518414596886430e+00	1.419478793515393904e-02	4.508504612343249285e+00	2.767092023698414671e+00	4.722658224285258138e-02	1.706722502843649805e-02	3.360194807228815250e+01	2.391117490648969834e+01	4.365254202128665550e-01	2.064580307925640290e-01	4.828864887018097241e-01	-1.840777528934878049e+01	4.365254202128679983e-01	2.064580307925609759e-01	4.828864887018097796e-01	-1.840777528934878760e+01
7.639921722113503418e+11	1.662797577304232943e+00	1.475640582566623872e-02	4.725618526657138219e+00	2.764678031575934725e+00	4.907383171327178023e-02	1.775028815391515441e-02	4.232959954917552636e+01	2.548210085569881400e+01	4.565085063205776006e-01	1.019852331622145142e-01	4.677616958732257468e-01	-1.862976233082086708e+01	4.565085063205774896e-01	1.019852331622147085e-01	4.677616958732256358e-01	-1.862976233082086708e+01
7.702544031311154785e+11	1.663716477383110126e+00	1.401035072387431073e-02	4.523476702826183526e+00	2.767756227188658880e+00	4.661850270645215288e-02	1.684342798997322602e-02	3.854701624200397703e+01	2.484524745603438944e+01	4.802630848990003809e-01	-3.833430940575233148e-02	4.817905665269094362e-01	-1.892920644929099439e+01	4.802630848990006585e-01	-3.833430940574857754e-02	4.817905665269093807e-01	-1.892920644929098728e+01
7.765166340508806152e+11	1.663153737274132071e+00	1.511652197897988062e-02	4.920302503351424050e+00	2.765851844572171814e+00	5.028220004785389358e-02	1.817964333358269846e-02	3.992083174846157334e+01	2.508350026607145367e+01	4.330457809551598869e-01	-1.380666091379814664e-01	4.545228673696455890e-01	-1.915819429833111442e+01	4.330457809551601089e-01	-1.380666091379813831e-01	4.545228673696458110e-01	-1.915819429833111087e+01
7.827788649706457520e+11	1.663449698458248749e+00	1.479645468781452464e-02	4.854962958902495629e+00	2.766845964229510013e+00	4.922631617739242627e-02	1.779149139988376455e-02	3.631541479065592171e+01	2.443951628406224685e+01	3.841309034708625947e-01	-2.510240096320621173e-01	4.588786380003962995e-01	-1.942837756683948314e+01	3.841309034708603742e-01	-2.510240096320657255e-01	4.588786380003964660e-01	-1.942837756683949380e+01
7.890410958904110107e+11	1.662452541086768099e+00	1.518193758222940656e-02	5.021297880507089140e+00	2.763517960137101603e+00	5.047850142439596483e-02	1.826602980423245107e-02	3.655993590795400650e+01	2.448517191223387712e+01	3.164066596715084945e-01	-3.169548746126215621e-01	4.478544036014209806e-01	-1.963581964871697139e+01	3.164066596715085500e-01	-3.169548746126212291e-01	4.478544036014207586e-01	-1.963581964871697139e+01
7.953033268101761475e+11	1.663143641946130291e+00	1.450216719369631403e-02	4.834536773251839392e+00	2.765836460892523885e+00	4.823837432527156022e-02	1.744079051937338226e-02	3.350012720341232608e+01	2.389052784937644702e+01	2.186281934859199416e-01	-4.050199447621553595e-01	4.602601901555860575e-01	-1.992537685137918047e+01	2.186281934859202747e-01	-4.050199447621551374e-01	4.602601901555860020e-01	-1.992537685137918047e+01
8.015655577299412842e+11	1.662710173682653059e+00	1.482567225486782631e-02	4.981298922249822958e+00	2.764385321109989579e+00	4.930159217970674773e-02	1.783455866417007693e-02	3.268924477080584268e+01	2.372382295955485887e+01	1.160538550436607114e-01	-4.352516651296088335e-01	4.504581104482326404e-01	-2.015977829003927013e+01	1.160538550436588101e-01	-4.352516651296095551e-01	4.504581104482328624e-01	-2.015977829003927368e+01
8.078277886497064209e+11	1.663529371883105012e+00	1.500458578412899001e-02	5.080798369882011833e+00	2.767104833523244434e+00	4.992113832967653292e-02	1.804092773243937131e-02	3.208125675739888294e+01	2.359609455359632335e+01	-1.591343507689104222e-02	-4.435678679971695737e-01	4.438532313000558283e-01	-2.045621285540172352e+01	-1.591343507689092079e-02	-4.435678679971694072e-01	4.438532313000556617e-01	-2.045621285540172352e+01
8.140900195694715576e+11	1.662424810158182664e+00	1.546075541772512323e-02	5.275848323908532755e+00	2.763417214471382888e+00	5.140468678042756090e-02	1.860185516368393147e-02	2.985164436986297432e+01	2.310603072482864917e+01	-1.010278589185337195e-01	-4.193751025187882897e-01	4.313723506326145873e-01	-2.065674893253780908e+01	-1.010278589185339693e-01	-4.193751025187880677e-01	4.313723506326144208e-01	-2.065674893253780908e+01
8.203522504892368164e+11	1.662884399036003380e+00	1.512925558842641988e-02	5.202440173989574035e+00	2.764955630182670099e+00	5.031640617404512655e-02	1.819790727373115508e-02	3.004377766994418053e+01	2.314967903968481977e+01	-2.148479778382597627e-01	-3.794029190669850893e-01	4.360117298625561522e-01	-2.093560791128984988e+01	-2.148479778382589855e-01	-3.794029190669855889e-01	4.360117298625561522e-01	-2.093560791128984633e+01
8.266144814090019531e+11	1.662294582826005174e+00	1.507662126929040433e-02	5.223916130983695005e+00	2.762995975583784958e+00	5.012357172652153608e-02	1.814102234294100863e-02	2.958525451093412784e+01	2.304504594886213198e+01	-2.934060787002314430e-01	-3.206996809403114823e-01	4.346670132106461582e-01	-2.116133517548252385e+01	-2.934060787002325532e-01	-3.206996809403105941e-01	4.346670132106462137e-01	-2.116133517548252740e+01
8.328767123287670898e+11	1.663194428680059067e+00	1.506435969726412603e-02	5.259210540954395441e+00	2.765988772659299766e+00	5.010991824024423058e-02	1.811645757045757602e-02	2.911240638166310646e+01	2.293543163902195658e+01	-3.734466914050417197e-01	-2.178604444724876466e-01	4.323489384595761709e-01	-2.146304107955534946e+01	-3.734466914050419417e-01	-2.178604444724870359e-01	4.323489384595760043e-01	-2.146304107955534946e+01
8.391389432485322266e+11	1.662637931627374499e+00	1.554410804427130109e-02	5.467500657653883600e+00	2.764123272391261654e+00	5.168844729543933814e-02	1.869976198663647615e-02	2.914946994292515470e+01	2.294408768823364042e+01	-4.004768150924579717e-01	-1.243535909897194452e-01	4.193393554373798793e-01	-2.169007419003229131e+01	-4.004768150924583603e-01	-1.243535909897180020e-01	4.193393554373798238e-01	-2.169007419003229487e+01
8.454011741682974854e+11	1.662858235983053268e+00	1.565966705139676396e-02	5.549253080845077513e+00	2.764852287804511199e+00	5.207961265833512682e-02	1.883630922637463331e-02	2.909605004373063863e+01	2.293160817522507244e+01	-4.140685169556859169e-01	-1.406521771749938247e-02	4.143073340930881754e-01	-2.195719329676905218e+01	-4.140685169556855283e-01	-1.406521771750110332e-02	4.143073340930878978e-01	-2.195719329676904863e+01
8.516634050880626221e+11	1.662077397455057559e+00	1.568894872176066976e-02	5.600811949124875788e+00	2.762255132018983428e+00	5.215249412053965528e-02	1.888040446228456473e-02	2.935606163650457745e+01	2.299213562133993705e+01	-4.045150851752494225e-01	7.395047666208472148e-02	4.112190743787170755e-01	-2.217196455609240857e+01	-4.045150851752492560e-01	7.395047666208638681e-02	4.112190743787171865e-01	-2.217196455609241212e+01
8.579256360078277588e+11	1.662600989680383945e+00	1.539413786239728771e-02	5.535975736662702040e+00	2.764005071405665426e+00	5.118861769059600275e-02	1.851972639998213446e-02	2.902806060393925236e+01	2.291569186780240130e+01	-3.712269663915332418e-01	1.857688116758959007e-01	4.151138542228324790e-01	-2.245513086344045561e+01	-3.712269663915331863e-01	1.857688116758955399e-01	4.151138542228322570e-01	-2.245513086344045206e+01
8.641878669275928955e+11	1.662237295627035483e+00	1.558211070735199440e-02	5.644475746361496071e+00	2.762790024799384625e+00	5.180233112469970203e-02	1.875000657296105669e-02	2.920952396210056534e+01	2.295808973147093468e+01	-3.124210659378788835e-01	2.632754532594492325e-01	4.085595265450664981e-01	-2.269138598725835720e+01	-3.124210659378769406e-01	2.632754532594515640e-01	4.085595265450665536e-01	-2.269138598725836431e+01
8.704500978473581543e+11	1.662845310771422280e+00	1.583569632591608559e-02	5.777902438975570654e+00	2.764803758276380918e+00	5.266462675669960486e-02	1.904823320608168766e-02	2.767244559200920406e+01	2.259031312131422808e+01	-2.203580332433696110e-01	3.345229115606053738e-01	4.005786329472287299e-01	-2.297946173777850731e+01	-2.203580332433712208e-01	3.345229115606042081e-01	4.005786329472286189e-01	-2.297946173777850021e+01
8.767123287671232910e+11	1.661829040477033947e+00	1.615285116051549605e-02	5.936021513660116433e+00	2.761414845172205368e+00	5.368655429009562552e-02	1.944168381073060545e-02	2.805330706981263589e+01	2.268331138634014721e+01	-1.458000414838423187e-01	3.632603793441103734e-01	3.914278417510909103e-01	-2.318026226158282910e+01	-1.458000414838418468e-01	3.632603793441104290e-01	3.914278417510907992e-01	-2.318026226158282910e+01
8.829745596868884277e+11	1.662279086724863575e+00	1.581683117040519684e-02	5.854055438137227618e+00	2.762921590014573159e+00	5.258397534564501069e-02	1.903201869198454382e-02	2.601594561036433362e+01	2.217035508889129503e+01	-4.025646854262332486e-02	3.940846434140963250e-01	3.961354432947633564e-01	-2.346014617909896316e+01	-4.025646854262152075e-02	3.940846434140965471e-01	3.961354432947634119e-01	-2.346014617909896671e+01
8.892367906066535645e+11	1.661613234354637703e+00	1.578644048861786719e-02	5.884245723881561752e+00	2.760709328879179303e+00	5.246191687847868296e-02	1.900305705120274372e-02	2.633957583466056107e+01	2.225446537209758802e+01	4.613902507957051702e-02	3.917042214732988081e-01	3.944122294697469666e-01	-2.367919509932139732e+01	4.613902507957003130e-02	3.917042214732989192e-01	3.944122294697470221e-01	-2.367919509932139732e+01
8.954990215264188232e+11	1.662537732657909606e+00	1.579414348560578135e-02	5.928575512851710805e+00	2.763782257542859000e+00	5.251671899966545848e-02	1.900175705098977597e-02	2.453605773842715010e+01	2.177190720156407266e+01	1.610137510484907220e-01	3.571705165489282296e-01	3.917859184791274707e-01	-2.398546689304339452e+01	1.610137510484883350e-01	3.571705165489291178e-01	3.917859184791273597e-01	-2.398546689304338742e+01
9.017612524461839600e+11	1.661676636757209780e+00	1.603157573532637548e-02	6.059781185935307235e+00	2.760912233724194920e+00	5.327858969959124724e-02	1.929745866195961904e-02	2.436813709614399670e+01	2.172518571425561618e+01	2.268281176653754450e-01	3.102730708355625477e-01	3.843440821052763745e-01	-2.419321357151502383e+01	2.268281176653740572e-01	3.102730708355637135e-01	3.843440821052765410e-01	-2.419321357151502028e+01
9.080234833659490967e+11	1.662265084033193174e+00	1.624288113239276410e-02	6.182289066713862802e+00	2.762861378408397961e+00	5.399994834095605406e-02	1.954493582738624918e-02	2.242021549998745655e+01	2.115837010273750707e+01	3.001671763262874770e-01	2.288280252212513410e-01	3.774421795061518869e-01	-2.448139217672080292e+01	3.001671763262856452e-01	2.288280252212536447e-01	3.774421795061518869e-01	-2.448139217672079226e+01
9.142857142857142334e+11	1.661170197061561327e+00	1.589180119234758978e-02	6.090377585157026985e+00	2.759233874260409447e+00	5.279797303671040359e-02	1.913501190647077035e-02	2.218334215746927285e+01	2.108610847334875871e+01	3.432887965076007464e-01	1.689936695537537781e-01	3.826304459356053567e-01	-2.467528993530599379e+01	3.432887965076009129e-01	1.689936695537534450e-01	3.826304459356054122e-01	-2.467528993530599379e+01
9.205479452054794922e+11	1.662250863031363490e+00	1.597691241945492155e-02	6.164933957873311776e+00	2.762822669918053808e+00	5.311527291563090947e-02	1.922500256493346604e-02	1.991285917148934814e+01	2.035150330007805053e+01	3.746290587018258900e-01	5.320555263500763299e-02	3.783883751583981270e-01	-2.499166275029531192e+01	3.746290587018256124e-01	5.320555263500870852e-02	3.783883751583980160e-01	-2.499166275029530837e+01
9.268101761252446289e+11	1.661491902431708079e+00	1.569480997612225301e-02	6.097278278039477861e+00	2.760309014785949699e+00	5.215359937106302940e-02	1.889411623542711083e-02	1.985073651600885469e+01	2.033024533473422579e+01	3.812380424904195375e-01	-2.716715209138413981e-02	3.822047869855679236e-01	-2.520388131290059519e+01	3.812380424904198151e-01	-2.716715209138018811e-02	3.822047869855678681e-01	-2.520388131290058453e+01
9.330724070450097656e+11	1.662392743182623311e+00	1.646566289589481910e-02	6.439968268538056151e+00	2.763278514531645857e+00	5.474479701965385275e-02	1.981153790027302686e-02	1.932757194584329952e+01	2.014853675317510096e+01	3.377149062940097979e-01	-1.341161359406491671e-01	3.633710168035179655e-01	-2.551076952626225847e+01	3.377149062940109636e-01	-1.341161359406456421e-01	3.633710168035176880e-01	-2.551076952626224781e+01
9.393346379647749023e+11	1.661305938390215120e+00	1.598426539123763701e-02	6.293644095457682219e+00	2.759681924190495739e+00	5.310951003053656500e-02	1.924479396157776842e-02	1.899409716345102339e+01	2.003012725984920195e+01	3.124622410844876130e-01	-2.006195471924727691e-01	3.713231137691986872e-01	-2.570351455288670195e+01	3.124622410844856701e-01	-2.006195471924756835e-01	3.713231137691985762e-01	-2.570351455288671261e+01
9.455968688845401611e+11	1.661974723689323863e+00	1.649111408773814083e-02	6.536498754693647051e+00	2.761888025338349539e+00	5.481562955859542452e-02	1.984715855809546931e-02	1.826914287460536457e+01	1.976537371110897467e+01	2.324324840778066170e-01	-2.726223656357238956e-01	3.582566313404375036e-01	-2.599754734546442947e+01	2.324324840778045353e-01	-2.726223656357258385e-01	3.582566313404376701e-01	-2.599754734546443657e+01
9.518590998043052979e+11	1.661439028592946565e+00	1.572310718814957237e-02	6.273359882701138091e+00	2.760132429632224049e+00	5.224596786628400019e-02	1.892879026577922244e-02	1.851900636467336980e+01	1.985779212683767270e+01	1.725902827906927173e-01	-3.299974015872944033e-01	3.724052775782552560e-01	-2.622165579664369162e+01	1.725902827906971859e-01	-3.299974015872920163e-01	3.724052775782552560e-01	-2.622165579664367741e+01
9.581213307240704346e+11	1.662277742504675304e+00	1.674722013773194407e-02	6.725930868040079780e+00	2.762886823844098227e+00	5.567706256755578648e-02	2.015177099802097430e-02	1.761517732836178851e+01	1.951737169532871263e+01	6.145588444922428506e-02	-3.429218806179857859e-01	3.483851919069070879e-01	-2.652620751632700902e+01	6.145588444922429894e-02	-3.429218806179858969e-01	3.483851919069071990e-01	-2.652620751632700902e+01
9.643835616438355713e+11	1.661524228208249632e+00	1.626685347456283820e-02	6.575707925957774869e+00	2.760398150401056849e+00	5.405554232939940862e-02	1.958251650094233742e-02	1.786165353603216133e+01	1.961190702702507238e+01	-1.192887954944230229e-02	-3.559952283578500798e-01	3.561950319429833534e-01	-2.673703356033326273e+01	-1.192887954944074624e-02	-3.559952283578500798e-01	3.561950319429832978e-01	-2.673703356033325562e+01
9.706457925636008301e+11	1.661759887991986151e+00	1.719388885777281897e-02	6.995585236710218702e+00	2.761150295525085063e+00	5.714422964487844009e-02	2.069580556244635106e-02	1.752898561064335681e+01	1.948400062150185974e+01	-9.981348041140815364e-02	-3.196343493807348168e-01	3.348564590625126569e-01	-2.700621647063423936e+01	-9.981348041140737648e-02	-3.196343493807350944e-01	3.348564590625126569e-01	-2.700621647063423580e+01
9.769080234833659668e+11	1.661104425992563360e+00	1.617046766365318536e-02	6.621637746545864900e+00	2.759006430027621803e+00	5.372167081292786306e-02	1.947138296897337265e-02	1.697511716545112037e+01	1.926556162640164160e+01	-1.754009286246770716e-01	-3.072636390575406162e-01	3.538028118165281732e-01	-2.722224613145651517e+01	-1.754009286246751564e-01	-3.072636390575416709e-01	3.538028118165281732e-01	-2.722224613145650807e+01
9.831702544031311035e+11	1.661646663281003855e+00	1.706931286509250079e-02	7.034511280145368417e+00	2.760778272151207080e+00	5.672633353356092839e-02	2.054722543486246430e-02	1.734983879018422925e+01	1.941411174417571317e+01	-2.403319198344500696e-01	-2.304036432354782393e-01	3.329343336267590048e-01	-2.751002357723278280e+01	-2.403319198344479879e-01	-2.304036432354803487e-01	3.329343336267590048e-01	-2.751002357723277569e+01
9.894324853228962402e+11	1.661069713150848726e+00	1.614417140192625499e-02	6.695624441574163477e+00	2.758891957676787854e+00	5.363318831931156161e-02	1.944011912828767785e-02	1.385693397512497071e+01	1.788472126662177786e+01	-2.994304984699669436e-01	-1.811436906099572197e-01	3.499595120321332131e-01	-2.773027477375300265e+01	-2.994304984699666661e-01	-1.811436906099577193e-01	3.499595120321332131e-01	-2.773027477375299910e+01
9.956947162426614990e+11	1.661428561513088820e+00	1.760381615221424598e-02	7.347205512698693930e+00	2.760034970668330701e+00	5.849496589382838924e-02	2.119355968872527890e-02	1.536051363805108672e+01	1.858557109322520162e+01	-3.066879202434053542e-01	-8.395882916454575073e-02	3.179725859534225929e-01	-2.800712102411356241e+01	-3.066879202434053542e-01	-8.395882916454552869e-02	3.179725859534225929e-01	-2.800712102411356241e+01
1.001956947162426636e+12	1.660674843134632539e+00	1.637004013459239862e-02	6.875241631358189665e+00	2.757572956406228570e+00	5.437062766524373980e-02	1.971684105000128667e-02	1.499981014721827499e+01	1.842390410021427982e+01	-3.402635470229054548e-01	-1.987884576735490447e-02	3.408437324370968691e-01	-2.821597830513128002e+01	-3.402635470229051218e-01	-1.987884576735753431e-02	3.408437324370967025e-01	-2.821597830513127292e+01
1.008219178082191772e+12	1.661084089623815707e+00	1.748235242068994083e-02	7.388290890843903114e+00	2.758894720155219193e+00	5.807931491040892180e-02	2.105166046609466268e-02	1.501130783024869508e+01	1.842911706940097361e+01	-3.083154914960485882e-01	6.952797377019542813e-02	3.160578767141217771e-01	-2.849613291694353023e+01	-3.083154914960491988e-01	6.952797377019254155e-02	3.160578767141217216e-01	-2.849613291694352313e+01
1.014481409001956909e+12	1.660617523960688402e+00	1.603715683249379992e-02	6.819627135260763140e+00	2.757393370486057371e+00	5.326316734109018403e-02	1.931649213028363218e-02	1.369347137953314508e+01	1.780398800974323237e+01	-3.097266900200655870e-01	1.488220935438081538e-01	3.436257237715881208e-01	-2.872225600303453419e+01	-3.097266900200660866e-01	1.488220935438072379e-01	3.436257237715881763e-01	-2.872225600303453419e+01
1.020743639921722046e+12	1.661247645147419849e+00	1.761251583673301840e-02	7.535763154154600407e+00	2.759433537793748226e+00	5.851750091778873397e-02	2.120634547501197217e-02	1.330363436071980310e+01	1.760749231624610900e+01	-2.279188181874952368e-01	2.090272113599520309e-01	3.092561442767186031e-01	-2.901652339454708240e+01	-2.279188181874952646e-01	2.090272113599518644e-01	3.092561442767184365e-01	-2.901652339454708240e+01
1.027005870841487305e+12	1.660668645398492238e+00	1.615202321070129468e-02	6.953268778405070627e+00	2.757559461955864322e+00	5.364631701152065141e-02	1.945427387936386754e-02	1.210827531855410299e+01	1.696696349604860643e+01	-1.929811356770643194e-01	2.761771275862502373e-01	3.369206501967509926e-01	-2.923523790294416713e+01	-1.929811356770642083e-01	2.761771275862502928e-01	3.369206501967509926e-01	-2.923523790294416713e+01
1.033268101761252441e+12	1.660682007764590962e+00	1.776434431574130252e-02	7.693985539748621427e+00	2.757549158984064608e+00	5.900185396977353225e-02	2.139648309715391425e-02	1.237837958045371778e+01	1.711706207150964332e+01	-1.048532379160077577e-01	2.833804627137165300e-01	3.021567277909115723e-01	-2.949074263357222492e+01	-1.048532379160066613e-01	2.833804627137170296e-01	3.021567277909116278e-01	-2.949074263357222847e+01
1.039530332681017578e+12	1.660550413996592090e+00	1.559047804410465185e-02	6.793377668965821847e+00	2.757184614418609847e+00	5.177754954108551577e-02	1.877913770094191692e-02	1.024338493982063625e+01	1.582904463392608463e+01	-3.703278070461230725e-02	3.429257620999228151e-01	3.449195633166213804e-01	-2.973755642721591030e+01	-3.703278070461109295e-02	3.429257620999228706e-01	3.449195633166212693e-01	-2.973755642721591386e+01
1.045792563600782715e+12	1.660654076786090894e+00	1.751769991360172668e-02	7.679125986334876863e+00	2.757465092936000950e+00	5.818167955487611731e-02	2.109969758236445586e-02	1.111275051958141979e+01	1.638325777821033569e+01	4.634719520550778515e-02	2.992337588685829441e-01	3.028017584989206590e-01	-2.999879542741178184e+01	4.634719520550811822e-02	2.992337588685827221e-01	3.028017584989204924e-01	-2.999879542741178540e+01
1.052054794520547974e+12	1.661324569124448702e+00	1.562074903054407916e-02	6.888574757485912414e+00	2.759755316176259576e+00	5.190226830513958167e-02	1.880683696881216282e-02	9.499015600090627842e+00	1.531576808650114963e+01	1.486255661558110730e-01	3.058696073552019112e-01	3.400673104236289213e-01	-3.029744364508032461e+01	1.486255661558120444e-01	3.058696073552015782e-01	3.400673104236289768e-01	-3.029744364508032817e+01
1.058317025440313110e+12	1.660486147942858093e+00	1.800185561555363301e-02	7.985869666367023889e+00	2.756890180704508087e+00	5.978366377378831892e-02	2.168518143820691996e-02	1.023741050584350099e+01	1.582507539778228534e+01	1.757279282552602073e-01	2.299946521455922821e-01	2.894440270319252884e-01	-3.049756425643505864e+01	1.757279282552622612e-01	2.299946521455907555e-01	2.894440270319252884e-01	-3.049756425643506574e+01
1.064579256360078247e+12	1.661451805258355563e+00	1.586141527603162835e-02	7.077976174784465613e+00	2.760170516701690335e+00	5.270595408863041481e-02	1.909518044979780296e-02	8.981763664682608450e+00	1.493483186866318668e+01	2.729684284047879106e-01	1.866933420403750765e-01	3.307055591730872490e-01	-3.081606231928497053e+01	2.729684284047891873e-01	1.866933420403729671e-01	3.307055591730870825e-01	-3.081606231928497763e+01
1.070841487279843384e+12	1.660312132250644002e+00	1.784661441915504423e-02	8.010694883609801309e+00	2.756317874852454164e+00	5.926190087944480100e-02	2.150038695468572958e-02	9.687952567700104822e+00	1.544976092971454840e+01	2.632992281804684143e-01	1.176313938160524902e-01	2.883810471781000917e-01	-3.099577079697376547e+01	2.632992281804699131e-01	1.176313938160490763e-01	2.883810471781000917e-01	-3.099577079697377613e+01
1.077103718199608643e+12	1.661834715804502816e+00	1.620821671139043366e-02	7.317823340206906835e+00	2.761431916364069039e+00	5.387075442454263008e-02	1.950826819423212219e-02	9.067039094781915054e+00	1.499912072946612440e+01	3.185574294597041667e-01	2.044719250160114549e-02	3.192129752143103016e-01	-3.135182763454851695e+01	3.185574294597038891e-01	2.044719250160491331e-02	3.192129752143103572e-01	-3.135182763454850274e+01
1.083365949119373779e+12	1.660472124920647552e+00	1.825336086809562983e-02	8.289096244986556172e+00	2.756834492455509711e+00	6.061839381518029091e-02	2.198840517306047820e-02	9.624481253056242025e+00	1.540504121464811149e+01	2.754133156747413658e-01	-2.763055607768418603e-02	2.767958491020354739e-01	-3.151591593636182154e+01	2.754133156747413103e-01	-2.763055607768597280e-02	2.767958491020355294e-01	-3.151591593636182864e+01
1.089628180039138916e+12	1.661507434368147296e+00	1.695530221051709877e-02	7.744136914468769284e+00	2.760319472187573009e+00	5.634272134946568394e-02	2.041166680783281645e-02	8.423064444596066735e+00	1.449789917563316166e+01	2.732093044053263697e-01	-1.234914990177002903e-01	2.998224046719673574e-01	-3.184044513364237261e+01	2.732093044053263697e-01	-1.234914990177002625e-01	2.998224046719673574e-01	-3.184044513364237261e+01
1.095890410958904053e+12	1.659865996945224520e+00	1.928037983700081268e-02	8.856698762239062717e+00	2.754783394768305360e+00	6.400569379925191704e-02	2.323438348031540979e-02	5.918190998531292379e+00	1.209668216230278048e+01	2.145875001728378972e-01	-1.371078876458177165e-01	2.546495004611748492e-01	-3.198448522866612009e+01	2.145875001728397569e-01	-1.371078876458150519e-01	2.546495004611749602e-01	-3.198448522866610588e+01
1.102152641878669189e+12	1.664714515744006196e+00	1.872514652242759578e-02	8.650797215667909157e+00	2.770923787816514494e+00	6.234404645063723605e-02	2.249937249258100042e-02	2.041707668245564378e+00	4.856186345321105158e+00	1.065423162201595969e-01	-2.396540106633766876e-01	2.622695368749454192e-01	-3.256839601756901459e+01	1.065423162201604018e-01	-2.396540106633765488e-01	2.622695368749455858e-01	-3.256839601756901459e+01
1.108414872798434326e+12	1.659755301316778509e+00	1.765724799456487581e-02	8.203789764392571016e+00	2.754475881842408658e+00	5.861342193128821904e-02	2.127933750216138425e-02	7.184386404599689691e+00	1.341572348460893060e+01	1.344654110412627779e-01	-2.459257568026963214e-01	2.802863261478780732e-01	-3.248636104876111830e+01	1.344654110412624171e-01	-2.459257568026966823e-01	2.802863261478782397e-01	-3.248636104876112540e+01
1.114677103718199707e+12	1.661771344041746312e+00	1.818516924741893706e-02	8.496803777901488886e+00	2.761153299497754343e+00	6.043918628382000113e-02	2.188910926996110937e-02	5.740286934751555492e+00	1.188903083794101256e+01	2.877954481690895780e-02	-2.668320824580840411e-01	2.683796237212993652e-01	-3.287928180995530880e+01	2.877954481690830207e-02	-2.668320824580842077e-01	2.683796237212994762e-01	-3.287928180995530880e+01
1.120939334637964844e+12	1.659575894464880186e+00	1.780466151026432325e-02	8.365752114215792901e+00	2.753875143517412027e+00	5.909637410308267447e-02	2.145935128620293786e-02	7.050479555847298130e+00	1.328772076481802955e+01	1.005906354670047442e-03	-2.736821294189392129e-01	2.736839779944733042e-01	-3.298304742422975977e+01	1.005906354667487424e-03	-2.736821294189392129e-01	2.736839779944733042e-01	-3.298304742422976688e+01
1.127201565557729980e+12	1.660961822501506369e+00	1.834589503460505588e-02	8.668214482253796760e+00	2.758457603942904512e+00	6.094366250419790132e-02	2.209338378704309158e-02	8.094872848017420353e+00	1.422751219195589378e+01	-8.899767650006693009e-02	-2.461229039691568143e-01	2.617194495650282393e-01	-3.333369283745250300e+01	-8.899767650006579212e-02	-2.461229039691570919e-01	2.617194495650281283e-01	-3.333369283745250300e+01
1.133463796477495117e+12	1.659483194904804337e+00	1.820611018068970036e-02	8.649957643304233557e+00	2.753553011723545385e+00	6.042546777887965875e-02	2.194454492853843350e-02	7.864006742203788924e+00	1.403065782355293578e+01	-1.255490162401445009e-01	-2.305004168098579997e-01	2.624747561735915613e-01	-3.348547261199065161e+01	-1.255490162401437515e-01	-2.305004168098584993e-01	2.624747561735916723e-01	-3.348547261199064451e+01
1.139726027397260254e+12	1.660935185369716072e+00	1.823903474105001768e-02	8.713476772366639977e+00	2.758373027610847572e+00	6.058770909718120407e-02	2.196501651180187906e-02	7.271062709563832271e+00	1.349731236686804969e+01	-1.961902200317674205e-01	-1.705679828632560013e-01	2.599693043690990968e-01	-3.384186909042708180e+01	-1.961902200317686418e-01	-1.705679828632545303e-01	2.599693043690990968e-01	-3.384186909042708891e+01
1.145988258317025391e+12	1.659497425811653271e+00	1.891717222572725232e-02	9.087105010324330934e+00	2.753573846870485564e+00	6.278599722446015496e-02	2.280163914827205984e-02	7.218612206481998861e+00	1.344805741579299330e+01	-2.082341751218325931e-01	-1.312096257331085702e-01	2.461248414396491890e-01	-3.399525648927295407e+01	-2.082341751218318437e-01	-1.312096257331095972e-01	2.461248414396491335e-01	-3.399525648927294696e+01
1.152250489236790527e+12	1.660617975471608165e+00	1.828099072885743664e-02	8.829493490019455493e+00	2.757317865837393800e+00	6.071548362754095041e-02	2.201976216808131451e-02	5.326215605166362721e+00	1.137967117871426836e+01	-2.489469611348903710e-01	-5.780785794952813389e-02	2.555706123540213426e-01	-3.432935329434403116e+01	-2.489469611348908984e-01	-5.780785794952599671e-02	2.555706123540213426e-01	-3.432935329434403826e+01
1.158512720156555664e+12	1.658567206860031451e+00	1.933210523087387431e-02	9.387914338586325513e+00	2.750471449378828925e+00	6.412719155098936530e-02	2.331498171539717751e-02	4.228221311938663796e+00	9.809037731703416085e+00	-2.338106755233420597e-01	-2.815060515895120505e-02	2.354992326091461252e-01	-3.443769680428523117e+01	-2.338106755233421152e-01	-2.815060515894996646e-02	2.354992326091460697e-01	-3.443769680428523827e+01
1.164774951076321045e+12	1.661119399042711997e+00	1.477161301851149210e-02	7.212056246924997360e+00	2.759099457324851734e+00	4.907482588040262134e-02	1.778653746972363309e-02	1.253141641780164850e+00	1.535215917598315993e+00	-3.078503486223263530e-01	1.013785587032089014e-01	3.241133278833621678e-01	-3.487564544009673995e+01	-3.078503486223272967e-01	1.013785587032054875e-01	3.241133278833620568e-01	-3.487564544009672574e+01
1.171037181996086182e+12	1.658852848998606300e+00	1.712472399588185756e-02	8.405884655724774390e+00	2.751499518458857541e+00	5.681479437776683350e-02	2.064866593528948482e-02	3.074944118961411288e+00	7.642186130543113798e+00	-2.495664153920194306e-01	1.082647535325387544e-01	2.720379615955893504e-01	-3.496682942803357719e+01	-2.495664153920189310e-01	1.082647535325400173e-01	2.720379615955894059e-01	-3.496682942803357719e+01
1.177299412915851318e+12	1.661857229440636408e+00	1.987287394516114650e-02	9.807013346454523273e+00	2.761374519925267723e+00	6.605175847105702880e-02	2.391988409918572450e-02	4.158223172075468987e+00	9.695464577564401054e+00	-1.408279990097375534e-01	1.707033493063259966e-01	2.212965403468481473e-01	-3.543852336375860546e+01	-1.408279990097354994e-01	1.707033493063276897e-01	2.212965403468481473e-01	-3.543852336375861967e+01
1.183561643835616455e+12	1.659048833293300218e+00	1.892094995814465330e-02	9.386917059244778372e+00	2.752085028904541986e+00	6.278155990572160949e-02	2.281236198966991868e-02	4.867690428860095508e+00	1.076721828770090816e+01	-1.404559597178596242e-01	1.890134332011463580e-01	2.354866334863811861e-01	-3.548924478871295918e+01	-1.404559597178602071e-01	1.890134332011459417e-01	2.354866334863811861e-01	-3.548924478871295918e+01
1.189823874755381592e+12	1.661289661598739809e+00	2.166195072213340442e-02	1.080362257719824903e+01	2.759414099625767225e+00	7.197354956948316673e-02	2.608290998413186415e-02	4.899355270080547164e+00	1.081133189730186928e+01	-4.189214374154325016e-02	1.865003373478686111e-01	1.911473974139614729e-01	-3.590736055727874998e+01	-4.189214374154285464e-02	1.865003373478686111e-01	1.911473974139613896e-01	-3.590736055727874998e+01
1.196086105675146729e+12	1.657789553770242286e+00	1.983654976801228070e-02	9.945296670110304049e+00	2.747872715883040051e+00	6.576964997650856792e-02	2.393475127008319950e-02	5.293714284116938451e+00	1.133802859198878998e+01	-4.807875353195416313e-02	2.115660276398085016e-01	2.169602511808893797e-01	-3.590485884641021386e+01	-4.807875353195380924e-02	2.115660276398085016e-01	2.169602511808892964e-01	-3.590485884641021386e+01
1.202348336594911865e+12	1.660052920455294956e+00	2.213803881890983108e-02	1.115728720562594845e+01	2.755285605949406413e+00	7.350063198896790440e-02	2.667622980001062988e-02	4.820305108072546751e+00	1.070066487389264154e+01	3.563624477338783736e-02	1.779550928625884543e-01	1.814881732160013028e-01	-3.632595543331712662e+01	3.563624477338685897e-02	1.779550928625886208e-01	1.814881732160012751e-01	-3.632595543331711951e+01
1.208610567514677002e+12	1.656397046966334274e+00	1.924115031963808536e-02	9.747799344355989604e+00	2.743280955333169846e+00	6.374196913936772124e-02	2.323566932342381944e-02	3.780560476535373748e+00	9.047673387459049366e+00	4.010842128307252896e-02	2.197542793112483295e-01	2.233844863311384432e-01	-3.630884331671700949e+01	4.010842128307423593e-02	2.197542793112481352e-01	2.233844863311385542e-01	-3.630884331671701659e+01
1.214872798434442139e+12	1.657908639550156771e+00	2.322066109242974449e-02	1.182482028919886474e+01	2.748121857993482298e+00	7.699546928241091104e-02	2.801748730990717348e-02	3.887904610483287282e+00	9.238155947589905992e+00	8.550018530181684173e-02	1.406180230620278360e-01	1.645712918358424037e-01	-3.667461960079502603e+01	8.550018530181628662e-02	1.406180230620281968e-01	1.645712918358424315e-01	-3.667461960079501893e+01
1.221135029354207520e+12	1.656881664839541468e+00	1.879197232946017149e-02	9.618895685102220483e+00	2.744903713057419203e+00	6.227214879770912731e-02	2.268646018491742022e-02	5.198723237516983176e+00	1.121483868553196572e+01	1.507017609796212909e-01	1.705938626792346535e-01	2.276253209688686718e-01	-3.685188045724945027e+01	1.507017609796225677e-01	1.705938626792336266e-01	2.276253209688687273e-01	-3.685188045724945738e+01
1.227397260273972656e+12	1.657556230236558292e+00	2.238793708962614690e-02	1.151830007258906896e+01	2.746991436668900999e+00	7.421852921010788084e-02	2.701811451589666846e-02	4.470338035249061370e+00	1.018786970687089699e+01	1.473611433404635462e-01	8.900273651952336773e-02	1.721534015771176707e-01	-3.715577323182782976e+01	1.473611433404635740e-01	8.900273651952325671e-02	1.721534015771176429e-01	-3.715577323182782976e+01
1.233659491193737793e+12	1.656835928565860039e+00	1.760893811610703130e-02	9.105790049468035718e+00	2.744795219485118842e+00	5.835024266931791714e-02	2.125850491690360958e-02	3.646997975543463166e+00	8.802968716022141038e+00	2.310917459049755818e-01	8.269394009031041937e-02	2.454418113383896316e-01	-3.735546949117625815e+01	2.310917459049755540e-01	8.269394009031061366e-02	2.454418113383896594e-01	-3.735546949117625815e+01
1.239921722113502930e+12	1.656149093443762821e+00	2.137264303490044731e-02	1.110814811066362040e+01	2.742373029844300092e+00	7.079256677349506088e-02	2.581434618962627145e-02	5.096179322338623585e+00	1.107930133341979229e+01	1.810049864874820891e-01	2.611199717093473996e-02	1.828787618330474096e-01	-3.755583908043645636e+01	1.810049864874819225e-01	2.611199717093539222e-02	1.828787618330473541e-01	-3.755583908043645636e+01
1.246183953033268066e+12	1.656908295030023792e+00	1.784386341435110004e-02	9.320950593579766519e+00	2.745026694677750179e+00	5.913129061324220309e-02	2.154124429022496665e-02	4.962002498363093927e+00	1.089777452643939881e+01	2.344062989784006235e-01	-3.992948067145916241e-02	2.377828345937607613e-01	-3.786783538222697132e+01	2.344062989784006235e-01	-3.992948067145889873e-02	2.377828345937607057e-01	-3.786783538222697132e+01
1.252446183953033203e+12	1.656044986756804338e+00	2.095369189777330013e-02	1.100040788551576298e+01	2.742045940958197203e+00	6.940051284270828957e-02	2.530975568500378609e-02	5.008618410567660106e+00	1.096139137131326180e+01	1.741991041950486097e-01	-6.459135710378953454e-02	1.857885123328852917e-01	-3.805418681512708190e+01	1.741991041950478325e-01	-6.459135710379161621e-02	1.857885123328852639e-01	-3.805418681512708901e+01
1.258708414872798340e+12	1.656803947401268129e+00	1.753510731388264673e-02	9.251725203301552014e+00	2.744691840135915051e+00	5.810447003149123157e-02	2.116976091152511508e-02	4.549195303347927322e+00	1.030683648613716485e+01	1.886360848293220649e-01	-1.487065940466618663e-01	2.402024637939708662e-01	-3.836669340151603791e+01	1.886360848293210934e-01	-1.487065940466631153e-01	2.402024637939708940e-01	-3.836669340151604501e+01
1.264970645792563477e+12	1.655702857092140379e+00	2.043731199246093602e-02	1.083660849784419788e+01	2.740934267261599278e+00	6.767623171440206864e-02	2.469093568669041699e-02	4.278347280086686411e+00	9.889218529144653047e+00	1.277724311862231121e-01	-1.410435598050606421e-01	1.903131102518211548e-01	-3.853383877775999622e+01	1.277724311862231399e-01	-1.410435598050605033e-01	1.903131102518210716e-01	-3.853383877775998911e+01
1.271232876712328857e+12	1.657190067369347597e+00	1.722073888357622540e-02	9.176267362548749418e+00	2.745982365539926473e+00	5.707607486124725849e-02	2.078530276723926720e-02	3.934345925527247267e+00	9.318941717625763843e+00	8.693541037864581378e-02	-2.267565798029048396e-01	2.428503902850780161e-01	-3.890380530404365800e+01	8.693541037864424559e-02	-2.267565798029054502e-01	2.428503902850780161e-01	-3.890380530404366510e+01
1.277495107632093994e+12	1.655619608869663528e+00	2.027241704973528971e-02	1.085560265988219086e+01	2.740665318380699045e+00	6.712682237345088399e-02	2.449289299326495167e-02	3.513041409091165690e+00	8.548369973816374312e+00	4.448684462356781305e-02	-1.844841181262439900e-01	1.897721507107389405e-01	-3.903328379196803866e+01	4.448684462356761182e-02	-1.844841181262439622e-01	1.897721507107388572e-01	-3.903328379196803866e+01
1.283757338551859131e+12	1.657688152901924061e+00	1.725789838351621253e-02	9.286669883829715033e+00	2.747632177214776927e+00	5.721642738868018552e-02	2.082390352797491503e-02	3.514808903744599089e+00	8.551792073010778594e+00	-4.286673708441830072e-02	-2.350293487717259322e-01	2.389065757410754887e-01	-3.945031403923838553e+01	-4.286673708441784969e-02	-2.350293487717261265e-01	2.389065757410755719e-01	-3.945031403923838553e+01
1.290019569471624268e+12	1.655797623841174238e+00	2.005792785398511496e-02	1.084604806030375634e+01	2.741263450648282696e+00	6.642373855961251905e-02	2.423106708109501115e-02	2.883975538991573107e+00	7.205971614525735092e+00	-5.314566799877224607e-02	-1.824372812126295040e-01	1.900205873143533397e-01	-3.955337285444980466e+01	-5.314566799877271097e-02	-1.824372812126293930e-01	1.900205873143533952e-01	-3.955337285444980466e+01
1.296281800391389404e+12	1.658619188245599396e+00	1.714677952836087330e-02	9.316893872122433251e+00	2.750723599568297040e+00	5.687995508471234418e-02	2.067817904119453182e-02	2.908110074664124411e+00	7.262669056810682200e+00	-1.642164314610947418e-01	-1.719890135894786287e-01	2.377966718801974300e-01	-4.003219190143570216e+01	-1.642164314610947973e-01	-1.719890135894785732e-01	2.377966718801974300e-01	-4.003219190143570216e+01
1.302544031311154541e+12	1.656246178631714860e+00	2.030876084654361508e-02	1.108830082132291750e+01	2.742738958465036347e+00	6.727261508966650427e-02	2.452753109516312563e-02	2.713195913212510746e+00	6.790674176464262857e+00	-1.347360124774774626e-01	-1.243492730658816298e-01	1.833481245345698896e-01	-4.009537491604601200e+01	-1.347360124774768797e-01	-1.243492730658823237e-01	1.833481245345699451e-01	-4.009537491604600490e+01
1.308806262230919678e+12	1.658967266542481500e+00	1.808687466251286333e-02	9.922658718854188820e+00	2.751845256424375386e+00	6.001106603833086806e-02	2.180757289975911173e-02	2.883086967019748759e+00	7.203875114200769758e+00	-2.094939272653659479e-01	-5.851393620596485878e-02	2.175122669905818207e-01	-4.056833491522021973e+01	-2.094939272653657814e-01	-5.851393620596540696e-02	2.175122669905818484e-01	-4.056833491522021262e+01
1.315068493150684814e+12	1.655952082381325186e+00	2.045930536001400180e-02	1.127790464649855195e+01	2.741758715967232973e+00	6.775925862998119498e-02	2.471379346233871718e-02	3.000603889745862674e+00	7.475685035837841497e+00	-1.721834014462188533e-01	-4.631936437458126360e-02	1.783048155537449164e-01	-4.057791395902022202e+01	-1.721834014462191864e-01	-4.631936437458004929e-02	1.783048155537449164e-01	-4.057791395902022913e+01
1.321330724070450195e+12	1.659173345127557209e+00	1.867849679895211210e-02	1.034528875033388040e+01	2.752507302939099620e+00	6.198172803174348960e-02	2.251827923056190506e-02	3.006491782907396271e+00	7.489021861990132756e+00	-1.978941085381595577e-01	5.112236377855303854e-02	2.043907392041517945e-01	-4.109350945779605979e+01	-1.978941085381592246e-01	5.112236377855432223e-02	2.043907392041517668e-01	-4.109350945779606690e+01
1.327592954990215332e+12	1.654878116971247426e+00	2.143817053503307979e-02	1.193003784900792397e+01	2.738161986874412257e+00	7.095511857264805156e-02	2.591341159243931019e-02	2.880758659420168399e+00	7.198378629572954601e+00	-1.600714607868804207e-01	2.507354290322753865e-02	1.620233165694549005e-01	-4.099608161212535862e+01	-1.600714607868803097e-01	2.507354290322848581e-02	1.620233165694549282e-01	-4.099608161212536572e+01
1.333855185909980469e+12	1.658814191323301435e+00	1.934249883149588567e-02	1.081459903394396349e+01	2.751290389074532161e+00	6.417122311467950146e-02	2.332404582573530463e-02	3.028520828668209486e+00	7.538689832077200670e+00	-1.419188952951007388e-01	1.274756266335322630e-01	1.907642739807259569e-01	-4.157254012434514578e+01	-1.419188952950996563e-01	1.274756266335333177e-01	1.907642739807259014e-01	-4.157254012434515289e+01
1.340117416829745605e+12	1.654600932405760672e+00	2.110765970288805415e-02	1.185692564772631741e+01	2.737258712219879708e+00	6.984950685060414832e-02	2.551805079248689254e-02	3.294825291163714809e+00	8.112073641120852940e+00	-1.315659223804933886e-01	9.752331584172434231e-02	1.637693166151545643e-01	-4.147858241775271182e+01	-1.315659223804933053e-01	9.752331584172456436e-02	1.637693166151545920e-01	-4.147858241775271892e+01
1.346379647749510742e+12	1.658667875977444028e+00	1.948166858505177845e-02	1.099468649269109299e+01	2.750799587388667700e+00	6.462723570492866221e-02	2.349398189574372284e-02	3.198831200960698506e+00	7.910912633166516272e+00	-6.243344841371831211e-02	1.749665648191621181e-01	1.857719954283919561e-01	-4.206875372213324482e+01	-6.243344841371979009e-02	1.749665648191616463e-01	1.857719954283920116e-01	-4.206875372213323772e+01
1.352641878669275879e+12	1.653994000124517250e+00	2.111377300175510535e-02	1.197120418907527473e+01	2.735250361037532052e+00	6.984410772978792703e-02	2.553481345791495938e-02	3.291463089081040572e+00	8.105127556222635477e+00	-7.413555113031308763e-02	1.429667519535132159e-01	1.610452486276221784e-01	-4.193312279935820186e+01	-7.413555113031358723e-02	1.429667519535129661e-01	1.610452486276221784e-01	-4.193312279935819475e+01
1.358904109589041016e+12	1.658542929677477851e+00	1.967077352163166398e-02	1.120467880031360686e+01	2.750377710252211561e+00	6.524964469117827681e-02	2.372388506784213133e-02	3.085610414204184693e+00	7.665744824334232099e+00	2.781024909006169638e-02	1.779562789755879670e-01	1.801162046604596056e-01	-4.256652269132778343e+01	2.781024909006243884e-02	1.779562789755878560e-01	1.801162046604596056e-01	-4.256652269132778343e+01
1.365166340508806152e+12	1.653221807717687231e+00	2.077959966382908127e-02	1.189082285333734212e+01	2.732710553751148463e+00	6.870657463977071500e-02	2.514228027020947581e-02	3.128520267651170528e+00	7.759704288382291537e+00	-6.292363883365216515e-03	1.628456371722474538e-01	1.629671604627016268e-01	-4.237287998484000440e+01	-6.292363883364529564e-03	1.628456371722474816e-01	1.629671604627015991e-01	-4.237287998484001150e+01
1.371428571428571533e+12	1.659262655796083674e+00	1.930560492212356552e-02	1.109802678083617700e+01	2.752779854538063731e+00	6.406613858966538066e-02	2.327325175823627065e-02	2.647489814085886906e+00	6.623886458585932502e+00	1.211765186834945496e-01	1.370360268935526538e-01	1.829279129794624537e-01	-4.313555568508863303e+01	1.211765186834952851e-01	1.370360268935520154e-01	1.829279129794624537e-01	-4.313555568508863303e+01
1.377690802348336670e+12	1.652220799167461784e+00	2.079198043259483653e-02	1.200706268299966695e+01	2.729401262751256496e+00	6.870588505323213524e-02	2.517251163867935751e-02	2.536864361340770646e+00	6.333495356629979867e+00	5.949856721847273516e-02	1.487627517140936440e-01	1.602199606746930738e-01	-4.279196933905001998e+01	5.949856721847290864e-02	1.487627517140936162e-01	1.602199606746931015e-01	-4.279196933905001998e+01
1.383953033268101807e+12	1.659883526352141425e+00	1.941006026956828417e-02	1.125997423765574013e+01	2.754836570615551761e+00	6.443687857391719453e-02	2.339045417838313268e-02	2.144375116579050999e+00	5.189973051642168045e+00	1.713851684976803458e-01	5.023036508237579273e-02	1.785944163664895667e-01	-4.369719671036480690e+01	1.713851684976805123e-01	5.023036508237520986e-02	1.785944163664895945e-01	-4.369719671036480690e+01
1.390215264187866943e+12	1.651344165375831397e+00	1.937988519853595451e-02	1.129334027283908704e+01	2.726561972570492820e+00	6.400572069651157270e-02	2.347488204574699547e-02	1.996016757196739544e+00	4.702204804865659504e+00	1.287522340683346644e-01	1.228410345238562240e-01	1.779524024577315844e-01	-4.322038972745682628e+01	1.287522340683337208e-01	1.228410345238571538e-01	1.779524024577315566e-01	-4.322038972745681917e+01
1.396477495107632080e+12	1.660860440133165028e+00	1.923993413326812937e-02	1.126228940802890754e+01	2.758087226533878056e+00	6.390969094542561790e-02	2.317174392839696506e-02	1.747265426513183950e+00	3.796659198970629312e+00	1.700838695890051488e-01	-5.414049008646210775e-02	1.784929000301468949e-01	-4.429047216271300158e+01	1.700838695890051211e-01	-5.414049008646234368e-02	1.784929000301469504e-01	-4.429047216271300869e+01
1.402739726027397217e+12	1.651127919979828995e+00	1.777900408699496781e-02	1.045378797371251878e+01	2.725907315150591259e+00	5.871082007494576177e-02	2.153808375971958192e-02	1.368130283943695957e+00	2.132496863398100295e+00	1.936011984104945849e-01	5.519686419036685943e-02	2.013159651950870155e-01	-4.370455995455071729e+01	1.936011984104946682e-01	5.519686419036631819e-02	2.013159651950869877e-01	-4.370455995455071729e+01
1.409001956947162354e+12	1.665123426940883666e+00	1.911050073294920729e-02	1.128685183415733917e+01	2.772270815709088065e+00	6.364268494200930881e-02	2.295687873687436362e-02	1.210640883345986740e+00	1.300471987267009188e+00	6.634487017648493801e-02	-1.648683797718333843e-01	1.777166971539931584e-01	-4.517051027363662996e+01	6.634487017648338369e-02	-1.648683797718339950e-01	1.777166971539931584e-01	-4.517051027363663707e+01
1.415264187866927490e+12	1.652816579702514943e+00	-4.941702939722296579e-03	-2.931590553295527979e+00	2.731778225711575470e+00	-1.633545710147533969e-02	-5.979788896377292474e-03	9.284804908778442056e-02	-1.617029630808783125e+01	1.339091807704818171e+00	-5.278953645966228958e-01	1.439388893046197992e+00	-4.435780994931981525e+01	1.339091807696864977e+00	-5.278953646166933966e-01	1.439388893046159801e+00	-4.435780994933481480e+01
1.421526418786692627e+12	1.651095936604642489e+00	2.888291844930563138e-02	1.721017040566216494e+01	2.725283568894212749e+00	9.537693857786358476e-02	3.499706954038654672e-02	1.206815198476631990e+00	1.278938818617425976e+00	6.643533019417394159e-02	-3.386241237395348075e-02	7.456752691213916484e-02	-4.445367849092724555e+01	6.643533019417384444e-02	-3.386241237395366810e-02	7.456752691213915096e-02	-4.445367849092724555e+01
1.427788649706458008e+12	1.657378578518755807e+00	1.543246331349320925e-02	9.236093898325627549e+00	2.746665591608929535e+00	5.115486821912045012e-02	1.862435251506361356e-02	1.340143155375407735e+00	1.991879719878599797e+00	6.956208191286075704e-02	-2.302211393608234180e-01	2.405008445902991621e-01	-4.525966233104063008e+01	6.956208191286131215e-02	-2.302211393608231960e-01	2.405008445902990788e-01	-4.525966233104063008e+01
1.434050880626223145e+12	1.654791004280505406e+00	2.841517767660097643e-02	1.708063835683477905e+01	2.737525845525290880e+00	9.404236080854305735e-02	3.435304947431380707e-02	1.759359496068230833e+00	3.843588258159833515e+00	2.029224908774295011e-02	-7.318992718355947502e-02	7.595091055526420609e-02	-4.528263232833452889e+01	2.029224908774344277e-02	-7.318992718355932237e-02	7.595091055526417834e-02	-4.528263232833452179e+01
1.440313111545988281e+12	1.655849580877477134e+00	1.713308816948476074e-02	1.034383835510605820e+01	2.741544291781893072e+00	5.673963372915640652e-02	2.069623091599878326e-02	1.720281432250319487e+00	3.690770492511898482e+00	-1.590341656213160870e-02	-2.037783300637450445e-01	2.043979610023478055e-01	-4.563097833637417722e+01	-1.590341656213251076e-02	-2.037783300637449890e-01	2.043979610023478333e-01	-4.563097833637417722e+01
1.446575342465753418e+12	1.653384812640177115e+00	2.634194733131046962e-02	1.597269122659712259e+01	2.732987440479987651e+00	8.710675130591234716e-02	3.187235697307632537e-02	1.781653975922782296e+00	3.929258991200289763e+00	-9.796640528846479318e-03	-8.885788150036502686e-02	8.939629338168529615e-02	-4.566290066532101122e+01	-9.796640528845688284e-03	-8.885788150036513788e-02	8.939629338168532391e-02	-4.566290066532099701e+01
1.452837573385518555e+12	1.655746705483286840e+00	1.765934476228727540e-02	1.075426687266647896e+01	2.741185300261324898e+00	5.847880382230138951e-02	2.133340048800292515e-02	1.929244328828713551e+00	4.470717330191619432e+00	-1.045929506923253399e-01	-1.615113403273730486e-01	1.924203689552426710e-01	-4.612777185386360657e+01	-1.045929506923247709e-01	-1.615113403273735759e-01	1.924203689552428098e-01	-4.612777185386359946e+01
1.459099804305283691e+12	1.653451894869827576e+00	2.671196749540387730e-02	1.633729074062042841e+01	2.733189639441147900e+00	8.833390654195356906e-02	3.231898192033798994e-02	1.779811812382103176e+00	3.922220875150812081e+00	-4.922508485153094526e-02	-6.895719577598712069e-02	8.472428121812683455e-02	-4.617305430020907409e+01	-4.922508485153141711e-02	-6.895719577598681538e-02	8.472428121812684843e-02	-4.617305430020907409e+01
1.465362035225048828e+12	1.655552324440716649e+00	1.839832761698364030e-02	1.130088471984365128e+01	2.740515000501958287e+00	6.091878810423819596e-02	2.222895627029233129e-02	1.927232755550392751e+00	4.463619883797059984e+00	-1.551541915319328835e-01	-8.633483464586684530e-02	1.775571086249629338e-01	-4.661611158835516733e+01	-1.551541915319321063e-01	-8.633483464586823308e-02	1.775571086249629060e-01	-4.661611158835516022e+01
1.471624266144813965e+12	1.653069365190013462e+00	2.722106829442168946e-02	1.679156854745869865e+01	2.731897339570624528e+00	8.999662817050732566e-02	3.294290267314810283e-02	1.728439275129413977e+00	3.722957092358245124e+00	-7.024481392640613553e-02	-3.669219325415527810e-02	7.925055791195226296e-02	-4.664252455295739708e+01	-7.024481392640588573e-02	-3.669219325415570832e-02	7.925055791195224908e-02	-4.664252455295738997e+01
1.477886497064579346e+12	1.655451538841886006e+00	1.803589310863292980e-02	1.117295102247916461e+01	2.740194504013742538e+00	5.971509400214829871e-02	2.179228296191372191e-02	1.737523372696553325e+00	3.758619929094936474e+00	-1.809051876224004318e-01	-1.997740779633565191e-03	1.809162178383090791e-01	-4.711284722621432763e+01	-1.809051876224004318e-01	-1.997740779632740764e-03	1.809162178383090791e-01	-4.711284722621433474e+01
1.484148727984344482e+12	1.652209716786075200e+00	2.772771447549509174e-02	1.724966473618118101e+01	2.729028122092288289e+00	9.162399856136581311e-02	3.357385650211608397e-02	1.534050715413414867e+00	2.911261443643100133e+00	-7.397780124752000031e-02	-4.155407610408046008e-03	7.409441605024097433e-02	-4.706777776159198368e+01	-7.397780124751993092e-02	-4.155407610409358327e-03	7.409441605024098820e-02	-4.706777776159196947e+01
1.490410958904109619e+12	1.655072693905028425e+00	1.667633330901884675e-02	1.041827371049978446e+01	2.738987522017414467e+00	5.520108778843196146e-02	2.015382959750518926e-02	1.426806223279712738e+00	2.418195980524539213e+00	-1.811096751237478708e-01	8.976719576497969866e-02	2.021357560129768138e-01	-4.758405218252514857e+01	-1.811096751237472047e-01	8.976719576498116970e-02	2.021357560129768416e-01	-4.758405218252515567e+01
1.496673189823874756e+12	1.649796406211913036e+00	2.849412812116771526e-02	1.787604803387499430e+01	2.721016266612358070e+00	9.401902034488861248e-02	3.455290638961944910e-02	1.293976410741715544e+00	1.753375964840482082e+00	-6.590132112794455654e-02	1.504923653283050944e-02	6.759780800166195758e-02	-4.734840018841789799e+01	-6.590132112794440389e-02	1.504923653283115476e-02	6.759780800166194370e-02	-4.734840018841790510e+01
1.502935420743639893e+12	1.654670029353423111e+00	1.594692207398173273e-02	1.004630486244626475e+01	2.737678601716824200e+00	5.277378803250420969e-02	1.927683841317577237e-02	1.214143324434708848e+00	1.320126171615911836e+00	-1.278928307419756882e-01	1.709445157644353397e-01	2.134914603096173535e-01	-4.805236748096674404e+01	-1.278928307419765487e-01	1.709445157644346458e-01	2.134914603096173258e-01	-4.805236748096674404e+01
