freq_roi_Hz	n_opt	k_opt	alpha_cm	eps_r	eps_i	loss_tan	DR	alpha_max	H_meas_real	H_meas_imag	H_meas_mag	H_meas_phase	H_model_real	H_model_imag	H_model_mag	H_model_phase
3.005870841487279663e+11	1.666454299696011887e+00	6.231451191703014404e-03	7.851428396887051298e-01	2.777031101991370932e+00	2.076885726351864955e-02	7.478798940575633915e-03	7.655570711280181229e+01	2.961408112351612942e+01	8.059500049378187647e-01	2.202796862977832726e-01	8.355109518460663853e-01	2.668006923713479583e-01	8.059500049378187647e-01	2.202796862977828007e-01	8.355109518460662743e-01	2.668006923713474032e-01
3.068493150684931641e+11	1.670008051311896446e+00	5.534133928450720927e-03	7.118098350755195369e-01	2.788896264808220060e+00	1.848409643510207784e-02	6.627746133244273585e-03	7.884747011304553155e+01	2.981544341119091968e+01	8.427279087036063654e-01	-4.768164389870031827e-02	8.440757473549611589e-01	-5.651985614800222879e-02	8.427279087036063654e-01	-4.768164389869968683e-02	8.440757473549611589e-01	-5.651985614800147939e-02
3.131115459882583008e+11	1.671629927911765900e+00	6.747773803505273046e-03	8.856227403730718706e-01	2.794301083438992528e+00	2.255956127343684489e-02	8.073418217936780342e-03	7.184352025003005338e+01	2.918039679179864621e+01	7.741339738116838065e-01	-2.783290235511292066e-01	8.226484393472059953e-01	-3.451447448495469916e-01	7.741339738116832514e-01	-2.783290235511301502e-01	8.226484393472057732e-01	-3.451447448495483239e-01
3.193737769080234985e+11	1.670879808836652325e+00	1.009958148755063338e-02	1.352047012832433781e+00	2.791737334031784368e+00	3.375037357049758685e-02	1.208938002836957952e-02	7.753072438666623611e+01	2.970047650950732532e+01	6.392722953684720766e-01	-4.263457509422030611e-01	7.684007853797041321e-01	-5.881804272591317773e-01	6.392722953684721876e-01	-4.263457509422033387e-01	7.684007853797042431e-01	-5.881804272591319993e-01
3.256360078277886353e+11	1.667922346437999748e+00	9.094332693982574642e-03	1.241344775316918003e+00	2.781882246860094110e+00	3.033728145247046454e-02	1.090530754373665590e-02	7.403954168761724475e+01	2.938593915842264437e+01	5.514893506514308985e-01	-5.534389347797531444e-01	7.813034995519249071e-01	-7.871626056068139476e-01	5.514893506514304544e-01	-5.534389347797534775e-01	7.813034995519247961e-01	-7.871626056068146138e-01
3.318982387475538330e+11	1.667621372286257619e+00	7.475121456461540810e-03	1.039949768052582213e+00	2.780905163865111884e+00	2.493134460246168582e-02	8.965190516533192572e-03	7.551960872368788102e+01	2.952105908952171731e+01	4.086873598378236716e-01	-6.932219401703569872e-01	8.047248078845120611e-01	-1.038097835706444316e+00	4.086873598378236716e-01	-6.932219401703568762e-01	8.047248078845120611e-01	-1.038097835706444316e+00
3.381604696673189697e+11	1.670155956395116936e+00	5.755366420163808734e-03	8.158023981905186961e-01	2.789387794439457391e+00	1.922471901574605152e-02	6.892092614038759779e-03	6.983212778548957544e+01	2.898654597624415530e+01	1.839228818841004420e-01	-8.106576428521459210e-01	8.312601520553900558e-01	-1.347692167892807102e+00	1.839228818840997481e-01	-8.106576428521462541e-01	8.312601520553902779e-01	-1.347692167892807991e+00
3.444227005870841675e+11	1.671275543755992743e+00	8.164691958709915237e-03	1.178747359509930925e+00	2.793095280962108351e+00	2.729089998578618920e-02	9.770844615220422233e-03	7.649307951540878037e+01	2.960849420001722621e+01	-4.559884063858778147e-02	-7.867600086475378118e-01	7.880803039504648000e-01	-1.628689312914765264e+00	-4.559884063858741371e-02	-7.867600086475377008e-01	7.880803039504646890e-01	-1.628689312914764820e+00
3.506849315068493042e+11	1.670499915838008054e+00	9.967011686498205084e-03	1.465113377447031073e+00	2.790470627492833255e+00	3.329978436690338855e-02	1.193339361426011373e-02	7.247436011598516359e+01	2.924007813590359106e+01	-2.226533157835838550e-01	-7.222468277977573958e-01	7.557876548961008911e-01	-1.869830850675959333e+00	-2.226533157835834109e-01	-7.222468277977573958e-01	7.557876548961007801e-01	-1.869830850675958889e+00
3.569471624266145020e+11	1.668056938404383294e+00	9.657042161617947554e-03	1.444898108178355400e+00	2.782320691295693038e+00	3.221699236430096425e-02	1.157918009418889074e-02	7.312140104567453136e+01	2.930075494331462238e+01	-3.657798276321065356e-01	-6.642477820133688704e-01	7.583007307211655501e-01	-2.074152056567475366e+00	-3.657798276321087561e-01	-6.642477820133675381e-01	7.583007307211653281e-01	-2.074152056567478475e+00
3.632093933463796387e+11	1.668246995347500095e+00	7.704452946519299225e-03	1.172973066244708429e+00	2.782988678890756518e+00	2.570586095765402951e-02	9.236782439194065469e-03	7.385682895504099577e+01	2.936907175013764970e+01	-5.463363423266798247e-01	-5.693599520421901428e-01	7.890843769435433863e-01	-2.335561328212092835e+00	-5.463363423266793806e-01	-5.693599520421908089e-01	7.890843769435436084e-01	-2.335561328212091947e+00
3.694716242661448364e+11	1.669803031622127287e+00	6.806578004916063844e-03	1.054141902227311967e+00	2.788195834910309756e+00	2.273128917516266737e-02	8.152687444170823861e-03	7.644141169130480762e+01	2.960388153850106718e+01	-6.991563460045621126e-01	-3.944331618949945550e-01	8.027434928798450331e-01	-2.627946206054788458e+00	-6.991563460045627787e-01	-3.944331618949933338e-01	8.027434928798450331e-01	-2.627946206054790235e+00
3.757338551859099731e+11	1.671583840240276730e+00	9.292403708747671090e-03	1.463516284363709063e+00	2.794106186185744800e+00	3.106606375306284265e-02	1.111842631702961853e-02	6.888924965150421542e+01	2.889374432580727969e+01	-7.383461211605438779e-01	-1.615381481431414634e-01	7.558105370649023103e-01	-2.926202726025548095e+00	-7.383461211605440999e-01	-1.615381481431411581e-01	7.558105370649024213e-01	-2.926202726025548539e+00
3.819960861056751709e+11	1.669792465520716140e+00	1.037748210331945059e-02	1.661651972264227339e+00	2.788099185774947308e+00	3.465648285439778403e-02	1.243014704470245604e-02	7.304759563649395204e+01	2.929386096673682971e+01	-7.343806199501997645e-01	4.870375131861928199e-04	7.343807814505898257e-01	-3.142255848435287380e+00	-7.343806199501997645e-01	4.870375131864947702e-04	7.343807814505898257e-01	-3.142255848435287824e+00
3.882583170254403076e+11	1.667928583889667360e+00	1.032928098468245161e-02	1.681047636401580281e+00	2.781879066910530440e+00	3.445700601075973868e-02	1.238623433369683870e-02	7.414952521106654615e+01	2.939607239974061415e+01	-7.158206260665008758e-01	1.554037461587842173e-01	7.324953877140941705e-01	-3.355373945098996558e+00	-7.158206260665010978e-01	1.554037461587830793e-01	7.324953877140941705e-01	-3.355373945098994781e+00
3.945205479452055054e+11	1.668357668569028007e+00	7.718432200897394103e-03	1.276403194298751265e+00	2.783357736077443079e+00	2.575421110339457670e-02	9.252928852648929434e-03	6.963789532558378426e+01	2.896753177620524866e+01	-6.888407681919977987e-01	3.598412204533165681e-01	7.771662034987586454e-01	-3.622988769222870609e+00	-6.888407681919972436e-01	3.598412204533182335e-01	7.771662034987589784e-01	-3.622988769222872829e+00
4.007827788649706421e+11	1.669826262814884332e+00	8.390371903206045312e-03	1.409546555468761841e+00	2.788249349645648856e+00	2.802092671751511832e-02	1.004964879524717671e-02	7.234659622830459114e+01	2.922803294575773236e+01	-5.446794062472664066e-01	5.328565889834375735e-01	7.619788711066330933e-01	-3.916019171572227897e+00	-5.446794062472662956e-01	5.328565889834381286e-01	7.619788711066332043e-01	-3.916019171572228785e+00
4.070450097847357788e+11	1.671156586071723016e+00	9.347795771234908291e-03	1.594927004516493829e+00	2.792676953885115498e+00	3.124326093670523607e-02	1.118756714529414026e-02	6.966500071136100303e+01	2.897018841367185971e+01	-3.591591095543451018e-01	6.486075709548034807e-01	7.414088258685355148e-01	-4.206679902900131829e+00	-3.591591095543468781e-01	6.486075709548027035e-01	7.414088258685357369e-01	-4.206679902900129164e+00
4.133072407045009766e+11	1.668885553380402786e+00	1.128880767413280480e-02	1.955736084867854885e+00	2.785051553103109701e+00	3.767945608450012918e-02	1.352917724001109073e-02	7.128235924141237945e+01	2.912686541856776046e+01	-2.116283634449180884e-01	6.708878337181305440e-01	7.034749815347951518e-01	-4.406823172382933862e+00	-2.116283634449214746e-01	6.708878337181296558e-01	7.034749815347952628e-01	-4.406823172382928533e+00
4.195694716242661133e+11	1.668392253983774998e+00	1.011900562434732073e-02	1.779634757695611746e+00	2.783430318878235443e+00	3.376494120335864907e-02	1.213069390469470425e-02	7.322016126597470986e+01	2.930996900826008655e+01	-4.393836971154056054e-02	7.205645183054747438e-01	7.219029057800701032e-01	-4.651486685895259932e+00	-4.393836971154115034e-02	7.205645183054744107e-01	7.219029057800698812e-01	-4.651486685895259043e+00
4.258317025440313110e+11	1.667558844080494262e+00	8.692335901635629691e-03	1.551542415208572390e+00	2.780676941767647570e+00	2.898996321698178377e-02	1.042550566789436639e-02	6.929433177463066329e+01	2.893376871540969830e+01	1.296273452300107376e-01	7.351745781512367683e-01	7.465151766650356402e-01	-4.886916934247667932e+00	1.296273452300104601e-01	7.351745781512375455e-01	7.465151766650363063e-01	-4.886916934247667044e+00
4.320939334637964478e+11	1.670500068060692955e+00	8.721157186562191257e-03	1.579579337622419422e+00	2.790494418808107113e+00	2.913738734744028558e-02	1.044165763280244241e-02	6.859570027366898159e+01	2.886459265140511121e+01	3.622807467351231159e-01	6.488261697461311650e-01	7.431169073587235996e-01	-5.221630497618613198e+00	3.622807467351214505e-01	6.488261697461323863e-01	7.431169073587238216e-01	-5.221630497618610534e+00
4.383561643835616455e+11	1.669606263289156400e+00	1.004779909841875714e-02	1.846236030421176899e+00	2.787484116147657787e+00	3.355173661398219015e-02	1.203656602727163141e-02	6.596325802369787539e+01	2.859745291601662842e+01	4.834154121506609725e-01	5.264600821609566328e-01	7.147381889991010206e-01	-5.455189188865293914e+00	4.834154121506623047e-01	5.264600821609553005e-01	7.147381889991010206e-01	-5.455189188865296579e+00
4.446183953033267822e+11	1.669903839423978686e+00	1.160846553168325482e-02	2.163472624334901617e+00	2.788444076450944831e+00	3.877004232235756881e-02	1.390382638467794335e-02	6.645857309989261807e+01	2.864852232404116350e+01	5.770791579605200061e-01	3.639220096633424273e-01	6.822459847223937279e-01	-5.720549452951453340e+00	5.770791579605211163e-01	3.639220096633403734e-01	6.822459847223935059e-01	-5.720549452951456892e+00
4.508806262230919800e+11	1.667137035419061553e+00	1.022350487627279522e-02	1.932193176963914905e+00	2.779241374813901988e+00	3.408796722204349844e-02	1.226520572518679728e-02	6.651236152436325710e+01	2.865404524675743048e+01	6.552986205871148551e-01	2.628267688755768772e-01	7.060412116731935583e-01	-5.901748770734107197e+00	6.552986205871157432e-01	2.628267688755742681e-01	7.060412116731934473e-01	-5.901748770734111638e+00
4.571428571428571167e+11	1.668795756574672717e+00	9.622009622294428605e-03	1.843770602793778801e+00	2.784786694092462600e+00	3.211433765481122582e-02	1.153206373864731731e-02	6.436131843871386593e+01	2.842961946471673684e+01	7.128686704529633156e-01	5.590669317255378412e-02	7.150575498901230453e-01	-6.204920545293210132e+00	7.128686704529637597e-01	5.590669317255373555e-02	7.150575498901234894e-01	-6.204920545293210132e+00
4.634050880626223145e+11	1.669300531494344986e+00	8.672340327897317541e-03	1.684559175342072779e+00	2.786489054960539669e+00	2.895348463731766894e-02	1.039066871114183860e-02	6.355660113490932162e+01	2.834372710742842827e+01	7.182198884772941216e-01	-1.406632478362304373e-01	7.318647125638545470e-01	-6.476587159150119177e+00	7.182198884772944547e-01	-1.406632478362281613e-01	7.318647125638544360e-01	-6.476587159150115625e+00
4.696673189823874512e+11	1.670565003919127545e+00	1.166607845918236387e-02	2.296700662015664918e+00	2.790651334932698457e+00	3.897788481376966707e-02	1.396730731849369148e-02	6.460365919036999571e+01	2.845527564595782977e+01	5.912599181404030180e-01	-3.129210450066912674e-01	6.689602912038021820e-01	-6.769953863182968767e+00	5.912599181404020188e-01	-3.129210450066932658e-01	6.689602912038021820e-01	-6.769953863182972320e+00
4.759295499021526489e+11	1.668485487726890204e+00	1.096920351831971036e-02	2.188300330003335237e+00	2.783723499329412210e+00	3.660391376447836437e-02	1.314926348586564070e-02	6.260964874973024052e+01	2.824124927201416924e+01	5.269585114736535791e-01	-4.295819778369798780e-01	6.798720089081915496e-01	-6.967132222780176853e+00	5.269585114736530240e-01	-4.295819778369802666e-01	6.798720089081913276e-01	-6.967132222780177742e+00
4.821917808219177856e+11	1.667913522754126410e+00	1.180595422681017526e-02	2.386217681991405826e+00	2.781796138830874288e+00	3.938262140782585602e-02	1.415726366791833848e-02	6.507870381712274366e+01	2.850528972516229231e+01	3.980729515977633470e-01	-5.270570799194174150e-01	6.604931795915369719e-01	-7.207113166367313362e+00	3.980729515977647903e-01	-5.270570799194161937e-01	6.604931795915368609e-01	-7.207113166367310697e+00
4.884540117416829834e+11	1.668051707027819797e+00	9.188863803773008460e-03	1.881371914421996694e+00	2.782312062100419148e+00	3.065499990705942285e-02	1.101781512024837054e-02	6.722430283260740680e+01	2.872672854861939840e+01	2.674184959008171214e-01	-6.589699861685223148e-01	7.111639013763266792e-01	-7.468474235137843920e+00	2.674184959008163998e-01	-6.589699861685230919e-01	7.111639013763272343e-01	-7.468474235137844808e+00
4.947162426614481201e+11	1.669510892579616046e+00	1.091619930170229825e-02	2.263689136899644350e+00	2.787147457034791831e+00	3.644942727952397293e-02	1.307768169478267309e-02	6.269145036959719164e+01	2.825016268286610099e+01	5.678656589425477852e-02	-6.698717802906387631e-01	6.722744351050488065e-01	-7.769411538798667749e+00	5.678656589425443851e-02	-6.698717802906388741e-01	6.722744351050488065e-01	-7.769411538798667749e+00
5.009784735812133179e+11	1.669544295750483798e+00	1.085489136482313370e-02	2.279469091147733995e+00	2.787260326806436872e+00	3.624544391826329398e-02	1.300396793570849849e-02	6.543118855735777117e+01	2.854216495916882934e+01	-1.160509283972641081e-01	-6.605934803359829743e-01	6.707097466447566880e-01	-8.027883883923905728e+00	-1.160509283972670225e-01	-6.605934803359825302e-01	6.707097466447567990e-01	-8.027883883923909281e+00
5.072407045009784546e+11	1.668198098914082106e+00	1.277843653456431187e-02	2.716945822988851678e+00	2.782721608780289735e+00	4.263392706810887473e-02	1.532094584438002324e-02	6.728431227742275667e+01	2.873281979795025265e+01	-2.387087319347592496e-01	-5.821571773737097555e-01	6.291969785922575387e-01	-8.243114583000478390e+00	-2.387087319347606928e-01	-5.821571773737089783e-01	6.291969785922573166e-01	-8.243114583000480167e+00
5.135029354207436523e+11	1.667716690784659894e+00	1.081722588092058970e-02	2.328348529642024101e+00	2.781161948345977741e+00	3.608013629919812337e-02	1.297304398999699591e-02	6.875810409483261765e+01	2.888073596165249057e+01	-3.930593669382237976e-01	-5.377550917135102138e-01	6.660902375817281396e-01	-8.485163437407246434e+00	-3.930593669382224653e-01	-5.377550917135109909e-01	6.660902375817280285e-01	-8.485163437407244658e+00
5.197651663405087891e+11	1.667722402247520552e+00	1.100879194734951175e-02	2.398479416918671170e+00	2.781176817458100636e+00	3.671921790455377754e-02	1.320276282833173984e-02	6.595539933230362806e+01	2.859663955968290949e+01	-5.115049025570211905e-01	-4.159366447641272280e-01	6.592727491694977404e-01	-8.742062430026125597e+00	-5.115049025570216346e-01	-4.159366447641270614e-01	6.592727491694979625e-01	-8.742062430026125597e+00
5.260273972602739868e+11	1.669263906301226452e+00	1.042333063002097611e-02	2.298285828883563031e+00	2.786333343058607248e+00	3.479857920827608003e-02	1.248902228262360921e-02	6.630035269757138394e+01	2.863225051643314600e+01	-6.221063842807540434e-01	-2.456619496668648317e-01	6.688543540091508310e-01	-9.048686784509218484e+00	-6.221063842807533772e-01	-2.456619496668660529e-01	6.688543540091506090e-01	-9.048686784509214931e+00
5.322896281800391235e+11	1.668619268541642109e+00	1.242557587507113655e-02	2.772385958982780618e+00	2.784135868412617398e+00	4.146711065573974869e-02	1.489406861432460670e-02	6.402026784674146143e+01	2.839334893218324751e+01	-6.179165150647970561e-01	-8.715492116881741469e-02	6.240326913501937911e-01	-9.284655848596401029e+00	-6.179165150647969451e-01	-8.715492116881827511e-02	6.240326913501937911e-01	-9.284655848596401029e+00
5.385518590998043213e+11	1.668281500950467677e+00	1.210294014236714365e-02	2.732169103979841474e+00	2.783016685253455691e+00	4.038222229324384821e-02	1.451023362785413759e-02	6.498803478091016927e+01	2.849577207671154611e+01	-6.242291625984571768e-01	6.632277497659368193e-02	6.277425889000737280e-01	-9.530628333671380403e+00	-6.242291625984571768e-01	6.632277497659370968e-02	6.277425889000737280e-01	-9.530628333671380403e+00
5.448140900195694580e+11	1.666626518828555836e+00	1.208590373447939251e-02	2.760047921671441085e+00	2.777497884193511180e+00	4.028537533578486346e-02	1.450419658824774784e-02	5.760658870062367498e+01	2.767271016366002456e+01	-5.960080361597676069e-01	1.892458512848169683e-01	6.253315691659409037e-01	-9.732231754118293665e+00	-5.960080361597669407e-01	1.892458512848192997e-01	6.253315691659409037e-01	-9.732231754118297218e+00
5.510763209393345947e+11	1.668041635203291406e+00	1.076052597308517836e-02	2.485618150319801600e+00	2.782247107852452661e+00	3.589801067958497960e-02	1.290252421442671972e-02	5.883581485031590574e+01	2.781684654111105814e+01	-5.327577309287114815e-01	3.738337338576842583e-01	6.508321292271050940e-01	-1.003664097803781452e+01	-5.327577309287110374e-01	3.738337338576847579e-01	6.508321292271049829e-01	-1.003664097803781630e+01
5.573385518590998535e+11	1.667761023494144679e+00	1.147801958332513722e-02	2.681483983776132618e+00	2.781295086552681539e+00	3.828518737594433646e-02	1.376523748272877150e-02	3.668649858450253731e+01	2.459233915686260374e+01	-4.130972412553544082e-01	4.788877456487230511e-01	6.324419369912944733e-01	-1.028380022068852995e+01	-4.130972412553554629e-01	4.788877456487217188e-01	6.324419369912942512e-01	-1.028380022068852639e+01
5.636007827788649902e+11	1.668960520224257449e+00	1.232651947306909190e-02	2.912066007428269820e+00	2.785277274984903961e+00	4.114494870465566084e-02	1.477229900024178491e-02	4.937357530519732762e+01	2.661989533554085696e+01	-2.457107454911429678e-01	5.597630292809606667e-01	6.113169549420421900e-01	-1.058194330529402549e+01	-2.457107454911439948e-01	5.597630292809598895e-01	6.113169549420418569e-01	-1.058194330529402372e+01
5.698630136986301270e+11	1.667197978599668673e+00	1.268659422433000665e-02	3.030432960504802153e+00	2.779388150173808469e+00	4.230212849223443511e-02	1.521994273796881472e-02	5.244146823883561837e+01	2.703142067075668109e+01	-1.300518026416409845e-01	5.867192897172692767e-01	6.009600621477914073e-01	-1.077744181203638085e+01	-1.300518026416437600e-01	5.867192897172687216e-01	6.009600621477914073e-01	-1.077744181203637730e+01
5.761252446183952637e+11	1.667528374963231919e+00	1.220956458522759989e-02	2.948534699792415559e+00	2.780501807840155770e+00	4.071959078362641371e-02	1.464469135348509844e-02	5.616397381259265842e+01	2.749957685759980919e+01	3.050131619163672092e-02	6.074076345422726453e-01	6.081729727550059250e-01	-1.104574770616547852e+01	3.050131619163859095e-02	6.074076345422724232e-01	6.081729727550058140e-01	-1.104574770616548207e+01
5.823874755381605225e+11	1.666993627972980896e+00	1.153275366196440145e-02	2.815361734286716544e+00	2.778734751295493410e+00	3.845005373495343631e-02	1.383725226635157055e-02	5.353421534119146230e+01	2.717220868055896688e+01	1.760540591662085874e-01	5.946807366742358214e-01	6.201936877462642661e-01	-1.128340148733951942e+01	1.760540591662071719e-01	5.946807366742363765e-01	6.201936877462643771e-01	-1.128340148733951764e+01
5.886497064579256592e+11	1.668474188684975434e+00	1.207688109354418567e-02	2.979894463044452380e+00	2.783660267251039766e+00	4.029992876879210512e-02	1.447731579995919192e-02	5.588840888931991913e+01	2.746599996085036466e+01	3.406290928424264841e-01	5.003351813867615849e-01	6.052796648029553639e-01	-1.159329901909605631e+01	3.406290928424265396e-01	5.003351813867614739e-01	6.052796648029553639e-01	-1.159329901909605631e+01
5.949119373776907959e+11	1.667689880282344550e+00	1.267074339963893473e-02	3.159686106255326532e+00	2.781028989057841461e+00	4.226174108646432726e-02	1.519644032936951980e-02	5.239110424316377390e+01	2.702486132070329106e+01	4.335038279955859553e-01	3.996392725155459846e-01	5.896075957987494398e-01	-1.182159683356849200e+01	4.335038279955883977e-01	3.996392725155434311e-01	5.896075957987494398e-01	-1.182159683356849733e+01
6.011741682974559326e+11	1.667447693037222400e+00	1.333587715484260174e-02	3.360555394555313491e+00	2.780203963395666111e+00	4.447375519294018836e-02	1.599658002739523521e-02	5.668071869638385607e+01	2.756209915442501313e+01	5.032364074917987651e-01	2.730136742243776671e-01	5.725236660075689876e-01	-1.206929162623610274e+01	5.032364074918007635e-01	2.730136742243745029e-01	5.725236660075692097e-01	-1.206929162623610985e+01
6.074363992172210693e+11	1.666364860970575013e+00	1.231425370279247769e-02	3.135436938067944546e+00	2.776620209033227038e+00	4.104007931882035221e-02	1.478058799158197580e-02	5.428122860198922695e+01	2.726680867826056698e+01	5.686480233897661662e-01	1.639286662373638792e-01	5.918050203567465362e-01	-1.228570241640597160e+01	5.686480233897659442e-01	1.639286662373638792e-01	5.918050203567462031e-01	-1.228570241640597160e+01
6.136986301369863281e+11	1.667476761817341169e+00	1.239954981201348179e-02	3.189702895090894330e+00	2.780325002365305220e+00	4.135192233705812376e-02	1.487305343867310892e-02	5.804663020088220549e+01	2.772465888327952399e+01	5.869214554027790687e-01	-1.023844858455192491e-02	5.870107500221225516e-01	-1.258381317016397105e+01	5.869214554027791797e-01	-1.023844858455183991e-02	5.870107500221226626e-01	-1.258381317016397105e+01
6.199608610567514648e+11	1.667366409739530431e+00	1.239803431033598483e-02	3.221857052855205961e+00	2.779957033072931516e+00	4.134413191170484975e-02	1.487221975729730548e-02	5.706710034931915487e+01	2.760847714503086081e+01	5.631017327277113571e-01	-1.557796138804568853e-01	5.842523851056964368e-01	-1.283626607722932889e+01	5.631017327277115792e-01	-1.557796138804553032e-01	5.842523851056963258e-01	-1.283626607722932533e+01
6.262230919765166016e+11	1.667698755889279294e+00	1.356691648806030229e-02	3.561224815309323333e+00	2.781035079171655600e+00	4.525105949678383255e-02	1.627130122726178421e-02	5.874332373280704900e+01	2.780610648173120936e+01	4.770389550366710973e-01	-2.853730893850940364e-01	5.558812505991472808e-01	-1.310547848123364645e+01	4.770389550366710418e-01	-2.853730893850939809e-01	5.558812505991472808e-01	-1.310547848123364645e+01
6.324853228962817383e+11	1.666352217576776873e+00	1.337420500459236480e-02	3.545745733542141398e+00	2.776550843663537105e+00	4.457227233545783124e-02	1.605310863915125272e-02	5.622134686928018965e+01	2.750654689771176820e+01	4.101605886131242662e-01	-3.772172276897397536e-01	5.572472927860642189e-01	-1.330995383500571805e+01	4.101605886131235446e-01	-3.772172276897406418e-01	5.572472927860642189e-01	-1.330995383500572160e+01
6.387475538160469971e+11	1.666445246814286518e+00	1.315102752725134071e-02	3.521097880306228500e+00	2.776866811104905519e+00	4.383093462702367105e-02	1.578431289961058567e-02	5.776491285377387896e+01	2.769144654606366274e+01	3.005189729642872565e-01	-4.716392814972975578e-01	5.592452636927710552e-01	-1.356985709743556079e+01	3.005189729642901431e-01	-4.716392814972956149e-01	5.592452636927710552e-01	-1.356985709743555546e+01
6.450097847358121338e+11	1.666404151933933431e+00	1.232813264410503006e-02	3.333133914059745351e+00	2.776750814728161210e+00	4.108730284745776284e-02	1.479689953795156575e-02	5.332659278759416566e+01	2.714568135540035598e+01	1.767617685613036005e-01	-5.469994710897516654e-01	5.748505407472345174e-01	-1.382461105091321940e+01	1.767617685613024903e-01	-5.469994710897519985e-01	5.748505407472344064e-01	-1.382461105091322118e+01
6.512720156555772705e+11	1.667333249658220495e+00	1.316474728397227546e-02	3.593884413342287143e+00	2.779826854844790862e+00	4.390004173982945540e-02	1.579236550770014499e-02	5.580429981010143337e+01	2.745571849641386919e+01	1.067033548716892627e-02	-5.531174341399146543e-01	5.532203467054800372e-01	-1.411787806783610577e+01	1.067033548717283634e-02	-5.531174341399143213e-01	5.532203467054798152e-01	-1.411787806783609867e+01
6.575342465753424072e+11	1.666677022350202320e+00	1.338056101363856686e-02	3.687923137493278158e+00	2.777633257417097212e+00	4.460214717517266281e-02	1.605760841755182050e-02	5.057063175253982479e+01	2.678343180290555026e+01	-1.141735655560427720e-01	-5.336189957576111809e-01	5.456966517261594429e-01	-1.434794963679411772e+01	-1.141735655560413981e-01	-5.336189957576110698e-01	5.456966517261591099e-01	-1.434794963679411595e+01
6.637964774951076660e+11	1.666497601741084411e+00	1.392389485305639552e-02	3.874225002807897056e+00	2.777020381760907153e+00	4.640827475902702115e-02	1.671153552340856607e-02	5.122442429735579594e+01	2.687112301844685547e+01	-2.356144116047342307e-01	-4.758766121988827202e-01	5.310110177705646972e-01	-1.459690020626464246e+01	-2.356144116047317882e-01	-4.758766121988840525e-01	5.310110177705648082e-01	-1.459690020626463713e+01
6.700587084148728027e+11	1.665793700700796132e+00	1.295959335480897749e-02	3.639933014736671080e+00	2.774700702234531580e+00	4.317601794816938732e-02	1.556060367642489450e-02	4.846199589152066523e+01	2.649267775479313869e+01	-3.486511869704359001e-01	-4.248559220535531034e-01	5.496000406476228006e-01	-1.482436352993948780e+01	-3.486511869704385647e-01	-4.248559220535512715e-01	5.496000406476230227e-01	-1.482436352993949313e+01
6.763209393346379395e+11	1.666661284822154698e+00	1.321316379932024540e-02	3.745836469213997155e+00	2.777585250627447433e+00	4.404373710868132730e-02	1.585684439342842367e-02	4.918257934995011027e+01	2.659343606884466027e+01	-4.491041729445605091e-01	-3.017449833720247110e-01	5.410587705105621703e-01	-1.511635877549051088e+01	-4.491041729445599540e-01	-3.017449833720254326e-01	5.410587705105620593e-01	-1.511635877549050910e+01
6.825831702544030762e+11	1.666681611107799554e+00	1.305733226473586132e-02	3.735933978733106287e+00	2.777657098879018793e+00	4.352483115151963705e-02	1.566961997184065231e-02	4.476393120885856547e+01	2.595079843126026731e+01	-5.118208696472114072e-01	-1.778252405592188889e-01	5.418324637619749140e-01	-1.537357403231568398e+01	-5.118208696472116292e-01	-1.778252405592183061e-01	5.418324637619749140e-01	-1.537357403231568398e+01
6.888454011741683350e+11	1.666804073277786902e+00	1.433006432736231954e-02	4.137700619425398685e+00	2.778030467951795757e+00	4.777081918236044528e-02	1.719593061827763905e-02	4.787827508143430322e+01	2.640995224202275082e+01	-5.094834484511661099e-01	-3.728694326428950295e-02	5.108460632946938418e-01	-1.563490773510912035e+01	-5.094834484511662209e-01	-3.728694326428797640e-02	5.108460632946938418e-01	-1.563490773510912391e+01
6.951076320939334717e+11	1.665818324617899915e+00	1.366199656114840295e-02	3.980662795233227413e+00	2.774764040482750271e+00	4.551680844485548466e-02	1.640384832035538670e-02	4.375004290744909952e+01	2.579439938249538500e+01	-5.175862899483362201e-01	7.366198245798771804e-02	5.228017360358743204e-01	-1.584933218186083081e+01	-5.175862899483357760e-01	7.366198245799086830e-02	5.228017360358743204e-01	-1.584933218186083792e+01
7.013698630136986084e+11	1.666054416967203355e+00	1.398394532588115649e-02	4.111175146747442888e+00	2.775541769569050743e+00	4.659602775362435556e-02	1.678808377683293357e-02	4.671301356483417777e+01	2.624175027418548112e+01	-4.708763214821994891e-01	2.032609993280614369e-01	5.128738090217221934e-01	-1.611546596660840791e+01	-4.708763214821986565e-01	2.032609993280632688e-01	5.128738090217220824e-01	-1.611546596660841146e+01
7.076320939334637451e+11	1.666149891016629025e+00	1.305441027367438417e-02	3.872165759856311507e+00	2.775885041707131240e+00	4.350120850953787671e-02	1.567111312462177164e-02	4.382010879023932404e+01	2.580532352681859365e+01	-4.170032948328615818e-01	3.289486160421171701e-01	5.311298710273096857e-01	-1.637586180217505216e+01	-4.170032948328638578e-01	3.289486160421138949e-01	5.311298710273095747e-01	-1.637586180217504506e+01
7.138943248532290039e+11	1.666678494442128455e+00	1.432312425277720326e-02	4.286085695741431500e+00	2.777612051947519589e+00	4.774408633065248958e-02	1.718889659093204847e-02	4.619745427864251752e+01	2.616598760539049451e+01	-2.919554126526163751e-01	4.057039554217796717e-01	4.998336347446387107e-01	-1.665498241339206231e+01	-2.919554126526154314e-01	4.057039554217804489e-01	4.998336347446387662e-01	-1.665498241339206587e+01
7.201565557729941406e+11	1.666248699388799270e+00	1.400678324541144645e-02	4.228189930861159240e+00	2.776188538237981174e+00	4.667756873057529732e-02	1.681354421274322899e-02	4.359474263783370418e+01	2.577012363984960075e+01	-1.899725509653377442e-01	4.669486397058749128e-01	5.041136798812791975e-01	-1.689237214047598101e+01	-1.899725509653358013e-01	4.669486397058757454e-01	5.041136798812793085e-01	-1.689237214047598457e+01
7.264187866927592773e+11	1.665820106917300869e+00	1.486157267976261770e-02	4.525233549067293026e+00	2.774735762267451555e+00	4.951341318072280395e-02	1.784437057179872124e-02	4.662290445010823703e+01	2.622856901514924033e+01	-7.186831196513898679e-02	4.772908797147842330e-01	4.826713562286777948e-01	-1.712930686035186056e+01	-7.186831196514148479e-02	4.772908797147842885e-01	4.826713562286781833e-01	-1.712930686035185346e+01
7.326810176125244141e+11	1.665689517219632654e+00	1.373809216072867205e-02	4.219204022534842835e+00	2.774332832599156085e+00	4.576679219744592131e-02	1.649650382955996503e-02	4.515008939882476824e+01	2.600943618733283103e+01	5.082766407840258460e-02	5.022352560550168432e-01	5.048006575474275337e-01	-1.737961909431825802e+01	5.082766407839744288e-02	5.022352560550170653e-01	5.048006575474273117e-01	-1.737961909431824736e+01
7.389432485322896729e+11	1.665916160498060128e+00	1.444607896407153202e-02	4.474558918714722999e+00	2.775067964611162008e+00	4.813191280415567846e-02	1.734440864798777668e-02	4.544096983620890740e+01	2.605327588088583113e+01	1.744718547954879628e-01	4.538610911232592859e-01	4.862410082987378979e-01	-1.764576047411138049e+01	1.744718547954875187e-01	4.538610911232591749e-01	4.862410082987376758e-01	-1.764576047411138049e+01
7.452054794520548096e+11	1.666230970154440438e+00	1.404436774436893312e-02	4.386997565364644913e+00	2.776128401636468901e+00	4.680232098381115896e-02	1.685884592233636778e-02	4.276334935156615558e+01	2.563867571540939849e+01	2.931285919419838737e-01	3.957478105133602764e-01	4.924842138992970852e-01	-1.791627913044740694e+01	2.931285919419831520e-01	3.957478105133608315e-01	4.924842138992971408e-01	-1.791627913044740694e+01
7.514677103718199463e+11	1.665689991807917325e+00	1.526161741406492460e-02	4.807286964983343402e+00	2.774290231842966303e+00	5.084224677081874283e-02	1.832621770687781898e-02	3.650847563760552816e+01	2.455913194444152836e+01	3.535325462031664867e-01	2.991380749193310873e-01	4.631078158391816468e-01	-1.814730698277022114e+01	3.535325462031662647e-01	2.991380749193315869e-01	4.631078158391817579e-01	-1.814730698277021759e+01
7.577299412915850830e+11	1.665847047227285938e+00	1.427699652212073740e-02	4.534615449307296764e+00	2.774842552126174589e+00	4.756658499929812545e-02	1.714208431856829515e-02	3.360194807228815250e+01	2.399279136860694805e+01	4.362929130069393979e-01	2.047727814973617222e-01	4.819578798839656564e-01	-1.841072999813334476e+01	4.362929130069395089e-01	2.047727814973613614e-01	4.819578798839656009e-01	-1.841072999813334476e+01
7.639921722113503418e+11	1.665137510187225445e+00	1.477131828449854828e-02	4.730394119885497517e+00	2.772464735988650286e+00	4.919255230086590214e-02	1.774325626663886962e-02	4.232959954917552636e+01	2.556907938884452847e+01	4.574738174878084096e-01	1.004564319450837323e-01	4.683735564760310721e-01	-1.863339723037321249e+01	4.574738174878082431e-01	1.004564319450837184e-01	4.683735564760308501e-01	-1.863339723037321249e+01
7.702544031311154785e+11	1.666081889068891986e+00	1.402834328529376992e-02	4.529285903038880789e+00	2.775632066668038078e+00	4.674473736253829947e-02	1.684111447042483875e-02	3.854701624200397703e+01	2.493005220551739143e+01	4.805813827709504160e-01	-4.064390451174061669e-02	4.822969960926547506e-01	-1.893392751408301677e+01	4.805813827709500829e-01	-4.064390451174321184e-02	4.822969960926546396e-01	-1.893392751408302033e+01
7.765166340508806152e+11	1.665618628277335755e+00	1.505814264307550436e-02	4.901300513806890358e+00	2.774058667204614359e+00	5.016224578712775301e-02	1.808261893670606857e-02	3.992083174846157334e+01	2.516911824834292588e+01	4.338063576979794833e-01	-1.429138495594816094e-01	4.567409817118422977e-01	-1.916779981332322791e+01	4.338063576979795388e-01	-1.429138495594808600e-01	4.567409817118421311e-01	-1.916779981332322436e+01
7.827788649706457520e+11	1.665991878502526946e+00	1.489331100214119803e-02	4.886743127078800875e+00	2.775307128523771816e+00	4.962427034715913288e-02	1.788064097019598578e-02	3.631541479065592171e+01	2.452293614372045027e+01	3.797574996579588524e-01	-2.554514313264608649e-01	4.576802293230527452e-01	-1.944170308793826507e+01	3.797574996579594631e-01	-2.554514313264600878e-01	4.576802293230528007e-01	-1.944170308793826507e+01
7.890410958904110107e+11	1.664964646559384143e+00	1.524053506544458675e-02	5.040678504138149663e+00	2.771875000383533738e+00	5.074990415722769460e-02	1.830887184674836674e-02	3.655993590795400650e+01	2.456874760910466904e+01	3.123116306984993207e-01	-3.205464923405560995e-01	4.475361532003755416e-01	-1.964796552718977907e+01	3.123116306984971002e-01	-3.205464923405580979e-01	4.475361532003753751e-01	-1.964796552718978617e+01
7.953033268101761475e+11	1.665695779644025043e+00	1.467100764380971020e-02	4.890822523787138998e+00	2.774327191858631636e+00	4.887487103083813095e-02	1.761683739908663157e-02	3.350012720341232608e+01	2.397207383650611234e+01	2.115905558978000700e-01	-4.055260562761456855e-01	4.574078548341991013e-01	-1.993944220510928744e+01	2.115905558977946299e-01	-4.055260562761486276e-01	4.574078548341991568e-01	-1.993944220510930165e+01
8.015655577299412842e+11	1.665205173605403877e+00	1.490316268602598707e-02	5.007335043551917053e+00	2.772686165944157288e+00	4.963364721570696220e-02	1.790092503989021422e-02	3.268924477080584268e+01	2.380479992975507031e+01	1.108733122072642213e-01	-4.358090239515653996e-01	4.496914461243682881e-01	-2.017122917989325614e+01	1.108733122072659144e-01	-4.358090239515649000e-01	4.496914461243681216e-01	-2.017122917989325259e+01
8.078277886497064209e+11	1.666110106904383104e+00	1.509088118926723947e-02	5.110019406707866807e+00	2.775695153633866319e+00	5.028613934306276623e-02	1.811659298292519343e-02	3.208125675739888294e+01	2.367663554603103648e+01	-2.280563149582533894e-02	-4.423197284250430239e-01	4.429072577661459231e-01	-2.047186578883316344e+01	-2.280563149582849614e-02	-4.423197284250429684e-01	4.429072577661459786e-01	-2.047186578883317054e+01
8.140900195694715576e+11	1.665137447695481443e+00	1.547849868648173283e-02	5.281903060058287913e+00	2.772443135796234692e+00	5.154765559393210961e-02	1.859286307025656212e-02	2.985164436986297432e+01	2.318489897319820869e+01	-1.106129670253727382e-01	-4.175467352723832293e-01	4.319496551807650575e-01	-2.067931536258914349e+01	-1.106129670253717945e-01	-4.175467352723835068e-01	4.319496551807650575e-01	-2.067931536258913994e+01
8.203522504892368164e+11	1.665605770182694068e+00	1.543268275621084880e-02	5.306778532102128132e+00	2.774004413968831351e+00	5.140953089628750444e-02	1.853260601800366808e-02	3.004377766994418053e+01	2.322869627366675260e+01	-2.206294297015132522e-01	-3.694775805325009044e-01	4.303382713245078039e-01	-2.095866533031123424e+01	-2.206294297015163053e-01	-3.694775805324994056e-01	4.303382713245080260e-01	-2.095866533031124135e+01
8.266144814090019531e+11	1.664893220906198401e+00	1.523636699182636355e-02	5.279266613157776789e+00	2.771637290140305687e+00	5.073384823186136150e-02	1.830464917337474434e-02	2.958525451093412784e+01	2.312370603675120861e+01	-2.971001687150198189e-01	-3.137729335426196475e-01	4.321133694696733807e-01	-2.117846384988650854e+01	-2.971001687150210957e-01	-3.137729335426185928e-01	4.321133694696734917e-01	-2.117846384988651209e+01
8.328767123287670898e+11	1.665848668488036255e+00	1.530961616516712809e-02	5.344833523089305594e+00	2.774817401956238605e+00	5.100700740761315161e-02	1.838211313351766768e-02	2.911240638166310646e+01	2.301371757832981402e+01	-3.738374626601574380e-01	-2.082147202462121816e-01	4.279109933331849414e-01	-2.148297299712869091e+01	-3.738374626601573270e-01	-2.082147202462125146e-01	4.279109933331849414e-01	-2.148297299712869091e+01
8.391389432485322266e+11	1.665310444013171187e+00	1.562673395468519577e-02	5.496563580932631865e+00	2.773014680125254650e+00	5.204672652110500092e-02	1.876900504499099884e-02	2.914946994292515470e+01	2.302240317339674291e+01	-4.022390436997634877e-01	-1.156343186514029037e-01	4.185302186538917280e-01	-2.171122035251248406e+01	-4.022390436997643759e-01	-1.156343186513998089e-01	4.185302186538917280e-01	-2.171122035251249116e+01
8.454011741682974854e+11	1.665684930652557627e+00	1.596963649691919562e-02	5.659095703608872263e+00	2.774251258913172258e+00	5.320076572183480429e-02	1.917662127787101919e-02	2.909605004373063863e+01	2.300988106383218579e+01	-4.086462694471034163e-01	-1.929520257642980624e-03	4.086508247654215831e-01	-2.198642687310244170e+01	-4.086462694471034718e-01	-1.929520257643969417e-03	4.086508247654216386e-01	-2.198642687310243815e+01
8.516634050880626221e+11	1.664829233419695020e+00	1.593437228914448139e-02	5.688425929715784868e+00	2.771402472228560399e+00	5.305601760632087244e-02	1.914410416313768945e-02	2.935606163650457745e+01	2.307061510941496607e+01	-3.982969468697667437e-01	8.343817751922297243e-02	4.069427322775370226e-01	-2.219764973520942775e+01	-3.982969468697669657e-01	8.343817751922123771e-02	4.069427322775369116e-01	-2.219764973520942419e+01
8.579256360078277588e+11	1.665403841638004367e+00	1.580108154058939077e-02	5.682319127166087114e+00	2.773320281564770617e+00	5.263036379946585408e-02	1.897738394996001041e-02	2.902806060393925236e+01	2.299391042897864423e+01	-3.588744860542301129e-01	1.925388086129470322e-01	4.072616966555789864e-01	-2.248357378386271321e+01	-3.588744860542298354e-01	1.925388086129478371e-01	4.072616966555791529e-01	-2.248357378386271677e+01
8.641878669275928955e+11	1.664957548529863995e+00	1.583374158795803135e-02	5.735626709750956564e+00	2.771832931033900493e+00	5.272501515668392286e-02	1.902171468069591143e-02	2.920952396210056534e+01	2.303645301007103541e+01	-3.025861246272270599e-01	2.678585674403111683e-01	4.041120821852515754e-01	-2.271574373495577248e+01	-3.025861246272270044e-01	2.678585674403114458e-01	4.041120821852517420e-01	-2.271574373495577248e+01
8.704500978473581543e+11	1.665688565454939818e+00	1.619670955446865512e-02	5.909623783640574501e+00	2.774256063686943552e+00	5.395734780574642370e-02	1.944930336893197290e-02	2.767244559200920406e+01	2.266742106110777399e+01	-2.063851037970579894e-01	3.354904816961641334e-01	3.938891650934900346e-01	-2.301044251993513612e+01	-2.063851037970597380e-01	3.354904816961629677e-01	3.938891650934899236e-01	-2.301044251993512901e+01
8.767123287671232910e+11	1.664616072542648206e+00	1.637575319847327932e-02	6.017935924906003820e+00	2.770678503674493864e+00	5.451868394834059883e-02	1.967701553104682713e-02	2.805330706981263589e+01	2.276073675885726999e+01	-1.341566734256320059e-01	3.637953616975289073e-01	3.877435727607455584e-01	-2.320864764884105114e+01	-1.341566734256334492e-01	3.637953616975285742e-01	3.877435727607456695e-01	-2.320864764884104758e+01
8.829745596868884277e+11	1.665215646091920743e+00	1.622112456304801789e-02	6.003690716424327611e+00	2.772680023107243041e+00	5.402334083918706314e-02	1.948415987022009133e-02	2.601594561036433362e+01	2.224602957805022641e+01	-2.531850257865656331e-02	3.876827236235911855e-01	3.885085851934693690e-01	-2.349673023524153592e+01	-2.531850257865511655e-02	3.876827236235912411e-01	3.885085851934692580e-01	-2.349673023524153948e+01
8.892367906066535645e+11	1.664413290371160370e+00	1.609570601317857411e-02	5.999521510196558438e+00	2.770012529412089641e+00	5.357981401248284453e-02	1.934280565288803294e-02	2.633957583466056107e+01	2.233042695646492248e+01	5.686099822822385241e-02	3.846037947049528727e-01	3.887843258426960102e-01	-2.370872469886262834e+01	5.686099822822365119e-02	3.846037947049528172e-01	3.887843258426959547e-01	-2.370872469886262834e+01
8.954990215264188232e+11	1.665467302528269133e+00	1.622149637553945561e-02	6.088989015547580763e+00	2.773518198846127270e+00	5.403274362308358586e-02	1.948166182776912836e-02	2.453605773842715010e+01	2.184622166107038765e+01	1.703863623557106965e-01	3.437393485793443504e-01	3.836512116995898780e-01	-2.402213437725932721e+01	1.703863623557148876e-01	3.437393485793423520e-01	3.836512116995899890e-01	-2.402213437725934142e+01
9.017612524461839600e+11	1.664509835367610435e+00	1.635485079762608387e-02	6.181976045177318468e+00	2.770325510890896847e+00	5.444562001723685096e-02	1.965314899032493887e-02	2.436813709614399670e+01	2.179934069843234568e+01	2.329758439760135913e-01	2.983119102475570994e-01	3.785072518088423155e-01	-2.422498064115914929e+01	2.329758439760135913e-01	2.983119102475570994e-01	3.785072518088423155e-01	-2.422498064115914929e+01
9.080234833659490967e+11	1.665266629890774341e+00	1.671886257469645809e-02	6.363454885925847293e+00	2.772833428261985311e+00	5.568272787074352720e-02	2.008152646430172092e-02	2.242021549998745655e+01	2.123059036454840154e+01	3.020383146144113851e-01	2.111499993721188406e-01	3.685260719812913921e-01	-2.452263063598034165e+01	3.020383146144118292e-01	2.111499993721181745e-01	3.685260719812913366e-01	-2.452263063598034165e+01
9.142857142857142334e+11	1.664036390950473399e+00	1.630412701880759249e-02	6.248397430790546103e+00	2.768751285849631483e+00	5.426132136394937189e-02	1.959775933694907560e-02	2.218334215746927285e+01	2.115808208318372508e+01	3.417651734890951865e-01	1.539803980415987428e-01	3.748511661861017585e-01	-2.470943463968987430e+01	3.417651734890948534e-01	1.539803980415996865e-01	3.748511661861018696e-01	-2.470943463968987075e+01
9.205479452054794922e+11	1.665199760461895329e+00	1.649865149346360638e-02	6.366254892110194241e+00	2.772618036741250958e+00	5.494710102971978039e-02	1.981776800900455701e-02	1.991285917148934814e+01	2.042096946828667114e+01	3.664365026532873104e-01	3.759933458523761346e-02	3.683604490686062660e-01	-2.503049102193963193e+01	3.664365026532874214e-01	3.759933458523576078e-02	3.683604490686062105e-01	-2.503049102193963904e+01
9.268101761252446289e+11	1.664380459198290252e+00	1.604811478498279972e-02	6.234533698135016344e+00	2.769904770972959618e+00	5.342033731019308479e-02	1.928598335582078563e-02	1.985073651600885469e+01	2.039963894273072498e+01	3.734278242271963366e-01	-4.009961518681261217e-02	3.755746517607229662e-01	-2.523971382332814528e+01	3.734278242271962256e-01	-4.009961518681254972e-02	3.755746517607228552e-01	-2.523971382332814528e+01
9.330724070450097656e+11	1.665448423314949356e+00	1.704318156607770654e-02	6.665844501640906472e+00	2.773427980684356253e+00	5.676907973498904886e-02	2.046892154054817670e-02	1.932757194584329952e+01	2.021731013185952364e+01	3.213759392398874426e-01	-1.448562424896633893e-01	3.525135817391210624e-01	-2.555620843360852845e+01	3.213759392398883863e-01	-1.448562424896615020e-01	3.525135817391211734e-01	-2.555620843360852135e+01
9.393346379647749023e+11	1.664211059412016969e+00	1.642565618553968806e-02	6.467437291350895734e+00	2.769328648088142497e+00	5.467151736414910951e-02	1.974179460494607935e-02	1.899409716345102339e+01	2.009849646918753052e+01	2.979075015881953448e-01	-2.073581431581913437e-01	3.629687025578563486e-01	-2.574081041984560159e+01	2.979075015881950117e-01	-2.073581431581916212e-01	3.629687025578562376e-01	-2.574081041984560514e+01
9.455968688845401611e+11	1.665065153982879576e+00	1.713538836737518375e-02	6.791866463880738891e+00	2.772148345473529396e+00	5.706307614096000486e-02	2.058442371388053208e-02	1.826914287460536457e+01	1.983283923219000755e+01	2.115922265161315208e-01	-2.738470870542609181e-01	3.460686310692690504e-01	-2.604568756059968848e+01	2.115922265161290783e-01	-2.738470870542625835e-01	3.460686310692688838e-01	-2.604568756059969914e+01
9.518590998043052979e+11	1.664321109296783341e+00	1.629543462179323249e-02	6.501712708833081500e+00	2.769699213661362514e+00	5.424167165243224537e-02	1.958395748711221074e-02	1.851900636467336980e+01	1.992557310143179095e+01	1.556063969456882856e-01	-3.258816738393515156e-01	3.611263160097261671e-01	-2.625805667407027499e+01	1.556063969456897567e-01	-3.258816738393509049e-01	3.611263160097262226e-01	-2.625805667407027144e+01
9.581213307240704346e+11	1.665230455529812303e+00	1.736201435817214672e-02	6.972841303965799042e+00	2.772691030481452934e+00	5.782351015714828901e-02	2.085465330304320242e-02	1.761517732836178851e+01	1.958399070647432438e+01	4.592610619048893839e-02	-3.338449511740780307e-01	3.369891076195826174e-01	-2.656682846693497879e+01	4.592610619048648896e-02	-3.338449511740784192e-01	3.369891076195826174e-01	-2.656682846693498590e+01
9.643835616438355713e+11	1.664445876375719280e+00	1.670744417765418835e-02	6.753812178445913972e+00	2.770100936693186799e+00	5.561727313254807153e-02	2.007770633764028104e-02	1.786165353603216133e+01	1.967884871739277841e+01	-2.528590149332540435e-02	-3.470893260457794116e-01	3.480091623351941332e-01	-2.677626036242822849e+01	-2.528590149332445372e-02	-3.470893260457793561e-01	3.480091623351940222e-01	-2.677626036242822494e+01
9.706457925636008301e+11	1.664890098738741386e+00	1.781145787545655376e-02	7.246852226888820248e+00	2.771541792846646590e+00	5.930823972189958743e-02	2.139900609652513330e-02	1.752898561064335681e+01	1.955050572653480501e+01	-1.123786948251736945e-01	-3.035997668086640733e-01	3.237310449383634658e-01	-2.705805300138045766e+01	-1.123786948251746520e-01	-3.035997668086636847e-01	3.237310449383634658e-01	-2.705805300138046121e+01
9.769080234833659668e+11	1.664079457924089400e+00	1.680023545199951437e-02	6.879521083355350619e+00	2.768878194373688650e+00	5.591385340792084241e-02	2.019368476429797554e-02	1.697511716545112037e+01	1.933132112951254911e+01	-1.819787215772535327e-01	-2.891640784665369113e-01	3.416608250623607290e-01	-2.726524227193213790e+01	-1.819787215772558087e-01	-2.891640784665353570e-01	3.416608250623606735e-01	-2.726524227193214855e+01
9.831702544031311035e+11	1.664581984874551113e+00	1.775879898583564154e-02	7.318658505766275191e+00	2.770517809427480938e+00	5.912195372966091295e-02	2.133967647797877995e-02	1.734983879018422925e+01	1.948037829619187988e+01	-2.400822374272982007e-01	-2.120837457774626400e-01	3.203419984190287173e-01	-2.755077758882195127e+01	-2.400822374272989779e-01	-2.120837457774618073e-01	3.203419984190287173e-01	-2.755077758882195482e+01
9.894324853228962402e+11	1.663890258763281116e+00	1.653786845881028908e-02	6.858906134453986780e+00	2.768257292114177925e+00	5.503439645864591223e-02	1.988052072161795164e-02	1.385693397512497071e+01	1.794576752141449560e+01	-2.991018870405459662e-01	-1.672472584241829763e-01	3.426858390444825209e-01	-2.776448156726864269e+01	-2.991018870405467989e-01	-1.672472584241813942e-01	3.426858390444824654e-01	-2.776448156726864624e+01
9.956947162426614990e+11	1.664541145291987823e+00	1.804657896058608699e-02	7.531998930123607217e+00	2.770371545357781518e+00	6.007854642331251355e-02	2.168609713162269331e-02	1.536051363805108672e+01	1.864900957188590525e+01	-3.033219271327909361e-01	-6.624367065305789004e-02	3.104712794786998464e-01	-2.805931600821478256e+01	-3.033219271327906030e-01	-6.624367065305879210e-02	3.104712794786996799e-01	-2.805931600821477900e+01
1.001956947162426636e+12	1.663737990095199626e+00	1.680241249948100091e-02	7.056833396490715060e+00	2.767741778620211868e+00	5.590962400127395815e-02	2.020044804510133865e-02	1.499981014721827499e+01	1.848679075789327442e+01	-3.328703214624479378e-01	-2.900395697024113397e-03	3.328829572172669060e-01	-2.826562081264515314e+01	-3.328703214624478268e-01	-2.900395697024495036e-03	3.328829572172667950e-01	-2.826562081264515314e+01
1.008219178082191772e+12	1.664207247000723644e+00	1.798756274317704629e-02	7.601799961807047978e+00	2.769262208556287685e+00	5.987006454615091677e-02	2.161950008242926810e-02	1.501130783024869508e+01	1.849202152060554027e+01	-2.957341083654036473e-01	8.355885852682136405e-02	3.073121307221465259e-01	-2.854970308235730059e+01	-2.957341083654035363e-01	8.355885852682251591e-02	3.073121307221467480e-01	-2.854970308235730414e+01
1.014481409001956909e+12	1.663716616983193175e+00	1.653728107934410163e-02	7.032299550979217884e+00	2.767679499960503886e+00	5.502669866285307687e-02	1.988188974324459762e-02	1.369347137953314508e+01	1.786475869619489742e+01	-2.931006032566185748e-01	1.602840990053413239e-01	3.340642992349643348e-01	-2.877476079311104229e+01	-2.931006032566179087e-01	1.602840990053426562e-01	3.340642992349643903e-01	-2.877476079311104940e+01
1.020743639921722046e+12	1.664270434885453342e+00	1.817215095923828058e-02	7.775210929534329019e+00	2.769465853363330510e+00	6.048674715947120056e-02	2.184058239462100676e-02	1.330363436071980310e+01	1.766759230025896699e+01	-2.108417797098588731e-01	2.128305441404124698e-01	2.995848737675597673e-01	-2.906442612108303791e+01	-2.108417797098598445e-01	2.128305441404118037e-01	2.995848737675599893e-01	-2.906442612108303081e+01
1.027005870841487305e+12	1.663824913921535975e+00	1.652039879857730015e-02	7.111850427310070444e+00	2.768040420609542362e+00	5.497410221798464808e-02	1.986029604505520907e-02	1.210827531855410299e+01	1.702487715101686305e+01	-1.734542531162959478e-01	2.809379136160227719e-01	3.301703942376661982e-01	-2.929200653004869537e+01	-1.734542531162944212e-01	2.809379136160239376e-01	3.301703942376664203e-01	-2.929200653004870247e+01
1.033268101761252441e+12	1.663982299616463045e+00	1.837055378652692819e-02	7.956543325129434407e+00	2.768499616190468693e+00	6.113655266986599973e-02	2.208291896171239721e-02	1.237837958045371778e+01	1.717548806076284507e+01	-8.291022878390764961e-02	2.796991312562508436e-01	2.917288296732110098e-01	-2.955695508972644348e+01	-8.291022878390762185e-02	2.796991312562508436e-01	2.917288296732110098e-01	-2.955695508972644348e+01
1.039530332681017578e+12	1.663856361567697784e+00	1.623551834647186942e-02	7.074446817281091704e+00	2.768154399873318461e+00	5.402714096825257661e-02	1.951738709760014387e-02	1.024338493982063625e+01	1.588307420908370204e+01	-1.346581798367423900e-02	3.316909685627553173e-01	3.319641951778357081e-01	-2.980455500915580203e+01	-1.346581798367705793e-02	3.316909685627553728e-01	3.319641951778358191e-01	-2.980455500915579492e+01
1.045792563600782715e+12	1.663732508565727075e+00	1.827326853148474040e-02	8.010339937747497530e+00	2.767671947715583336e+00	6.080366178716453684e-02	2.196924452601813765e-02	1.111275051958141979e+01	1.643917905949583158e+01	5.932110199242899423e-02	2.832895278112810833e-01	2.894338434066320298e-01	-3.005154860594634769e+01	5.932110199242785625e-02	2.832895278112813053e-01	2.894338434066319743e-01	-3.005154860594634414e+01
1.052054794520547974e+12	1.664533170835555964e+00	1.608872658433908864e-02	7.094947599008353478e+00	2.770411829688764538e+00	5.356043815227249510e-02	1.933302391301498779e-02	9.499015600090627842e+00	1.536804568518532221e+01	1.626096638742736689e-01	2.882068510918942006e-01	3.309155357513598461e-01	-3.035881896521730994e+01	1.626096638742739464e-01	2.882068510918940896e-01	3.309155357513599571e-01	-3.035881896521731349e+01
1.058317025440313110e+12	1.663722223681253887e+00	1.869243436760090887e-02	8.292219857479937062e+00	2.767622230468309130e+00	6.219803694416175394e-02	2.247345618901074732e-02	1.023741050584350099e+01	1.587909142467166923e+01	1.823051557727226046e-01	2.094952531215683034e-01	2.777110564989925257e-01	-3.056124163177219799e+01	1.823051557727252969e-01	2.094952531215659997e-01	2.777110564989925257e-01	-3.056124163177221220e+01
1.064579256360078247e+12	1.664819109133523156e+00	1.651976067799723960e-02	7.371755323038209795e+00	2.771349763643279118e+00	5.500482651008474499e-02	1.984766673325786060e-02	8.981763664682608450e+00	1.498580921060490034e+01	2.745531518130476245e-01	1.599231914628377049e-01	3.177339458385550208e-01	-3.088848500577013922e+01	2.745531518130467363e-01	1.599231914628392315e-01	3.177339458385550208e-01	-3.088848500577013212e+01
1.070841487279843384e+12	1.663418408381451830e+00	1.877246441799657398e-02	8.426275210192615717e+00	2.766608395921957619e+00	6.245292576716259675e-02	2.257382210623650257e-02	9.687952567700104822e+00	1.550249588868548578e+01	2.544417333059912356e-01	9.701065998251746925e-02	2.723080310934673509e-01	-3.105167140791313329e+01	2.544417333059919017e-01	9.701065998251572065e-02	2.723080310934673509e-01	-3.105167140791314040e+01
1.077103718199608643e+12	1.665119716457628574e+00	1.690487030722226738e-02	7.632354422459441956e+00	2.772337895495829319e+00	5.629726570542985253e-02	2.030678359838282085e-02	9.067039094781915054e+00	1.505031750978310789e+01	3.057996764704445369e-01	-1.113543359054267696e-03	3.058017039001598714e-01	-3.141956793424773409e+01	3.057996764704444814e-01	-1.113543359052731599e-03	3.058017039001598159e-01	-3.141956793424772698e+01
1.083365949119373779e+12	1.663621106627916291e+00	1.924497801656048501e-02	8.739402905836669788e+00	2.767264817239035057e+00	6.403270324988055706e-02	2.313934786832851434e-02	9.624481253056242025e+00	1.545762353097622999e+01	2.567822026548440273e-01	-4.126539005541626781e-02	2.600767810026474169e-01	-3.157526611128253435e+01	2.567822026548442493e-01	-4.126539005541517841e-02	2.600767810026474725e-01	-3.157526611128253080e+01
1.089628180039138916e+12	1.664662258159895769e+00	1.768872475992002216e-02	8.079119126417309005e+00	2.770787542758371025e+00	5.889150500563464924e-02	2.125442824353362264e-02	8.423064444596066735e+00	1.454738512701259978e+01	2.534795389977232971e-01	-1.333874310326646773e-01	2.864333839621217015e-01	-3.190033386308520136e+01	2.534795389977231306e-01	-1.333874310326650936e-01	2.864333839621217015e-01	-3.190033386308520136e+01
1.095890410958904053e+12	1.662809449833317910e+00	2.016194405401816256e-02	9.261657003502964614e+00	2.764528762466944123e+00	6.705094220006414807e-02	2.425402228053899142e-02	5.918190998531292379e+00	1.213797199458015896e+01	1.968030990781454159e-01	-1.389965433872886458e-01	2.409387865835982967e-01	-3.203084958948403482e+01	1.968030990781449718e-01	-1.389965433872892009e-01	2.409387865835982412e-01	-3.203084958948403482e+01
1.102152641878669189e+12	1.668428332880018683e+00	1.889243457932610060e-02	8.728082328235588605e+00	2.783296177872464305e+00	6.304134625845972395e-02	2.264988784149021828e-02	2.041707668245564378e+00	4.872762057323431151e+00	8.202065347001166740e-02	-2.470308349394588210e-01	2.602914155452190070e-01	-3.266614939321117816e+01	8.202065347001180617e-02	-2.470308349394588487e-01	2.602914155452190625e-01	-3.266614939321117816e+01
1.108414872798434326e+12	1.662823753476447841e+00	1.804400234381944162e-02	8.383480924233875697e+00	2.764657249104919057e+00	6.000799141017533478e-02	2.170539998388712477e-02	7.184386404599689691e+00	1.346151562538993218e+01	1.179086984868857463e-01	-2.473297214426500856e-01	2.739971756930538738e-01	-3.254186658253378539e+01	1.179086984868840254e-01	-2.473297214426509183e-01	2.739971756930538183e-01	-3.254186658253379250e+01
1.114677103718199707e+12	1.665240019306143404e+00	1.838653652814887726e-02	8.590890241897128021e+00	2.772686257173223812e+00	6.123599288621549286e-02	2.208543888721332948e-02	5.740286934751555492e+00	1.192961189005536404e+01	6.554453790464979945e-03	-2.656096019115087858e-01	2.656904618010995089e-01	-3.296205084868211799e+01	6.554453790466218538e-03	-2.656096019115088414e-01	2.656904618010996200e-01	-3.296205084868211799e+01
1.120939334637964844e+12	1.662887714669406991e+00	1.824958729474630836e-02	8.574806289160568085e+00	2.764862504162014734e+00	6.069402902044106901e-02	2.195191584719922637e-02	7.050479555847298130e+00	1.333307599151297573e+01	-1.843154770262254993e-02	-2.657677924384815871e-01	2.664061588033164729e-01	-3.305596406902567708e+01	-1.843154770262419098e-02	-2.657677924384815316e-01	2.664061588033165284e-01	-3.305596406902568418e+01
1.127201565557729980e+12	1.664641763484581372e+00	1.887824891750417705e-02	8.919745281308623319e+00	2.770675812454865827e+00	6.285104313907008411e-02	2.268437283659793802e-02	8.094872848017420353e+00	1.427607522636882642e+01	-1.090918789768602903e-01	-2.284969717323387106e-01	2.532032862139650953e-01	-3.343215402364083388e+01	-1.090918789768584168e-01	-2.284969717323396543e-01	2.532032862139651508e-01	-3.343215402364081967e+01
1.133463796477495117e+12	1.662794882465574720e+00	1.890719483151620528e-02	8.983051998651601977e+00	2.764529339137307584e+00	6.287757361524942690e-02	2.274440452669272694e-02	7.864006742203788924e+00	1.407854893125527340e+01	-1.359282130282367940e-01	-2.109253788502253590e-01	2.509302583192405955e-01	-3.355917773363759693e+01	-1.359282130282376544e-01	-2.109253788502248039e-01	2.509302583192405955e-01	-3.355917773363760404e+01
1.139726027397260254e+12	1.664739971997102774e+00	1.875680092196841883e-02	8.960833261073549494e+00	2.771007356784088049e+00	6.245039248318587366e-02	2.253707206164299454e-02	7.271062709563832271e+00	1.354338299651227473e+01	-2.066579444502021912e-01	-1.436230642734135643e-01	2.516646391443739250e-01	-3.395017054560278069e+01	-2.066579444502027185e-01	-1.436230642734127871e-01	2.516646391443739250e-01	-3.395017054560278780e+01
1.145988258317025391e+12	1.663025989656934822e+00	1.988439799095084726e-02	9.551724245821100467e+00	2.765260052990965001e+00	6.613654129526680414e-02	2.391693367997418246e-02	7.218612206481998861e+00	1.349395992258820520e+01	-2.055556876930720034e-01	-1.050694659847858370e-01	2.308521895614157327e-01	-3.408499266932164318e+01	-2.055556876930730026e-01	-1.050694659847837137e-01	2.308521895614156494e-01	-3.408499266932165739e+01
1.152250489236790527e+12	1.664514713050166517e+00	1.899599839005371854e-02	9.174833388905842213e+00	2.770248382005643162e+00	6.323823761864337534e-02	2.282764174844829907e-02	5.326215605166362721e+00	1.141851362394318059e+01	-2.423600173170715744e-01	-2.728834213339821624e-02	2.438914340650787105e-01	-3.444539716513257588e+01	-2.423600173170716576e-01	-2.728834213339797338e-02	2.438914340650787382e-01	-3.444539716513257588e+01
1.158512720156555664e+12	1.661919537477937858e+00	2.087449713137779633e-02	1.013691931582674854e+01	2.761540804420394846e+00	6.938346923532785759e-02	2.512491183337426173e-02	4.228221311938663796e+00	9.842519104307109856e+00	-2.117285975460392322e-01	-8.792495070360659137e-03	2.119110827407924280e-01	-3.451601583966824194e+01	-2.117285975460394265e-01	-8.792495070359031967e-03	2.119110827407925113e-01	-3.451601583966824904e+01
1.164774951076321045e+12	1.664359971498247770e+00	1.577103116774313321e-02	7.700009722109022903e+00	2.769845389301554217e+00	5.249734596968587408e-02	1.895316835100447142e-02	1.253141641780164850e+00	1.540456098905611526e+00	-2.801543918943256717e-01	1.146153902286039528e-01	3.026931961160253537e-01	-3.494585862473095972e+01	-2.801543918943257272e-01	1.146153902286041748e-01	3.026931961160254647e-01	-3.494585862473095972e+01
1.171037181996086182e+12	1.662935577181782865e+00	1.791630621178711205e-02	8.794442673011518607e+00	2.765033739828634651e+00	5.958732602252752447e-02	2.155030702309639751e-02	3.074944118961411288e+00	7.668271347905108115e+00	-2.210696676391099014e-01	1.328292911606895610e-01	2.579058326992969552e-01	-3.509856206400439049e+01	-2.210696676391089854e-01	1.328292911606908100e-01	2.579058326992968442e-01	-3.509856206400439760e+01
1.177299412915851318e+12	1.666633250967578972e+00	2.213585532586908114e-02	1.092376619582207020e+01	2.777176397139753394e+00	7.378470504940236319e-02	2.656824576407681646e-02	4.158223172075468987e+00	9.728558288789320940e+00	-9.181698270743189616e-02	1.648387623782190392e-01	1.886853886655769086e-01	-3.562010561785672991e+01	-9.181698270743349211e-02	1.648387623782181510e-01	1.886853886655768808e-01	-3.562010561785672280e+01
1.183561643835616455e+12	1.662432974635652982e+00	2.114077179237941473e-02	1.048819809906343536e+01	2.763236462923968073e+00	7.029023227379763150e-02	2.543764647612487342e-02	4.867690428860095508e+00	1.080397023598128214e+01	-1.063788789549846153e-01	1.708262543587714122e-01	2.012413353810964534e-01	-3.557134919022779229e+01	-1.063788789549832137e-01	1.708262543587722448e-01	2.012413353810963978e-01	-3.557134919022779940e+01
1.189823874755381592e+12	1.664616533698362488e+00	2.489126209165226991e-02	1.241420057490782014e+01	2.770328629333436155e+00	8.286881284476731169e-02	2.991299009341943232e-02	4.899355270080547164e+00	1.084823441939390065e+01	-2.166886880023827580e-02	1.501605567450586265e-01	1.517159605218512120e-01	-3.598500017859097255e+01	-2.166886880023706843e-02	1.501605567450588485e-01	1.517159605218512675e-01	-3.598500017859097966e+01
1.196086105675146729e+12	1.659913045986408431e+00	2.189731328171589178e-02	1.097848564452412568e+01	2.754831827906918829e+00	7.269527197674333086e-02	2.638827940069798927e-02	5.293714284116938451e+00	1.137672889779480911e+01	-4.320950990571205408e-02	1.823059626796340593e-01	1.873566806250579475e-01	-3.589559350780917413e+01	-4.320950990571331696e-02	1.823059626796338928e-01	1.873566806250580585e-01	-3.589559350780916702e+01
1.202348336594911865e+12	1.661728972159125739e+00	2.457792814072804269e-02	1.238696008388528291e+01	2.760739102361333686e+00	8.168371053418573002e-02	2.958762400413696494e-02	4.820305108072546751e+00	1.073718965415646664e+01	2.347424058236970493e-02	1.505621643936110032e-01	1.523811186394420647e-01	-3.628298095043593463e+01	2.347424058237020453e-02	1.505621643936109477e-01	1.523811186394420647e-01	-3.628298095043594174e+01
1.208610567514677002e+12	1.657954333117257040e+00	2.012202253475812649e-02	1.019405985676645798e+01	2.748407674911399479e+00	6.672278890517065186e-02	2.427688931094314218e-02	3.780560476535373748e+00	9.078555980855846030e+00	2.718654235778059092e-02	2.084553033737275574e-01	2.102206497706735622e-01	-3.625800258268314735e+01	2.718654235778113562e-02	2.084553033737274741e-01	2.102206497706735622e-01	-3.625800258268314735e+01
1.214872798434442139e+12	1.658898790956087277e+00	2.441000198619559108e-02	1.243047670334640387e+01	2.751349350438601959e+00	8.098744556427110719e-02	2.943553698528346418e-02	3.887904610483287282e+00	9.269688718684523820e+00	6.621974239350862657e-02	1.362277488556755956e-01	1.514696465994017638e-01	-3.658077805581020669e+01	6.621974239350918168e-02	1.362277488556753180e-01	1.514696465994017638e-01	-3.658077805581021380e+01
1.221135029354207520e+12	1.658668318140984699e+00	1.910421206041456807e-02	9.778719324055026973e+00	2.750815618686193176e+00	6.337510257531309144e-02	2.303865884169344763e-02	5.198723237516983176e+00	1.125311850491801913e+01	1.420720040705525378e-01	1.723627131005108504e-01	2.233682144083891652e-01	-3.681767617399673043e+01	1.420720040705539533e-01	1.723627131005097124e-01	2.233682144083891652e-01	-3.681767617399673753e+01
1.227397260273972656e+12	1.659424467919273560e+00	2.305453840883111769e-02	1.186125771056386746e+01	2.753158052987920268e+00	7.651453026439807015e-02	2.779155020953451294e-02	4.470338035249061370e+00	1.022264415376604596e+01	1.384306653715154933e-01	8.908143045021901796e-02	1.646163733237301918e-01	-3.712731299551106190e+01	1.384306653715148272e-01	8.908143045021992001e-02	1.646163733237301363e-01	-3.712731299551105479e+01
1.233659491193737793e+12	1.659098105885675523e+00	1.789166384016832589e-02	9.251990863390547659e+00	2.752286413318466796e+00	5.936805117673300131e-02	2.157044807889458779e-02	3.646997975543463166e+00	8.833016054370853354e+00	2.272678312880128670e-01	8.094590277032021053e-02	2.412527850899525428e-01	-3.735695128893483741e+01	2.272678312880132001e-01	8.094590277031933623e-02	2.412527850899525428e-01	-3.735695128893484451e+01
1.239921722113502930e+12	1.658200137287207721e+00	2.177739319628255871e-02	1.131851164563239820e+01	2.749153440444888741e+00	7.222255277566648479e-02	2.627083367306660283e-02	5.096179322338623585e+00	1.111711852061786843e+01	1.760482240108117991e-01	2.799497715888864258e-02	1.782601916398825759e-01	-3.754141343625293104e+01	1.760482240108119933e-01	2.799497715888759827e-02	1.782601916398826314e-01	-3.754141343625293814e+01
1.246183953033268066e+12	1.659502660842232746e+00	1.796397736911549414e-02	9.383693521608343246e+00	2.753626376859532598e+00	5.962253648671363149e-02	2.165236975784354256e-02	4.962002498363093927e+00	1.093497210477997861e+01	2.320985255009525294e-01	-4.599733234360638828e-02	2.366125104943618551e-01	-3.789475698502396739e+01	2.320985255009524739e-01	-4.599733234360714462e-02	2.366125104943619661e-01	-3.789475698502396739e+01
1.252446183953033203e+12	1.658299810760578419e+00	2.144371499893441349e-02	1.125766345710648686e+01	2.749498429455614623e+00	7.112021704947342482e-02	2.586661490239688249e-02	5.008618410567660106e+00	1.099880609422452871e+01	1.685531602245809168e-01	-6.271161661265764464e-02	1.798413597587223689e-01	-3.805530107258309158e+01	1.685531602245814442e-01	-6.271161661265634013e-02	1.798413597587223967e-01	-3.805530107258308448e+01
1.258708414872798340e+12	1.659504415132121213e+00	1.744237646135210137e-02	9.202799334179481150e+00	2.753650667346384306e+00	5.789140149602079594e-02	2.102350969297391362e-02	4.549195303347927322e+00	1.034201700457296980e+01	1.853422944247958282e-01	-1.570756750739269181e-01	2.429496528142766620e-01	-3.840214670957909959e+01	1.853422944247951620e-01	-1.570756750739276397e-01	2.429496528142766343e-01	-3.840214670957909959e+01
1.264970645792563477e+12	1.658276506509961612e+00	2.112797603157878790e-02	1.120282377107684368e+01	2.749434580671691553e+00	7.007205256654534808e-02	2.548598648578378686e-02	4.278347280086686411e+00	9.922973584369232825e+00	1.181811860173741097e-01	-1.374618112678417103e-01	1.812802865330616076e-01	-3.855978761001882305e+01	1.181811860173734435e-01	-1.374618112678423487e-01	1.812802865330616631e-01	-3.855978761001882305e+01
1.271232876712328857e+12	1.659854946360465044e+00	1.724645507723203061e-02	9.189970529998657156e+00	2.754821002744571423e+00	5.725322753425428346e-02	2.078292109622152314e-02	3.934345925527247267e+00	9.350750236305580998e+00	7.960003095913797955e-02	-2.299915602213779831e-01	2.433768327137146581e-01	-3.893671214061332364e+01	7.960003095913653626e-02	-2.299915602213785659e-01	2.433768327137147691e-01	-3.893671214061332364e+01
1.277495107632093994e+12	1.658265635489275525e+00	2.092734303237068355e-02	1.120630658540228808e+01	2.749406964158256361e+00	6.940618758535246902e-02	2.524405753318570422e-02	3.513041409091165690e+00	8.577548285499538849e+00	3.683044817153322686e-02	-1.773927591650439062e-01	1.811758066539328749e-01	-3.906519565485986334e+01	3.683044817153411504e-02	-1.773927591650436286e-01	1.811758066539327916e-01	-3.906519565485985623e+01
1.283757338551859131e+12	1.660533345866691990e+00	1.729241713133566893e-02	9.305244811591986576e+00	2.757071965044986861e+00	5.742927055443864531e-02	2.082980469227671202e-02	3.514808903744599089e+00	8.580982065409356707e+00	-5.401336600608127453e-02	-2.330835007380678003e-01	2.392600301421441977e-01	-3.949762278860922748e+01	-5.401336600608049737e-02	-2.330835007380679669e-01	2.392600301421441422e-01	-3.949762278860922038e+01
1.290019569471624268e+12	1.658425997090192228e+00	2.076020990118045834e-02	1.122579739888041495e+01	2.749945801509456889e+00	6.885854361033376392e-02	2.503996390493842469e-02	2.883975538991573107e+00	7.230567892692530307e+00	-5.583484075422854437e-02	-1.717967642808816975e-01	1.806423473591695916e-01	-3.958414476701106821e+01	-5.583484075422895376e-02	-1.717967642808815310e-01	1.806423473591695916e-01	-3.958414476701106821e+01
1.296281800391389404e+12	1.661488085377458734e+00	1.710287896110269934e-02	9.293040009337655505e+00	2.760250149382495355e+00	5.683245923904988589e-02	2.058960462397368615e-02	2.908110074664124411e+00	7.287458861421431067e+00	-1.738457939422396459e-01	-1.649331782994578055e-01	2.396357931849255052e-01	-4.008160832083435565e+01	-1.738457939422381748e-01	-1.649331782994596096e-01	2.396357931849256717e-01	-4.008160832083434855e+01
1.302544031311154541e+12	1.658604929232382785e+00	2.080313954475579083e-02	1.135822471115805499e+01	2.750537540659038882e+00	6.900837958488212354e-02	2.508905207247142874e-02	2.713195913212510746e+00	6.813852912090657021e+00	-1.313104875664728166e-01	-1.189174381503641797e-01	1.771547381279724720e-01	-4.010479294105664394e+01	-1.313104875664733440e-01	-1.189174381503635275e-01	1.771547381279724165e-01	-4.010479294105665105e+01
1.308806262230919678e+12	1.661872196778677369e+00	1.804047801024229528e-02	9.897205004225845926e+00	2.761493739579148787e+00	5.996193764363757367e-02	2.171358811509591438e-02	2.883086967019748759e+00	7.228464236343655536e+00	-2.140405296455968609e-01	-4.779066387842200586e-02	2.193109570562034871e-01	-4.062102913675837357e+01	-2.140405296455965278e-01	-4.779066387842294955e-02	2.193109570562034039e-01	-4.062102913675837357e+01
1.315068493150684814e+12	1.657749205576336538e+00	2.116593362197703027e-02	1.166742354847043117e+01	2.747684431842885022e+00	7.017561929422778955e-02	2.553991225519324643e-02	3.000603889745862674e+00	7.501201931888079599e+00	-1.618291277520286231e-01	-4.980839271203657548e-02	1.693208273471956959e-01	-4.054212193797517472e+01	-1.618291277520289284e-01	-4.980839271203554852e-02	1.693208273471956959e-01	-4.054212193797518182e+01
1.321330724070450195e+12	1.661203776738410909e+00	1.858912580266631337e-02	1.029578965132000867e+01	2.759252432251853016e+00	6.176065197930944578e-02	2.238311046043220051e-02	3.006491782907396271e+00	7.514584280879406997e+00	-2.011935880967416768e-01	4.817140843651799426e-02	2.068800243667792693e-01	-4.107570870117331907e+01	-2.011935880967414825e-01	4.817140843651846610e-02	2.068800243667792138e-01	-4.107570870117331907e+01
1.327592954990215332e+12	1.657229928800848295e+00	2.123681890883404033e-02	1.181798852476225647e+01	2.745960034435897867e+00	7.038858377648708753e-02	2.563350627604709525e-02	2.880758659420168399e+00	7.222948990461691032e+00	-1.633822554356776369e-01	2.718884503747320477e-02	1.656290876800350642e-01	-4.100560583952672999e+01	-1.633822554356776369e-01	2.718884503747322212e-02	1.656290876800350642e-01	-4.100560583952672999e+01
1.333855185909980469e+12	1.661541324253297702e+00	1.949395533266320285e-02	1.089927999194622110e+01	2.760339557906890118e+00	6.478002471673570406e-02	2.346813620490121460e-02	3.028520828668209486e+00	7.564421783581032344e+00	-1.358083759488099840e-01	1.319497266317038453e-01	1.893532290087356351e-01	-4.161169270496913697e+01	-1.358083759488089848e-01	1.319497266317048445e-01	1.893532290087356351e-01	-4.161169270496914407e+01
1.340117416829745605e+12	1.656616328464716403e+00	2.098960714521745652e-02	1.179061131356862369e+01	2.743937096127806452e+00	6.954345184965383952e-02	2.534440455934367994e-02	3.294825291163714809e+00	8.139762734342415484e+00	-1.353590596110937627e-01	9.660850743305901545e-02	1.662987634567469064e-01	-4.146057948069699250e+01	-1.353590596110945954e-01	9.660850743305800237e-02	1.662987634567469619e-01	-4.146057948069698540e+01
1.346379647749510742e+12	1.661492539865785822e+00	1.920851127766994709e-02	1.084052726630145536e+01	2.760188493124155595e+00	6.382959637955286369e-02	2.312508603617374411e-02	3.198831200960698506e+00	7.937915099743869440e+00	-5.553502306030910773e-02	1.827246432037697432e-01	1.909775746527691553e-01	-4.211644482914446996e+01	-5.553502306030994040e-02	1.827246432037693824e-01	1.909775746527690721e-01	-4.211644482914446286e+01
1.352641878669275879e+12	1.656306017108671202e+00	2.119836263051316436e-02	1.201916528622530400e+01	2.742900251732174777e+00	7.022195115554111244e-02	2.560135065472946003e-02	3.291463089081040572e+00	8.132792940242238089e+00	-7.308723541301478943e-02	1.432523160552482411e-01	1.608196817417264224e-01	-4.193972708393986437e+01	-7.308723541301526128e-02	1.432523160552479913e-01	1.608196817417264224e-01	-4.193972708393986437e+01
1.358904109589041016e+12	1.661233264336277715e+00	1.953646690209962303e-02	1.112817634193505967e+01	2.759314284998348299e+00	6.490925737074521029e-02	2.352369127490820319e-02	3.085610414204184693e+00	7.691910455027937132e+00	3.493122074823826195e-02	1.797288971020375437e-01	1.830919622388622325e-01	-4.260346271210324431e+01	3.493122074823796358e-02	1.797288971020375992e-01	1.830919622388622048e-01	-4.260346271210323721e+01
1.365166340508806152e+12	1.655157470412251364e+00	2.066436661644626208e-02	1.182488242255683630e+01	2.739119235813823661e+00	6.840556155309714115e-02	2.497356108441663516e-02	3.128520267651170528e+00	7.786190632678235524e+00	-1.045959349498839543e-02	1.651490819522987430e-01	1.654799757244588554e-01	-4.234825105140880197e+01	-1.045959349498894360e-02	1.651490819522986875e-01	1.654799757244588276e-01	-4.234825105140879486e+01
1.371428571428571533e+12	1.661441233147312735e+00	1.872539534461005462e-02	1.076448730068430137e+01	2.760036330771251212e+00	6.222228786503975623e-02	2.254401044338886009e-02	2.647489814085886906e+00	6.646495894564313112e+00	1.270452882616586454e-01	1.454071763747477875e-01	1.930900106446860054e-01	-4.312960591476945638e+01	1.270452882616580625e-01	1.454071763747483703e-01	1.930900106446860609e-01	-4.312960591476944927e+01
1.377690802348336670e+12	1.654501205355832116e+00	2.021251502840244740e-02	1.167242994066308448e+01	2.736965692760128022e+00	6.688326095552944717e-02	2.443701107852768589e-02	2.536864361340770646e+00	6.355113595209460620e+00	6.357444911375061125e-02	1.568259786382347754e-01	1.692220380327483786e-01	-4.279663833888319857e+01	6.357444911375205454e-02	1.568259786382341370e-01	1.692220380327483231e-01	-4.279663833888320568e+01
1.383953033268101807e+12	1.662175533752438206e+00	1.874386801015363521e-02	1.087350930276342531e+01	2.762476172417220432e+00	6.231119762872473766e-02	2.255628419563931661e-02	2.144375116579050999e+00	5.207688084074302282e+00	1.825096134081172494e-01	5.280426054651621987e-02	1.899948655049519541e-01	-4.370066416234087825e+01	1.825096134081176102e-01	5.280426054651513046e-02	1.899948655049519819e-01	-4.370066416234088535e+01
1.390215264187866943e+12	1.653821238340234423e+00	1.873230831876263394e-02	1.091597446384781378e+01	2.734773789010277234e+00	6.195977868141418904e-02	2.265627194848814779e-02	1.996016757196739544e+00	4.718254928785739821e+00	1.395949311309176710e-01	1.274992354813281326e-01	1.890576627533748499e-01	-4.324215432568930595e+01	1.395949311309179208e-01	1.274992354813278550e-01	1.890576627533747944e-01	-4.324215432568930595e+01
1.396477495107632080e+12	1.663177948145843521e+00	1.892529386831138735e-02	1.107811155696056638e+01	2.765802720450616370e+00	6.295226284791050064e-02	2.276093749653049919e-02	1.747265426513183950e+00	3.809618407077161706e+00	1.753562953675409652e-01	-5.685248070422559141e-02	1.843421679574497596e-01	-4.429581547107635231e+01	1.753562953675413538e-01	-5.685248070422425221e-02	1.843421679574497041e-01	-4.429581547107634520e+01
1.402739726027397217e+12	1.652984934292564434e+00	1.664333579921170245e-02	9.786032039192003040e+00	2.732082192371668494e+00	5.502236666493807993e-02	2.013935262217503644e-02	1.368130283943695957e+00	2.139775754968562538e+00	2.125319545439958713e-01	6.785544978639636293e-02	2.231013083063505265e-01	-4.367325494632233074e+01	2.125319545439963709e-01	6.785544978639450331e-02	2.231013083063504987e-01	-4.367325494632233784e+01
1.409001956947162354e+12	1.666202319117510378e+00	1.867275242865855042e-02	1.102831333115183554e+01	2.775881496549307936e+00	6.222516680187600152e-02	2.241636283077212341e-02	1.210640883345986740e+00	1.304910912710798954e+00	8.661988912481451142e-02	-1.641350093472524196e-01	1.855890796502256690e-01	-4.506750436602274590e+01	8.661988912481440039e-02	-1.641350093472525029e-01	1.855890796502256690e-01	-4.506750436602275300e+01
1.415264187866927490e+12	1.658442550693241202e+00	-7.444298483843985077e-03	-4.416217522046286703e+00	2.750376276369987494e+00	-2.469188273133609418e-02	-8.977638057555177228e-03	9.284804908778442056e-02	-1.622549068399010253e+01	1.397722644073477127e+00	-1.110014280102893380e+00	1.784869824885864542e+00	-4.465346646069922798e+01	1.397722644073474241e+00	-1.110014280102898265e+00	1.784869824885865430e+00	-4.465346646069922798e+01
1.421526418786692627e+12	1.659811602106083361e+00	2.943142466647475156e-02	1.753700321802543982e+01	2.754108345728064844e+00	9.770124025585191774e-02	3.547472647813498109e-02	1.206815198476631990e+00	1.283304244492490032e+00	3.636551920030481333e-02	-6.167489950203147026e-02	7.159779476557513733e-02	-4.502033208856035884e+01	3.636551920030536150e-02	-6.167489950203114413e-02	7.159779476557513733e-02	-4.502033208856035174e+01
1.427788649706458008e+12	1.661778352460133723e+00	1.534556883804542859e-02	9.184088880190918402e+00	2.761271806222153291e+00	5.100186820250140335e-02	1.847042659385272206e-02	1.340143155375407735e+00	1.998678640313725108e+00	2.535723463072097131e-02	-2.419677772875791499e-01	2.432928165680378896e-01	-4.544867868315608206e+01	2.535723463072076314e-02	-2.419677772875791222e-01	2.432928165680378618e-01	-4.544867868315608206e+01
1.434050880626223145e+12	1.659424229039658805e+00	3.013862212337973731e-02	1.811661749652406073e+01	2.752780435380369983e+00	1.000255195628140525e-01	3.633617787936394700e-02	1.759359496068230833e+00	3.856707650104947316e+00	3.915739046686605648e-03	-6.565217140534829188e-02	6.576884233829098647e-02	-4.549352034182179949e+01	3.915739046686602179e-03	-6.565217140534830575e-02	6.576884233829100035e-02	-4.549352034182179949e+01
1.440313111545988281e+12	1.659759426383998537e+00	1.640380199670123454e-02	9.903543049831061040e+00	2.754532268750593094e+00	5.445272998512306478e-02	1.976841244623423963e-02	1.720281432250319487e+00	3.703368268709161359e+00	-4.903211215924128258e-02	-2.134513372104665518e-01	2.190105508411243629e-01	-4.577888733228126483e+01	-4.903211215923797273e-02	-2.134513372104672457e-01	2.190105508411243351e-01	-4.577888733228125062e+01
1.446575342465753418e+12	1.659008392845803925e+00	2.825543903494566814e-02	1.713295518743542800e+01	2.751510477697760138e+00	9.375202100503561564e-02	3.407292894755017260e-02	1.781653975922782296e+00	3.942670804666516648e+00	-3.034152075411851446e-02	-6.963827812568784692e-02	7.596115890363482059e-02	-4.596399358500283938e+01	-3.034152075411835139e-02	-6.963827812568791631e-02	7.596115890363482059e-02	-4.596399358500283938e+01
1.452837573385518555e+12	1.659092798996730345e+00	1.720604210779381332e-02	1.047821259171028174e+01	2.752292867797789810e+00	5.709284112055047766e-02	2.074373762637859997e-02	1.929244328828713551e+00	4.485977313569411429e+00	-1.255886691689401813e-01	-1.573630997020371292e-01	2.013346939090696897e-01	-4.622666385831839619e+01	-1.255886691689402090e-01	-1.573630997020371014e-01	2.013346939090696897e-01	-4.622666385831839619e+01
1.459099804305283691e+12	1.657994298837473179e+00	2.754649095709076762e-02	1.684769314455392930e+01	2.748186285813515539e+00	9.134384991966901235e-02	3.323786687649141203e-02	1.779811812382103176e+00	3.935608665283423235e+00	-5.828754963618254514e-02	-5.363419186688057200e-02	7.920899557375918332e-02	-4.638004459666043999e+01	-5.828754963618230228e-02	-5.363419186688084955e-02	7.920899557375918332e-02	-4.638004459666043289e+01
1.465362035225048828e+12	1.658634811921043895e+00	1.766420173235131938e-02	1.084995938767244184e+01	2.750757415293515695e+00	5.859691983614781496e-02	2.130210374435919166e-02	1.927232755550392751e+00	4.478855641327855963e+00	-1.731750989380907157e-01	-7.976746221310591911e-02	1.906632185822341174e-01	-4.669224161611707302e+01	-1.731750989380916872e-01	-7.976746221310386520e-02	1.906632185822341452e-01	-4.669224161611708013e+01
1.471624266144813965e+12	1.656905626144605348e+00	2.788833203461676957e-02	1.720317637678902045e+01	2.744558494885973587e+00	9.241666850389071430e-02	3.367269040761701471e-02	1.728439275129413977e+00	3.735664731680900630e+00	-7.098568485472858680e-02	-2.481183919319767880e-02	7.519703995799265073e-02	-4.678763108305907537e+01	-7.098568485472854517e-02	-2.481183919319782105e-02	7.519703995799266460e-02	-4.678763108305907537e+01
1.477886497064579346e+12	1.658109745489744657e+00	1.694727974733628226e-02	1.049857223264468864e+01	2.749040717797230915e+00	5.620089941719853127e-02	2.044382211342127623e-02	1.737523372696553325e+00	3.771449297047611005e+00	-2.006599757530814210e-01	5.484170001967536394e-03	2.007349047620709814e-01	-4.715121366401648118e+01	-2.006599757530815042e-01	5.484170001965616055e-03	2.007349047620710092e-01	-4.715121366401646696e+01
1.484148727984344482e+12	1.657466350323937743e+00	2.744661908062318370e-02	1.707479272050494856e+01	2.746441385557197634e+00	9.098369511258372344e-02	3.312784885599331930e-02	1.534050715413414867e+00	2.921198506972598530e+00	-7.476379795918476623e-02	1.672509034139322767e-02	7.661171015066538248e-02	-4.734397200479577350e+01	-7.476379795918486337e-02	1.672509034139300563e-02	7.661171015066542411e-02	-4.734397200479577350e+01
1.490410958904109619e+12	1.657954887334724736e+00	1.585794296957712332e-02	9.906997376527641563e+00	2.748562934081873799e+00	5.258350809897145706e-02	1.913127309072745752e-02	1.426806223279712738e+00	2.426450054254015498e+00	-1.900224850728479964e-01	1.086548871360357021e-01	2.188936484501215196e-01	-4.764331599294911257e+01	-1.900224850728482739e-01	1.086548871360351887e-01	2.188936484501215196e-01	-4.764331599294910546e+01
1.496673189823874756e+12	1.655301169587053867e+00	2.720209198663375502e-02	1.706547752249748484e+01	2.739282008227819087e+00	9.005530936137895459e-02	3.287551595304358948e-02	1.293976410741715544e+00	1.759360795931858679e+00	-6.633437084684527807e-02	3.857772347575082889e-02	7.673649395312696908e-02	-4.765064357801141881e+01	-6.633437084684541685e-02	3.857772347575057215e-02	7.673649395312696908e-02	-4.765064357801141171e+01
1.502935420743639893e+12	1.658072338424529502e+00	1.439645229761075083e-02	9.069533797712358236e+00	2.748996621609829827e+00	4.774071865223329658e-02	1.736659778951493704e-02	1.214143324434708848e+00	1.324632183056045687e+00	-1.260089530716044237e-01	2.129495477900490152e-01	2.474384088176048990e-01	-4.816036860136171782e+01	-1.260089530716039519e-01	2.129495477900492650e-01	2.474384088176048713e-01	-4.816036860136171782e+01
