freq_roi_Hz	n_opt	k_opt	alpha_cm	eps_r	eps_i	loss_tan	DR	alpha_max	H_meas_real	H_meas_imag	H_meas_mag	H_meas_phase	H_model_real	H_model_imag	H_model_mag	H_model_phase
3.005870841487279663e+11	1.667614034679652191e+00	5.751431332829505701e-03	7.246618789127100557e-01	2.780903489698171693e+00	1.918233522024556312e-02	6.897878797774294191e-03	7.655570711280181229e+01	2.951334267699601810e+01	8.251487950300941954e-01	1.700731606854288813e-01	8.424935690704992153e-01	2.032656232067358293e-01	8.251487950300937513e-01	1.700731606854303801e-01	8.424935690704992153e-01	2.032656232067376612e-01
3.068493150684931641e+11	1.671329796124005673e+00	5.246727588273611756e-03	6.748431367183659324e-01	2.793315759261524978e+00	1.753802430085506237e-02	6.278568487184430814e-03	7.884747011304553155e+01	2.971401998903494501e+01	8.416235861019029096e-01	-1.054462343634549742e-01	8.482034950555555897e-01	-1.246396048084732616e-01	8.416235861019029096e-01	-1.054462343634533644e-01	8.482034950555553676e-01	-1.246396048084713742e-01
3.131115459882583008e+11	1.672758135299880156e+00	6.966115006525580577e-03	9.142792929170752148e-01	2.798071252453647961e+00	2.330525109720048629e-02	8.329041326865408573e-03	7.184352025003005338e+01	2.908113361259056262e+01	7.505260279142570434e-01	-3.270504060455624029e-01	8.186887605624737496e-01	-4.109503758056752831e-01	7.505260279142557112e-01	-3.270504060455652340e-01	8.186887605624736386e-01	-4.109503758056791134e-01
3.193737769080234985e+11	1.671614691195551172e+00	9.994564570589227828e-03	1.337988231381978199e+00	2.794195784499842183e+00	3.341412193659901858e-02	1.195840396079479034e-02	7.753072438666623611e+01	2.959944417114113335e+01	6.136280096391376615e-01	-4.641264073197956530e-01	7.693845957551206372e-01	-6.475619239907756119e-01	6.136280096391374395e-01	-4.641264073197955975e-01	7.693845957551205261e-01	-6.475619239907757230e-01
3.256360078277886353e+11	1.668790351417877460e+00	8.762757906479855946e-03	1.196085970306886015e+00	2.784784451059275412e+00	2.924641169228860485e-02	1.050221739106732728e-02	7.403954168761724475e+01	2.928597678417212791e+01	5.185741373533198084e-01	-5.905613997483328825e-01	7.859274157353527412e-01	-8.502111930898120784e-01	5.185741373533184762e-01	-5.905613997483338817e-01	7.859274157353526302e-01	-8.502111930898142989e-01
3.318982387475538330e+11	1.668876559180839880e+00	6.985819010061722172e-03	9.718773001194760397e-01	2.785100168116037889e+00	2.331693918514381528e-02	8.372028931697778065e-03	7.551960872368788102e+01	2.942063707676693696e+01	3.609698850019507077e-01	-7.276233365204352044e-01	8.122407141528008578e-01	-1.110278051649576048e+00	3.609698850019504301e-01	-7.276233365204353154e-01	8.122407141528008578e-01	-1.110278051649576492e+00
3.381604696673189697e+11	1.671540614394773305e+00	5.951700275503896478e-03	8.436320129082337527e-01	2.794012602835086678e+00	1.989701747041864796e-02	7.121305555396969383e-03	6.983212778548957544e+01	2.888794222083970453e+01	1.210115897605007068e-01	-8.184588840697636369e-01	8.273564828833377405e-01	-1.424006807052835777e+00	1.210115897604999019e-01	-8.184588840697636369e-01	8.273564828833375184e-01	-1.424006807052836665e+00
3.444227005870841675e+11	1.672192918667512851e+00	8.274298994250270031e-03	1.194571471966381804e+00	2.796160693217929261e+00	2.767244837024605136e-02	9.896587287477935646e-03	7.649307951540878037e+01	2.950777475857756116e+01	-9.857727437634178358e-02	-7.794687980238365066e-01	7.856774695230817063e-01	-1.696595735195373322e+00	-9.857727437634052070e-02	-7.794687980238370617e-01	7.856774695230820393e-01	-1.696595735195371546e+00
3.506849315068493042e+11	1.671286679317741664e+00	9.972535767317672328e-03	1.465925396632045574e+00	2.793099712995293249e+00	3.333393237387551750e-02	1.193438681003211599e-02	7.247436011598516359e+01	2.914061193821027373e+01	-2.697366020963075095e-01	-7.052300312506144531e-01	7.550544559753318286e-01	-1.936108896540190916e+00	-2.697366020963073430e-01	-7.052300312506142310e-01	7.550544559753316065e-01	-1.936108896540190916e+00
3.569471624266145020e+11	1.668968671589662778e+00	9.220358216866677073e-03	1.379560938154313687e+00	2.785371411742116443e+00	3.077697800956961938e-02	1.104950595810132684e-02	7.312140104567453136e+01	2.920108234086091414e+01	-4.150159872675672212e-01	-6.425927679490627265e-01	7.649599565389757494e-01	-2.144245811606416030e+00	-4.150159872675702188e-01	-6.425927679490608391e-01	7.649599565389756384e-01	-2.144245811606420471e+00
3.632093933463796387e+11	1.669548107123271397e+00	7.519959544616684755e-03	1.144884661677399773e+00	2.787334332207346055e+00	2.510986844671672658e-02	9.008559955142415865e-03	7.385682895504099577e+01	2.926916675387905542e+01	-5.920732991407260393e-01	-5.256272299238832213e-01	7.917289791291199919e-01	-2.415573506111528435e+00	-5.920732991407244850e-01	-5.256272299238851087e-01	7.917289791291201029e-01	-2.415573506111525326e+00
3.694716242661448364e+11	1.671131485903700087e+00	6.711984565250144266e-03	1.039492116629374685e+00	2.792635392441904507e+00	2.243321747977834735e-02	8.032991897364212194e-03	7.644141169130480762e+01	2.950317778798740065e+01	-7.301952586108413357e-01	-3.362322830778692873e-01	8.038888380127627853e-01	-2.710066887484380516e+00	-7.301952586108415577e-01	-3.362322830778687877e-01	8.038888380127626743e-01	-2.710066887484381404e+00
3.757338551859099731e+11	1.672786698221067070e+00	9.642538119367492430e-03	1.518661048594713181e+00	2.798122359203955689e+00	3.225981900633505262e-02	1.152909518063846388e-02	6.888924965150421542e+01	2.879545625448772839e+01	-7.422386820539722541e-01	-1.005978665807697181e-01	7.490248272906713245e-01	-3.006880461340922128e+00	-7.422386820539720320e-01	-1.005978665807714112e-01	7.490248272906713245e-01	-3.006880461340919908e+00
3.819960861056751709e+11	1.670584651634595241e+00	1.030318904641380935e-02	1.649756099710199209e+00	2.790746922572555633e+00	3.442469896765718018e-02	1.233529944590028814e-02	7.304759563649395204e+01	2.919421181557603973e+01	-7.330127822037756369e-01	5.356248336399951904e-02	7.349671274949910460e-01	-3.214534704699493872e+00	-7.330127822037755259e-01	5.356248336400106641e-02	7.349671274949911570e-01	-3.214534704699495649e+00
3.882583170254403076e+11	1.669026265483750660e+00	1.004800857797207882e-02	1.635271718872893576e+00	2.785547712398252607e+00	3.354078046488286058e-02	1.204100016510056478e-02	7.414952521106654615e+01	2.929607555516551542e+01	-7.049965755957388058e-01	2.137872924251451312e-01	7.366988380635555167e-01	-3.436024634022121660e+00	-7.049965755957384728e-01	2.137872924251468243e-01	7.366988380635556277e-01	-3.436024634022123880e+00
3.945205479452055054e+11	1.669786889195017832e+00	7.447055972683385393e-03	1.231525494328952419e+00	2.788132796684914538e+00	2.486999285257633641e-02	8.919945593031551254e-03	6.963789532558378426e+01	2.886899270155067043e+01	-6.574570912289890989e-01	4.227459837277609545e-01	7.816418576082243552e-01	-3.713032365690120074e+00	-6.574570912289885438e-01	4.227459837277621202e-01	7.816418576082245773e-01	-3.713032365690121850e+00
4.007827788649706421e+11	1.671277637051532983e+00	8.647089542226833042e-03	1.452674019660373572e+00	2.793094167951004181e+00	2.890337475501176742e-02	1.034815620850158997e-02	7.234659622830459114e+01	2.912860772227996620e+01	-4.898154127781721434e-01	5.764719300301768268e-01	7.564648205354749244e-01	-4.008081987993252326e+00	-4.898154127781719769e-01	5.764719300301767158e-01	7.564648205354747024e-01	-4.008081987993252326e+00
4.070450097847357788e+11	1.672256162234624366e+00	9.561237092136343901e-03	1.631344501744334874e+00	2.796349254876942414e+00	3.197767529182252155e-02	1.143550836364671044e-02	6.966500071136100303e+01	2.887164030191326702e+01	-3.010254994438432141e-01	6.724362030390274025e-01	7.367406588976607162e-01	-4.291479347430898983e+00	-3.010254994438435472e-01	6.724362030390271805e-01	7.367406588976607162e-01	-4.291479347430898983e+00
4.133072407045009766e+11	1.669847403306488065e+00	1.138617120313228925e-02	1.972603886367449322e+00	2.788260705434754350e+00	3.802633683430713119e-02	1.363801338956141355e-02	7.128235924141237945e+01	2.902778433744190068e+01	-1.551194134347334552e-01	6.835660039912423436e-01	7.009454431244209749e-01	-4.489241385696063347e+00	-1.551194134347345654e-01	6.835660039912417885e-01	7.009454431244207528e-01	-4.489241385696061570e+00
4.195694716242661133e+11	1.669496050149698263e+00	9.786126351080812885e-03	1.721091107576853574e+00	2.787121293196484384e+00	3.267579857879059080e-02	1.172385237002566104e-02	7.322016126597470986e+01	2.921026506225109998e+01	1.924099212018050981e-02	7.271181985250487756e-01	7.273727314135999267e-01	-4.738844793156177460e+00	1.924099212017885488e-02	7.271181985250488866e-01	7.273727314136000377e-01	-4.738844793156175683e+00
4.258317025440313110e+11	1.669166511261185537e+00	8.618090718903960792e-03	1.538289987847657692e+00	2.786042570828198173e+00	2.877005683801065264e-02	1.032649577549644808e-02	6.929433177463066329e+01	2.883534449281756196e+01	2.038336552304817750e-01	7.188697631817947409e-01	7.472094053353909304e-01	-4.988684151349823459e+00	2.038336552304792493e-01	7.188697631817955180e-01	7.472094053353909304e-01	-4.988684151349819906e+00
4.320939334637964478e+11	1.671953563015392774e+00	8.959612768523502260e-03	1.622768504168710546e+00	2.795348442218904772e+00	2.996011298314215504e-02	1.071784559328864059e-02	6.859570027366898159e+01	2.876640374555959312e+01	4.217520831252761782e-01	6.052119619831819453e-01	7.376695320724873106e-01	-5.321008984591525603e+00	4.217520831252754010e-01	6.052119619831825004e-01	7.376695320724871996e-01	-5.321008984591524715e+00
4.383561643835616455e+11	1.670825241551742169e+00	1.039866097367363705e-02	1.910705256910651517e+00	2.791548855656392103e+00	3.474869046630586072e-02	1.244781741716471241e-02	6.596325802369787539e+01	2.850017274145453783e+01	5.252919531786172103e-01	4.735187520238987036e-01	7.072140019771080421e-01	-5.549575642370264461e+00	5.252919531786154339e-01	4.735187520239009240e-01	7.072140019771082642e-01	-5.549575642370260020e+00
4.446183953033267822e+11	1.670906539036183913e+00	1.164989539626561793e-02	2.171193918558432578e+00	2.791792942131134492e+00	3.893177279341551028e-02	1.394507887955926707e-02	6.645857309989261807e+01	2.855106842628274322e+01	6.059800349891113491e-01	3.099168515783821132e-01	6.806322484996295552e-01	-5.810434934788648143e+00	6.059800349891102389e-01	3.099168515783831124e-01	6.806322484996291111e-01	-5.810434934788645478e+00
4.508806262230919800e+11	1.668458726631975031e+00	1.006405419100951312e-02	1.902057765492359387e+00	2.783653237287631921e+00	3.358291808057384947e-02	1.206433245014984675e-02	6.651236152436325710e+01	2.855657256163051727e+01	6.804380932408933269e-01	1.968826098184445761e-01	7.083493211560413227e-01	-6.001530484044298674e+00	6.804380932408932159e-01	1.968826098184445761e-01	7.083493211560412117e-01	-6.001530484044298674e+00
4.571428571428571167e+11	1.670417143925701842e+00	9.659103467203989518e-03	1.850878529669093275e+00	2.790200136441108647e+00	3.226946405313946276e-02	1.156528652969641795e-02	6.436131843871386593e+01	2.833291021049107528e+01	7.131245546781456168e-01	-2.245129621614636722e-02	7.134778841608818700e-01	-6.314657905797378845e+00	7.131245546781456168e-01	-2.245129621614729357e-02	7.134778841608818700e-01	-6.314657905797380621e+00
4.634050880626223145e+11	1.670814277035676199e+00	9.098682455553128504e-03	1.767374022986732518e+00	2.791537562323822108e+00	3.040441709790438207e-02	1.089163818114421284e-02	6.355660113490932162e+01	2.824731003389225137e+01	6.896449647240188163e-01	-2.145112674721350032e-01	7.222362918337010829e-01	-6.584744934016277362e+00	6.896449647240193714e-01	-2.145112674721342538e-01	7.222362918337013049e-01	-6.584744934016275586e+00
4.696673189823874512e+11	1.671698952192365972e+00	1.206909676799317217e-02	2.376042869415416536e+00	2.794431723664259071e+00	4.035179284192491611e-02	1.444007112437614183e-02	6.460365919036999571e+01	2.835847911690398249e+01	5.503348740391370564e-01	-3.649249017641640336e-01	6.603322326762927075e-01	-6.868711895950498914e+00	5.503348740391370564e-01	-3.649249017641643111e-01	6.603322326762928185e-01	-6.868711895950498914e+00
4.759295499021526489e+11	1.669578019218524334e+00	1.104858379513991469e-02	2.204136291627285527e+00	2.787368691053773162e+00	3.689294529571916781e-02	1.323576081417908099e-02	6.260964874973024052e+01	2.814518079811541895e+01	4.803355976280841988e-01	-4.777024960653771246e-01	6.774377913106268689e-01	-7.065835046532070507e+00	4.803355976280853090e-01	-4.777024960653760699e-01	6.774377913106268689e-01	-7.065835046532067842e+00
4.821917808219177856e+11	1.669206375186961022e+00	1.176035590977029914e-02	2.377001357050680941e+00	2.786111616993669049e+00	3.926092211811247484e-02	1.409165443288185743e-02	6.507870381712274366e+01	2.840832306283224540e+01	3.401124802942822045e-01	-5.661671215266581569e-01	6.604708235415931439e-01	-7.313026962557677813e+00	3.401124802942803727e-01	-5.661671215266590451e-01	6.604708235415929218e-01	-7.313026962557680477e+00
4.884540117416829834e+11	1.669581916787194809e+00	9.210748982934250859e-03	1.885852790653849143e+00	2.787418938965976700e+00	3.075619988394614340e-02	1.103393517709092171e-02	6.722430283260740680e+01	2.862900861614798842e+01	1.900754588762699482e-01	-6.839423641859271319e-01	7.098632527432729988e-01	-7.582910630356422210e+00	1.900754588762689490e-01	-6.839423641859276870e-01	7.098632527432734429e-01	-7.582910630356423987e+00
4.947162426614481201e+11	1.671060008757762949e+00	1.136142470770199094e-02	2.356015402404532111e+00	2.792312470898106191e+00	3.797124494310630954e-02	1.359849420107822615e-02	6.269145036959719164e+01	2.815406388814940541e+01	-2.118808587885954650e-02	-6.619686918720540936e-01	6.623076958650023771e-01	-7.885978395919493344e+00	-2.118808587885985875e-02	-6.619686918720538715e-01	6.623076958650021551e-01	-7.885978395919494233e+00
5.009784735812133179e+11	1.670652946278207152e+00	1.119712316327674088e-02	2.351335937195678127e+00	2.790955891340920481e+00	3.741301360513649144e-02	1.340508953266235023e-02	6.543118855735777117e+01	2.844507285807289776e+01	-1.821283658772569480e-01	-6.372806702007731694e-01	6.627951374811575924e-01	-8.132351180080958031e+00	-1.821283658772591407e-01	-6.372806702007723922e-01	6.627951374811573704e-01	-8.132351180080961583e+00
5.072407045009784546e+11	1.669321955031237925e+00	1.288370674979444873e-02	2.739328332052540560e+00	2.786469799649699652e+00	4.301410907923205323e-02	1.543677562363660397e-02	6.728431227742275667e+01	2.863507914482935135e+01	-2.976030863487373335e-01	-5.509306743965455277e-01	6.261726638837936676e-01	-8.349256152418412569e+00	-2.976030863487342248e-01	-5.509306743965470821e-01	6.261726638837935566e-01	-8.349256152418405463e+00
5.135029354207436523e+11	1.669025137159175998e+00	1.068217047057575669e-02	2.299278593453372377e+00	2.785530799703243687e+00	3.565762206962080211e-02	1.280101518655603517e-02	6.875810409483261765e+01	2.878249214098488906e+01	-4.526408083740479649e-01	-4.913072875934678674e-01	6.680318497257163868e-01	-8.598440179375007375e+00	-4.526408083740470212e-01	-4.913072875934689776e-01	6.680318497257166088e-01	-8.598440179375005599e+00
5.197651663405087891e+11	1.669386264944750398e+00	1.113012237925385672e-02	2.424913611057337715e+00	2.786726621962007044e+00	3.716094685416115179e-02	1.333498110697267647e-02	6.595539933230362806e+01	2.849936215192128586e+01	-5.567409516734945774e-01	-3.465054806816274535e-01	6.557640851805732751e-01	-8.868063553514998532e+00	-5.567409516734953545e-01	-3.465054806816266764e-01	6.557640851805734972e-01	-8.868063553515000308e+00
5.260273972602739868e+11	1.670664503490326247e+00	1.074997638361668666e-02	2.370309381930205905e+00	2.791004321230329932e+00	3.591920791493540682e-02	1.286963536448467761e-02	6.630035269757138394e+01	2.853485197060726364e+01	-6.392104200709288753e-01	-1.679680239416571352e-01	6.609109003444553210e-01	-9.167813098579271625e+00	-6.392104200709284312e-01	-1.679680239416580512e-01	6.609109003444550989e-01	-9.167813098579269848e+00
5.322896281800391235e+11	1.669849208845962218e+00	1.276951145218075540e-02	2.849124628832791828e+00	2.788233319860758730e+00	4.264631719154697576e-02	1.529510349359023032e-02	6.402026784674146143e+01	2.829676305970583883e+01	-6.158679205550263713e-01	-1.555294148153675733e-02	6.160642738850390376e-01	-9.399529630834937421e+00	-6.158679205550264824e-01	-1.555294148153539384e-02	6.160642738850391487e-01	-9.399529630834939198e+00
5.385518590998043213e+11	1.669333395348358895e+00	1.206567846122302834e-02	2.723757493843232957e+00	2.786528404228550748e+00	4.028327998570999796e-02	1.445643974939577435e-02	6.498803478091016927e+01	2.839883779063911362e+01	-6.129529728475837658e-01	1.346170332484915300e-01	6.275612261471514852e-01	-9.640966248796127402e+00	-6.129529728475837658e-01	1.346170332484924737e-01	6.275612261471517073e-01	-9.640966248796129179e+00
5.448140900195694580e+11	1.668113440045091433e+00	1.196191918355296244e-02	2.731733671481974213e+00	2.782459361348514904e+00	3.990767631763580958e-02	1.434259090069678853e-02	5.760658870062367498e+01	2.757857569359960337e+01	-5.689416374793716535e-01	2.633432057572797635e-01	6.269323973732972011e-01	-9.858278819847622998e+00	-5.689416374793714315e-01	2.633432057572804297e-01	6.269323973732972011e-01	-9.858278819847624774e+00
5.510763209393345947e+11	1.669476828267483670e+00	1.070534646525653569e-02	2.472872008864666959e+00	2.787038275679116328e+00	3.574465572464199936e-02	1.282531927765940584e-02	5.883581485031590574e+01	2.772222176123177562e+01	-4.818018943829475154e-01	4.379494301560054037e-01	6.511011970538579385e-01	-1.016253359394646694e+01	-4.818018943829496248e-01	4.379494301560032388e-01	6.511011970538580496e-01	-1.016253359394646338e+01
5.573385518590998535e+11	1.669707914951687577e+00	1.154973835547908750e-02	2.698238854899221995e+00	2.787791124796231923e+00	3.856937909552903693e-02	1.383510362468357013e-02	3.668649858450253731e+01	2.450868320844315917e+01	-3.382619328532505687e-01	5.313159431418513767e-01	6.298553537553935877e-01	-1.042864175823294559e+01	-3.382619328532541769e-01	5.313159431418487122e-01	6.298553537553932546e-01	-1.042864175823293849e+01
5.636007827788649902e+11	1.670238401350985669e+00	1.265977146990272285e-02	2.990794785166952963e+00	2.789536047533826224e+00	4.228967292271828410e-02	1.516010985414787890e-02	4.937357530519732762e+01	2.652934223374291278e+01	-1.726792520859469215e-01	5.780466941893144250e-01	6.032877462406781577e-01	-1.070528404907511089e+01	-1.726792520859474489e-01	5.780466941893142030e-01	6.032877462406780467e-01	-1.070528404907510911e+01
5.698630136986301270e+11	1.668536453870666625e+00	1.277317881239062314e-02	3.051115326858683474e+00	2.783850743798326199e+00	4.262502896056436646e-02	1.531153530968623784e-02	5.244146823883561837e+01	2.693946768007478099e+01	-5.463052795256075067e-02	5.956074263520850787e-01	5.981075997762692609e-01	-1.090410784145517731e+01	-5.463052795255894656e-02	5.956074263520850787e-01	5.981075997762691498e-01	-1.090410784145518086e+01
5.761252446183952637e+11	1.668969397892005269e+00	1.211350624350417474e-02	2.925337201486970518e+00	2.785312114066491151e+00	4.043414244316442113e-02	1.451691616137464405e-02	5.616397381259265842e+01	2.740603133643234202e+01	1.102300973594533134e-01	5.991627863091097961e-01	6.092181209235084660e-01	-1.117751337751697172e+01	1.102300973594497885e-01	5.991627863091105732e-01	6.092181209235084660e-01	-1.117751337751696639e+01
5.823874755381605225e+11	1.668779569334002177e+00	1.167180058208101834e-02	2.849305698550673949e+00	2.784689020097749879e+00	3.895532469743503284e-02	1.398911132133080944e-02	5.353421534119146230e+01	2.707977677022607566e+01	2.586692191163174059e-01	5.591381129519042981e-01	6.160723936954665136e-01	-1.142887440386233600e+01	2.586692191163177390e-01	5.591381129519041870e-01	6.160723936954665136e-01	-1.142887440386233600e+01
5.886497064579256592e+11	1.669941295628890598e+00	1.241889280789584306e-02	3.064283702782653052e+00	2.788549701948123793e+00	4.147764389178779099e-02	1.487427097419524898e-02	5.588840888931991913e+01	2.737256865846967457e+01	3.994727690493735661e-01	4.433806903060044102e-01	5.967955510459198587e-01	-1.172892512782461516e+01	3.994727690493735106e-01	4.433806903060044657e-01	5.967955510459198587e-01	-1.172892512782461516e+01
5.949119373776907959e+11	1.669099841478061563e+00	1.296922799674406906e-02	3.234118805636736482e+00	2.785726079947258960e+00	4.329387278691673030e-02	1.554132443191844418e-02	5.239110424316377390e+01	2.693293064301269624e+01	4.771925197410284980e-01	3.334407668234110056e-01	5.821472716388664814e-01	-1.195648055761675188e+01	4.771925197410302744e-01	3.334407668234082300e-01	5.821472716388663704e-01	-1.195648055761675721e+01
6.011741682974559326e+11	1.668704162818192005e+00	1.340453571962790628e-02	3.377856911927787031e+00	2.784393901428904083e+00	4.473640911197647452e-02	1.606683921014857158e-02	5.668071869638385607e+01	2.746834095068168224e+01	5.321559070149118886e-01	2.042367976335577595e-01	5.700022621696113623e-01	-1.219991488275750591e+01	5.321559070149116666e-01	2.042367976335585922e-01	5.700022621696114733e-01	-1.219991488275750413e+01
6.074363992172210693e+11	1.667946545269786585e+00	1.230250788719140960e-02	3.132446235992757178e+00	2.781894326177101640e+00	4.103985105719042820e-02	1.475248382766130260e-02	5.428122860198922695e+01	2.717405496639111817e+01	5.854876536215360971e-01	8.050198326174302921e-02	5.909960760041692573e-01	-1.242973175843495426e+01	5.854876536215360971e-01	8.050198326174455576e-02	5.909960760041694794e-01	-1.242973175843495248e+01
6.136986301369863281e+11	1.669075390414715310e+00	1.258770944821873024e-02	3.238105727890649987e+00	2.785654208458881342e+00	4.201967212342535424e-02	1.508431017598270592e-02	5.804663020088220549e+01	2.763034769886179021e+01	5.740007657121801721e-01	-9.481830017315505399e-02	5.817795021190550475e-01	-1.273008068879392418e+01	5.740007657121797280e-01	-9.481830017315839854e-02	5.817795021190552696e-01	-1.273008068879393129e+01
6.199608610567514648e+11	1.668874147971924460e+00	1.272947652953914689e-02	3.307988404392395942e+00	2.784978882196300631e+00	4.248778859472650965e-02	1.525605413611597246e-02	5.706710034931915487e+01	2.751456117692175951e+01	5.271602285048971881e-01	-2.317247897320027505e-01	5.758422394143003498e-01	-1.298051871619718156e+01	5.271602285048982983e-01	-2.317247897320011685e-01	5.758422394143005718e-01	-1.298051871619717801e+01
6.262230919765166016e+11	1.668974373834421820e+00	1.375846037824853159e-02	3.611503805053199123e+00	2.785286165284020399e+00	4.592503558942609421e-02	1.648844422588909703e-02	5.874332373280704900e+01	2.771151823639415923e+01	4.296161446323090161e-01	-3.445295673143616288e-01	5.507001493395025093e-01	-1.324229789237632815e+01	4.296161446323106259e-01	-3.445295673143596860e-01	5.507001493395023983e-01	-1.324229789237632460e+01
6.324853228962817383e+11	1.667724886282825114e+00	1.340210598795768017e-02	3.553142793232435093e+00	2.781126679882149233e+00	4.470205136943418422e-02	1.607336037326010866e-02	5.622134686928018965e+01	2.741297766650547629e+01	3.516460196256622761e-01	-4.300812683925742119e-01	5.555401160499006119e-01	-1.345176991461920046e+01	3.516460196256613879e-01	-4.300812683925746560e-01	5.555401160499003899e-01	-1.345176991461920224e+01
6.387475538160469971e+11	1.667959770890473647e+00	1.308114711644433464e-02	3.502387877163310126e+00	2.781918680899119423e+00	4.363765429465814305e-02	1.568617177571646551e-02	5.776491285377387896e+01	2.759724834030775398e+01	2.274342827478531004e-01	-5.113750773139519312e-01	5.596702803141155869e-01	-1.371868713141895846e+01	2.274342827478563478e-01	-5.113750773139503769e-01	5.596702803141154758e-01	-1.371868713141895135e+01
6.450097847358121338e+11	1.668133624796445114e+00	1.248026255017374402e-02	3.374264989129968750e+00	2.782514033223205896e+00	4.163749121246530793e-02	1.496398246884430260e-02	5.332659278759416566e+01	2.705333968327258276e+01	8.734417435477155600e-02	-5.635561542786051703e-01	5.702846165021531188e-01	-1.398340282198308238e+01	8.734417435477236091e-02	-5.635561542786051703e-01	5.702846165021532299e-01	-1.398340282198308060e+01
6.512720156555772705e+11	1.668821269979669619e+00	1.343868566591597050e-02	3.668667685656390454e+00	2.784783832864130115e+00	4.485352895970294573e-02	1.610664656637689901e-02	5.580429981010143337e+01	2.736232216856948085e+01	-7.158195995004179579e-02	-5.413549994032638146e-01	5.460670401783989103e-01	-1.426863169326418479e+01	-7.158195995004498768e-02	-5.413549994032637036e-01	5.460670401783991323e-01	-1.426863169326419012e+01
6.575342465753424072e+11	1.668074751145697254e+00	1.354268083353629692e-02	3.732606274040219052e+00	2.782289971205620827e+00	4.518040792249332360e-02	1.623856908879837968e-02	5.057063175253982479e+01	2.669232239785432981e+01	-1.902069676677125565e-01	-5.064722485633308402e-01	5.410109325273775305e-01	-1.449642199097066353e+01	-1.902069676677095034e-01	-5.064722485633325055e-01	5.410109325273780856e-01	-1.449642199097065642e+01
6.637964774951076660e+11	1.667916692833512737e+00	1.391843207567580731e-02	3.872705023740545816e+00	2.781752371481237329e+00	4.642957039417815179e-02	1.669076330092428978e-02	5.122442429735579594e+01	2.677971531351625600e+01	-3.038271825022717532e-01	-4.342532460428612517e-01	5.299875833696772176e-01	-1.474766090332122381e+01	-3.038271825022721973e-01	-4.342532460428612517e-01	5.299875833696775507e-01	-1.474766090332122559e+01
6.700587084148728027e+11	1.667390382946007055e+00	1.295557357324382194e-02	3.638803987364402914e+00	2.780022842254220361e+00	4.320399756315237288e-02	1.554087862390361036e-02	4.846199589152066523e+01	2.640255741001375611e+01	-4.108924716418870804e-01	-3.634337214072679290e-01	5.485587417113272357e-01	-1.498377891573382037e+01	-4.108924716418861367e-01	-3.634337214072688726e-01	5.485587417113271247e-01	-1.498377891573381859e+01
6.763209393346379395e+11	1.668347635670751838e+00	1.332664622326179202e-02	3.778007916466994409e+00	2.783206233948627428e+00	4.446695743599873157e-02	1.597688194773549952e-02	4.918257934995011027e+01	2.650297297373684202e+01	-4.891442330663562932e-01	-2.224742439225039503e-01	5.373610238479933354e-01	-1.528110544561940287e+01	-4.891442330663561822e-01	-2.224742439225043111e-01	5.373610238479933354e-01	-1.528110544561940287e+01
6.825831702544030762e+11	1.668238875011917255e+00	1.341778346033999439e-02	3.839065448625260224e+00	2.782840907188038670e+00	4.476813597006220474e-02	1.608720637044925780e-02	4.476393120885856547e+01	2.586252140152505063e+01	-5.245561709851167542e-01	-9.197819496255497940e-02	5.325590717161212684e-01	-1.553438307038486954e+01	-5.245561709851170873e-01	-9.197819496255385530e-02	5.325590717161214904e-01	-1.553438307038487309e+01
6.888454011741683350e+11	1.668139970602699806e+00	1.447834665117707191e-02	4.180516049215660779e+00	2.782481339000624221e+00	4.830381751414043745e-02	1.735997896449130440e-02	4.787827508143430322e+01	2.632011330525361004e+01	-5.048741390935732598e-01	4.041756853515887649e-02	5.064893643224613884e-01	-1.578784764649189576e+01	-5.048741390935732598e-01	4.041756853515900139e-02	5.064893643224613884e-01	-1.578784764649189576e+01
6.951076320939334717e+11	1.667304657745649177e+00	1.368643913432801042e-02	3.987784568485060799e+00	2.779717503124158551e+00	4.563892743323484658e-02	1.641854878488216776e-02	4.375004290744909952e+01	2.570665437660193575e+01	-4.975128818205434844e-01	1.549990705484423636e-01	5.210986273713096306e-01	-1.600998046561723243e+01	-4.975128818205427073e-01	1.549990705484447506e-01	5.210986273713097416e-01	-1.600998046561723953e+01
7.013698630136986084e+11	1.667658067295964441e+00	1.402624610142180414e-02	4.123611257804669528e+00	2.780886693837614221e+00	4.678196492982928528e-02	1.682267926755057208e-02	4.671301356483417777e+01	2.615248351133829985e+01	-4.287104356738125621e-01	2.776410928965787894e-01	5.107614062558337720e-01	-1.628266296715387540e+01	-4.287104356738159483e-01	2.776410928965739600e-01	5.107614062558339940e-01	-1.628266296715386474e+01
7.076320939334637451e+11	1.667800561587337471e+00	1.325000681913132347e-02	3.930183106499069101e+00	2.781383150550331251e+00	4.419673762796654665e-02	1.589020111063147583e-02	4.382010879023932404e+01	2.571754136017975156e+01	-3.512672917556768915e-01	3.908060889016621853e-01	5.254694181205807890e-01	-1.654659261568444251e+01	-3.512672917556778351e-01	3.908060889016612971e-01	5.254694181205806780e-01	-1.654659261568443895e+01
7.138943248532290039e+11	1.668208655319570077e+00	1.458554663691436805e-02	4.364613592800942854e+00	2.782707379512430190e+00	4.866347028453558987e-02	1.748781443669514268e-02	4.619745427864251752e+01	2.607697856499388323e+01	-2.174039998624173464e-01	4.423920258987867338e-01	4.929251502358250603e-01	-1.682199275937643179e+01	-2.174039998624145431e-01	4.423920258987882326e-01	4.929251502358252268e-01	-1.682199275937643890e+01
7.201565557729941406e+11	1.667638225693599319e+00	1.420923384963418239e-02	4.289303149454854136e+00	2.780815349467902653e+00	4.739172305093875687e-02	1.704238401158385610e-02	4.359474263783370418e+01	2.568246121293579876e+01	-1.108210877627423263e-01	4.859695206660591960e-01	4.984452713280734804e-01	-1.705455235703240291e+01	-1.108210877627464758e-01	4.859695206660584188e-01	4.984452713280736469e-01	-1.705455235703239580e+01
7.264187866927592773e+11	1.667264802582378191e+00	1.490507381788437440e-02	4.538479308038633420e+00	2.779549760704540073e+00	4.970140991290153409e-02	1.788110096661970835e-02	4.662290445010823703e+01	2.613934709109184951e+01	7.960208447335196530e-03	4.804722495869501175e-01	4.805381853106675538e-01	-1.729532554681598100e+01	7.960208447333213741e-03	4.804722495869501731e-01	4.805381853106676093e-01	-1.729532554681597389e+01
7.326810176125244141e+11	1.667232960757619731e+00	1.377958681323039614e-02	4.231947742892857356e+00	2.779475868423875173e+00	4.594756264127753537e-02	1.653101693138011793e-02	4.515008939882476824e+01	2.592095968909378101e+01	1.354100133705856968e-01	4.840944107013361308e-01	5.026761086358652042e-01	-1.755150695833903285e+01	1.354100133705896936e-01	4.840944107013350761e-01	5.026761086358652042e-01	-1.755150695833903995e+01
7.389432485322896729e+11	1.667550902226203391e+00	1.459458886858383368e-02	4.520558689268774799e+00	2.780513009491182075e+00	4.867443967085495482e-02	1.750556084604045631e-02	4.544096983620890740e+01	2.596465025282552830e+01	2.495634986030977609e-01	4.120872506993102369e-01	4.817653391682868991e-01	-1.782329271350418054e+01	2.495634986031000924e-01	4.120872506993087936e-01	4.817653391682868991e-01	-1.782329271350418765e+01
7.452054794520548096e+11	1.667656610506880188e+00	1.425674377818810304e-02	4.453336838179546397e+00	2.780875315824139715e+00	4.755070601199645058e-02	1.709918662710856879e-02	4.276334935156615558e+01	2.555146043590669436e+01	3.513789281406966558e-01	3.365197119234550338e-01	4.865312607164621328e-01	-1.808575527978922537e+01	3.513789281406977660e-01	3.365197119234535905e-01	4.865312607164619108e-01	-1.808575527978922892e+01
7.514677103718199463e+11	1.667184922879307640e+00	1.521895603837564517e-02	4.793848974127254969e+00	2.779273950453184927e+00	5.074562809828574855e-02	1.825859163326135071e-02	3.650847563760552816e+01	2.447558895725085293e+01	3.997341541812692856e-01	2.332384590695648352e-01	4.628040328348055343e-01	-1.832136911104453958e+01	3.997341541812680643e-01	2.332384590695667503e-01	4.628040328348055343e-01	-1.832136911104453603e+01
7.577299412915850830e+11	1.667474862595869523e+00	1.441357248953051458e-02	4.577994285385381446e+00	2.780264666317203037e+00	4.806853961299099864e-02	1.728919559182241425e-02	3.360194807228815250e+01	2.391117490648969834e+01	4.619892022749763072e-01	1.214715432694632447e-01	4.776916985283856665e-01	-1.859244389084374305e+01	4.619892022749764737e-01	1.214715432694629810e-01	4.776916985283857220e-01	-1.859244389084374305e+01
7.639921722113503418e+11	1.666739571035105394e+00	1.491074641285166681e-02	4.775044840004390778e+00	2.777798467295698792e+00	4.970466215993924602e-02	1.789354510240218424e-02	4.232959954917552636e+01	2.548210085569881400e+01	4.638247620812661065e-01	1.590113329658969163e-02	4.640972483864335141e-01	-1.881528671157495936e+01	4.638247620812659400e-01	1.590113329658979224e-02	4.640972483864334586e-01	-1.881528671157495936e+01
7.702544031311154785e+11	1.667669722255178621e+00	1.423044727585697986e-02	4.594538565936392871e+00	2.780919796896993645e+00	4.746337211219074648e-02	1.706750844276463258e-02	3.854701624200397703e+01	2.484524745603438944e+01	4.595859793061659038e-01	-1.258196829228086511e-01	4.764974973550266668e-01	-1.911677588247230375e+01	4.595859793061660148e-01	-1.258196829228086233e-01	4.764974973550267778e-01	-1.911677588247230375e+01
7.765166340508806152e+11	1.667163766190855601e+00	1.529373409051367969e-02	4.977983575572693553e+00	2.779201124997246364e+00	5.099431865092453331e-02	1.834855282414116565e-02	3.992083174846157334e+01	2.508350026607145367e+01	3.951738762747855072e-01	-2.161184429075422575e-01	4.504104504280734833e-01	-1.935001179091329604e+01	3.951738762747866174e-01	-2.161184429075401481e-01	4.504104504280734278e-01	-1.935001179091328893e+01
7.827788649706457520e+11	1.667397183118160209e+00	1.502383496421497849e-02	4.929570210626001092e+00	2.779987650653343856e+00	5.010140019792835853e-02	1.802216646039908957e-02	3.631541479065592171e+01	2.443951628406224685e+01	3.259094658452362792e-01	-3.154948794428808490e-01	4.536011451508970005e-01	-1.961871834944285808e+01	3.259094658452350024e-01	-3.154948794428817926e-01	4.536011451508967229e-01	-1.961871834944286164e+01
7.890410958904110107e+11	1.666544861959325052e+00	1.524912479663968236e-02	5.043519485324539531e+00	2.777139241115962331e+00	5.082670115843280351e-02	1.830181951482153999e-02	3.655993590795400650e+01	2.448517191223387712e+01	2.465692910395748672e-01	-3.717833470340231039e-01	4.461157612274861406e-01	-1.983474867546044607e+01	2.465692910395723969e-01	-3.717833470340244917e-01	4.461157612274859185e-01	-1.983474867546044962e+01
7.953033268101761475e+11	1.667322750925792185e+00	1.474335347400044030e-02	4.914940200254180880e+00	2.779747789283091741e+00	4.916385734428349585e-02	1.768644534364862547e-02	3.350012720341232608e+01	2.389052784937644702e+01	1.300884502777665819e-01	-4.355510293527458110e-01	4.545632013987795372e-01	-2.013011097327176202e+01	1.300884502777668317e-01	-4.355510293527455334e-01	4.545632013987793707e-01	-2.013011097327175847e+01
8.015655577299412842e+11	1.666915566360366086e+00	1.510298201297880644e-02	5.074472626312654278e+00	2.778379405308815553e+00	5.035079163178998035e-02	1.812235993960425659e-02	3.268924477080584268e+01	2.372382295955485887e+01	2.349464382388953554e-02	-4.434244091814121269e-01	4.440463995420927401e-01	-2.036741719491506331e+01	2.349464382388932390e-02	-4.434244091814121269e-01	4.440463995420927401e-01	-2.036741719491506686e+01
8.078277886497064209e+11	1.667596152497174522e+00	1.533081014050704724e-02	5.191263277207520233e+00	2.780641894083815124e+00	5.113120000994843956e-02	1.838827218950302850e-02	3.208125675739888294e+01	2.359609455359632335e+01	-1.029849526042141139e-01	-4.241093423882245084e-01	4.364339981759721709e-01	-2.065856799300160063e+01	-1.029849526042123098e-01	-4.241093423882248969e-01	4.364339981759721709e-01	-2.065856799300159707e+01
8.140900195694715576e+11	1.666723108158895572e+00	1.562413303741178733e-02	5.331599515729332772e+00	2.777721805737678906e+00	5.208220715680612206e-02	1.874997238716447426e-02	2.985164436986297432e+01	2.310603072482864917e+01	-1.867322126812166472e-01	-3.846407294418960898e-01	4.275715261782723764e-01	-2.087230986240625441e+01	-1.867322126812125394e-01	-3.846407294418981992e-01	4.275715261782724874e-01	-2.087230986240624375e+01
8.203522504892368164e+11	1.667116153213451746e+00	1.557427666196600259e-02	5.355467895527002753e+00	2.779033710211673558e+00	5.192825639555759959e-02	1.868572382002603449e-02	3.004377766994418053e+01	2.314967903968481977e+01	-2.838167748277948821e-01	-3.177378432554686105e-01	4.260390812006428218e-01	-2.114942105662912297e+01	-2.838167748277970470e-01	-3.177378432554665566e-01	4.260390812006427663e-01	-2.114942105662913008e+01
8.266144814090019531e+11	1.666632295713414535e+00	1.534222913993485427e-02	5.315946912628518817e+00	2.777427825119983762e+00	5.113970914570174081e-02	1.841261496812883827e-02	2.958525451093412784e+01	2.304504594886213198e+01	-3.515136260914251132e-01	-2.451273197678401350e-01	4.285431509480779888e-01	-2.138220470328123923e+01	-3.515136260914261679e-01	-2.451273197678388027e-01	4.285431509480781553e-01	-2.138220470328124279e+01
8.328767123287670898e+11	1.667503198223410532e+00	1.562497736085131927e-02	5.454931194539057948e+00	2.780322776167775345e+00	5.210939944277592079e-02	1.874221219544886310e-02	2.911240638166310646e+01	2.293543163902195658e+01	-4.001716978529619162e-01	-1.269052644130796159e-01	4.198122603000963848e-01	-2.168405389930725491e+01	-4.001716978529625268e-01	-1.269052644130774510e-01	4.198122603000962738e-01	-2.168405389930726201e+01
8.391389432485322266e+11	1.666913754070524556e+00	1.591483987093381125e-02	5.597902254214937479e+00	2.778348181381371518e+00	5.305733094937908206e-02	1.909671772059879855e-02	2.914946994292515470e+01	2.294408768823364042e+01	-4.097927522031705738e-01	-3.288389981884420193e-02	4.111100225311284384e-01	-2.191107495720494214e+01	-4.097927522031706293e-01	-3.288389981884461827e-02	4.111100225311284939e-01	-2.191107495720493858e+01
8.454011741682974854e+11	1.667129599836133957e+00	1.619544940592337889e-02	5.739116113804904273e+00	2.779058810068328444e+00	5.399982617452678962e-02	1.943097640787209632e-02	2.909605004373063863e+01	2.293160817522507244e+01	-3.955149777537761424e-01	7.542479138927693505e-02	4.026425173571290816e-01	-2.217958625297697850e+01	-3.955149777537760869e-01	7.542479138927810078e-02	4.026425173571292482e-01	-2.217958625297698205e+01
8.516634050880626221e+11	1.666376418917617341e+00	1.601525089435044610e-02	5.717298855907317012e+00	2.776553881263493562e+00	5.337487286678972709e-02	1.922342412548502452e-02	2.935606163650457745e+01	2.299213562133993705e+01	-3.710788591643816581e-01	1.596703825933103726e-01	4.039729580011923726e-01	-2.239748876253832677e+01	-3.710788591643822132e-01	1.596703825933093457e-01	4.039729580011924837e-01	-2.239748876253832321e+01
8.579256360078277588e+11	1.666993406394732924e+00	1.593866922708892311e-02	5.731797837889179625e+00	2.778612975786784567e+00	5.313931301652773803e-02	1.912440252730085791e-02	2.902806060393925236e+01	2.291569186780240130e+01	-3.093000288010270271e-01	2.584479222726883130e-01	4.030655484451452497e-01	-2.268721700832722377e+01	-3.093000288010228638e-01	2.584479222726935865e-01	4.030655484451453607e-01	-2.268721700832723798e+01
8.641878669275928955e+11	1.666565210903817373e+00	1.601481287134142589e-02	5.801218110467798894e+00	2.777183127963581022e+00	5.337945998102458511e-02	1.922072024834963616e-02	2.920952396210056534e+01	2.295808973147093468e+01	-2.383378371195422341e-01	3.199821178605122829e-01	3.989905767725852592e-01	-2.292174964419519512e+01	-2.383378371195413181e-01	3.199821178605129490e-01	3.989905767725852037e-01	-2.292174964419519512e+01
8.704500978473581543e+11	1.667207985285383165e+00	1.639943000035756770e-02	5.983589521213786178e+00	2.779313524895009824e+00	5.468252130144962003e-02	1.967483006564194059e-02	2.767244559200920406e+01	2.259031312131422808e+01	-1.326693593544196192e-01	3.650285039104378404e-01	3.883902259050871497e-01	-2.321333911264364502e+01	-1.326693593544199523e-01	3.650285039104377849e-01	3.883902259050872607e-01	-2.321333911264364502e+01
8.767123287671232910e+11	1.666153068844063778e+00	1.649714605307494100e-02	6.062546662004944409e+00	2.775793892990594980e+00	5.497354104699909289e-02	1.980461920671332601e-02	2.805330706981263589e+01	2.268331138634014721e+01	-5.668595417355550697e-02	3.797543587459040748e-01	3.839618085006362147e-01	-2.341376891288109618e+01	-5.668595417355305754e-02	3.797543587459041858e-01	3.839618085006359371e-01	-2.341376891288110329e+01
8.829745596868884277e+11	1.666829686329120985e+00	1.630424905036286648e-02	6.034456383185591299e+00	2.778055374690939328e+00	5.435281266089641433e-02	1.956505732609567158e-02	2.601594561036433362e+01	2.217035508889129503e+01	5.596135170517304441e-02	3.814177412077371376e-01	3.855011883155257668e-01	-2.370762482686065908e+01	5.596135170517461954e-02	3.814177412077367491e-01	3.855011883155255448e-01	-2.370762482686066264e+01
8.892367906066535645e+11	1.666111179029367451e+00	1.622058662058098802e-02	6.046069570263247428e+00	2.775663353456313320e+00	5.405060139792834673e-02	1.947303923965542152e-02	2.633957583466056107e+01	2.225446537209758802e+01	1.368809175478641615e-01	3.597134635010130199e-01	3.848768132956826848e-01	-2.392555289899274129e+01	1.368809175478658546e-01	3.597134635010122983e-01	3.848768132956826293e-01	-2.392555289899274840e+01
8.954990215264188232e+11	1.667171120855112765e+00	1.641558218465139635e-02	6.161842119379499216e+00	2.779190074874831939e+00	5.473516910054897905e-02	1.969464758649662472e-02	2.453605773842715010e+01	2.177190720156407266e+01	2.376032861191295642e-01	2.943890497686903474e-01	3.783123500473138945e-01	-2.424100401875469757e+01	2.376032861191294809e-01	2.943890497686902918e-01	3.783123500473138390e-01	-2.424100401875469757e+01
9.017612524461839600e+11	1.666148695343109942e+00	1.654694358663445428e-02	6.254585268874633286e+00	2.775777673651488087e+00	5.513933693757407106e-02	1.986446445656406615e-02	2.436813709614399670e+01	2.172518571425561618e+01	2.875863064926904578e-01	2.379117832622773820e-01	3.732397356889329276e-01	-2.444159146454555653e+01	2.875863064926911239e-01	2.379117832622764384e-01	3.732397356889329276e-01	-2.444159146454556009e+01
9.080234833659490967e+11	1.666927843929759234e+00	1.683397845642777002e-02	6.407269751726553331e+00	2.778365054037644111e+00	5.612205482626631686e-02	2.019966913444554146e-02	2.242021549998745655e+01	2.115837010273750707e+01	3.374215005076485197e-01	1.389311365072906923e-01	3.649042747023396038e-01	-2.474215224861394447e+01	3.374215005076474649e-01	1.389311365072934679e-01	3.649042747023396593e-01	-2.474215224861393736e+01
9.142857142857142334e+11	1.665725944167232520e+00	1.638064711930701731e-02	6.277723011903408867e+00	2.774374595471771343e+00	5.457133777775587807e-02	1.966977994493791099e-02	2.218334215746927285e+01	2.108610847334875871e+01	3.644965419872581713e-01	7.423034338571425639e-02	3.719783232929441685e-01	-2.493183688949994803e+01	3.644965419872580603e-01	7.423034338571454782e-02	3.719783232929441130e-01	-2.493183688949994803e+01
9.205479452054794922e+11	1.667081925577761137e+00	1.659824687208237906e-02	6.404685279382422713e+00	2.778886644788829408e+00	5.534127471345228616e-02	1.991490902201148439e-02	1.991285917148934814e+01	2.035150330007805053e+01	3.618011749232712404e-01	-4.833913486414949390e-02	3.650161121584551416e-01	-2.526556154356723738e+01	3.618011749232715180e-01	-4.833913486414694732e-02	3.650161121584551971e-01	-2.526556154356723027e+01
9.268101761252446289e+11	1.666157231174908659e+00	1.634287987901581266e-02	6.349047018634345285e+00	2.775812829273697879e+00	5.445961497729022438e-02	1.961933974904921454e-02	1.985073651600885469e+01	2.033024533473422579e+01	3.473005126091321948e-01	-1.218517198265651608e-01	3.680563648182948455e-01	-2.547017650818915158e+01	3.473005126091323613e-01	-1.218517198265650497e-01	3.680563648182949010e-01	-2.547017650818915158e+01
9.330724070450097656e+11	1.667162297010011951e+00	1.727111810343156389e-02	6.754993907715852508e+00	2.779131833051156519e+00	5.758751385849633642e-02	2.072140413550374594e-02	1.932757194584329952e+01	2.014853675317510096e+01	2.755437164289081253e-01	-2.103799151016766678e-01	3.466757106311937897e-01	-2.578483174469469219e+01	2.755437164289089025e-01	-2.103799151016757796e-01	3.466757106311938452e-01	-2.578483174469468864e+01
9.393346379647749023e+11	1.665882147648166445e+00	1.660519576181843093e-02	6.538129197828318695e+00	2.774887597326578970e+00	5.532459835563263706e-02	1.993759978203593977e-02	1.899409716345102339e+01	2.003012725984920195e+01	2.401216323783812445e-01	-2.654821062222810224e-01	3.579652875074299523e-01	-2.596825618473251041e+01	2.401216323783822437e-01	-2.654821062222801342e-01	3.579652875074299523e-01	-2.596825618473250330e+01
9.455968688845401611e+11	1.666880766043430606e+00	1.728337160270302861e-02	6.850521823869740956e+00	2.778192773271576765e+00	5.761863939385379607e-02	2.073961171744125032e-02	1.826914287460536457e+01	1.976537371110897467e+01	1.394803549320209057e-01	-3.120887854947199114e-01	3.418394059255483453e-01	-2.628324354343964231e+01	1.394803549320195735e-01	-3.120887854947206330e-01	3.418394059255485118e-01	-2.628324354343964941e+01
9.518590998043052979e+11	1.666075508162766061e+00	1.646201338370037806e-02	6.568175940925395473e+00	2.775536601015173854e+00	5.485391462726172535e-02	1.976335480757071897e-02	1.851900636467336980e+01	1.985779212683767270e+01	7.431879223097802301e-02	-3.485232405781167886e-01	3.563589932943227456e-01	-2.649344507427221274e+01	7.431879223098142306e-02	-3.485232405781159559e-01	3.563589932943225791e-01	-2.649344507427220208e+01
9.581213307240704346e+11	1.667187377905914980e+00	1.759061609622008387e-02	7.064651137107006207e+00	2.779204323274155897e+00	5.865370625041348845e-02	2.110449590165939387e-02	1.761517732836178851e+01	1.951737169532871263e+01	-3.713577683249928013e-02	-3.291270290008634358e-01	3.312154391629236749e-01	-2.681589350412347983e+01	-3.713577683249919686e-02	-3.291270290008634913e-01	3.312154391629237304e-01	-2.681589350412347983e+01
9.643835616438355713e+11	1.666099377077982391e+00	1.702101027632015734e-02	6.880568043280731239e+00	2.775597419508814223e+00	5.671738923722990239e-02	2.043429959927939993e-02	1.786165353603216133e+01	1.961190702702507238e+01	-1.022742609180870982e-01	-3.246172538033616495e-01	3.403474488124996755e-01	-2.700875394094919457e+01	-1.022742609180891382e-01	-3.246172538033610389e-01	3.403474488124996755e-01	-2.700875394094919812e+01
9.706457925636008301e+11	1.666690172291346750e+00	1.792898313114191580e-02	7.294669096615847614e+00	2.777534681976442599e+00	5.976411996770313734e-02	2.151696623466681224e-02	1.752898561064335681e+01	1.948400062150185974e+01	-1.801190361960224307e-01	-2.647510822063524616e-01	3.202124337523745146e-01	-2.730094224302512274e+01	-1.801190361960228747e-01	-2.647510822063521840e-01	3.202124337523745146e-01	-2.730094224302512274e+01
9.769080234833659668e+11	1.665764281941332747e+00	1.699324915339968031e-02	6.958558179707524438e+00	2.774481872474734434e+00	5.661349494772596053e-02	2.040506932461189082e-02	1.697511716545112037e+01	1.926556162640164160e+01	-2.411437961437349897e-01	-2.346493223751970336e-01	3.364678809481677080e-01	-2.750258465627030091e+01	-2.411437961437340460e-01	-2.346493223751980606e-01	3.364678809481677635e-01	-2.750258465627029736e+01
9.831702544031311035e+11	1.666463511572162881e+00	1.784295227574451970e-02	7.353339296481404830e+00	2.776782264455509797e+00	5.946925781250345794e-02	2.141660819926210352e-02	1.734983879018422925e+01	1.941411174417571317e+01	-2.826517175288422723e-01	-1.445235742720605843e-01	3.174571733988322819e-01	-2.780167667253834907e+01	-2.826517175288426609e-01	-1.445235742720599736e-01	3.174571733988323374e-01	-2.780167667253835262e+01
9.894324853228962402e+11	1.665686949236939718e+00	1.683408837857908874e-02	6.981760215069636288e+00	2.774229626326725651e+00	5.608064262900084446e-02	2.021485247537188959e-02	1.385693397512497071e+01	1.788472126662177786e+01	-3.238046129193419831e-01	-8.707668509412266888e-02	3.353084795152456166e-01	-2.801163139081749165e+01	-3.238046129193419276e-01	-8.707668509412239133e-02	3.353084795152455055e-01	-2.801163139081749165e+01
9.956947162426614990e+11	1.666384407995279204e+00	1.829955452390123402e-02	7.637581914931892868e+00	2.776502121514003996e+00	6.098818466377698561e-02	2.196583398629662481e-02	1.536051363805108672e+01	1.858557109322520162e+01	-3.042499127365468903e-01	1.116967674019288606e-02	3.044548752749359766e-01	-2.831102957957272537e+01	-3.042499127365469458e-01	1.116967674019243677e-02	3.044548752749359766e-01	-2.831102957957272537e+01
1.001956947162426636e+12	1.665441225564372685e+00	1.702647536029086930e-02	7.150937399658424454e+00	2.773404574946165102e+00	5.671318798216883755e-02	2.044894152641603055e-02	1.499981014721827499e+01	1.842390410021427982e+01	-3.180193577141578465e-01	7.640230437090661519e-02	3.270682252896330300e-01	-2.851010974500741568e+01	-3.180193577141580130e-01	7.640230437090606008e-02	3.270682252896330300e-01	-2.851010974500741568e+01
1.008219178082191772e+12	1.666135006619462677e+00	1.813639846941472039e-02	7.664700057511132592e+00	2.775676931333395547e+00	6.043537676778301670e-02	2.177320281245797781e-02	1.501130783024869508e+01	1.842911706940097361e+01	-2.607983037175465868e-01	1.547193523677811988e-01	3.032389045275281081e-01	-2.880977751581794877e+01	-2.607983037175460317e-01	1.547193523677821425e-01	3.032389045275281081e-01	-2.880977751581795232e+01
1.014481409001956909e+12	1.665524523042007710e+00	1.666644203539088820e-02	7.087223847715419467e+00	2.773694166564188546e+00	5.551673584360335145e-02	2.001544961691744881e-02	1.369347137953314508e+01	1.780398800974323237e+01	-2.405268557675263597e-01	2.261154013280022856e-01	3.301232240590412648e-01	-2.902885855522646708e+01	-2.405268557675279695e-01	2.261154013280006203e-01	3.301232240590413203e-01	-2.902885855522645997e+01
1.020743639921722046e+12	1.666450620972543151e+00	1.832415287228886247e-02	7.840247090543116748e+00	2.776721897561287733e+00	6.107259186564317072e-02	2.199449354985150498e-02	1.330363436071980310e+01	1.760749231624610900e+01	-1.420542705542938156e-01	2.590973314177552611e-01	2.954840823640329517e-01	-2.934361922014906554e+01	-1.420542705542944539e-01	2.590973314177548725e-01	2.954840823640329517e-01	-2.934361922014906199e+01
1.027005870841487305e+12	1.665666465418020659e+00	1.690184223310811640e-02	7.276057640824565631e+00	2.774159101747289302e+00	5.630566362294844168e-02	2.029647960258826669e-02	1.210827531855410299e+01	1.696696349604860643e+01	-9.296918600312412129e-02	3.073066937453731717e-01	3.210617908857982816e-01	-2.955135485137855156e+01	-9.296918600312259473e-02	3.073066937453735603e-01	3.210617908857982261e-01	-2.955135485137855511e+01
1.033268101761252441e+12	1.665875078156740852e+00	1.856927655834278781e-02	8.042612932067594755e+00	2.774794957991827182e+00	6.186819007588685582e-02	2.229649073626040548e-02	1.237837958045371778e+01	1.711706207150964332e+01	-6.860979194113663200e-03	2.867520004519564791e-01	2.868340684066327806e-01	-2.982120824734466424e+01	-6.860979194113972848e-03	2.867520004519564791e-01	2.868340684066328361e-01	-2.982120824734466424e+01
1.039530332681017578e+12	1.665724481482436126e+00	1.636674368856328235e-02	7.131626802785341113e+00	2.774370177910963520e+00	5.452497128837601598e-02	1.965309882671534975e-02	1.024338493982063625e+01	1.582904463392608463e+01	7.274222858812584569e-02	3.197593426411549089e-01	3.279290609663477740e-01	-3.006881392424888588e+01	7.274222858812627590e-02	3.197593426411547424e-01	3.279290609663477740e-01	-3.006881392424888588e+01
1.045792563600782715e+12	1.665881351887066764e+00	1.864108164439175902e-02	8.171575901793550756e+00	2.774813188640208317e+00	6.210766058079306151e-02	2.238264573451476114e-02	1.111275051958141979e+01	1.638325777821033569e+01	1.325219359384917639e-01	2.482780152394589157e-01	2.814321167815263536e-01	-3.033542298709807383e+01	1.325219359384902373e-01	2.482780152394595263e-01	2.814321167815262426e-01	-3.033542298709807028e+01
1.052054794520547974e+12	1.666349253311218304e+00	1.638850137458174039e-02	7.227144912271522337e+00	2.776451251033550172e+00	5.461793405684831765e-02	1.967185054537387220e-02	9.499015600090627842e+00	1.531576808650114963e+01	2.268883770427392310e-01	2.303249070361895467e-01	3.233077457134572730e-01	-3.062301226262173159e+01	2.268883770427387869e-01	2.303249070361899076e-01	3.233077457134572730e-01	-3.062301226262173159e+01
1.058317025440313110e+12	1.665872735143867578e+00	1.906026245296316840e-02	8.455393433141459525e+00	2.774768676090934694e+00	6.350394309015543193e-02	2.288621161012208485e-02	1.023741050584350099e+01	1.582507539778228534e+01	2.276364246804555846e-01	1.450433547356843045e-01	2.699183517182228709e-01	-3.084862279312226363e+01	2.276364246804558900e-01	1.450433547356838604e-01	2.699183517182229264e-01	-3.084862279312226718e+01
1.064579256360078247e+12	1.666677120124032685e+00	1.677562661164547220e-02	7.485932585961135644e+00	2.777531201096725688e+00	5.591910609874672228e-02	2.013266532403550080e-02	8.981763664682608450e+00	1.493483186866318668e+01	3.009639967130472438e-01	7.918761512716443463e-02	3.112073355610677772e-01	-3.115864457518638275e+01	3.009639967130471327e-01	7.918761512716511464e-02	3.112073355610677772e-01	-3.115864457518637920e+01
1.070841487279843384e+12	1.665641867746846305e+00	1.915598863475599309e-02	8.598425255505276255e+00	2.773995879690627664e+00	6.381403337626466443e-02	2.300437208413647072e-02	9.687952567700104822e+00	1.544976092971454840e+01	2.636732240806478611e-01	1.815091503855499264e-02	2.642972281614402452e-01	-3.134719629078396608e+01	2.636732240806478611e-01	1.815091503855529795e-02	2.642972281614402452e-01	-3.134719629078396252e+01
1.077103718199608643e+12	1.666968130828483829e+00	1.725813472587748448e-02	7.791849242533204212e+00	2.778484905983592768e+00	5.753752117116427839e-02	2.070823600562112995e-02	9.067039094781915054e+00	1.499912072946612440e+01	2.862020855411982478e-01	-8.118293405998990020e-02	2.974933655574860669e-01	-3.169232220336627392e+01	2.862020855411984144e-01	-8.118293405998937284e-02	2.974933655574860669e-01	-3.169232220336627392e+01
1.083365949119373779e+12	1.665559828029845590e+00	1.956518795790523901e-02	8.884814539430538005e+00	2.773706744166980709e+00	6.517398218108051700e-02	2.349707023575559398e-02	9.624481253056242025e+00	1.540504121464811149e+01	2.293238468467009017e-01	-1.077853510235399076e-01	2.533912165562114960e-01	-3.185529864888557938e+01	2.293238468467007074e-01	-1.077853510235405599e-01	2.533912165562115515e-01	-3.185529864888558294e+01
1.089628180039138916e+12	1.666420196318422864e+00	1.765336021756863313e-02	8.062966783363416212e+00	2.776644629570959921e+00	5.883583199888111487e-02	2.118954344113250024e-02	8.423064444596066735e+00	1.449789917563316166e+01	2.083511353476580341e-01	-1.957462190683539049e-01	2.858789566935875937e-01	-3.217014203903192282e+01	2.083511353476583672e-01	-1.957462190683537107e-01	2.858789566935876492e-01	-3.217014203903192282e+01
1.095890410958904053e+12	1.665278981583014017e+00	1.985027703408437372e-02	9.118488615067951386e+00	2.772760053003830549e+00	6.611249824692143340e-02	2.384356993866071708e-02	5.918190998531292379e+00	1.209668216230278048e+01	1.455938338632752904e-01	-1.968381324242724217e-01	2.448322177232449270e-01	-3.234987048817247057e+01	1.455938338632732088e-01	-1.968381324242739483e-01	2.448322177232449548e-01	-3.234987048817248478e+01
1.102152641878669189e+12	1.672651379783462344e+00	2.048517281136399623e-02	9.463908637872119556e+00	2.797342995986408898e+00	6.852910513606130793e-02	2.449792722393570252e-02	2.041707668245564378e+00	4.856186345321105158e+00	-2.790496089501861773e-02	-2.307581981019373452e-01	2.324393100011387658e-01	-3.310706580346521122e+01	-2.790496089501931856e-02	-2.307581981019372896e-01	2.324393100011387936e-01	-3.310706580346521832e+01
1.108414872798434326e+12	1.664581400637679343e+00	1.931773538507074867e-02	8.975274055847735966e+00	2.770458064448490632e+00	6.431188604885824944e-02	2.321344866184093733e-02	7.184386404599689691e+00	1.341572348460893060e+01	4.256225386577419667e-02	-2.464036413336039288e-01	2.500525943008669594e-01	-3.281567683377880940e+01	4.256225386577324604e-02	-2.464036413336041509e-01	2.500525943008669594e-01	-3.281567683377881650e+01
1.114677103718199707e+12	1.667189995233459676e+00	1.885512004312177997e-02	8.809830309273692706e+00	2.779166964654702809e+00	6.287013498963701930e-02	2.262193520188460899e-02	5.740286934751555492e+00	1.188903083794101256e+01	-6.697110027922310860e-02	-2.471846418750718588e-01	2.560964182715511628e-01	-3.325130644921912904e+01	-6.697110027922423270e-02	-2.471846418750716368e-01	2.560964182715512183e-01	-3.325130644921912904e+01
1.120939334637964844e+12	1.664534153450016873e+00	1.936824123209166318e-02	9.100420411957996336e+00	2.770298819233139920e+00	6.447819804615081973e-02	2.327481699753940203e-02	7.050479555847298130e+00	1.328772076481802955e+01	-8.151933203815894813e-02	-2.315514083212625585e-01	2.454820893497276502e-01	-3.332522916769552523e+01	-8.151933203816033591e-02	-2.315514083212621144e-01	2.454820893497277057e-01	-3.332522916769553234e+01
1.127201565557729980e+12	1.666259509045116216e+00	1.918394042238693448e-02	9.064180836223140858e+00	2.776052727913142171e+00	6.393084629951442666e-02	2.302940634257099467e-02	8.094872848017420353e+00	1.422751219195589378e+01	-1.617069241916906097e-01	-1.863368952865717965e-01	2.467196138870519362e-01	-3.370147193651566653e+01	-1.617069241916911093e-01	-1.863368952865713801e-01	2.467196138870519362e-01	-3.370147193651567363e+01
1.133463796477495117e+12	1.664648611942721956e+00	1.954938085249240121e-02	9.288162855690025310e+00	2.770672822951115055e+00	6.508569940088219929e-02	2.349093651972871538e-02	7.864006742203788924e+00	1.403065782355293578e+01	-1.808433925907988737e-01	-1.559245084533083248e-01	2.387818774114895404e-01	-3.384598066262934424e+01	-1.808433925907984574e-01	-1.559245084533088799e-01	2.387818774114895959e-01	-3.384598066262933713e+01
1.139726027397260254e+12	1.666448347660073992e+00	1.899839483568269843e-02	9.076251811746990583e+00	2.776689156412658566e+00	6.331968736423422561e-02	2.280402443247916272e-02	7.271062709563832271e+00	1.349731236686804969e+01	-2.330805517953356554e-01	-7.948198309929981054e-02	2.462598815532394680e-01	-3.422887875485904630e+01	-2.330805517953353778e-01	-7.948198309930044891e-02	2.462598815532394125e-01	-3.422887875485904630e+01
1.145988258317025391e+12	1.664640697199519570e+00	2.040196673402226712e-02	9.800344994325744352e+00	2.770612410526286151e+00	6.792388825672845964e-02	2.451583916922761217e-02	7.218612206481998861e+00	1.344805741579299330e+01	-2.170666454304882587e-01	-4.385579206626252780e-02	2.214526113104213767e-01	-3.435816442525972292e+01	-2.170666454304888415e-01	-4.385579206625966203e-02	2.214526113104213489e-01	-3.435816442525973713e+01
1.152250489236790527e+12	1.665948912967710971e+00	1.850460310841355385e-02	8.937495516762011150e+00	2.775043360282098082e+00	6.165544686672096847e-02	2.221783189018472146e-02	5.326215605166362721e+00	1.137967117871426836e+01	-2.485062257631301119e-01	3.762030226096012286e-02	2.513376839736568558e-01	-3.470776412105702491e+01	-2.485062257631299731e-01	3.762030226096119145e-02	2.513376839736568558e-01	-3.470776412105703201e+01
1.158512720156555664e+12	1.664379027936467415e+00	2.091563409333607737e-02	1.015689594384537031e+01	2.769720084885213929e+00	6.962308548188307633e-02	2.513722807652184893e-02	4.228221311938663796e+00	9.809037731703416085e+00	-2.010785253301805298e-01	6.104764609325303432e-02	2.101413534801923055e-01	-3.485227639219173312e+01	-2.010785253301808073e-01	6.104764609325238206e-02	2.101413534801923888e-01	-3.485227639219172602e+01
1.164774951076321045e+12	1.666836091559939392e+00	1.350879350436660561e-02	6.595500332935507082e+00	2.778160068624870860e+00	4.503388913301745872e-02	1.620996919565842811e-02	1.253141641780164850e+00	1.535215917598315993e+00	-2.645348081988020406e-01	2.360546087864484610e-01	3.545425828840595428e-01	-3.528608528799078670e+01	-2.645348081988028177e-01	2.360546087864475451e-01	3.545425828840594318e-01	-3.528608528799078670e+01
1.171037181996086182e+12	1.663250662225752352e+00	1.914732250211574616e-02	9.398702394120549641e+00	2.766036145435403437e+00	6.369359366298812941e-02	2.302702868438549766e-02	3.074944118961411288e+00	7.642186130543113798e+00	-1.756519284956237215e-01	1.560241439889150372e-01	2.349407020754500919e-01	-3.528380871621570236e+01	-1.756519284956238602e-01	1.560241439889150927e-01	2.349407020754502307e-01	-3.528380871621570236e+01
1.177299412915851318e+12	1.668027148859496434e+00	2.194534761661993266e-02	1.082975303736474615e+01	2.781832971050326453e+00	7.321087123136219010e-02	2.631749353510618242e-02	4.158223172075468987e+00	9.695464577564401054e+00	-4.569568556125625652e-02	1.846574456651439988e-01	1.902274110597334811e-01	-3.588572705967838061e+01	-4.569568556125774839e-02	1.846574456651435547e-01	1.902274110597333978e-01	-3.588572705967837351e+01
1.183561643835616455e+12	1.663440442542811093e+00	2.100589681591763860e-02	1.042128495674156774e+01	2.766592858185982440e+00	6.988411659095732087e-02	2.525999312988156525e-02	4.867690428860095508e+00	1.076721828770090816e+01	-6.342410144900019475e-02	1.919276388868174921e-01	2.021356851554957090e-01	-3.580915462500371405e+01	-6.342410144900166580e-02	1.919276388868170757e-01	2.021356851554957645e-01	-3.580915462500370694e+01
1.189823874755381592e+12	1.666961617203571944e+00	2.363346745628249965e-02	1.178689148836857292e+01	2.778202492445940752e+00	7.879216626210532037e-02	2.836084355850403832e-02	4.899355270080547164e+00	1.081133189730186928e+01	3.194806695132494656e-02	1.621627632638605598e-01	1.652798861667602315e-01	-3.632283669146480065e+01	3.194806695132633434e-02	1.621627632638602268e-01	1.652798861667601760e-01	-3.632283669146481486e+01
1.196086105675146729e+12	1.661667316211711709e+00	2.160255678587251482e-02	1.083070587279529207e+01	2.760671599306546042e+00	7.179252511538376791e-02	2.600545647422074919e-02	5.293714284116938451e+00	1.133802859198878998e+01	1.180022885445837326e-02	1.900046357866572999e-01	1.903707094629787933e-01	-3.619034080613477045e+01	1.180022885445792570e-02	1.900046357866572999e-01	1.903707094629787377e-01	-3.619034080613477045e+01
1.202348336594911865e+12	1.665143674010120867e+00	2.313647179441431431e-02	1.166048460058922132e+01	2.772168158768829826e+00	7.705109929476516850e-02	2.779452575812895940e-02	4.820305108072546751e+00	1.070066487389264154e+01	9.153269246834806749e-02	1.413710039050969647e-01	1.684161350216781539e-01	-3.670290617676116085e+01	9.153269246834776218e-02	1.413710039050971590e-01	1.684161350216781539e-01	-3.670290617676116085e+01
1.208610567514677002e+12	1.660595813223685324e+00	2.033231701437911154e-02	1.030059758224116351e+01	2.757165051780859688e+00	6.752752101442931199e-02	2.449164984548644203e-02	3.780560476535373748e+00	9.047673387459049366e+00	9.740933382769315085e-02	1.813074223189914680e-01	2.058177827708579932e-01	-3.662132541288938370e+01	9.740933382769167981e-02	1.813074223189921896e-01	2.058177827708579377e-01	-3.662132541288937659e+01
1.214872798434442139e+12	1.663668899604191287e+00	2.480811780731635718e-02	1.263321201825846174e+01	2.767178764801079272e+00	8.254498810749828774e-02	2.983001646206695154e-02	3.887904610483287282e+00	9.238155947589905992e+00	1.210273889271367143e-01	8.166608412707784814e-02	1.460033498491434267e-01	-3.710551774314535578e+01	1.210273889271364228e-01	8.166608412707830611e-02	1.460033498491434267e-01	-3.710551774314534867e+01
1.221135029354207520e+12	1.661448772909343230e+00	1.970846460179096274e-02	1.008801321088379765e+01	2.760023601425002138e+00	6.548920865714565054e-02	2.372777124925073977e-02	5.198723237516983176e+00	1.121483868553196572e+01	1.859329409576780667e-01	1.024877204605137149e-01	2.123082461384008524e-01	-3.719534167478702358e+01	1.859329409576783720e-01	1.024877204605132985e-01	2.123082461384009079e-01	-3.719534167478702358e+01
1.227397260273972656e+12	1.663733188821954201e+00	2.377543848542806523e-02	1.223215134722875419e+01	2.767442852112493856e+00	7.911197217400289805e-02	2.858666877750112856e-02	4.470338035249061370e+00	1.018786970687089699e+01	1.544045773609026007e-01	1.182781725928255638e-02	1.548569364643312962e-01	-3.762265838923300265e+01	1.544045773609025729e-01	1.182781725928273853e-02	1.548569364643312962e-01	-3.762265838923299555e+01
1.233659491193737793e+12	1.661317036373833655e+00	1.878720953887641487e-02	9.715088130151960044e+00	2.759621336103680100e+00	6.242302254572076881e-02	2.262014057111765702e-02	3.646997975543463166e+00	8.802968716022141038e+00	2.242590104032542164e-01	7.252333740925260945e-04	2.242601830697856513e-01	-3.769587794471776476e+01	2.242590104032541887e-01	7.252333740920888358e-04	2.242601830697856236e-01	-3.769587794471776476e+01
1.239921722113502930e+12	1.661581785383354326e+00	2.299252907231126228e-02	1.195006242124149942e+01	2.760325373124594250e+00	7.640793501289924738e-02	2.768077117169997700e-02	5.096179322338623585e+00	1.107930133341979229e+01	1.555422940430763457e-01	-4.329676873144631261e-02	1.614559240745509494e-01	-3.797059922202622317e+01	1.555422940430760959e-01	-4.329676873144693017e-02	1.614559240745509217e-01	-3.797059922202622317e+01
1.246183953033268066e+12	1.661728777896009479e+00	1.873166412077329965e-02	9.784703668199872695e+00	2.760991656047032006e+00	6.225389065474228739e-02	2.254765620837567014e-02	4.962002498363093927e+00	1.089777452643939881e+01	1.905160271990734566e-01	-1.138623096253393585e-01	2.219481519926100599e-01	-3.823780318065200845e+01	1.905160271990732346e-01	-1.138623096253395944e-01	2.219481519926100321e-01	-3.823780318065201556e+01
1.252446183953033203e+12	1.661716910014979343e+00	2.266561377855163054e-02	1.189914396737549929e+01	2.760789358981772690e+00	7.532766738337551282e-02	2.728482965870227331e-02	5.008618410567660106e+00	1.096139137131326180e+01	1.141975115223354681e-01	-1.158248554953207193e-01	1.626544459533949272e-01	-3.849158460902110335e+01	1.141975115223353709e-01	-1.158248554953208165e-01	1.626544459533949272e-01	-3.849158460902110335e+01
1.258708414872798340e+12	1.661658985564849145e+00	1.828840336029548957e-02	9.649172900278431442e+00	2.760776118610934304e+00	6.077817955053876203e-02	2.201488890780426214e-02	4.549195303347927322e+00	1.030683648613716485e+01	1.138327787278274050e-01	-1.957026422882179317e-01	2.264010285124356814e-01	-3.874308167799021874e+01	1.138327787278268222e-01	-1.957026422882182370e-01	2.264010285124355981e-01	-3.874308167799022584e+01
1.264970645792563477e+12	1.661831978418384370e+00	2.237963355133819679e-02	1.186649825625468324e+01	2.761184676496069468e+00	7.438238140179762037e-02	2.693857532781491343e-02	4.278347280086686411e+00	9.889218529144653047e+00	4.180731873332254461e-02	-1.579846424096097712e-01	1.634227619915961938e-01	-3.901120912257918150e+01	4.180731873332348136e-02	-1.579846424096095769e-01	1.634227619915962215e-01	-3.901120912257917439e+01
1.271232876712328857e+12	1.662101653125342970e+00	1.803758326568935880e-02	9.611532219332261207e+00	2.762256550911931008e+00	5.996059392857661097e-02	2.170710534066114597e-02	3.934345925527247267e+00	9.318941717625763843e+00	-4.199632139567392383e-03	-2.275870924810028118e-01	2.276258367893772561e-01	-3.928835893314631988e+01	-4.199632139566690688e-03	-2.275870924810027840e-01	2.276258367893772283e-01	-3.928835893314631278e+01
1.277495107632093994e+12	1.661830709623482560e+00	2.277149602761425681e-02	1.219382534605531276e+01	2.761162766416351833e+00	7.568474280551702738e-02	2.741046045023505517e-02	3.513041409091165690e+00	8.548369973816374312e+00	-3.880734064600271233e-02	-1.508231955884159481e-01	1.557358212342827286e-01	-3.952174884357916795e+01	-3.880734064600325356e-02	-1.508231955884158093e-01	1.557358212342827286e-01	-3.952174884357916795e+01
1.283757338551859131e+12	1.662257997169490631e+00	1.793017986305133621e-02	9.648432134986467901e+00	2.762780157804005210e+00	5.960916973608889474e-02	2.157579189488215490e-02	3.514808903744599089e+00	8.551792073010778594e+00	-1.167249635591293550e-01	-1.939594110291364415e-01	2.263735193096789444e-01	-3.981165086772642070e+01	-1.167249635591316309e-01	-1.939594110291350815e-01	2.263735193096789167e-01	-3.981165086772643491e+01
1.290019569471624268e+12	1.662070895448472196e+00	2.244374202451500724e-02	1.213614419310940740e+01	2.761975939940823022e+00	7.460618080780033468e-02	2.701188657327652926e-02	2.883975538991573107e+00	7.205971614525735092e+00	-1.106340639098405965e-01	-1.114595737673475945e-01	1.570450020905010957e-01	-4.005158940529069156e+01	-1.106340639098395418e-01	-1.114595737673485937e-01	1.570450020905010680e-01	-4.005158940529068445e+01
1.296281800391389404e+12	1.663259391952635946e+00	1.775605911617008162e-02	9.647952730649178577e+00	2.766116527283315030e+00	5.906586417807221934e-02	2.135335355379354080e-02	2.908110074664124411e+00	7.262669056810682200e+00	-2.049703677163263460e-01	-9.600084033766480285e-02	2.263382711502936462e-01	-4.040268405188704293e+01	-2.049703677163268734e-01	-9.600084033766362324e-02	2.263382711502936184e-01	-4.040268405188705003e+01
1.302544031311154541e+12	1.661704896016485522e+00	2.337072064983204689e-02	1.276008826607187707e+01	2.760716970861466724e+00	7.767048185451898290e-02	2.813417046162552948e-02	2.713195913212510746e+00	6.790674176464262857e+00	-1.365499806759381540e-01	-4.340166523786135461e-02	1.432815471999742962e-01	-4.053295802055802710e+01	-1.365499806759383483e-01	-4.340166523786070929e-02	1.432815471999742962e-01	-4.053295802055803421e+01
1.308806262230919678e+12	1.663709379840117908e+00	1.858392316906683911e-02	1.019534500597008808e+01	2.767583538367635931e+00	6.183649458120917680e-02	2.234313570808464655e-02	2.883086967019748759e+00	7.203875114200769758e+00	-2.075510974231448980e-01	2.291010541784370413e-02	2.088117117687810775e-01	-4.095064239369901316e+01	-2.075510974231448424e-01	2.291010541784461660e-02	2.088117117687811053e-01	-4.095064239369902026e+01
1.315068493150684814e+12	1.660655989043049230e+00	2.413506198949310483e-02	1.330411384771709571e+01	2.757195812727311512e+00	8.016007047755395465e-02	2.907304229446899813e-02	3.000603889745862674e+00	7.475685035837841497e+00	-1.313669737318701181e-01	1.554067391283715446e-02	1.322830084823254648e-01	-4.095845692627725754e+01	-1.313669737318702291e-01	1.554067391283706079e-02	1.322830084823255481e-01	-4.095845692627725043e+01
1.321330724070450195e+12	1.663191195854410998e+00	1.924788817802251459e-02	1.066065236293276008e+01	2.765834472768312402e+00	6.402583631295449829e-02	2.314883155276870400e-02	3.006491782907396271e+00	7.489021861990132756e+00	-1.631400832637332765e-01	1.068374993451838145e-01	1.950100972607058947e-01	-4.142050403080953203e+01	-1.631400832637343035e-01	1.068374993451820104e-01	1.950100972607057837e-01	-4.142050403080952492e+01
1.327592954990215332e+12	1.659648184573420338e+00	2.397363078464222197e-02	1.334098551793621645e+01	2.753857361584851393e+00	7.957558561872984937e-02	2.889604477297034318e-02	2.880758659420168399e+00	7.198378629572954601e+00	-1.125076833669005627e-01	6.822885236879822068e-02	1.315794631093698264e-01	-4.138584384440947161e+01	-1.125076833669000631e-01	6.822885236879908111e-02	1.315794631093698264e-01	-4.138584384440947872e+01
1.333855185909980469e+12	1.663635190647704931e+00	1.963015791097383334e-02	1.097543231769538252e+01	2.767296704461815970e+00	6.531484299733501808e-02	2.360239973257130530e-02	3.028520828668209486e+00	7.538689832077200670e+00	-7.977040034521445944e-02	1.682104560797202109e-01	1.861667916299339920e-01	-4.196868114011297735e+01	-7.977040034521615253e-02	1.682104560797193504e-01	1.861667916299339920e-01	-4.196868114011296313e+01
1.340117416829745605e+12	1.658872793198453266e+00	2.359477182665541822e-02	1.325402527621016269e+01	2.751302230756486278e+00	7.828145008992809517e-02	2.845250849391568401e-02	3.294825291163714809e+00	8.112073641120852940e+00	-7.310703894083626919e-02	1.114386416327559082e-01	1.332786929394595699e-01	-4.183089859346831929e+01	-7.310703894083621368e-02	1.114386416327559359e-01	1.332786929394595699e-01	-4.183089859346831929e+01
1.346379647749510742e+12	1.663158832791075570e+00	1.973278150857326468e-02	1.113640473701541644e+01	2.765707920424907762e+00	6.563749972304006031e-02	2.373262166923103059e-02	3.198831200960698506e+00	7.910912633166516272e+00	5.406787806960556240e-03	1.817338122177431237e-01	1.818142234743569396e-01	-4.244124318868600909e+01	5.406787806962609286e-03	1.817338122177430126e-01	1.818142234743569119e-01	-4.244124318868601620e+01
1.352641878669275879e+12	1.657936679685233283e+00	2.312788391569954582e-02	1.311317597253006717e+01	2.748219134831277888e+00	7.668913413468082807e-02	2.790502881037142113e-02	3.291463089081040572e+00	8.105127556222635477e+00	-2.035178536501417931e-02	1.345462428323513648e-01	1.360767674066578614e-01	-4.226137650030662485e+01	-2.035178536501433197e-02	1.345462428323513093e-01	1.360767674066578337e-01	-4.226137650030662485e+01
1.358904109589041016e+12	1.663162099332161192e+00	1.941697926285390272e-02	1.106011493007020619e+01	2.765731149571267533e+00	6.458716798699427886e-02	2.335265595031039976e-02	3.085610414204184693e+00	7.665744824334232099e+00	9.480654249759941365e-02	1.575210376476615937e-01	1.838509118877171833e-01	-4.295329118623789100e+01	9.480654249760021857e-02	1.575210376476611218e-01	1.838509118877171833e-01	-4.295329118623789810e+01
1.365166340508806152e+12	1.657517098319709614e+00	2.322991727798797909e-02	1.329298137206438923e+01	2.746823302165447789e+00	7.700797016163504760e-02	2.803528355862064392e-02	3.128520267651170528e+00	7.759704288382291537e+00	4.197320069702201867e-02	1.257043348521794668e-01	1.325267119390704240e-01	-4.273376503642659685e+01	4.197320069702214357e-02	1.257043348521794390e-01	1.325267119390704518e-01	-4.273376503642659685e+01
1.371428571428571533e+12	1.663410153467094643e+00	1.902307952917680831e-02	1.093561413487986123e+01	2.766571461102649732e+00	6.328636727808947815e-02	2.287537776192701336e-02	2.647489814085886906e+00	6.623886458585932502e+00	1.646403093850683508e-01	8.914496562664928070e-02	1.872251488742565084e-01	-4.348603972078579005e+01	1.646403093850691557e-01	8.914496562664799006e-02	1.872251488742565917e-01	-4.348603972078580426e+01
1.377690802348336670e+12	1.656844442220963609e+00	2.281182139531957517e-02	1.317349111090963021e+01	2.744613126523124169e+00	7.559127899154501062e-02	2.754168821137427045e-02	2.536864361340770646e+00	6.333495356629979867e+00	9.414615533629376587e-02	9.658619172743063142e-02	1.348791718428517805e-01	-4.318410669793103551e+01	9.414615533629316912e-02	9.658619172743133918e-02	1.348791718428518915e-01	-4.318410669793102841e+01
1.383953033268101807e+12	1.664551169548504683e+00	1.897617293040055123e-02	1.100827176001153518e+01	2.770370500906210509e+00	6.317362168970581948e-02	2.280331156754709238e-02	2.144375116579050999e+00	5.189973051642168045e+00	1.840090540293103094e-01	-2.087425833585851084e-02	1.851892724372386778e-01	-4.409525572266979054e+01	1.840090540293101984e-01	-2.087425833585973556e-02	1.851892724372386778e-01	-4.409525572266979765e+01
1.390215264187866943e+12	1.655288014962893017e+00	2.173894861597921307e-02	1.266804944296389124e+01	2.739505830592866342e+00	7.196844220384912560e-02	2.627059282011974181e-02	1.996016757196739544e+00	4.702204804865659504e+00	1.324103313483334377e-01	5.984380443711655173e-02	1.453058043482203798e-01	-4.355781679616283952e+01	1.324103313483332989e-01	5.984380443711684316e-02	1.453058043482203798e-01	-4.355781679616283952e+01
1.396477495107632080e+12	1.665439313400000287e+00	1.875250752765048393e-02	1.097696933054761104e+01	2.773336450079689985e+00	6.246232652275712088e-02	2.252244819447071084e-02	1.747265426513183950e+00	3.796659198970629312e+00	1.419983203352775114e-01	-1.201402331863083428e-01	1.860032220368793010e-01	-4.468450404507197504e+01	1.419983203352779555e-01	-1.201402331863077877e-01	1.860032220368793288e-01	-4.468450404507196794e+01
1.402739726027397217e+12	1.653812899576187156e+00	2.039880449676573573e-02	1.199419135531822889e+01	2.734680995579698237e+00	6.747161202536781921e-02	2.467257136551869595e-02	1.368130283943695957e+00	2.132496863398100295e+00	1.602891948570729919e-01	7.395072790200764995e-03	1.604596930369152907e-01	-4.393619402615104264e+01	1.602891948570729919e-01	7.395072790199560230e-03	1.604596930369152075e-01	-4.393619402615104974e+01
1.409001956947162354e+12	1.667655328873130172e+00	1.833879190229135286e-02	1.083107292221452234e+01	2.780737984630512472e+00	6.116556808190316830e-02	2.199616375939514312e-02	1.210640883345986740e+00	1.300471987267009188e+00	3.076348897391391682e-02	-1.874463450565426459e-01	1.899540063512864252e-01	-4.539042472198035227e+01	3.076348897391502704e-02	-1.874463450565424238e-01	1.899540063512864252e-01	-4.539042472198034517e+01
1.415264187866927490e+12	1.656698063507409113e+00	-6.147145235700272360e-03	-3.646700969793063241e+00	2.744610686234650210e+00	-2.036792721616687354e-02	-7.421062418185716929e-03	9.284804908778442056e-02	-1.617029630808783125e+01	1.207482716669792122e+00	-1.046623815036967997e+00	1.597947408790038715e+00	-4.469645348623127745e+01	1.207482716669787237e+00	-1.046623815036974214e+00	1.597947408790038937e+00	-4.469645348623128456e+01
1.421526418786692627e+12	1.666556376636978198e+00	2.995237656281579675e-02	1.784741751791409214e+01	2.776513011647613105e+00	9.983464831238528236e-02	3.595684511240317127e-02	1.206815198476631990e+00	1.278938818617425976e+00	-1.704923397753965730e-02	-6.555436007036836987e-02	6.773514968948102233e-02	-4.580753441124658565e+01	-1.704923397753967812e-02	-6.555436007036835599e-02	6.773514968948100845e-02	-4.580753441124658565e+01
1.427788649706458008e+12	1.661581478110422561e+00	1.609802069924693574e-02	9.634419841804193751e+00	2.760593862129183229e+00	5.349634605621380462e-02	1.937856444227304548e-02	1.340143155375407735e+00	1.991879719878599797e+00	-1.725137058180220215e-02	-2.260168038496249143e-01	2.266742274925636347e-01	-4.562927358894719987e+01	-1.725137058180405136e-02	-2.260168038496247478e-01	2.266742274925636069e-01	-4.562927358894720697e+01
1.434050880626223145e+12	1.665607678134996883e+00	2.886250280941730570e-02	1.734952982422301915e+01	2.773415893393831766e+00	9.614721257911676422e-02	3.466743405060007666e-02	1.759359496068230833e+00	3.843588258159833515e+00	-4.611907865695839132e-02	-5.643568024565751018e-02	7.288316280840735628e-02	-4.623823289427711813e+01	-4.611907865695874520e-02	-5.643568024565723956e-02	7.288316280840737016e-02	-4.623823289427712524e+01
1.440313111545988281e+12	1.659650576687382584e+00	1.772766980070318923e-02	1.070280786611299639e+01	2.754125766422198751e+00	5.884347481612108716e-02	2.136557289196087256e-02	1.720281432250319487e+00	3.690770492511898482e+00	-7.814404732870383619e-02	-1.773216860445261389e-01	1.937768625883498075e-01	-4.596817901258831540e+01	-7.814404732870328107e-02	-1.773216860445263610e-01	1.937768625883497797e-01	-4.596817901258831540e+01
1.446575342465753418e+12	1.662814332204290979e+00	2.749467528414654624e-02	1.667165882482905204e+01	2.764195546215021171e+00	9.143708024356392294e-02	3.307909252974797210e-02	1.781653975922782296e+00	3.929258991200289763e+00	-6.551994009471860669e-02	-4.685244491392950156e-02	8.054821006346640777e-02	-4.650311006395695301e+01	-6.551994009471791280e-02	-4.685244491393046606e-02	8.054821006346642165e-02	-4.650311006395693880e+01
1.452837573385518555e+12	1.659445769148792049e+00	1.809645352004839516e-02	1.102045932185528976e+01	2.753432779115822626e+00	6.006016646088414845e-02	2.181283193707404117e-02	1.929244328828713551e+00	4.470717330191619432e+00	-1.455143505239660240e-01	-1.141244080113949094e-01	1.849291937806548380e-01	-4.645880624038725415e+01	-1.455143505239665236e-01	-1.141244080113944098e-01	1.849291937806549213e-01	-4.645880624038726125e+01
1.459099804305283691e+12	1.662741829960795004e+00	2.716520356481454471e-02	1.661449418665532463e+01	2.763972444816655383e+00	9.033744057323449261e-02	3.268391504504557926e-02	1.779811812382103176e+00	3.922220875150812081e+00	-8.067853559744375680e-02	-9.383535146196775312e-03	8.122239123534784333e-02	-4.700810233509546521e+01	-8.067853559744364578e-02	-9.383535146197363383e-03	8.122239123534780170e-02	-4.700810233509545810e+01
1.465362035225048828e+12	1.658904207206891801e+00	1.851932972070011868e-02	1.137520836780914379e+01	2.751620203115422214e+00	6.144358797664211530e-02	2.232996687081845177e-02	1.927232755550392751e+00	4.463619883797059984e+00	-1.718529341019622014e-01	-3.576476101498041876e-02	1.755350366448590882e-01	-4.691870597493849004e+01	-1.718529341019622014e-01	-3.576476101498023835e-02	1.755350366448590604e-01	-4.691870597493849004e+01
1.471624266144813965e+12	1.661058594816134715e+00	2.622824484812435325e-02	1.617913619272108861e+01	2.758427734584739000e+00	8.713330306383793022e-02	3.158803182384446739e-02	1.728439275129413977e+00	3.722957092358245124e+00	-8.405835468026083557e-02	2.085127130058423220e-02	8.660590341543178416e-02	-4.736703901651740978e+01	-8.405835468026084945e-02	2.085127130058431547e-02	8.660590341543181192e-02	-4.736703901651740978e+01
1.477886497064579346e+12	1.658895721547868352e+00	1.739864268418176221e-02	1.077818444571125589e+01	2.751632302202570823e+00	5.772506781905849260e-02	2.097848167171605799e-02	1.737523372696553325e+00	3.758619929094936474e+00	-1.829100014630801185e-01	5.711474573150351897e-02	1.916198393048023363e-01	-4.742655236653514805e+01	-1.829100014630788973e-01	5.711474573150730760e-02	1.916198393048023085e-01	-4.742655236653516937e+01
1.484148727984344482e+12	1.661013730774103525e+00	2.697174867489253447e-02	1.677937149856373011e+01	2.758239138593524320e+00	8.960088978396946180e-02	3.248481559494459381e-02	1.534050715413414867e+00	2.911261443643100133e+00	-5.806558165011322520e-02	5.398880152536440769e-02	7.928683662822698375e-02	-4.787292185038428016e+01	-5.806558165011260070e-02	5.398880152536501831e-02	7.928683662822694211e-02	-4.787292185038429437e+01
1.490410958904109619e+12	1.658122380532619067e+00	1.594332738454377549e-02	9.960339930268300890e+00	2.749115639135069067e+00	5.287197591294123811e-02	1.923235791186139396e-02	1.426806223279712738e+00	2.418195980524539213e+00	-1.595408479842856941e-01	1.457676067182825663e-01	2.161052459888950783e-01	-4.786420598884662070e+01	-1.595408479842844174e-01	1.457676067182839541e-01	2.161052459888950783e-01	-4.786420598884662780e+01
1.496673189823874756e+12	1.659496243218577138e+00	2.824188688203877265e-02	1.771780221959287971e+01	2.753130177081913210e+00	9.373461036429471538e-02	3.404655949238315216e-02	1.293976410741715544e+00	1.753375964840482082e+00	-3.016196502098587862e-02	6.215015590418936781e-02	6.908245806890646323e-02	-4.824286108966957443e+01	-3.016196502098557677e-02	6.215015590418952046e-02	6.908245806890646323e-02	-4.824286108966958153e+01
1.502935420743639893e+12	1.658064363397724117e+00	1.441913716655665069e-02	9.083824900919477585e+00	2.748969521652872228e+00	4.781571497362243489e-02	1.739405060586931770e-02	1.214143324434708848e+00	1.320126171615911836e+00	-7.913225313422754537e-02	2.327162824821926990e-01	2.458023222397038021e-01	-4.836691404767928759e+01	-7.913225313422538043e-02	2.327162824821935039e-01	2.458023222397038299e-01	-4.836691404767930180e+01
