freq_roi_Hz	n_opt	k_opt	alpha_cm	eps_r	eps_i	loss_tan	DR	alpha_max	H_meas_real	H_meas_imag	H_meas_mag	H_meas_phase	H_model_real	H_model_imag	H_model_mag	H_model_phase
3.005870841487279663e+11	1.666512109105819484e+00	6.147562485730638515e-03	7.745731321199997854e-01	2.777224817271810586e+00	2.048997464790956041e-02	7.377859552629865113e-03	7.655570711280181229e+01	2.951334267699601810e+01	8.156261640596670359e-01	1.855886200949277975e-01	8.364742526864926697e-01	2.237319473419753235e-01	8.156261640596667029e-01	1.855886200949275755e-01	8.364742526864921146e-01	2.237319473419751570e-01
3.068493150684931641e+11	1.670054697115424425e+00	5.690202549729428752e-03	7.318836498781837729e-01	2.789050312952234822e+00	1.900589899142759304e-02	6.814469750927396735e-03	7.884747011304553155e+01	2.971401998903494501e+01	8.370413780754126787e-01	-8.437910667141861054e-02	8.412836039368963847e-01	-1.004669792266277145e-01	8.370413780754125677e-01	-8.437910667141823584e-02	8.412836039368960517e-01	-1.004669792266272843e-01
3.131115459882583008e+11	1.671570688768567514e+00	7.194180722286596524e-03	9.442121552297528808e-01	2.794096811313958373e+00	2.405116325015631273e-02	8.607848930920170352e-03	7.184352025003005338e+01	2.908113361259056262e+01	7.546391355055855898e-01	-3.084434283502663354e-01	8.152408069577256056e-01	-3.880092548836047150e-01	7.546391355055853678e-01	-3.084434283502675012e-01	8.152408069577257166e-01	-3.880092548836061583e-01
3.193737769080234985e+11	1.670477930413717838e+00	1.042218091939609709e-02	1.395233911092104151e+00	2.790387894144181313e+00	3.482004642526026483e-02	1.247856848086694240e-02	7.753072438666623611e+01	2.959944417114113335e+01	6.187626758865422127e-01	-4.465501401975187634e-01	7.630689855974345237e-01	-6.251301854139913461e-01	6.187626758865424348e-01	-4.465501401975184859e-01	7.630689855974345237e-01	-6.251301854139907910e-01
3.256360078277886353e+11	1.667587323797383503e+00	9.160387163196764132e-03	1.250360980574025227e+00	2.780763569796739887e+00	3.055149102884639409e-02	1.098672730061677101e-02	7.403954168761724475e+01	2.928597678417212791e+01	5.285727975737667395e-01	-5.733552537190701459e-01	7.798239861034138576e-01	-8.260159024662063754e-01	5.285727975737671835e-01	-5.733552537190691467e-01	7.798239861034134135e-01	-8.260159024662051541e-01
3.318982387475538330e+11	1.667598550235992461e+00	7.446950217727427157e-03	1.036030544350608595e+00	2.780829467681638523e+00	2.483704677352373269e-02	8.931524590837364858e-03	7.551960872368788102e+01	2.942063707676693696e+01	3.764162714344449490e-01	-7.113156037121737274e-01	8.047726992667083579e-01	-1.084075634973979074e+00	3.764162714344448935e-01	-7.113156037121735054e-01	8.047726992667081358e-01	-1.084075634973979074e+00
3.381604696673189697e+11	1.670283671867834219e+00	6.264283657344590917e-03	8.879395780437449037e-01	2.789808303258555000e+00	2.092626141762237921e-02	7.500967501308267345e-03	6.983212778548957544e+01	2.888794222083970453e+01	1.415415026833060919e-01	-8.098660600000675558e-01	8.221417348133358560e-01	-1.397772383168919275e+00	1.415415026833074796e-01	-8.098660600000674448e-01	8.221417348133358560e-01	-1.397772383168917498e+00
3.444227005870841675e+11	1.670973742664346284e+00	8.725370246860665244e-03	1.259693224342861351e+00	2.792077116587748264e+00	2.915972915505779528e-02	1.044374060509276579e-02	7.649307951540878037e+01	2.950777475857756116e+01	-7.759611811384735380e-02	-7.744586676346343346e-01	7.783362932696580305e-01	-1.670657062944142401e+00	-7.759611811384703461e-02	-7.744586676346346676e-01	7.783362932696583636e-01	-1.670657062944141957e+00
3.506849315068493042e+11	1.669993388465354611e+00	1.044931349129846719e-02	1.536009935854496744e+00	2.788768729365557419e+00	3.490056888894054604e-02	1.251468740359850361e-02	7.247436011598516359e+01	2.914061193821027373e+01	-2.473644871410979051e-01	-7.053444361018950115e-01	7.474623489102837359e-01	-1.908094862200710118e+00	-2.473644871410967672e-01	-7.053444361018955666e-01	7.474623489102838469e-01	-1.908094862200708564e+00
3.569471624266145020e+11	1.667426537401450304e+00	9.772893008580215909e-03	1.462231849380392079e+00	2.780215748192832681e+00	3.259116229938350401e-02	1.172252992256736862e-02	7.312140104567453136e+01	2.920108234086091414e+01	-3.882788321268428877e-01	-6.485518428188278284e-01	7.558967815128482259e-01	-2.110249003705440440e+00	-3.882788321268413334e-01	-6.485518428188287166e-01	7.558967815128481149e-01	-2.110249003705437776e+00
3.632093933463796387e+11	1.667978341067278381e+00	7.712518726793331052e-03	1.174201049994542556e+00	2.782092263324438708e+00	2.572862838273411515e-02	9.247942177154792887e-03	7.385682895504099577e+01	2.926916675387905542e+01	-5.709025568470001977e-01	-5.438937042761605722e-01	7.885113131500942618e-01	-2.380417364672341218e+00	-5.709025568470016410e-01	-5.438937042761591290e-01	7.885113131500941508e-01	-2.380417364672343883e+00
3.694716242661448364e+11	1.669644329052497156e+00	7.042212416549836242e-03	1.090634851655120974e+00	2.787662592781443571e+00	2.351598005055103094e-02	8.435733977076297421e-03	7.644141169130480762e+01	2.950317778798740065e+01	-7.131589619710160255e-01	-3.581680289388433636e-01	7.980476439370730590e-01	-2.676164648086224673e+00	-7.131589619710146932e-01	-3.581680289388467497e-01	7.980476439370732811e-01	-2.676164648086219788e+00
3.757338551859099731e+11	1.671133911184960352e+00	9.764536744307078520e-03	1.537875342319487970e+00	2.792593202934511964e+00	3.263569696084629712e-02	1.168652023021185538e-02	6.888924965150421542e+01	2.879545625448772839e+01	-7.359480013082477790e-01	-1.285974717461077776e-01	7.470989026689142110e-01	-2.968602017562708806e+00	-7.359480013082477790e-01	-1.285974717461060290e-01	7.470989026689138779e-01	-2.968602017562711026e+00
3.819960861056751709e+11	1.669174773532444478e+00	1.045692088803390311e-02	1.674371783484409626e+00	2.786035077402628790e+00	3.490885711026135707e-02	1.252994170583317593e-02	7.304759563649395204e+01	2.919421181557603973e+01	-7.318903359374356876e-01	2.909917636009994035e-02	7.324685835607207540e-01	-3.181330653122450780e+00	-7.318903359374360207e-01	2.909917636009787256e-02	7.324685835607210871e-01	-3.181330653122445895e+00
3.882583170254403076e+11	1.667484594314615709e+00	1.028444438017764133e-02	1.673750664991967563e+00	2.780399102480369589e+00	3.429830513006348891e-02	1.233574888564245055e-02	7.414952521106654615e+01	2.929607555516551542e+01	-7.085529820224294451e-01	1.866092328177535731e-01	7.327143605155476136e-01	-3.399111603396537173e+00	-7.085529820224294451e-01	1.866092328177534898e-01	7.327143605155475026e-01	-3.399111603396535397e+00
3.945205479452055054e+11	1.668179502118726454e+00	7.579257408580042897e-03	1.253387749600140433e+00	2.782765406146216591e+00	2.528712370054944994e-02	9.087048317008140572e-03	6.963789532558378426e+01	2.886899270155067043e+01	-6.714778227588742432e-01	3.955528279329592056e-01	7.793231076663641455e-01	-3.673942578910754264e+00	-6.714778227588732440e-01	3.955528279329606489e-01	7.793231076663640344e-01	-3.673942578910754708e+00
4.007827788649706421e+11	1.669756540028184411e+00	8.663622682840215958e-03	1.455451516495021691e+00	2.788011844608903278e+00	2.893228127001794964e-02	1.037738821876365083e-02	7.234659622830459114e+01	2.912860772227996620e+01	-5.110268011226437590e-01	5.575717464408876944e-01	7.563297190344854259e-01	-3.970520301164859767e+00	-5.110268011226424267e-01	5.575717464408888047e-01	7.563297190344853149e-01	-3.970520301164860211e+00
4.070450097847357788e+11	1.670816780004172886e+00	9.667520851532386897e-03	1.649478706015668372e+00	2.791535251384098082e+00	3.230531211956108595e-02	1.157259687247133226e-02	6.966500071136100303e+01	2.887164030191326702e+01	-3.243126230491686912e-01	6.595128498168945086e-01	7.349393692969738989e-01	-4.255366570997562548e+00	-3.243126230491696349e-01	6.595128498168945086e-01	7.349393692969743430e-01	-4.255366570997558995e+00
4.133072407045009766e+11	1.668341632473235636e+00	1.151853520344581563e-02	1.995535364980890236e+00	2.783231125990228261e+00	3.843370365003444949e-02	1.380902336537371232e-02	7.128235924141237945e+01	2.902778433744190068e+01	-1.806533019613243418e-01	6.749887987234094444e-01	6.987456575261136171e-01	-4.450879063256730106e+00	-1.806533019613229540e-01	6.749887987234098885e-01	6.987456575261136171e-01	-4.450879063256730106e+00
4.195694716242661133e+11	1.667990526580698241e+00	9.941791948413821606e-03	1.748468096766850444e+00	2.782093557535809669e+00	3.316562957438103088e-02	1.192110505577565968e-02	7.322016126597470986e+01	2.921026506225109998e+01	-9.046443741932421248e-03	7.245598636126582281e-01	7.246163357962405183e-01	-4.699904195940024287e+00	-9.046443741932943400e-03	7.245598636126587833e-01	7.246163357962410734e-01	-4.699904195940021623e+00
4.258317025440313110e+11	1.667569158399641038e+00	8.779094476001541442e-03	1.567028426050193213e+00	2.780709825545868430e+00	2.927949437371365690e-02	1.052950369172947834e-02	6.929433177463066329e+01	2.883534449281756196e+01	1.728302078199092096e-01	7.238934206447925623e-01	7.442391854692224085e-01	-4.946752559222531431e+00	1.728302078199107361e-01	7.238934206447921182e-01	7.442391854692222974e-01	-4.946752559222532319e+00
4.320939334637964478e+11	1.670368095191070434e+00	9.039209271222557740e-03	1.637185053294113457e+00	2.790047866127995935e+00	3.019761354481097573e-02	1.082333171105016173e-02	6.859570027366898159e+01	2.876640374555959312e+01	3.950890674946729297e-01	6.213046496284314602e-01	7.362844823189731436e-01	-5.278789779868608534e+00	3.950890674946742620e-01	6.213046496284301279e-01	7.362844823189725885e-01	-5.278789779868609422e+00
4.383561643835616455e+11	1.669235357586708490e+00	1.053467421345420131e-02	1.935697052769379534e+00	2.786235699656843146e+00	3.516970135550940429e-02	1.262265836298090589e-02	6.596325802369787539e+01	2.850017274145453783e+01	5.027429679452146694e-01	4.939420285724087645e-01	7.047901953124698915e-01	-5.506617125842778293e+00	5.027429679452152245e-01	4.939420285724083759e-01	7.047901953124700025e-01	-5.506617125842777405e+00
4.446183953033267822e+11	1.669272850700768140e+00	1.171622685366919929e-02	2.183556128863766599e+00	2.786334580114981918e+00	3.911515879896255293e-02	1.403821317013135249e-02	6.645857309989261807e+01	2.855106842628274322e+01	5.905774278362512231e-01	3.361934627469339021e-01	6.795643771295376556e-01	-5.765673754924693029e+00	5.905774278362508900e-01	3.361934627469347348e-01	6.795643771295377666e-01	-5.765673754924689476e+00
4.508806262230919800e+11	1.666799970472975456e+00	1.020872466611245574e-02	1.929399788437033081e+00	2.778117923509403120e+00	3.403180394408595461e-02	1.224994938339260368e-02	6.651236152436325710e+01	2.855657256163051727e+01	6.681196346649170836e-01	2.271727247977338993e-01	7.056849815015261429e-01	-5.955430635004920426e+00	6.681196346649175277e-01	2.271727247977327890e-01	7.056849815015261429e-01	-5.955430635004920426e+00
4.571428571428571167e+11	1.668626382630338911e+00	9.665892410536749274e-03	1.852179427780021426e+00	2.784220575333918202e+00	3.225752617577596487e-02	1.158583715009980572e-02	6.436131843871386593e+01	2.833291021049107528e+01	7.134061901660126992e-01	1.353091752580164522e-02	7.135344966406845790e-01	-6.264220942200966924e+00	7.134061901660124771e-01	1.353091752580442078e-02	7.135344966406843570e-01	-6.264220942200960707e+00
4.634050880626223145e+11	1.669103181484129506e+00	9.082268245042634733e-03	1.764185643855380903e+00	2.785822942843967809e+00	3.031848564578588576e-02	1.088313445176620001e-02	6.355660113490932162e+01	2.824731003389225137e+01	6.998057186767152604e-01	-1.807110051344029689e-01	7.227617250998561449e-01	-6.535894961597488617e+00	6.998057186767141502e-01	-1.807110051344051893e-01	7.227617250998557008e-01	-6.535894961597490394e+00
4.696673189823874512e+11	1.669965016766415955e+00	1.197354039495750026e-02	2.357230687928834278e+00	2.788639791554066161e+00	3.999078717283711948e-02	1.434060694893508209e-02	6.460365919036999571e+01	2.835847911690398249e+01	5.696611093628497491e-01	-3.378947851186538398e-01	6.623342549882905717e-01	-6.818553205287098073e+00	5.696611093628496381e-01	-3.378947851186533402e-01	6.623342549882902386e-01	-6.818553205287095409e+00
4.759295499021526489e+11	1.667885852642355671e+00	1.105394775106486628e-02	2.205206373561775290e+00	2.781721027683634606e+00	3.687344613969775059e-02	1.325562332553621193e-02	6.260964874973024052e+01	2.814518079811541895e+01	5.034870446660160148e-01	-4.533355013515893983e-01	6.775044508578639268e-01	-7.016216715635719581e+00	5.034870446660153487e-01	-4.533355013515907306e-01	6.775044508578642599e-01	-7.016216715635719581e+00
4.821917808219177856e+11	1.667415972118216017e+00	1.159773518269013176e-02	2.344132480299001564e+00	2.780141516613567454e+00	3.867649776802980360e-02	1.391170109036062377e-02	6.507870381712274366e+01	2.840832306283224540e+01	3.716085097092348133e-01	-5.500931327973026530e-01	6.638488828333367620e-01	-7.259862839534431345e+00	3.716085097092376444e-01	-5.500931327973009877e-01	6.638488828333370950e-01	-7.259862839534424239e+00
4.884540117416829834e+11	1.667879940360996738e+00	9.118563988747089080e-03	1.866978394134480856e+00	2.781740347249384904e+00	3.041733992345885609e-02	1.093464382954931549e-02	6.722430283260740680e+01	2.862900861614798842e+01	2.255147671578247304e-01	-6.753616132961229868e-01	7.120184119249935994e-01	-7.531705813866797605e+00	2.255147671578266733e-01	-6.753616132961225427e-01	7.120184119249937105e-01	-7.531705813866793164e+00
4.947162426614481201e+11	1.669273066716687737e+00	1.104561502039836871e-02	2.290526037588207942e+00	2.786350565654556632e+00	3.687629531774459096e-02	1.323462157716029548e-02	6.269145036959719164e+01	2.815406388814940541e+01	1.499556226819090399e-02	-6.687263251915057660e-01	6.688944347891337960e-01	-7.831561326874397544e+00	1.499556226819135502e-02	-6.687263251915059881e-01	6.688944347891340181e-01	-7.831561326874394879e+00
5.009784735812133179e+11	1.669155896531241412e+00	1.106323704415393926e-02	2.323220568739466696e+00	2.785959011711117039e+00	3.693253469394482125e-02	1.325666836399761253e-02	6.543118855735777117e+01	2.844507285807289776e+01	-1.531770950103848450e-01	-6.478276179903669219e-01	6.656905024610860755e-01	-8.086164713075010724e+00	-1.531770950103821249e-01	-6.478276179903672549e-01	6.656905024610858534e-01	-8.086164713075003618e+00
5.072407045009784546e+11	1.667580794828341650e+00	1.276006260170528886e-02	2.713039165081355009e+00	2.780662888082724216e+00	4.255687067082220693e-02	1.530457749956353093e-02	6.728431227742275667e+01	2.863507914482935135e+01	-2.683154610310344301e-01	-5.686377942160059096e-01	6.287623777224121691e-01	-8.294862064868437912e+00	-2.683154610310376498e-01	-5.686377942160042442e-01	6.287623777224119470e-01	-8.294862064868443241e+00
5.135029354207436523e+11	1.667357378350079022e+00	1.058531745951147955e-02	2.278431514138826497e+00	2.779968578192729911e+00	3.529901433658876042e-02	1.269763069032125817e-02	6.875810409483261765e+01	2.878249214098488906e+01	-4.275232183451287971e-01	-5.161978197344535557e-01	6.702509166892500758e-01	-8.545692147686660078e+00	-4.275232183451301848e-01	-5.161978197344524455e-01	6.702509166892500758e-01	-8.545692147686660078e+00
5.197651663405087891e+11	1.667531717331926178e+00	1.085871674976687448e-02	2.365782616569144903e+00	2.780544116578511193e+00	3.621450917951941906e-02	1.302425268622666409e-02	6.595539933230362806e+01	2.849936215192128586e+01	-5.400322925999003765e-01	-3.823315052714944540e-01	6.616738297483670816e-01	-8.808717033172317912e+00	-5.400322925998998214e-01	-3.823315052714952311e-01	6.616738297483671927e-01	-8.808717033172314359e+00
5.260273972602739868e+11	1.669135255919502070e+00	1.044180259482658732e-02	2.302358793317992092e+00	2.785903471312032753e+00	3.485756169275359279e-02	1.251212113115221514e-02	6.630035269757138394e+01	2.853485197060726364e+01	-6.365857761334783316e-01	-2.014472123095436551e-01	6.676993557902758392e-01	-9.118299082726558424e+00	-6.365857761334786646e-01	-2.014472123095426281e-01	6.676993557902758392e-01	-9.118299082726558424e+00
5.322896281800391235e+11	1.668243121745359270e+00	1.256990978113687978e-02	2.804589641017720236e+00	2.782877110618795502e+00	4.193933106668262800e-02	1.507049337775360001e-02	6.402026784674146143e+01	2.829676305970583883e+01	-6.183803886687683216e-01	-4.826232534294445931e-02	6.202608782904538431e-01	-9.346889511383196236e+00	-6.183803886687687656e-01	-4.826232534294010168e-02	6.202608782904538431e-01	-9.346889511383201565e+00
5.385518590998043213e+11	1.667804995840931115e+00	1.191093998093801544e-02	2.688826172192590125e+00	2.781431633660738978e+00	3.973025041073981189e-02	1.428410101112190418e-02	6.498803478091016927e+01	2.839883779063911362e+01	-6.223164921531104676e-01	1.039436893577157378e-01	6.309374826106353140e-01	-9.590277263278224495e+00	-6.223164921531103566e-01	1.039436893577162652e-01	6.309374826106353140e-01	-9.590277263278224495e+00
5.448140900195694580e+11	1.666425967167141531e+00	1.174402713476730385e-02	2.681973843039530347e+00	2.776837581875601035e+00	3.914110355298351662e-02	1.409556821344439340e-02	5.760658870062367498e+01	2.757857569359960337e+01	-5.873587480261930338e-01	2.324846190007945623e-01	6.316956521576205796e-01	-9.801670227316600759e+00	-5.873587480261951432e-01	2.324846190007896773e-01	6.316956521576206907e-01	-9.801670227316591877e+00
5.510763209393345947e+11	1.668002840512050389e+00	1.047250152652567240e-02	2.419086198824603517e+00	2.782123802668045709e+00	3.493632458702321253e-02	1.255742988630463401e-02	5.883581485031590574e+01	2.772222176123177562e+01	-5.071981147576112292e-01	4.166907723120712448e-01	6.564153619041112053e-01	-1.011252426211677502e+01	-5.071981147576151150e-01	4.166907723120660267e-01	6.564153619041109833e-01	-1.011252426211676614e+01
5.573385518590998535e+11	1.668146371702116992e+00	1.143008984605398647e-02	2.670286684285033907e+00	2.782581670469048696e+00	3.813412580984833211e-02	1.370458456424037894e-02	3.668649858450253731e+01	2.450868320844315917e+01	-3.678365758573248212e-01	5.146615116235986331e-01	6.325979908955837727e-01	-1.037504025069548774e+01	-3.678365758573247657e-01	5.146615116235985221e-01	6.325979908955836617e-01	-1.037504025069548774e+01
5.636007827788649902e+11	1.668715684174336245e+00	1.262828411637327390e-02	2.983356087481258800e+00	2.784452561049699071e+00	4.214603153840346117e-02	1.513620024559333976e-02	4.937357530519732762e+01	2.652934223374291278e+01	-2.032534559596369250e-01	5.688666159372162134e-01	6.040870749216508129e-01	-1.065241501867774154e+01	-2.032534559596357315e-01	5.688666159372163245e-01	6.040870749216507019e-01	-1.065241501867774332e+01
5.698630136986301270e+11	1.666793432219521032e+00	1.270359696538989058e-02	3.034494386764340579e+00	2.778038964314271997e+00	4.234854397495141365e-02	1.524404247706607693e-02	5.244146823883561837e+01	2.693946768007478099e+01	-9.119459388890524543e-02	5.927547324280239005e-01	5.997287943482291217e-01	-1.084292239132109970e+01	-9.119459388890185925e-02	5.927547324280244556e-01	5.997287943482291217e-01	-1.084292239132110502e+01
5.761252446183952637e+11	1.667255534174964193e+00	1.192799742836259287e-02	2.880537964401634898e+00	2.779598739114394146e+00	3.977403944812454850e-02	1.430927381295219770e-02	5.616397381259265842e+01	2.740603133643234202e+01	7.412199632580672437e-02	6.089072330619240692e-01	6.134020613060011673e-01	-1.111670784962370107e+01	7.412199632580909747e-02	6.089072330619238471e-01	6.134020613060011673e-01	-1.111670784962370639e+01
5.823874755381605225e+11	1.667097244924714561e+00	1.129849499263587548e-02	2.758174794126224239e+00	2.779085568046474997e+00	3.767137974803790035e-02	1.355531480612831401e-02	5.353421534119146230e+01	2.707977677022607566e+01	2.275849127886754864e-01	5.815962008340790357e-01	6.245390567079559530e-01	-1.136856766166668820e+01	2.275849127886774570e-01	5.815962008340782585e-01	6.245390567079558419e-01	-1.136856766166669175e+01
5.886497064579256592e+11	1.668522840958266640e+00	1.222449281119914258e-02	3.016316726103382528e+00	2.783819032574954111e+00	4.079369094923180478e-02	1.465385877166691837e-02	5.588840888931991913e+01	2.737256865846967457e+01	3.789022401386411554e-01	4.667023681632173071e-01	6.011472432201911964e-01	-1.167751200308003412e+01	3.789022401386442640e-01	4.667023681632146981e-01	6.011472432201911964e-01	-1.167751200308004123e+01
5.949119373776907959e+11	1.667461520246203310e+00	1.283076451452973971e-02	3.199590354765510014e+00	2.780263292983752077e+00	4.278961220663760057e-02	1.539048920820595967e-02	5.239110424316377390e+01	2.693293064301269624e+01	4.587651425189190335e-01	3.633970138764229807e-01	5.852545135961834122e-01	-1.189645309480360780e+01	4.587651425189183119e-01	3.633970138764239244e-01	5.852545135961834122e-01	-1.189645309480360602e+01
6.011741682974559326e+11	1.667145977226770270e+00	1.325039400249715220e-02	3.339014189172075486e+00	2.779200136442181002e+00	4.418068211586569788e-02	1.589690556521921108e-02	5.668071869638385607e+01	2.746834095068168224e+01	5.225927125017582053e-01	2.359783911873477025e-01	5.734012070682396045e-01	-1.214222582933608763e+01	5.225927125017590935e-01	2.359783911873453710e-01	5.734012070682394935e-01	-1.214222582933609296e+01
6.074363992172210693e+11	1.666256058098098958e+00	1.210142538940775676e-02	3.081246909881190987e+00	2.776262806652159743e+00	4.032814673344563977e-02	1.452605518354242210e-02	5.428122860198922695e+01	2.717405496639111817e+01	5.837552385453363968e-01	1.182561049153827287e-01	5.956128649373523265e-01	-1.236649721763002141e+01	5.837552385453367298e-01	1.182561049153812716e-01	5.956128649373522155e-01	-1.236649721763002319e+01
6.136986301369863281e+11	1.667538208346599715e+00	1.231281830355876808e-02	3.167391783170882213e+00	2.780532070801211120e+00	4.106418994722721427e-02	1.476846477638165019e-02	5.804663020088220549e+01	2.763034769886179021e+01	5.847175551682798345e-01	-6.199505333617546382e-02	5.879949030052264991e-01	-1.267200161978288442e+01	5.847175551682797234e-01	-6.199505333617805897e-02	5.879949030052266101e-01	-1.267200161978288975e+01
6.199608610567514648e+11	1.667381884954986848e+00	1.253742816348462144e-02	3.258081107221403983e+00	2.780005163171090476e+00	4.180936120743745238e-02	1.503931063197970312e-02	5.706710034931915487e+01	2.751456117692175951e+01	5.435940474810040390e-01	-2.028615399965704169e-01	5.802131443414223488e-01	-1.292354974146674351e+01	5.435940474810044831e-01	-2.028615399965686961e-01	5.802131443414221268e-01	-1.292354974146674174e+01
6.262230919765166016e+11	1.667440004962581712e+00	1.365715991847677932e-02	3.584913112064199492e+00	2.780169652132575830e+00	4.554498960447938422e-02	1.638209005322511028e-02	5.874332373280704900e+01	2.771151823639415923e+01	4.511065522070082379e-01	-3.198370403423166919e-01	5.529854010903244577e-01	-1.318311502319827966e+01	4.511065522070073497e-01	-3.198370403423179686e-01	5.529854010903244577e-01	-1.318311502319828321e+01
6.324853228962817383e+11	1.666155742811017415e+00	1.322629143728800555e-02	3.506531148449244739e+00	2.775900024516948950e+00	4.407412286865919349e-02	1.587741722662681237e-02	5.622134686928018965e+01	2.741297766650547629e+01	3.799429728661892214e-01	-4.107006326138640251e-01	5.594923344066707882e-01	-1.339065122454318946e+01	3.799429728661907202e-01	-4.107006326138628038e-01	5.594923344066708992e-01	-1.339065122454318590e+01
6.387475538160469971e+11	1.666415350366066361e+00	1.300211137671639962e-02	3.481226597176039661e+00	2.776771065035407382e+00	4.333383597065895015e-02	1.560583676353829649e-02	5.776491285377387896e+01	2.759724834030775398e+01	2.589341412805644671e-01	-4.982832833635671976e-01	5.615452964813081316e-01	-1.365792124391553486e+01	2.589341412805638010e-01	-4.982832833635673087e-01	5.615452964813080206e-01	-1.365792124391553486e+01
6.450097847358121338e+11	1.666514974300039809e+00	1.230078945109190462e-02	3.325741186662841908e+00	2.777120850145142317e+00	4.099889963191324926e-02	1.476309525016547206e-02	5.332659278759416566e+01	2.705333968327258276e+01	1.242869644465667556e-01	-5.609025866847793251e-01	5.745075815696590871e-01	-1.391910639195180188e+01	1.242869644465700307e-01	-5.609025866847787700e-01	5.745075815696591981e-01	-1.391910639195179655e+01
6.512720156555772705e+11	1.667340709512378005e+00	1.333081830173560127e-02	3.639220645734240644e+00	2.779847330880646172e+00	4.445403209119286325e-02	1.599153723205007024e-02	5.580429981010143337e+01	2.736232216856948085e+01	-3.950256735064285735e-02	-5.471347728195302684e-01	5.485589416421640108e-01	-1.420924085229470890e+01	-3.950256735064287122e-02	-5.471347728195300464e-01	5.485589416421637887e-01	-1.420924085229470890e+01
6.575342465753424072e+11	1.666515543880859429e+00	1.349412353396030675e-02	3.719223009435845828e+00	2.777091966626566766e+00	4.497633324078673112e-02	1.619547850099508843e-02	5.057063175253982479e+01	2.669232239785432981e+01	-1.582099666474208188e-01	-5.186090626821711069e-01	5.422045310052822087e-01	-1.443326489211791497e+01	-1.582099666474176825e-01	-5.186090626821722172e-01	5.422045310052824307e-01	-1.443326489211790964e+01
6.637964774951076660e+11	1.666316162690827607e+00	1.390492191079708943e-02	3.868945916169168164e+00	2.776416207191338970e+00	4.633999224183003168e-02	1.669057835125815209e-02	5.122442429735579594e+01	2.677971531351625600e+01	-2.749919840463797560e-01	-4.535565220644584561e-01	5.304093796276343475e-01	-1.468220699361211246e+01	-2.749919840463805887e-01	-4.535565220644579565e-01	5.304093796276343475e-01	-1.468220699361211246e+01
6.700587084148728027e+11	1.665745826988005218e+00	1.282428492718518456e-02	3.601929228707598352e+00	2.774544697844059549e+00	4.272399820312779151e-02	1.539856187443156867e-02	4.846199589152066523e+01	2.640255741001375611e+01	-3.874894001812890232e-01	-3.926833663436511412e-01	5.516776789537866099e-01	-1.491590774652509310e+01	-3.874894001812888567e-01	-3.926833663436510302e-01	5.516776789537863879e-01	-1.491590774652509310e+01
6.763209393346379395e+11	1.666785519997194598e+00	1.326041581524272858e-02	3.759232074322246930e+00	2.777998131044725039e+00	4.420453813997674702e-02	1.591237144689967506e-02	4.918257934995011027e+01	2.650297297373684202e+01	-4.750618896187090989e-01	-2.545763272307645653e-01	5.389739375465235627e-01	-1.521602507505468083e+01	-4.750618896187085993e-01	-2.545763272307656200e-01	5.389739375465235627e-01	-1.521602507505467905e+01
6.825831702544030762e+11	1.666619325834695520e+00	1.329714328634268132e-02	3.804548158561801952e+00	2.777443163226117395e+00	4.432255195882357779e-02	1.595804103056462295e-02	4.476393120885856547e+01	2.586252140152505063e+01	-5.198406417422124504e-01	-1.281343529104686241e-01	5.353995752732156888e-01	-1.546629296887428673e+01	-5.198406417422122283e-01	-1.281343529104701506e-01	5.353995752732159108e-01	-1.546629296887428318e+01
6.888454011741683350e+11	1.666622599890257073e+00	1.445627816221592941e-02	4.174143935430383756e+00	2.777421906486656322e+00	4.818631979089811612e-02	1.734929780684712694e-02	4.787827508143430322e+01	2.632011330525361004e+01	-5.070200539642439885e-01	7.854875955135037779e-03	5.070808951224404781e-01	-1.572345426789920175e+01	-5.070200539642439885e-01	7.854875955135020432e-03	5.070808951224404781e-01	-1.572345426789920175e+01
6.951076320939334717e+11	1.665659891051998187e+00	1.369082443270024443e-02	3.989062302233435275e+00	2.774235433985707378e+00	4.560851426596704977e-02	1.644003018173619685e-02	4.375004290744909952e+01	2.570665437660193575e+01	-5.072195880600728346e-01	1.196069327415682920e-01	5.211310093169240210e-01	-1.593954173050931544e+01	-5.072195880600727236e-01	1.196069327415675981e-01	5.211310093169237989e-01	-1.593954173050931367e+01
7.013698630136986084e+11	1.666052703693284842e+00	1.399691680258307799e-02	4.114988663704981953e+00	2.775535697803725999e+00	4.663920216462701107e-02	1.680367584590336527e-02	4.671301356483417777e+01	2.615248351133829985e+01	-4.475987352911840467e-01	2.476335389596905079e-01	5.115339651010165634e-01	-1.621329746647872838e+01	-4.475987352911844352e-01	2.476335389596897862e-01	5.115339651010165634e-01	-1.621329746647872483e+01
7.076320939334637451e+11	1.666223959253934739e+00	1.324089072830818281e-02	3.927479114973669194e+00	2.776126961204579136e+00	4.412457874674075020e-02	1.589429423198815763e-02	4.382010879023932404e+01	2.571754136017975156e+01	-3.775189137058613809e-01	3.659913756999099155e-01	5.258043526753712893e-01	-1.647785846570030088e+01	-3.775189137058622135e-01	3.659913756999093604e-01	5.258043526753715113e-01	-1.647785846570029733e+01
7.138943248532290039e+11	1.666624866374765590e+00	1.464276847092596187e-02	4.381736790220222666e+00	2.777424034550211918e+00	4.880800409242722071e-02	1.757311936718060352e-02	4.619745427864251752e+01	2.607697856499388323e+01	-2.471094328053171085e-01	4.252160751468782030e-01	4.918046180595309069e-01	-1.675232430527365679e+01	-2.471094328053177747e-01	4.252160751468780364e-01	4.918046180595311845e-01	-1.675232430527365324e+01
7.201565557729941406e+11	1.666030128030037805e+00	1.428458688601853994e-02	4.312049767583933324e+00	2.775452338081279891e+00	4.759710423713933714e-02	1.714931421594653380e-02	4.359474263783370418e+01	2.568246121293579876e+01	-1.447396218224779874e-01	4.753558388422501335e-01	4.969031411117595942e-01	-1.698319148621341768e+01	-1.447396218224821784e-01	4.753558388422488568e-01	4.969031411117595387e-01	-1.698319148621340702e+01
7.264187866927592773e+11	1.665558741142368682e+00	1.501597613232194886e-02	4.572248202137271456e+00	2.773860440656545467e+00	5.001998060794799611e-02	1.803262337023298773e-02	4.662290445010823703e+01	2.613934709109184951e+01	-2.858667818142326261e-02	4.774280569295778487e-01	4.782831250556520142e-01	-1.721895458699687964e+01	-2.858667818142736697e-02	4.774280569295776822e-01	4.782831250556520697e-01	-1.721895458699686898e+01
7.326810176125244141e+11	1.665529182522752505e+00	1.380549991792692950e-02	4.239906102342834160e+00	2.773796866006924322e+00	4.598692598524552894e-02	1.657905326407226737e-02	4.515008939882476824e+01	2.592095968909378101e+01	9.772404413534718781e-02	4.926191044644386285e-01	5.022186484844154419e-01	-1.747459359180748351e+01	9.772404413534614698e-02	4.926191044644389061e-01	5.022186484844154419e-01	-1.747459359180747995e+01
7.389432485322896729e+11	1.665824962518789087e+00	1.467745807941805113e-02	4.546226773137574284e+00	2.774757377975052286e+00	4.890015211003534423e-02	1.762321725790722687e-02	4.544096983620890740e+01	2.596465025282552830e+01	2.156829811440591493e-01	4.288998527340462941e-01	4.800773188044558659e-01	-1.774470449763350288e+01	2.156829811440560407e-01	4.288998527340476263e-01	4.800773188044556439e-01	-1.774470449763349578e+01
7.452054794520548096e+11	1.665976976657631115e+00	1.427598361763403149e-02	4.459346729855954372e+00	2.775275483045050340e+00	4.756692005223962794e-02	1.713953095569773627e-02	4.276334935156615558e+01	2.555146043590669436e+01	3.242048751833572218e-01	3.623630073702889809e-01	4.862260278955625736e-01	-1.800863678691676029e+01	3.242048751833563891e-01	3.623630073702899801e-01	4.862260278955626847e-01	-1.800863678691676029e+01
7.514677103718199463e+11	1.665509125644479393e+00	1.544139056192558174e-02	4.863914063338468985e+00	2.773682211062552305e+00	5.143555378705518683e-02	1.854414091921189126e-02	3.650847563760552816e+01	2.447558895725085293e+01	3.766431660228224954e-01	2.608988846775056603e-01	4.581793344724987005e-01	-1.824374940144151935e+01	3.766431660228234390e-01	2.608988846775048276e-01	4.581793344724990336e-01	-1.824374940144151935e+01
7.577299412915850830e+11	1.665633159011122855e+00	1.451262677001120306e-02	4.609455599387370484e+00	2.774123204061607062e+00	4.834542474496629494e-02	1.742728105016515608e-02	3.360194807228815250e+01	2.391117490648969834e+01	4.478995487778387741e-01	1.600049478414640458e-01	4.756212664811584889e-01	-1.850645115001447394e+01	4.478995487778396623e-01	1.600049478414616033e-01	4.756212664811585444e-01	-1.850645115001448104e+01
7.639921722113503418e+11	1.664932398142811465e+00	1.500824373038349424e-02	4.806267560189167121e+00	2.771774643005702643e+00	4.997542245187840820e-02	1.803011748375230039e-02	4.232959954917552636e+01	2.548210085569881400e+01	4.588124062633667788e-01	5.501929700808985690e-02	4.620994992254862099e-01	-1.873020905511507905e+01	4.588124062633661127e-01	5.501929700809553986e-02	4.620994992254862654e-01	-1.873020905511506840e+01
7.702544031311154785e+11	1.665889361107196542e+00	1.428141103610380130e-02	4.610993070659967330e+00	2.774983404748961657e+00	4.758250141328845134e-02	1.714694989954110987e-02	3.854701624200397703e+01	2.484524745603438944e+01	4.675599222954887613e-01	-8.639830962776422207e-02	4.754754976268477651e-01	-1.903228031041719959e+01	4.675599222954889833e-01	-8.639830962776312573e-02	4.754754976268477651e-01	-1.903228031041719959e+01
7.765166340508806152e+11	1.665353089990984081e+00	1.541405862643512731e-02	5.017148213849417893e+00	2.773163321139179516e+00	5.133970032567184566e-02	1.851304607064475569e-02	3.992083174846157334e+01	2.508350026607145367e+01	4.101393628140746483e-01	-1.801215798371641752e-01	4.479487475733927027e-01	-1.926336858953483144e+01	4.101393628140754810e-01	-1.801215798371625099e-01	4.479487475733927582e-01	-1.926336858953482789e+01
7.827788649706457520e+11	1.665618753097322324e+00	1.509488872085459031e-02	4.952884130335449164e+00	2.774057975003983767e+00	5.028465945874531495e-02	1.812675146368312659e-02	3.631541479065592171e+01	2.443951628406224685e+01	3.506327193361115646e-01	-2.855105348949992794e-01	4.521720573023779721e-01	-1.953293914222399863e+01	3.506327193361116756e-01	-2.855105348949992239e-01	4.521720573023780276e-01	-1.953293914222399863e+01
7.890410958904110107e+11	1.664684924294768331e+00	1.546043103455350606e-02	5.113407242327080660e+00	2.770936872246504201e+00	5.147349293264037728e-02	1.857620556000211254e-02	3.655993590795400650e+01	2.448517191223387712e+01	2.763686165547668550e-01	-3.445333866710116877e-01	4.416818614652321950e-01	-1.974429965529836650e+01	2.763686165547641349e-01	-3.445333866710138526e-01	4.416818614652322506e-01	-1.974429965529837361e+01
7.953033268101761475e+11	1.665426420785268702e+00	1.479931921983834546e-02	4.933597305270417621e+00	2.773426143200260263e+00	4.929435447670801884e-02	1.777381185994994506e-02	3.350012720341232608e+01	2.389052784937644702e+01	1.695267184434975094e-01	-4.205676963563202420e-01	4.534495512013247964e-01	-2.003718474436471197e+01	1.695267184434962326e-01	-4.205676963563207971e-01	4.534495512013247964e-01	-2.003718474436471553e+01
8.015655577299412842e+11	1.665085225481159670e+00	1.522150199129746959e-02	5.114294324115935098e+00	2.772277113992773323e+00	5.069019615068293821e-02	1.828467864732193429e-02	3.268924477080584268e+01	2.372382295955485887e+01	6.308086243128917248e-02	-4.370493891735635628e-01	4.415782646168855408e-01	-2.027700867623103420e+01	6.308086243129155946e-02	-4.370493891735630076e-01	4.415782646168853742e-01	-2.027700867623103065e+01
8.078277886497064209e+11	1.665833533842478342e+00	1.544038546368936733e-02	5.228367275372728606e+00	2.774762956970851846e+00	5.144222376173538530e-02	1.853932193829405106e-02	3.208125675739888294e+01	2.359609455359632335e+01	-6.508566474416387082e-02	-4.292710874975032009e-01	4.341771646649312255e-01	-2.057082521944107611e+01	-6.508566474416448144e-02	-4.292710874975032009e-01	4.341771646649312810e-01	-2.057082521944107967e+01
8.140900195694715576e+11	1.664856471021830986e+00	1.591605140046151515e-02	5.431214118302267302e+00	2.771493748411082869e+00	5.299588233434885526e-02	1.912177588880789245e-02	2.985164436986297432e+01	2.310603072482864917e+01	-1.478006591308070605e-01	-3.947122534910550984e-01	4.214769245112808815e-01	-2.077864209683012575e+01	-1.478006591308057838e-01	-3.947122534910555980e-01	4.214769245112808815e-01	-2.077864209683012220e+01
8.203522504892368164e+11	1.665228654791006235e+00	1.569744981202774933e-02	5.397822983025708510e+00	2.772740062806462902e+00	5.227968646826460647e-02	1.885488191610326311e-02	3.004377766994418053e+01	2.314967903968481977e+01	-2.507610524772713179e-01	-3.412999243773698899e-01	4.235171116017713566e-01	-2.105400445146351629e+01	-2.507610524772667659e-01	-3.412999243773733316e-01	4.235171116017714121e-01	-2.105400445146350208e+01
8.266144814090019531e+11	1.664722252239037692e+00	1.563056854063427092e-02	5.415853968699494203e+00	2.771055862426910377e+00	5.204111052948266064e-02	1.878024591099534263e-02	2.958525451093412784e+01	2.304504594886213198e+01	-3.213737353014807785e-01	-2.741478926605500077e-01	4.224193944314662552e-01	-2.128488644159373422e+01	-3.213737353014810005e-01	-2.741478926605497857e-01	4.224193944314663107e-01	-2.128488644159373422e+01
8.328767123287670898e+11	1.665551586513343896e+00	1.579885931958375372e-02	5.515636186229710525e+00	2.773812483381316696e+00	5.262763040966769723e-02	1.897303106283301094e-02	2.911240638166310646e+01	2.293543163902195658e+01	-3.821645995701627996e-01	-1.648596500180579405e-01	4.162072625131611470e-01	-2.158388316883057456e+01	-3.821645995701621334e-01	-1.648596500180590507e-01	4.162072625131609249e-01	-2.158388316883057101e+01
8.391389432485322266e+11	1.664935098316078443e+00	1.626359110277953574e-02	5.720572373596721327e+00	2.771744377209211407e+00	5.415564730335749311e-02	1.953847106127630517e-02	2.914946994292515470e+01	2.294408768823364042e+01	-3.971845381731006208e-01	-7.326981955255600087e-02	4.038861520540699690e-01	-2.180872642633829628e+01	-3.971845381731002322e-01	-7.326981955255809642e-02	4.038861520540699690e-01	-2.180872642633829273e+01
8.454011741682974854e+11	1.665088318672917511e+00	1.641046739260210857e-02	5.815311170896339199e+00	2.772249805540959677e+00	5.464975511876916242e-02	1.971314237610890391e-02	2.909605004373063863e+01	2.293160817522507244e+01	-3.969416233288406426e-01	3.265606541803096896e-02	3.982826520695094685e-01	-2.207323290889165079e+01	-3.969416233288407536e-01	3.265606541803318941e-02	3.982826520695097461e-01	-2.207323290889165790e+01
8.516634050880626221e+11	1.664332549724374832e+00	1.638473396061655707e-02	5.849200948854580417e+00	2.769734376565078371e+00	5.453929209845701648e-02	1.969116336928114497e-02	2.935606163650457745e+01	2.299213562133993705e+01	-3.787506485029439318e-01	1.167629677891508788e-01	3.963403138570827378e-01	-2.229018842483271357e+01	-3.787506485029439318e-01	1.167629677891509898e-01	3.963403138570827378e-01	-2.229018842483271357e+01
8.579256360078277588e+11	1.664859887601974009e+00	1.613806077821934234e-02	5.803502196978351790e+00	2.771498008340376185e+00	5.373522010668015797e-02	1.938851117517410502e-02	2.902806060393925236e+01	2.291569186780240130e+01	-3.330074661543333536e-01	2.197341936731068424e-01	3.989700344433149692e-01	-2.257441545118356530e+01	-3.330074661543342973e-01	2.197341936731053991e-01	3.989700344433149137e-01	-2.257441545118356174e+01
8.641878669275928955e+11	1.664514057607066944e+00	1.630099416859322192e-02	5.904884643310353454e+00	2.770341325560657708e+00	5.426646789318848030e-02	1.958836891053708507e-02	2.920952396210056534e+01	2.295808973147093468e+01	-2.677800852765432893e-01	2.877605379765720284e-01	3.930805277386288377e-01	-2.281249702440925020e+01	-2.677800852765421236e-01	2.877605379765728055e-01	3.930805277386286156e-01	-2.281249702440925375e+01
8.704500978473581543e+11	1.665083596729152626e+00	1.660472174944965448e-02	6.058493439132413449e+00	2.772227667312114896e+00	5.529649962652083417e-02	1.994659395349552417e-02	2.767244559200920406e+01	2.259031312131422808e+01	-1.714752429925233967e-01	3.438808039257085225e-01	3.842626266864064277e-01	-2.309938001833905474e+01	-1.714752429925213428e-01	3.438808039257094662e-01	3.842626266864063722e-01	-2.309938001833905830e+01
8.767123287671232910e+11	1.664072055565245067e+00	1.680091035704578406e-02	6.174177198653520549e+00	2.768853535524314680e+00	5.591585086643318520e-02	2.019458600790340064e-02	2.805330706981263589e+01	2.268331138634014721e+01	-9.736254593119533784e-02	3.650736534061037597e-01	3.778336112119779489e-01	-2.330131803246788280e+01	-9.736254593119599010e-02	3.650736534061034821e-01	3.778336112119777823e-01	-2.330131803246788280e+01
8.829745596868884277e+11	1.664618197663821020e+00	1.653293581258468217e-02	6.119096913870367693e+00	2.770680406026964970e+00	5.504205162887270547e-02	1.986589702267415464e-02	2.601594561036433362e+01	2.217035508889129503e+01	9.649940385466081877e-03	3.807417061729692631e-01	3.808639759401599156e-01	-2.358728458689332541e+01	9.649940385466617906e-03	3.807417061729690966e-01	3.808639759401597491e-01	-2.358728458689332541e+01
8.892367906066535645e+11	1.663940119853757338e+00	1.645749671014949331e-02	6.134375555548086112e+00	2.768425873260972114e+00	5.476857809675793332e-02	1.978329224045474385e-02	2.633957583466056107e+01	2.225446537209758802e+01	9.204401055897044881e-02	3.687251807907895307e-01	3.800399437282616644e-01	-2.380657311329499137e+01	9.204401055897523665e-02	3.687251807907882539e-01	3.800399437282616089e-01	-2.380657311329500203e+01
8.954990215264188232e+11	1.664998428612174619e+00	1.655966507440422703e-02	6.215925855720633386e+00	2.771945544773634307e+00	5.514363265445389878e-02	1.989347617539763066e-02	2.453605773842715010e+01	2.177190720156407266e+01	1.991641409629454351e-01	3.182613429107195024e-01	3.754419228547107856e-01	-2.412111069470856961e+01	1.991641409629436310e-01	3.182613429107206682e-01	3.754419228547107856e-01	-2.412111069470856251e+01
9.017612524461839600e+11	1.664090854761981264e+00	1.682545513027850631e-02	6.359859949299282000e+00	2.768915276962120586e+00	5.599817201900904318e-02	2.022386617782206270e-02	2.436813709614399670e+01	2.172518571425561618e+01	2.546667516631514472e-01	2.651279261674834298e-01	3.676247701618211572e-01	-2.432722019200619457e+01	2.546667516631532791e-01	2.651279261674818755e-01	3.676247701618212682e-01	-2.432722019200620167e+01
9.080234833659490967e+11	1.664740766022858365e+00	1.712130508330180975e-02	6.516630661864388330e+00	2.771068678970617594e+00	5.700506907937382545e-02	2.057151073590488335e-02	2.242021549998745655e+01	2.115837010273750707e+01	3.129702256156160489e-01	1.762914118660420526e-01	3.592061024253515034e-01	-2.461975570052226203e+01	3.129702256156168816e-01	1.762914118660405260e-01	3.592061024253514478e-01	-2.461975570052226558e+01
9.142857142857142334e+11	1.663602911946717500e+00	1.669524305168238951e-02	6.398288830197381927e+00	2.767295917497043511e+00	5.554850991287405004e-02	2.007320921541214109e-02	2.218334215746927285e+01	2.108610847334875871e+01	3.469435237252226356e-01	1.151818725465834081e-01	3.655634998440236982e-01	-2.481219992203498492e+01	3.469435237252226356e-01	1.151818725465831583e-01	3.655634998440236427e-01	-2.481219992203498492e+01
9.205479452054794922e+11	1.664884482622431827e+00	1.691074644876364164e-02	6.525267980315139660e+00	2.771554367131508378e+00	5.630887870421796143e-02	2.031671446607640971e-02	1.991285917148934814e+01	2.035150330007805053e+01	3.587127786253559436e-01	-2.921536378460296707e-03	3.587246756552082139e-01	-2.514088554906914297e+01	3.587127786253560546e-01	-2.921536378457663397e-03	3.587246756552082139e-01	-2.514088554906913586e+01
9.268101761252446289e+11	1.664015762694873946e+00	1.667542160134437290e-02	6.478236185191984298e+00	2.768670388811420580e+00	5.549632878843926281e-02	2.004439712748313715e-02	1.985073651600885469e+01	2.033024533473422579e+01	3.529267407350917263e-01	-7.710910948417956656e-02	3.612521267637573974e-01	-2.534784577406830408e+01	3.529267407350911712e-01	-7.710910948418207844e-02	3.612521267637573974e-01	-2.534784577406831119e+01
9.330724070450097656e+11	1.665011148493537707e+00	1.758315375131359187e-02	6.877035740086535398e+00	2.771952957311927257e+00	5.855229404322619818e-02	2.112311967227852375e-02	1.932757194584329952e+01	2.014853675317510096e+01	2.941721677566144222e-01	-1.717210540887294523e-01	3.406249913027082354e-01	-2.566112156050029824e+01	2.941721677566146442e-01	-1.717210540887291470e-01	3.406249913027082354e-01	-2.566112156050029824e+01
9.393346379647749023e+11	1.663806669315567976e+00	1.704454022654239634e-02	6.711116671985108972e+00	2.767962116507429737e+00	5.671763940867743936e-02	2.049075710625795910e-02	1.899409716345102339e+01	2.003012725984920195e+01	2.635186271439504679e-01	-2.289573423682479125e-01	3.490895751467859021e-01	-2.584807564194296248e+01	2.635186271439486916e-01	-2.289573423682499664e-01	3.490895751467859021e-01	-2.584807564194297314e+01
9.455968688845401611e+11	1.664665949533483236e+00	1.774201041810820681e-02	7.032310151195617642e+00	2.770797944602537033e+00	5.906904123858609801e-02	2.131842249762437233e-02	1.826914287460536457e+01	1.976537371110897467e+01	1.738518668339188444e-01	-2.839444333011554855e-01	3.329398035746897189e-01	-2.615414171680848199e+01	1.738518668339208706e-01	-2.839444333011542643e-01	3.329398035746897744e-01	-2.615414171680847488e+01
9.518590998043052979e+11	1.663904154136894187e+00	1.697240406378891855e-02	6.771816632212244613e+00	2.768288971654309094e+00	5.648090725485657021e-02	2.040282204393712578e-02	1.851900636467336980e+01	1.985779212683767270e+01	1.145620906806429917e-01	-3.264475955142678298e-01	3.459660463660659269e-01	-2.636602946124746438e+01	1.145620906806427836e-01	-3.264475955142681629e-01	3.459660463660661489e-01	-2.636602946124746794e+01
9.581213307240704346e+11	1.664874035187011048e+00	1.809746989961132091e-02	7.268211107882808442e+00	2.771478034623113818e+00	6.026001547688274174e-02	2.174291649584635805e-02	1.761517732836178851e+01	1.951737169532871263e+01	7.806340167563786785e-03	-3.214719597369504744e-01	3.215667268918337984e-01	-2.667925921307431381e+01	7.806340167565726205e-03	-3.214719597369504189e-01	3.215667268918337984e-01	-2.667925921307430670e+01
9.643835616438355713e+11	1.663870516379514441e+00	1.755519193822322951e-02	7.096505476636860266e+00	2.768156910513044355e+00	5.841913255078595019e-02	2.110398161640290524e-02	1.786165353603216133e+01	1.961190702702507238e+01	-5.668010616853781658e-02	-3.249211283924609561e-01	3.298277946309358666e-01	-2.687624239290396488e+01	-5.668010616853409039e-02	-3.249211283924616778e-01	3.298277946309359221e-01	-2.687624239290395423e+01
9.706457925636008301e+11	1.664322155375421275e+00	1.846777734426651926e-02	7.513885405046005772e+00	2.769627178073450491e+00	6.147266198920605523e-02	2.219528407139850779e-02	1.752898561064335681e+01	1.948400062150185974e+01	-1.365070616576803120e-01	-2.785187446424818858e-01	3.101723214596005529e-01	-2.715924839140248537e+01	-1.365070616576793128e-01	-2.785187446424825519e-01	3.101723214596006639e-01	-2.715924839140248181e+01
9.769080234833659668e+11	1.663522422025785596e+00	1.750277936250478270e-02	7.167205482667068139e+00	2.767000501297123272e+00	5.823253183459378007e-02	2.104536367351409962e-02	1.697511716545112037e+01	1.926556162640164160e+01	-2.011720117705563526e-01	-2.570579740367392452e-01	3.264184129850609128e-01	-2.736757456508217601e+01	-2.011720117705550759e-01	-2.570579740367402999e-01	3.264184129850609128e-01	-2.736757456508217246e+01
9.831702544031311035e+11	1.664165115268359862e+00	1.838165234799768108e-02	7.575345405621842332e+00	2.769107645733110967e+00	6.118020919705696031e-02	2.209383564099752853e-02	1.734983879018422925e+01	1.941411174417571317e+01	-2.515927829289745232e-01	-1.765784231910092206e-01	3.073741497890953855e-01	-2.766237263601095009e+01	-2.515927829289753004e-01	-1.765784231910080548e-01	3.073741497890953300e-01	-2.766237263601095719e+01
9.894324853228962402e+11	1.663545976367718282e+00	1.742328330026965411e-02	7.226122580923359351e+00	2.767081644688263786e+00	5.796886565855688400e-02	2.094945979271514713e-02	1.385693397512497071e+01	1.788472126662177786e+01	-2.988789913248266483e-01	-1.240119032554183043e-01	3.235855429471116151e-01	-2.788102902275650408e+01	-2.988789913248268704e-01	-1.240119032554172357e-01	3.235855429471113931e-01	-2.788102902275650763e+01
9.956947162426614990e+11	1.664031868281207860e+00	1.897146547738828501e-02	7.918013601948900693e+00	2.768642142153087349e+00	6.313824628474172529e-02	2.280476964626459990e-02	1.536051363805108672e+01	1.858557109322520162e+01	-2.905725612912332112e-01	-3.142321549090056759e-02	2.922667135462659327e-01	-2.816661011130554471e+01	-2.905725612912335443e-01	-3.142321549089861082e-02	2.922667135462659882e-01	-2.816661011130555181e+01
1.001956947162426636e+12	1.663233289896173028e+00	1.766114611894836761e-02	7.417492324768653944e+00	2.766033060536612354e+00	5.874921232551104378e-02	2.123951921027062914e-02	1.499981014721827499e+01	1.842390410021427982e+01	-3.130564470886498807e-01	3.121461468323376287e-02	3.146087907760864999e-01	-2.837371462719838178e+01	-3.130564470886501582e-01	3.121461468323165692e-02	3.146087907760865554e-01	-2.837371462719837467e+01
1.008219178082191772e+12	1.663740418528896647e+00	1.893428446783360780e-02	8.001898033629814222e+00	2.767673673118399069e+00	6.300346873011734850e-02	2.276405247556875094e-02	1.501130783024869508e+01	1.842911706940097361e+01	-2.673792521654979604e-01	1.088393146336795875e-01	2.886826300602619022e-01	-2.866091134222326176e+01	-2.673792521654987375e-01	1.088393146336776862e-01	2.886826300602619577e-01	-2.866091134222325465e+01
1.014481409001956909e+12	1.663182050265982426e+00	1.730999562999121708e-02	7.360888039103672398e+00	2.765874896378246905e+00	5.757934804396797751e-02	2.081777021779430623e-02	1.369347137953314508e+01	1.780398800974323237e+01	-2.603708546933521939e-01	1.812100216159265031e-01	3.172224044858610870e-01	-2.888234929488461944e+01	-2.603708546933546919e-01	1.812100216159230059e-01	3.172224044858611425e-01	-2.888234929488460523e+01
1.020743639921722046e+12	1.664101849811720379e+00	1.908824817068598134e-02	8.167176034102372029e+00	2.768870605328563883e+00	6.352957818100746223e-02	2.294422067204863677e-02	1.330363436071980310e+01	1.760749231624610900e+01	-1.703465654172336696e-01	2.243879017701783662e-01	2.817230604871938660e-01	-2.919579173432244446e+01	-1.703465654172350019e-01	2.243879017701774226e-01	2.817230604871939215e-01	-2.919579173432244090e+01
1.027005870841487305e+12	1.663375706364723650e+00	1.756174824359840736e-02	7.560139938105066015e+00	2.766510325522971936e+00	5.842357077938989396e-02	2.111814665587618753e-02	1.210827531855410299e+01	1.696696349604860643e+01	-1.308784396164980046e-01	2.788545821085842702e-01	3.080406530304117263e-01	-2.940630760465813864e+01	-1.308784396164980046e-01	2.788545821085843812e-01	3.080406530304117818e-01	-2.940630760465813864e+01
1.033268101761252441e+12	1.663679698578126587e+00	1.938308667306296029e-02	8.395085454749436238e+00	2.767454435412030733e+00	6.449449558751017830e-02	2.330462780606104220e-02	1.237837958045371778e+01	1.711706207150964332e+01	-4.442840205169192730e-02	2.687977156897946585e-01	2.724446638657443964e-01	-2.968132553499930637e+01	-4.442840205169253792e-02	2.687977156897944919e-01	2.724446638657443409e-01	-2.968132553499930282e+01
1.039530332681017578e+12	1.663406832244642919e+00	1.728557907605095950e-02	7.531999118833383022e+00	2.766623498314163321e+00	5.750590066881641760e-02	2.078558961993112741e-02	1.024338493982063625e+01	1.582904463392608463e+01	2.320851075627075599e-02	3.084266836939431045e-01	3.092986488589427596e-01	-2.992023672843987470e+01	2.320851075627376053e-02	3.084266836939428269e-01	3.092986488589427041e-01	-2.992023672843988535e+01
1.045792563600782715e+12	1.663434126535496604e+00	1.942236758325938117e-02	8.514063396470746170e+00	2.766635864960371283e+00	6.461565811222082234e-02	2.335531716717131542e-02	1.111275051958141979e+01	1.638325777821033569e+01	8.738318799155016248e-02	2.530542344687592426e-01	2.677167666137785229e-01	-3.017762439789770923e+01	8.738318799155017635e-02	2.530542344687591871e-01	2.677167666137785229e-01	-3.017762439789770923e+01
1.052054794520547974e+12	1.664058726169455715e+00	1.724637708888330373e-02	7.605458460427420242e+00	2.768794006618019665e+00	5.739796857913047334e-02	2.073031379074674607e-02	9.499015600090627842e+00	1.531576808650114963e+01	1.800593477148871580e-01	2.473280900845979124e-01	3.059289996786928034e-01	-3.047441389354676744e+01	1.800593477148864641e-01	2.473280900845984676e-01	3.059289996786928034e-01	-3.047441389354676389e+01
1.058317025440313110e+12	1.663332974384008622e+00	2.002476162105490398e-02	8.883258471845868698e+00	2.766275592595173194e+00	6.661569261695998723e-02	2.408136513776079624e-02	1.023741050584350099e+01	1.582507539778228534e+01	1.884337085346521889e-01	1.696713522210628600e-01	2.535658302623723381e-01	-3.068287395087579128e+01	1.884337085346527441e-01	1.696713522210622493e-01	2.535658302623723381e-01	-3.068287395087579483e+01
1.064579256360078247e+12	1.664186915789745314e+00	1.768823642516792125e-02	7.893174336118658374e+00	2.769205216977951967e+00	5.887306324432006743e-02	2.125991345219569936e-02	8.981763664682608450e+00	1.493483186866318668e+01	2.676629244232829330e-01	1.197727173268309242e-01	2.932387166229538100e-01	-3.099517360587696402e+01	2.676629244232826554e-01	1.197727173268314238e-01	2.932387166229537545e-01	-3.099517360587696047e+01
1.070841487279843384e+12	1.663006576438666340e+00	2.011815538370883422e-02	9.030306847833696082e+00	2.765186133102210508e+00	6.691324941784550229e-02	2.419846122357657836e-02	9.687952567700104822e+00	1.544976092971454840e+01	2.408675761368964940e-01	5.964459340112469865e-02	2.481424323973010215e-01	-3.117318535237069810e+01	2.408675761368964108e-01	5.964459340112485825e-02	2.481424323973009938e-01	-3.117318535237069810e+01
1.077103718199608643e+12	1.664350159369013094e+00	1.811502361957474314e-02	8.178724717973707925e+00	2.769733298910921793e+00	6.029948489642532328e-02	2.177086325247831397e-02	9.067039094781915054e+00	1.499912072946612440e+01	2.796859577552108234e-01	-2.877796414900104724e-02	2.811625974165318231e-01	-3.151845955491884155e+01	2.796859577552107123e-01	-2.877796414900209848e-02	2.811625974165318786e-01	-3.151845955491884865e+01
1.083365949119373779e+12	1.663030401814001413e+00	2.034608497734021956e-02	9.239430360500152872e+00	2.765256154183733717e+00	6.767231575041585123e-02	2.447234974887590661e-02	9.624481253056242025e+00	1.540504121464811149e+01	2.318719423059439344e-01	-6.427773776069094225e-02	2.406163444165070331e-01	-3.168634827217753624e+01	2.318719423059441287e-01	-6.427773776069005407e-02	2.406163444165070331e-01	-3.168634827217753269e+01
1.089628180039138916e+12	1.663936730148668941e+00	1.848945190681712536e-02	8.444841929804248082e+00	2.768343582106029821e+00	6.153055629614071625e-02	2.222648832098040109e-02	8.423064444596066735e+00	1.449789917563316166e+01	2.250642823652934665e-01	-1.498358498096898084e-01	2.703788325383414404e-01	-3.200329211226094372e+01	2.250642823652951874e-01	-1.498358498096872826e-01	2.703788325383414404e-01	-3.200329211226093662e+01
1.095890410958904053e+12	1.662929220593230228e+00	2.045504050929451700e-02	9.396294756213675825e+00	2.764915184020571459e+00	6.803056914264817012e-02	2.460493889137035234e-02	5.918190998531292379e+00	1.209668216230278048e+01	1.679432309822447289e-01	-1.645521284768922121e-01	2.351219509510569794e-01	-3.219112610603063729e+01	1.679432309822429803e-01	-1.645521284768941273e-01	2.351219509510570627e-01	-3.219112610603064439e+01
1.102152641878669189e+12	1.669904830683362817e+00	2.273488932652842354e-02	1.050325117877649106e+01	2.788065268346941128e+00	7.593020302284288203e-02	2.723401201718003706e-02	2.041707668245564378e+00	4.856186345321105158e+00	1.326472310796515328e-02	-1.991540700923232488e-01	1.995953318929803710e-01	-3.292021576168841790e+01	1.326472310796445245e-02	-1.991540700923233320e-01	1.995953318929803988e-01	-3.292021576168841790e+01
1.108414872798434326e+12	1.662032305330406023e+00	2.008212994384687630e-02	9.330421826280321795e+00	2.761948092018822187e+00	6.675429745303319840e-02	2.416928024314885654e-02	7.184386404599689691e+00	1.341572348460893060e+01	8.035126835868540429e-02	-2.234185729121866415e-01	2.374282734826826113e-01	-3.264148200155389645e+01	8.035126835868350303e-02	-2.234185729121873076e-01	2.374282734826826391e-01	-3.264148200155390356e+01
1.114677103718199707e+12	1.664751728749337856e+00	2.000621244490902867e-02	9.347664526549825936e+00	2.770998069837518063e+00	6.661075350677764240e-02	2.403854200832535037e-02	5.740286934751555492e+00	1.188903083794101256e+01	-2.291558617413101684e-02	-2.356087544604919537e-01	2.367205298830847016e-01	-3.308367908626346576e+01	-2.291558617413068724e-02	-2.356087544604919537e-01	2.367205298830847016e-01	-3.308367908626345866e+01
1.120939334637964844e+12	1.661914054996263213e+00	2.027938097923871405e-02	9.528531289642877766e+00	2.761547072901221700e+00	6.740517655204140979e-02	2.440848364073945967e-02	7.050479555847298130e+00	1.328772076481802955e+01	-3.615162943495479897e-02	-2.277534249714546488e-01	2.306047763968264164e-01	-3.314414098658937036e+01	-3.615162943495556919e-02	-2.277534249714545656e-01	2.306047763968264441e-01	-3.314414098658937746e+01
1.127201565557729980e+12	1.663590255704650467e+00	2.028157150426109293e-02	9.582798304715504756e+00	2.767121196732782007e+00	6.748044944973172199e-02	2.438651748590115603e-02	8.094872848017420353e+00	1.422751219195589378e+01	-1.154622413288639848e-01	-1.974211165786305677e-01	2.287064197696209722e-01	-3.351593006242278250e+01	-1.154622413288638738e-01	-1.974211165786306510e-01	2.287064197696209722e-01	-3.351593006242277539e+01
1.133463796477495117e+12	1.662068255721936838e+00	2.034727863605374429e-02	9.667254378425743866e+00	2.762056874930668648e+00	6.763713182262814927e-02	2.448795766536340096e-02	7.864006742203788924e+00	1.403065782355293578e+01	-1.418778243084930224e-01	-1.758284121303125280e-01	2.259312894283982132e-01	-3.366566345459073517e+01	-1.418778243084926061e-01	-1.758284121303128611e-01	2.259312894283982132e-01	-3.366566345459073517e+01
1.139726027397260254e+12	1.663978453656997258e+00	2.009879363824841267e-02	9.601953941417063376e+00	2.768420332729018885e+00	6.688791911708737159e-02	2.416104170537984597e-02	7.271062709563832271e+00	1.349731236686804969e+01	-1.998743194119166344e-01	-1.097749078383639665e-01	2.280356856969938950e-01	-3.405527527734429327e+01	-1.998743194119171895e-01	-1.097749078383629534e-01	2.280356856969938673e-01	-3.405527527734430038e+01
1.145988258317025391e+12	1.662291349925456796e+00	2.120810072358187900e-02	1.018758174028914709e+01	2.762762748500695587e+00	7.050808476231595900e-02	2.552086124680068985e-02	7.218612206481998861e+00	1.344805741579299330e+01	-1.954637024759504904e-01	-7.477031305040250653e-02	2.092765125360753209e-01	-3.419216513467232232e+01	-1.954637024759514619e-01	-7.477031305039996689e-02	2.092765125360753209e-01	-3.419216513467232943e+01
1.152250489236790527e+12	1.664012062976081507e+00	1.980156450171722052e-02	9.563911904627934391e+00	2.768544043773199181e+00	6.590008439331282442e-02	2.380315550389394338e-02	5.326215605166362721e+00	1.137967117871426836e+01	-2.292808498372044257e-01	2.876673227055344742e-03	2.292988952239542466e-01	-3.457006503577068912e+01	-2.292808498372043979e-01	2.876673227056089372e-03	2.292988952239542189e-01	-3.457006503577069623e+01
1.158512720156555664e+12	1.662048159677419923e+00	2.208324769058587697e-02	1.072390384601859381e+01	2.761916415258534485e+00	7.340684236767777704e-02	2.657822733596606340e-02	4.228221311938663796e+00	9.809037731703416085e+00	-1.918207489545873112e-01	2.472858422331445510e-02	1.934081244601383587e-01	-3.468572714113133060e+01	-1.918207489545873390e-01	2.472858422331455572e-02	1.934081244601383864e-01	-3.468572714113133060e+01
1.164774951076321045e+12	1.666028094890231959e+00	1.441415470365072123e-02	7.037531672697647345e+00	2.775441845107755157e+00	4.802877340075257379e-02	1.730491074255885789e-02	1.253141641780164850e+00	1.535215917598315993e+00	-2.603584857575949041e-01	2.064572589758097154e-01	3.322817191628096856e-01	-3.522796068656202806e+01	-2.603584857575932388e-01	2.064572589758118248e-01	3.322817191628096856e-01	-3.522796068656203516e+01
1.171037181996086182e+12	1.660023243029581375e+00	2.091897224244186268e-02	1.026833879650037140e+01	2.755239563998768126e+00	6.945196028548826506e-02	2.520723104915435775e-02	3.074944118961411288e+00	7.642186130543113798e+00	-1.822052315858290195e-01	9.792777037449570954e-02	2.068540418453687080e-01	-3.505068273279110969e+01	-1.822052315858281313e-01	9.792777037449734712e-02	2.068540418453687080e-01	-3.505068273279111679e+01
1.177299412915851318e+12	1.664417107665602469e+00	2.409528101843614808e-02	1.189071813097838692e+01	2.769703725722572507e+00	8.020919588219077578e-02	2.895948586026667743e-02	4.158223172075468987e+00	9.695464577564401054e+00	-7.875630999000035604e-02	1.425416879556105632e-01	1.628517398386510329e-01	-3.562354404921924100e+01	-7.875630999000024501e-02	1.425416879556105354e-01	1.628517398386509496e-01	-3.562354404921924100e+01
1.183561643835616455e+12	1.660210653872600028e+00	2.236391209527295587e-02	1.109501311630515197e+01	2.755799270667881107e+00	7.425761024568491853e-02	2.694594306489101962e-02	4.867690428860095508e+00	1.076721828770090816e+01	-9.650246877967184889e-02	1.556874044810763469e-01	1.831701241868493590e-01	-3.557342985815203917e+01	-9.650246877967064152e-02	1.556874044810770685e-01	1.831701241868493035e-01	-3.557342985815204628e+01
1.189823874755381592e+12	1.662976046117921269e+00	2.524356298675789131e-02	1.258990616823840014e+01	2.764852092489728186e+00	8.395888113129468255e-02	3.036650002340282595e-02	4.899355270080547164e+00	1.081133189730186928e+01	-1.436417644489999812e-02	1.462670142389716210e-01	1.469706399908626282e-01	-3.603042424092620166e+01	-1.436417644489938576e-02	1.462670142389717043e-01	1.469706399908626282e-01	-3.603042424092620166e+01
1.196086105675146729e+12	1.658798906797775974e+00	2.246844858556426225e-02	1.126483130957043244e+01	2.751108982011654547e+00	7.454127590235207212e-02	2.709499201585474984e-02	5.293714284116938451e+00	1.133802859198878998e+01	-2.661095431147010235e-02	1.766898133941494364e-01	1.786824922778572355e-01	-3.597883069694844949e+01	-2.661095431147230198e-02	1.766898133941491589e-01	1.786824922778572633e-01	-3.597883069694843527e+01
1.202348336594911865e+12	1.661825870021529816e+00	2.482622763885843076e-02	1.251209984158085398e+01	2.761048880694038310e+00	8.251373469059691823e-02	2.988492354030894069e-02	4.820305108072546751e+00	1.070066487389264154e+01	4.797493677302960835e-02	1.407251201422209108e-01	1.486780212318508654e-01	-3.645687164072155184e+01	4.797493677303114185e-02	1.407251201422204667e-01	1.486780212318509764e-01	-3.645687164072156605e+01
1.208610567514677002e+12	1.657725999156811403e+00	2.137752471167366289e-02	1.083011243645468724e+01	2.747598489717650860e+00	7.087615702431729336e-02	2.579567476454708644e-02	3.780560476535373748e+00	9.047673387459049366e+00	5.248846570630773256e-02	1.831174802867546469e-01	1.904916024888557435e-01	-3.640746915544792728e+01	5.248846570630742725e-02	1.831174802867547580e-01	1.904916024888557158e-01	-3.640746915544792017e+01
1.214872798434442139e+12	1.659731174644701213e+00	2.586275158881087485e-02	1.317027058379415827e+01	2.754038690167735393e+00	8.585043014808237116e-02	3.117255776201663733e-02	3.887904610483287282e+00	9.238155947589905992e+00	8.513157257286507740e-02	1.047793888873617546e-01	1.350040924725542379e-01	-3.681062240797947993e+01	8.513157257286531332e-02	1.047793888873615603e-01	1.350040924725542379e-01	-3.681062240797948704e+01
1.221135029354207520e+12	1.658649853526874329e+00	2.043537040048526432e-02	1.046008863372672160e+01	2.750701732241316311e+00	6.779024824306460750e-02	2.464471063819340807e-02	5.198723237516983176e+00	1.121483868553196572e+01	1.519182377114435267e-01	1.317602416465892268e-01	2.010967732911650985e-01	-3.698465374453803634e+01	1.519182377114435267e-01	1.317602416465892545e-01	2.010967732911650985e-01	-3.698465374453803634e+01
1.227397260273972656e+12	1.660534456800812464e+00	2.464791921998654364e-02	1.268103124482566457e+01	2.756767162300894469e+00	8.185743830646131924e-02	2.969327240467426257e-02	4.470338035249061370e+00	1.018786970687089699e+01	1.377483081761529948e-01	4.541561300643170290e-02	1.450419743044832899e-01	-3.738063487267286433e+01	1.377483081761524952e-01	4.541561300643312538e-02	1.450419743044832621e-01	-3.738063487267285012e+01
1.233659491193737793e+12	1.658808053491515500e+00	1.982798938682460779e-02	1.025328769225188630e+01	2.751251009165186723e+00	6.578165695881790787e-02	2.390972569921130664e-02	3.646997975543463166e+00	8.802968716022141038e+00	2.033922123221544587e-01	3.998048808736016230e-02	2.072844216553764440e-01	-3.750501803553836311e+01	2.033922123221547640e-01	3.998048808735845533e-02	2.072844216553764440e-01	-3.750501803553837021e+01
1.239921722113502930e+12	1.658270835079868055e+00	2.384977752150472044e-02	1.239560594740847677e+01	2.749293350588657425e+00	7.909878097410939779e-02	2.877058606975256908e-02	5.096179322338623585e+00	1.107930133341979229e+01	1.512738097098242918e-01	-2.787579008732802340e-03	1.512994914097666732e-01	-3.771753713132832786e+01	1.512738097098242362e-01	-2.787579008734540099e-03	1.512994914097666455e-01	-3.771753713132833497e+01
1.246183953033268066e+12	1.659140008084789120e+00	1.964298088094679207e-02	1.026074062832626588e+01	2.752359719729704945e+00	6.518091091524683134e-02	2.368182852263508303e-02	4.962002498363093927e+00	1.089777452643939881e+01	1.951958830020051328e-01	-6.900175396779521797e-02	2.070330282625567619e-01	-3.803890133590333988e+01	1.951958830020047719e-01	-6.900175396779630044e-02	2.070330282625567619e-01	-3.803890133590334699e+01
1.252446183953033203e+12	1.658729657464491192e+00	2.352096231546356442e-02	1.234819050467379498e+01	2.750830840884022965e+00	7.802983552952816315e-02	2.836591562440533149e-02	5.008618410567660106e+00	1.096139137131326180e+01	1.289193403065504451e-01	-8.115556828230729991e-02	1.523365437716781012e-01	-3.826094525709646632e+01	1.289193403065509169e-01	-8.115556828230657826e-02	1.523365437716781290e-01	-3.826094525709645922e+01
1.258708414872798340e+12	1.659373157059271131e+00	1.927700027599779653e-02	1.017076805434219544e+01	2.753147671629211590e+00	6.397547361322980519e-02	2.323721109204849450e-02	4.549195303347927322e+00	1.030683648613716485e+01	1.358157537926167335e-01	-1.598638114213357386e-01	2.097673882671304835e-01	-3.856566286742637573e+01	1.358157537926154290e-01	-1.598638114213367656e-01	2.097673882671304557e-01	-3.856566286742638283e+01
1.264970645792563477e+12	1.659057989630678964e+00	2.335186090412439894e-02	1.238200867156399454e+01	2.751928103549704741e+00	7.748418281146375597e-02	2.815632527300299462e-02	4.278347280086686411e+00	9.889218529144653047e+00	6.932124715877746590e-02	-1.347812104942233691e-01	1.515632211650849714e-01	-3.879486692612100995e+01	6.932124715877793775e-02	-1.347812104942231470e-01	1.515632211650849992e-01	-3.879486692612100995e+01
1.271232876712328857e+12	1.659994898482667125e+00	1.925172457276821264e-02	1.025850127942849532e+01	2.755212434089454376e+00	6.391552915557727199e-02	2.319804032704293056e-02	3.934345925527247267e+00	9.318941717625763843e+00	3.027338366026838604e-02	-2.048204580514670636e-01	2.070456418151673528e-01	-3.912316610728385058e+01	3.027338366026987443e-02	-2.048204580514668416e-01	2.070456418151673528e-01	-3.912316610728384347e+01
1.277495107632093994e+12	1.658654581576456177e+00	2.379813558428574283e-02	1.274357681746601045e+01	2.750568669727280646e+00	7.894577323970648763e-02	2.870161872655008911e-02	3.513041409091165690e+00	8.548369973816374312e+00	-2.440977553814276601e-04	-1.437179019972754379e-01	1.437181092911142266e-01	-3.927160661882881243e+01	-2.440977553815708832e-04	-1.437179019972753824e-01	1.437181092911141711e-01	-3.927160661882881243e+01
1.283757338551859131e+12	1.660222338532463260e+00	1.899770074065137287e-02	1.022287716670810198e+01	2.755977300728770008e+00	6.308081430076825646e-02	2.288872781502505199e-02	3.514808903744599089e+00	8.551792073010778594e+00	-7.730277153356608644e-02	-1.932212359678590896e-01	2.081109428062777322e-01	-3.965047824376831187e+01	-7.730277153356721054e-02	-1.932212359678587010e-01	2.081109428062777877e-01	-3.965047824376831898e+01
1.290019569471624268e+12	1.659471891786206577e+00	2.362358769815899040e-02	1.277412948118300307e+01	2.753288885732758651e+00	7.840535953648251899e-02	2.847698254359377207e-02	2.883975538991573107e+00	7.205971614525735092e+00	-7.778534910350053122e-02	-1.200483818948629017e-01	1.430460573756868747e-01	-3.984484091579267329e+01	-7.778534910350065612e-02	-1.200483818948628184e-01	1.430460573756868470e-01	-3.984484091579267329e+01
1.296281800391389404e+12	1.661599826925842960e+00	1.943986941223082091e-02	1.056286983232632259e+01	2.760536076317226861e+00	6.460256730164744277e-02	2.340218186455739896e-02	2.908110074664124411e+00	7.262669056810682200e+00	-1.665328065992777162e-01	-1.069360123286341585e-01	1.979102988896288551e-01	-4.026988041892992243e+01	-1.665328065992776330e-01	-1.069360123286342418e-01	1.979102988896288273e-01	-4.026988041892992243e+01
1.302544031311154541e+12	1.658497510413629250e+00	2.488816162648273267e-02	1.358858992379701824e+01	2.749994571459060122e+00	8.255390819258726087e-02	3.001966223838280906e-02	2.713195913212510746e+00	6.790674176464262857e+00	-1.071677183599937383e-01	-6.799400735028991727e-02	1.269177091427284576e-01	-4.027532888217799467e+01	-1.071677183599941269e-01	-6.799400735028933440e-02	1.269177091427284854e-01	-4.027532888217800178e+01
1.308806262230919678e+12	1.661603254536338170e+00	2.042547010084677303e-02	1.120563794268614366e+01	2.760508175656910534e+00	6.787805519000332521e-02	2.458897089621934345e-02	2.883086967019748759e+00	7.203875114200769758e+00	-1.797300582672039237e-01	-1.082923104083333317e-02	1.800560082020821184e-01	-4.078052449771001164e+01	-1.797300582672039515e-01	-1.082923104083312153e-02	1.800560082020821462e-01	-4.078052449771001164e+01
1.315068493150684814e+12	1.657505301199982073e+00	2.458088501595812048e-02	1.354986752767890579e+01	2.746719603597875370e+00	8.148589444427557782e-02	2.966662280981967326e-02	3.000603889745862674e+00	7.475685035837841497e+00	-1.264465582047318293e-01	-1.750844586535348080e-02	1.276529582831618104e-01	-4.070311418387755253e+01	-1.264465582047317183e-01	-1.750844586535407754e-02	1.276529582831617826e-01	-4.070311418387754543e+01
1.321330724070450195e+12	1.661405793828479194e+00	2.086708548172346717e-02	1.155746241305885924e+01	2.759833776510337788e+00	6.933739343929902488e-02	2.512375710068033563e-02	3.006491782907396271e+00	7.489021861990132756e+00	-1.551094975891938454e-01	7.192658170848463539e-02	1.709748209492832072e-01	-4.127490500202696211e+01	-1.551094975891930683e-01	7.192658170848638399e-02	1.709748209492832072e-01	-4.127490500202697632e+01
1.327592954990215332e+12	1.656306333406725839e+00	2.478615289298760280e-02	1.379314254737469803e+01	2.742736316707997446e+00	8.210692403488561997e-02	2.993613477705193635e-02	2.880758659420168399e+00	7.198378629572954601e+00	-1.186655789004821826e-01	3.305539319464519121e-02	1.231835160849013983e-01	-4.111237668208493545e+01	-1.186655789004820022e-01	3.305539319464619735e-02	1.231835160849014676e-01	-4.111237668208494256e+01
1.333855185909980469e+12	1.661461902336353935e+00	2.150144611153996174e-02	1.202168966750172530e+01	2.759993340730248601e+00	7.144766711892357181e-02	2.588689837201552796e-02	3.028520828668209486e+00	7.538689832077200670e+00	-9.300500214303632218e-02	1.298051137131228661e-01	1.596849960694584347e-01	-4.178978849818711439e+01	-9.300500214303547564e-02	1.298051137131234767e-01	1.596849960694584347e-01	-4.178978849818712149e+01
1.340117416829745605e+12	1.655728479613138404e+00	2.435937270549980854e-02	1.368352887339975155e+01	2.740843419163429662e+00	8.066501426801396535e-02	2.943072694485949006e-02	3.294825291163714809e+00	8.112073641120852940e+00	-9.324702145837118761e-02	8.352653961928477311e-02	1.251866200183944788e-01	-4.157116965882043047e+01	-9.324702145837111822e-02	8.352653961928485638e-02	1.251866200183944788e-01	-4.157116965882043047e+01
1.346379647749510742e+12	1.661189981172952246e+00	2.152188021830618234e-02	1.214610158778130788e+01	2.759088962221262431e+00	7.150386358930915787e-02	2.591575138329119815e-02	3.198831200960698506e+00	7.910912633166516272e+00	-2.092430667815129222e-02	1.553843482849630864e-01	1.567868690353373951e-01	-4.227764444256514764e+01	-2.092430667815222897e-02	1.553843482849629198e-01	1.567868690353373395e-01	-4.227764444256514054e+01
1.352641878669275879e+12	1.655248698044230027e+00	2.432538931317122441e-02	1.379214422843873677e+01	2.739256527811881448e+00	8.052913798009139756e-02	2.939817324973871202e-02	3.291463089081040572e+00	8.105127556222635477e+00	-4.504822804881742498e-02	1.146733288479449137e-01	1.232043635566824336e-01	-4.203718237910570110e+01	-4.504822804881643966e-02	1.146733288479453300e-01	1.232043635566824474e-01	-4.203718237910570821e+01
1.358904109589041016e+12	1.661336743159543827e+00	2.146686462739478413e-02	1.222775112200167236e+01	2.759578947895029444e+00	7.132738193184573472e-02	2.584719744519478959e-02	3.085610414204184693e+00	7.665744824334232099e+00	5.869761932826456780e-02	1.433496353758344499e-01	1.549016735777588305e-01	-4.280014570035313426e+01	5.869761932826346451e-02	1.433496353758349218e-01	1.549016735777588305e-01	-4.280014570035312715e+01
1.365166340508806152e+12	1.654879132389187379e+00	2.443125405067918601e-02	1.398042881967507256e+01	2.738028056642700658e+00	8.086154501313558285e-02	2.953276713763332284e-02	3.128520267651170528e+00	7.759704288382291537e+00	1.198809323281436329e-02	1.192386578764612071e-01	1.198397759991999267e-01	-4.251170276049158758e+01	1.198809323281508320e-02	1.192386578764611654e-01	1.198397759991999545e-01	-4.251170276049159469e+01
1.371428571428571533e+12	1.661763473889165343e+00	2.120234661906936907e-02	1.218838837447422385e+01	2.761008303650031692e+00	7.046657034461382974e-02	2.552204216534139508e-02	2.647489814085886906e+00	6.623886458585932502e+00	1.253449656873055207e-01	9.249651121290458633e-02	1.557785768637997836e-01	-4.334656208110153131e+01	1.253449656873062423e-01	9.249651121290350386e-02	1.557785768637997281e-01	-4.334656208110153841e+01
1.377690802348336670e+12	1.654135912312536982e+00	2.380010443651083690e-02	1.374421002162611671e+01	2.735599171430840304e+00	7.873721493044302799e-02	2.878243850661058381e-02	2.536864361340770646e+00	6.333495356629979867e+00	6.406486987557649670e-02	1.062605507624174855e-01	1.240790562524830415e-01	-4.295405259792006802e+01	6.406486987557705182e-02	1.062605507624170970e-01	1.240790562524829999e-01	-4.295405259792007513e+01
1.383953033268101807e+12	1.663495614350883889e+00	2.114162051035648263e-02	1.226447002135985365e+01	2.766770690846820813e+00	7.033798599849741540e-02	2.542241257332720356e-02	2.144375116579050999e+00	5.189973051642168045e+00	1.539534591859193779e-01	-3.482184673482151271e-03	1.539928349158192766e-01	-4.400491171866971030e+01	1.539534591859192947e-01	-3.482184673482301759e-03	1.539928349158192489e-01	-4.400491171866971030e+01
1.390215264187866943e+12	1.652556489486044056e+00	2.318126362400130258e-02	1.350853709288282012e+01	2.730405579959231943e+00	7.661669527266025403e-02	2.806055475238379213e-02	1.996016757196739544e+00	4.702204804865659504e+00	1.015991014812511611e-01	7.863452851878809102e-02	1.284747698856459064e-01	-4.332363168977221335e+01	1.015991014812511750e-01	7.863452851878810490e-02	1.284747698856459341e-01	-4.332363168977221335e+01
1.396477495107632080e+12	1.664553439245688438e+00	2.117086895901162252e-02	1.239258157456820975e+01	2.770289946412170412e+00	7.048008547508516353e-02	2.544141112967782115e-02	1.747265426513183950e+00	3.796659198970629312e+00	1.224696471346681803e-01	-8.847301077065096442e-02	1.510837122396516408e-01	-4.460790404728379599e+01	1.224696471346684301e-01	-8.847301077065060360e-02	1.510837122396516130e-01	-4.460790404728378888e+01
1.402739726027397217e+12	1.651377253415450053e+00	2.177684032829838023e-02	1.280445577353490627e+01	2.726572602323271255e+00	7.192355753882437308e-02	2.637874285010397349e-02	1.368130283943695957e+00	2.132496863398100295e+00	1.378249569229009763e-01	3.619483149997426708e-02	1.424983669313829027e-01	-4.372548170840468629e+01	1.378249569229008931e-01	3.619483149997453769e-02	1.424983669313829027e-01	-4.372548170840467918e+01
1.409001956947162354e+12	1.668494746794320971e+00	2.013942645138855347e-02	1.189454559868313055e+01	2.783469123582454241e+00	6.720505447518479447e-02	2.414435062555634129e-02	1.210640883345986740e+00	1.300471987267009188e+00	1.461394881886940098e-02	-1.617859927002553710e-01	1.624446826894854479e-01	-4.546300906701419109e+01	1.461394881887020415e-02	-1.617859927002552323e-01	1.624446826894853924e-01	-4.546300906701418398e+01
1.415264187866927490e+12	1.652220644604397215e+00	-4.334800978484360141e-03	-2.571555140798303718e+00	2.729814267957446638e+00	-1.432409533380640289e-02	-5.247278359536250783e-03	9.284804908778442056e-02	-1.617029630808783125e+01	1.294523251855225876e+00	-4.339590239256250204e-01	1.365324461086195207e+00	-4.430575095046540923e+01	1.294523251855223211e+00	-4.339590239256344573e-01	1.365324461086195651e+00	-4.430575095046541634e+01
1.421526418786692627e+12	1.649149648066299712e+00	4.232983376832456096e-02	2.522264686218826668e+01	2.717902746890346499e+00	1.396164609234748499e-01	5.136918938075147462e-02	1.206815198476631990e+00	1.278938818617425976e+00	2.195537732418444132e-02	-6.763137235159648493e-03	2.297343288907679332e-02	-4.428111378907051687e+01	2.195537732418437540e-02	-6.763137235159874007e-03	2.297343288907679679e-02	-4.428111378907053108e+01
1.427788649706458008e+12	1.657677592526350940e+00	1.806736932234031395e-02	1.081304495381241715e+01	2.747568570929729059e+00	5.989974656308308387e-02	2.180100150978727183e-02	1.340143155375407735e+00	1.991879719878599797e+00	5.042354169004167885e-02	-1.839506010998439300e-01	1.907363552172507970e-01	-4.528555062062930858e+01	5.042354169004133191e-02	-1.839506010998440688e-01	1.907363552172508248e-01	-4.528555062062930858e+01
1.434050880626223145e+12	1.657094630018169701e+00	3.714086317588263103e-02	2.232573237401691557e+01	2.744583169117605248e+00	1.230918498459893790e-01	4.484901431701335955e-02	1.759359496068230833e+00	3.843588258159833515e+00	2.397160827765598863e-03	-3.503907958883268475e-02	3.512098344959498769e-02	-4.548478599347851770e+01	2.397160827765300491e-03	-3.503907958883270557e-02	3.512098344959498769e-02	-4.548478599347852480e+01
1.440313111545988281e+12	1.656738389170165027e+00	1.960493839666886326e-02	1.183617989535235893e+01	2.744397736540616251e+00	6.496050811815498593e-02	2.367022361709107681e-02	1.720281432250319487e+00	3.690770492511898482e+00	-2.555803271012678859e-02	-1.621149254146688479e-01	1.641172205413422014e-01	-4.570946026116227046e+01	-2.555803271012865516e-02	-1.621149254146685148e-01	1.641172205413421736e-01	-4.570946026116227756e+01
1.446575342465753418e+12	1.656090392534278477e+00	3.486450031342967770e-02	2.114042258425193310e+01	2.741419854862235272e+00	1.154775280191584624e-01	4.212325514982510899e-02	1.781653975922782296e+00	3.929258991200289763e+00	-1.432005240555608849e-02	-3.927945465155628646e-02	4.180836589274375403e-02	-4.590268751997034258e+01	-1.432005240555576063e-02	-3.927945465155639748e-02	4.180836589274374016e-02	-4.590268751997032837e+01
1.452837573385518555e+12	1.656344017256668355e+00	1.989166272050704037e-02	1.211371386181014032e+01	2.743079825256172111e+00	6.589487308079867989e-02	2.402222220224482785e-02	1.929244328828713551e+00	4.470717330191619432e+00	-9.254124359975407499e-02	-1.275133016066354319e-01	1.575548280872845763e-01	-4.618088521079676667e+01	-9.254124359975442193e-02	-1.275133016066351543e-01	1.575548280872845763e-01	-4.618088521079676667e+01
1.459099804305283691e+12	1.655435309558412671e+00	3.186097842019898485e-02	1.948647428614108179e+01	2.739450942186865134e+00	1.054875773477520207e-01	3.850683205282835753e-02	1.779811812382103176e+00	3.922220875150812081e+00	-3.815099267259641769e-02	-3.724248751641447835e-02	5.331511153805076203e-02	-4.635054123922112268e+01	-3.815099267259669524e-02	-3.724248751641420080e-02	5.331511153805076897e-02	-4.635054123922112979e+01
1.465362035225048828e+12	1.656361910664479353e+00	1.969997633064974121e-02	1.210040206539274799e+01	2.743146690032656654e+00	6.526058087016005371e-02	2.379040869643873901e-02	1.927232755550392751e+00	4.463619883797059984e+00	-1.431571874765821817e-01	-6.650459435602980307e-02	1.578506933677054358e-01	-4.668899688944750892e+01	-1.431571874765828756e-01	-6.650459435602827651e-02	1.578506933677054358e-01	-4.668899688944752313e+01
1.471624266144813965e+12	1.655770382893827941e+00	3.194971223562680790e-02	1.970847643720314224e+01	2.740554776756434219e+00	1.058027745234628447e-01	3.860633453518671349e-02	1.728439275129413977e+00	3.722957092358245124e+00	-5.015178316526338470e-02	-1.212529320051774703e-02	5.159674495405807554e-02	-4.688667007654530750e+01	-5.015178316526332225e-02	-1.212529320051801592e-02	5.159674495405807554e-02	-4.688667007654530039e+01
1.477886497064579346e+12	1.656177446455417090e+00	1.951240034491135908e-02	1.208762394363207804e+01	2.742543000380365914e+00	6.463199475490219448e-02	2.356644717911016151e-02	1.737523372696553325e+00	3.758619929094936474e+00	-1.579020933892276990e-01	8.664946211241494542e-03	1.581396610263980929e-01	-4.717871025671994545e+01	-1.579020933892278378e-01	8.664946211238743271e-03	1.581396610263980651e-01	-4.717871025671992413e+01
1.484148727984344482e+12	1.655585447259994458e+00	3.484871846068337414e-02	2.167970643464376934e+01	2.739748740000723881e+00	1.153900622783362168e-01	4.211702357724443624e-02	1.534050715413414867e+00	2.911261443643100133e+00	-3.740216387864762904e-02	9.607465143807003560e-03	3.861638576167738396e-02	-4.737532310498531274e+01	-3.740216387864759434e-02	9.607465143807183972e-03	3.861638576167739784e-02	-4.737532310498531984e+01
1.490410958904109619e+12	1.656046648785201247e+00	1.869235562213862611e-02	1.167775155106307672e+01	2.742141098793990928e+00	6.191082577188777164e-02	2.257754927312693657e-02	1.426806223279712738e+00	2.418195980524539213e+00	-1.432446281851007253e-01	8.768161433847136699e-02	1.679496620922119599e-01	-4.767316690022789771e+01	-1.432446281851005865e-01	8.768161433847156128e-02	1.679496620922119599e-01	-4.767316690022789771e+01
1.496673189823874756e+12	1.654290829334067681e+00	3.893885293643054024e-02	2.442864026285219836e+01	2.735161913750792539e+00	1.288323746350499566e-01	4.710228450731059752e-02	1.293976410741715544e+00	1.753375964840482082e+00	-2.072310526764245542e-02	1.534210652210580075e-02	2.578424566415376054e-02	-4.776117863188285639e+01	-2.072310526764213623e-02	1.534210652210625005e-02	2.578424566415376748e-02	-4.776117863188287771e+01
1.502935420743639893e+12	1.657178895533035767e+00	1.822284178700376775e-02	1.148009773942880152e+01	2.745909819837298205e+00	6.039701765212031337e-02	2.199526627414842908e-02	1.214143324434708848e+00	1.320126171615911836e+00	-6.895992209855245081e-02	1.585043202003481588e-01	1.728556923506221199e-01	-4.828432004527163457e+01	-6.895992209854792665e-02	1.585043202003501572e-01	1.728556923506221477e-01	-4.828432004527166299e+01
