Time_abs/ps, Signal/nA
  1675.000,    -0.023685
  1675.050,    -0.008336
  1675.100,    -0.009114
  1675.150,     0.016322
  1675.200,     0.024813
  1675.250,     0.036499
  1675.300,     0.046952
  1675.350,     0.061014
  1675.400,     0.072327
  1675.450,     0.082486
  1675.500,     0.085528
  1675.550,     0.096769
  1675.600,     0.093610
  1675.650,     0.100863
  1675.700,     0.105522
  1675.750,     0.104654
  1675.800,     0.102851
  1675.850,     0.108386
  1675.900,     0.095060
  1675.950,     0.102293
  1676.000,     0.086138
  1676.050,     0.087121
  1676.100,     0.072988
  1676.150,     0.066472
  1676.200,     0.060423
  1676.250,     0.053339
  1676.300,     0.039810
  1676.350,     0.033659
  1676.400,     0.025666
  1676.450,     0.015021
  1676.500,     0.004882
  1676.550,    -0.006400
  1676.600,    -0.018574
  1676.650,    -0.019181
  1676.700,    -0.046443
  1676.750,    -0.044688
  1676.800,    -0.075267
  1676.850,    -0.080398
  1676.900,    -0.115948
  1676.950,    -0.145331
  1677.000,    -0.186911
  1677.050,    -0.253494
  1677.100,    -0.326774
  1677.150,    -0.425367
  1677.200,    -0.537965
  1677.250,    -0.670208
  1677.300,    -0.773781
  1677.350,    -0.862657
  1677.400,    -0.862400
  1677.450,    -0.775337
  1677.500,    -0.553668
  1677.550,    -0.224448
  1677.600,     0.213224
  1677.650,     0.693940
  1677.700,     1.169784
  1677.750,     1.568230
  1677.800,     1.864236
  1677.850,     2.007710
  1677.900,     2.006323
  1677.950,     1.862500
  1678.000,     1.598366
  1678.050,     1.254558
  1678.100,     0.861247
  1678.150,     0.479160
  1678.200,     0.111200
  1678.250,    -0.208688
  1678.300,    -0.469627
  1678.350,    -0.663789
  1678.400,    -0.812636
  1678.450,    -0.887758
  1678.500,    -0.942151
  1678.550,    -0.944668
  1678.600,    -0.931677
  1678.650,    -0.889059
  1678.700,    -0.838555
  1678.750,    -0.771726
  1678.800,    -0.690913
  1678.850,    -0.616178
  1678.900,    -0.525514
  1678.950,    -0.435113
  1679.000,    -0.353202
  1679.050,    -0.267758
  1679.100,    -0.200835
  1679.150,    -0.141260
  1679.200,    -0.094893
  1679.250,    -0.058928
  1679.300,    -0.039420
  1679.350,    -0.021214
  1679.400,    -0.032276
  1679.450,    -0.021045
  1679.500,    -0.027536
  1679.550,    -0.027170
  1679.600,    -0.033260
  1679.650,    -0.032725
  1679.700,    -0.046927
  1679.750,    -0.044324
  1679.800,    -0.042614
  1679.850,    -0.053603
  1679.900,    -0.062520
  1679.950,    -0.078951
  1680.000,    -0.096443
  1680.050,    -0.110690
  1680.100,    -0.138801
  1680.150,    -0.157753
  1680.200,    -0.177238
  1680.250,    -0.209291
  1680.300,    -0.215806
  1680.350,    -0.234971
  1680.400,    -0.244405
  1680.450,    -0.248993
  1680.500,    -0.264808
  1680.550,    -0.263502
  1680.600,    -0.262235
  1680.650,    -0.271491
  1680.700,    -0.274211
  1680.750,    -0.282897
  1680.800,    -0.291050
  1680.850,    -0.304976
  1680.900,    -0.321816
  1680.950,    -0.343906
  1681.000,    -0.364763
  1681.050,    -0.379723
  1681.100,    -0.401179
  1681.150,    -0.413739
  1681.200,    -0.428127
  1681.250,    -0.439555
  1681.300,    -0.446080
  1681.350,    -0.442640
  1681.400,    -0.430516
  1681.450,    -0.429467
  1681.500,    -0.419271
  1681.550,    -0.412790
  1681.600,    -0.403308
  1681.650,    -0.391483
  1681.700,    -0.392062
  1681.750,    -0.387796
  1681.800,    -0.389618
  1681.850,    -0.396858
  1681.900,    -0.387093
  1681.950,    -0.394328
  1682.000,    -0.394633
  1682.050,    -0.384271
  1682.100,    -0.384253
  1682.150,    -0.370586
  1682.200,    -0.362259
  1682.250,    -0.363326
  1682.300,    -0.343280
  1682.350,    -0.338623
  1682.400,    -0.331903
  1682.450,    -0.330328
  1682.500,    -0.324860
  1682.550,    -0.332219
  1682.600,    -0.331902
  1682.650,    -0.353921
  1682.700,    -0.355624
  1682.750,    -0.363010
  1682.800,    -0.383099
  1682.850,    -0.375037
  1682.900,    -0.397382
  1682.950,    -0.401216
  1683.000,    -0.410996
  1683.050,    -0.432754
  1683.100,    -0.437359
  1683.150,    -0.464491
  1683.200,    -0.472640
  1683.250,    -0.485317
  1683.300,    -0.488097
  1683.350,    -0.465547
  1683.400,    -0.427202
  1683.450,    -0.357855
  1683.500,    -0.248528
  1683.550,    -0.142589
  1683.600,    -0.026052
  1683.650,     0.056402
  1683.700,     0.104443
  1683.750,     0.089200
  1683.800,     0.001397
  1683.850,    -0.131078
  1683.900,    -0.300412
  1683.950,    -0.499695
  1684.000,    -0.710343
  1684.050,    -0.918910
  1684.100,    -1.090524
  1684.150,    -1.264399
  1684.200,    -1.395580
  1684.250,    -1.500213
  1684.300,    -1.606015
  1684.350,    -1.673033
  1684.400,    -1.767596
  1684.450,    -1.839326
  1684.500,    -1.911780
  1684.550,    -1.999653
  1684.600,    -2.083790
  1684.650,    -2.182522
  1684.700,    -2.277108
  1684.750,    -2.396184
  1684.800,    -2.511484
  1684.850,    -2.640899
  1684.900,    -2.791328
  1684.950,    -2.946327
  1685.000,    -3.141358
  1685.050,    -3.355614
  1685.100,    -3.601267
  1685.150,    -3.874952
  1685.200,    -4.192527
  1685.250,    -4.552462
  1685.300,    -4.955387
  1685.350,    -5.417133
  1685.400,    -5.937621
  1685.450,    -6.527136
  1685.500,    -7.214006
  1685.550,    -7.986986
  1685.600,    -8.886764
  1685.650,    -9.951468
  1685.700,   -11.193621
  1685.750,   -12.669546
  1685.800,   -14.432070
  1685.850,   -16.542161
  1685.900,   -19.103057
  1685.950,   -22.210358
  1686.000,   -26.000277
  1686.050,   -30.678144
  1686.100,   -36.403485
  1686.150,   -43.372296
  1686.200,   -51.662242
  1686.250,   -61.111185
  1686.300,   -71.256290
  1686.350,   -80.985658
  1686.400,   -88.383041
  1686.450,   -90.723123
  1686.500,   -84.637429
  1686.550,   -66.647633
  1686.600,   -34.155394
  1686.650,    13.584225
  1686.700,    74.381376
  1686.750,   143.067150
  1686.800,   212.004504
  1686.850,   272.631895
  1686.900,   317.423818
  1686.950,   341.222483
  1687.000,   341.909238
  1687.050,   320.223206
  1687.100,   279.161520
  1687.150,   223.524469
  1687.200,   159.179962
  1687.250,    92.255910
  1687.300,    28.269023
  1687.350,   -28.701919
  1687.400,   -76.206510
  1687.450,  -113.215368
  1687.500,  -139.779157
  1687.550,  -156.652278
  1687.600,  -165.107372
  1687.650,  -166.749878
  1687.700,  -163.101546
  1687.750,  -155.492336
  1687.800,  -144.995348
  1687.850,  -132.408922
  1687.900,  -118.389388
  1687.950,  -103.494975
  1688.000,   -88.239110
  1688.050,   -73.117346
  1688.100,   -58.648117
  1688.150,   -45.326583
  1688.200,   -33.568957
  1688.250,   -23.715045
  1688.300,   -15.899370
  1688.350,   -10.078488
  1688.400,    -6.055250
  1688.450,    -3.478023
  1688.500,    -1.916099
  1688.550,    -0.929241
  1688.600,    -0.186132
  1688.650,     0.580975
  1688.700,     1.522547
  1688.750,     2.661539
  1688.800,     3.918300
  1688.850,     5.194639
  1688.900,     6.286459
  1688.950,     7.062322
  1689.000,     7.388551
  1689.050,     7.212100
  1689.100,     6.516655
  1689.150,     5.381910
  1689.200,     3.920990
  1689.250,     2.274965
  1689.300,     0.648422
  1689.350,    -0.739818
  1689.400,    -1.737772
  1689.450,    -2.222088
  1689.500,    -2.172624
  1689.550,    -1.589666
  1689.600,    -0.533882
  1689.650,     0.862128
  1689.700,     2.436892
  1689.750,     4.001501
  1689.800,     5.380251
  1689.850,     6.424542
  1689.900,     7.011430
  1689.950,     7.081717
  1690.000,     6.592250
  1690.050,     5.610810
  1690.100,     4.264244
  1690.150,     2.722269
  1690.200,     1.167454
  1690.250,    -0.173588
  1690.300,    -1.173476
  1690.350,    -1.721087
  1690.400,    -1.719830
  1690.450,    -1.210115
  1690.500,    -0.248247
  1690.550,     1.039728
  1690.600,     2.474446
  1690.650,     3.849834
  1690.700,     5.021719
  1690.750,     5.827710
  1690.800,     6.189545
  1690.850,     6.097443
  1690.900,     5.606453
  1690.950,     4.818497
  1691.000,     3.892669
  1691.050,     3.002713
  1691.100,     2.294157
  1691.150,     1.884620
  1691.200,     1.858102
  1691.250,     2.198072
  1691.300,     2.865863
  1691.350,     3.757109
  1691.400,     4.731154
  1691.450,     5.640103
  1691.500,     6.330465
  1691.550,     6.685155
  1691.600,     6.626972
  1691.650,     6.133447
  1691.700,     5.207857
  1691.750,     3.948889
  1691.800,     2.517947
  1691.850,     1.029550
  1691.900,    -0.326404
  1691.950,    -1.427411
  1692.000,    -2.184767
  1692.050,    -2.540694
  1692.100,    -2.520234
  1692.150,    -2.143982
  1692.200,    -1.542944
  1692.250,    -0.827598
  1692.300,    -0.104679
  1692.350,     0.502523
  1692.400,     0.900972
  1692.450,     1.039712
  1692.500,     0.937107
  1692.550,     0.601918
  1692.600,     0.099994
  1692.650,    -0.462911
  1692.700,    -0.990953
  1692.750,    -1.388572
  1692.800,    -1.585493
  1692.850,    -1.521860
  1692.900,    -1.207980
  1692.950,    -0.672229
  1693.000,     0.010836
  1693.050,     0.749964
  1693.100,     1.439028
  1693.150,     1.990029
  1693.200,     2.341007
  1693.250,     2.430517
  1693.300,     2.263765
  1693.350,     1.860776
  1693.400,     1.277532
  1693.450,     0.603535
  1693.500,    -0.060830
  1693.550,    -0.645682
  1693.600,    -1.039736
  1693.650,    -1.197910
  1693.700,    -1.092512
  1693.750,    -0.747657
  1693.800,    -0.197557
  1693.850,     0.456350
  1693.900,     1.134551
  1693.950,     1.745808
  1694.000,     2.191412
  1694.050,     2.424344
  1694.100,     2.420799
  1694.150,     2.158129
  1694.200,     1.660500
  1694.250,     1.006644
  1694.300,     0.237804
  1694.350,    -0.538886
  1694.400,    -1.240084
  1694.450,    -1.788502
  1694.500,    -2.141595
  1694.550,    -2.255311
  1694.600,    -2.134424
  1694.650,    -1.809500
  1694.700,    -1.334564
  1694.750,    -0.758401
  1694.800,    -0.160341
  1694.850,     0.416060
  1694.900,     0.886142
  1694.950,     1.220256
  1695.000,     1.371884
  1695.050,     1.365924
  1695.100,     1.193344
  1695.150,     0.920231
  1695.200,     0.585137
  1695.250,     0.269482
  1695.300,     0.011522
  1695.350,    -0.174075
  1695.400,    -0.265549
  1695.450,    -0.308430
  1695.500,    -0.340152
  1695.550,    -0.385571
  1695.600,    -0.506281
  1695.650,    -0.698250
  1695.700,    -0.983546
  1695.750,    -1.345577
  1695.800,    -1.753993
  1695.850,    -2.157280
  1695.900,    -2.519027
  1695.950,    -2.791940
  1696.000,    -2.901846
  1696.050,    -2.866596
  1696.100,    -2.647177
  1696.150,    -2.234306
  1696.200,    -1.671229
  1696.250,    -0.984776
  1696.300,    -0.203805
  1696.350,     0.612961
  1696.400,     1.395949
  1696.450,     2.093870
  1696.500,     2.646065
  1696.550,     3.009560
  1696.600,     3.187832
  1696.650,     3.137839
  1696.700,     2.909251
  1696.750,     2.512628
  1696.800,     1.996638
  1696.850,     1.421704
  1696.900,     0.844235
  1696.950,     0.324038
  1697.000,    -0.082697
  1697.050,    -0.364898
  1697.100,    -0.504476
  1697.150,    -0.516950
  1697.200,    -0.431346
  1697.250,    -0.303760
  1697.300,    -0.157006
  1697.350,    -0.050867
  1697.400,    -0.036383
  1697.450,    -0.112002
  1697.500,    -0.270842
  1697.550,    -0.520975
  1697.600,    -0.806374
  1697.650,    -1.106334
  1697.700,    -1.355390
  1697.750,    -1.543446
  1697.800,    -1.596188
  1697.850,    -1.527552
  1697.900,    -1.346399
  1697.950,    -1.056079
  1698.000,    -0.699589
  1698.050,    -0.326346
  1698.100,     0.033735
  1698.150,     0.334182
  1698.200,     0.532396
  1698.250,     0.643520
  1698.300,     0.645247
  1698.350,     0.559504
  1698.400,     0.390343
  1698.450,     0.179442
  1698.500,    -0.047764
  1698.550,    -0.249649
  1698.600,    -0.421912
  1698.650,    -0.506246
  1698.700,    -0.535730
  1698.750,    -0.486065
  1698.800,    -0.369874
  1698.850,    -0.208912
  1698.900,    -0.037931
  1698.950,     0.128984
  1699.000,     0.272219
  1699.050,     0.371965
  1699.100,     0.403795
  1699.150,     0.384795
  1699.200,     0.310260
  1699.250,     0.204227
  1699.300,     0.094385
  1699.350,    -0.015621
  1699.400,    -0.086812
  1699.450,    -0.103875
  1699.500,    -0.083228
  1699.550,     0.011728
  1699.600,     0.163336
  1699.650,     0.334278
  1699.700,     0.518157
  1699.750,     0.720055
  1699.800,     0.866128
  1699.850,     0.956936
  1699.900,     0.965538
  1699.950,     0.884256
  1700.000,     0.719321
  1700.050,     0.475110
  1700.100,     0.187556
  1700.150,    -0.102256
  1700.200,    -0.382558
  1700.250,    -0.613678
  1700.300,    -0.776677
  1700.350,    -0.872062
  1700.400,    -0.889362
  1700.450,    -0.837673
  1700.500,    -0.731194
  1700.550,    -0.617777
  1700.600,    -0.487089
  1700.650,    -0.388885
  1700.700,    -0.331643
  1700.750,    -0.310535
  1700.800,    -0.342485
  1700.850,    -0.420019
  1700.900,    -0.520591
  1700.950,    -0.629780
  1701.000,    -0.744554
  1701.050,    -0.854989
  1701.100,    -0.921158
  1701.150,    -0.966597
  1701.200,    -0.963298
  1701.250,    -0.910643
  1701.300,    -0.812328
  1701.350,    -0.675091
  1701.400,    -0.522939
  1701.450,    -0.349134
  1701.500,    -0.216098
  1701.550,    -0.092960
  1701.600,    -0.022710
  1701.650,    -0.008823
  1701.700,    -0.030341
  1701.750,    -0.109905
  1701.800,    -0.194393
  1701.850,    -0.267095
  1701.900,    -0.322307
  1701.950,    -0.323831
  1702.000,    -0.268845
  1702.050,    -0.160828
  1702.100,    -0.025020
  1702.150,     0.125264
  1702.200,     0.282439
  1702.250,     0.384023
  1702.300,     0.446869
  1702.350,     0.444808
  1702.400,     0.389894
  1702.450,     0.286525
  1702.500,     0.140288
  1702.550,    -0.030524
  1702.600,    -0.205549
  1702.650,    -0.363624
  1702.700,    -0.487659
  1702.750,    -0.566717
  1702.800,    -0.612342
  1702.850,    -0.617343
  1702.900,    -0.603538
  1702.950,    -0.569549
  1703.000,    -0.525431
  1703.050,    -0.462295
  1703.100,    -0.389893
  1703.150,    -0.312765
  1703.200,    -0.238304
  1703.250,    -0.185982
  1703.300,    -0.140080
  1703.350,    -0.116228
  1703.400,    -0.133128
  1703.450,    -0.154649
  1703.500,    -0.163411
  1703.550,    -0.191687
  1703.600,    -0.196774
  1703.650,    -0.176900
  1703.700,    -0.121425
  1703.750,    -0.041201
  1703.800,     0.052238
  1703.850,     0.168725
  1703.900,     0.288892
  1703.950,     0.391053
  1704.000,     0.455619
  1704.050,     0.478341
  1704.100,     0.463621
  1704.150,     0.394495
  1704.200,     0.298121
  1704.250,     0.172485
  1704.300,     0.048544
  1704.350,    -0.047675
  1704.400,    -0.128339
  1704.450,    -0.158789
  1704.500,    -0.130648
  1704.550,    -0.066307
  1704.600,     0.020903
  1704.650,     0.130606
  1704.700,     0.223191
  1704.750,     0.316941
  1704.800,     0.373300
  1704.850,     0.395411
  1704.900,     0.392333
  1704.950,     0.344642
  1705.000,     0.276396
  1705.050,     0.191074
  1705.100,     0.098546
  1705.150,     0.006042
  1705.200,    -0.095827
  1705.250,    -0.182963
  1705.300,    -0.245118
  1705.350,    -0.304937
  1705.400,    -0.331801
  1705.450,    -0.317920
  1705.500,    -0.300163
  1705.550,    -0.246172
  1705.600,    -0.177512
  1705.650,    -0.122450
  1705.700,    -0.075820
  1705.750,    -0.047083
  1705.800,    -0.057273
  1705.850,    -0.100211
  1705.900,    -0.166937
  1705.950,    -0.261156
  1706.000,    -0.342143
  1706.050,    -0.423102
  1706.100,    -0.477319
  1706.150,    -0.473195
  1706.200,    -0.443472
  1706.250,    -0.380589
  1706.300,    -0.276806
  1706.350,    -0.177109
  1706.400,    -0.075265
  1706.450,    -0.007545
  1706.500,     0.031765
  1706.550,     0.025160
  1706.600,    -0.004744
  1706.650,    -0.069866
  1706.700,    -0.149259
  1706.750,    -0.214244
  1706.800,    -0.281420
  1706.850,    -0.331556
  1706.900,    -0.341141
  1706.950,    -0.326022
  1707.000,    -0.272856
  1707.050,    -0.197545
  1707.100,    -0.081793
  1707.150,     0.042973
  1707.200,     0.184868
  1707.250,     0.347150
  1707.300,     0.503420
  1707.350,     0.664043
  1707.400,     0.815341
  1707.450,     0.938758
  1707.500,     1.028638
  1707.550,     1.058224
  1707.600,     1.044115
  1707.650,     0.989636
  1707.700,     0.895840
  1707.750,     0.767348
  1707.800,     0.640265
  1707.850,     0.496938
  1707.900,     0.359823
  1707.950,     0.245147
  1708.000,     0.159181
  1708.050,     0.091217
  1708.100,     0.066624
  1708.150,     0.043319
  1708.200,     0.044023
  1708.250,     0.043253
  1708.300,     0.036229
  1708.350,     0.041213
  1708.400,     0.054824
  1708.450,     0.074421
  1708.500,     0.105046
  1708.550,     0.155900
  1708.600,     0.209977
  1708.650,     0.265007
  1708.700,     0.329847
  1708.750,     0.374015
  1708.800,     0.431000
  1708.850,     0.479740
  1708.900,     0.512410
  1708.950,     0.535196
  1709.000,     0.554525
  1709.050,     0.563865
  1709.100,     0.567887
  1709.150,     0.569972
  1709.200,     0.555704
  1709.250,     0.519924
  1709.300,     0.475916
  1709.350,     0.382846
  1709.400,     0.306959
  1709.450,     0.198008
  1709.500,     0.106549
  1709.550,     0.032671
  1709.600,    -0.017422
  1709.650,    -0.036813
  1709.700,    -0.012305
  1709.750,     0.039559
  1709.800,     0.112779
  1709.850,     0.208011
  1709.900,     0.298921
  1709.950,     0.383264
  1710.000,     0.440566
  1710.050,     0.465756
  1710.100,     0.458973
  1710.150,     0.411595
  1710.200,     0.345811
  1710.250,     0.267058
  1710.300,     0.199945
  1710.350,     0.150467
  1710.400,     0.123207
  1710.450,     0.130068
  1710.500,     0.153676
  1710.550,     0.184573
  1710.600,     0.238678
  1710.650,     0.294826
  1710.700,     0.355107
  1710.750,     0.393863
  1710.800,     0.440361
  1710.850,     0.480269
  1710.900,     0.484089
  1710.950,     0.483958
  1711.000,     0.482635
  1711.050,     0.465996
  1711.100,     0.454765
  1711.150,     0.440641
  1711.200,     0.419622
  1711.250,     0.400182
  1711.300,     0.406030
  1711.350,     0.412068
  1711.400,     0.435914
  1711.450,     0.487522
  1711.500,     0.554798
  1711.550,     0.608487
  1711.600,     0.649261
  1711.650,     0.668266
  1711.700,     0.667139
  1711.750,     0.625490
  1711.800,     0.566029
  1711.850,     0.475034
  1711.900,     0.375554
  1711.950,     0.272207
  1712.000,     0.175683
  1712.050,     0.087587
  1712.100,     0.037057
  1712.150,     0.006170
  1712.200,    -0.023233
  1712.250,    -0.026055
  1712.300,    -0.020089
  1712.350,    -0.019211
  1712.400,    -0.000657
  1712.450,     0.013643
  1712.500,     0.037091
  1712.550,     0.040849
  1712.600,     0.047067
  1712.650,     0.038113
  1712.700,     0.021487
  1712.750,    -0.008886
  1712.800,    -0.047271
  1712.850,    -0.111809
  1712.900,    -0.176335
  1712.950,    -0.247556
  1713.000,    -0.331105
  1713.050,    -0.398553
  1713.100,    -0.446753
  1713.150,    -0.484719
  1713.200,    -0.495797
  1713.250,    -0.490546
  1713.300,    -0.483138
  1713.350,    -0.454675
  1713.400,    -0.445138
  1713.450,    -0.446464
  1713.500,    -0.454900
  1713.550,    -0.494132
  1713.600,    -0.568351
  1713.650,    -0.643341
  1713.700,    -0.717344
  1713.750,    -0.782218
  1713.800,    -0.832655
  1713.850,    -0.848261
  1713.900,    -0.834704
  1713.950,    -0.804687
  1714.000,    -0.755585
  1714.050,    -0.690994
  1714.100,    -0.622937
  1714.150,    -0.571095
  1714.200,    -0.522048
  1714.250,    -0.494844
  1714.300,    -0.470539
  1714.350,    -0.483072
  1714.400,    -0.489695
  1714.450,    -0.514130
  1714.500,    -0.532904
  1714.550,    -0.560234
  1714.600,    -0.576381
  1714.650,    -0.587377
  1714.700,    -0.578024
  1714.750,    -0.579246
  1714.800,    -0.555469
  1714.850,    -0.536110
  1714.900,    -0.507356
  1714.950,    -0.469623
  1715.000,    -0.439286
  1715.050,    -0.408984
  1715.100,    -0.377192
  1715.150,    -0.365670
  1715.200,    -0.357809
  1715.250,    -0.348193
  1715.300,    -0.344846
  1715.350,    -0.342821
  1715.400,    -0.341928
  1715.450,    -0.335270
  1715.500,    -0.329948
  1715.550,    -0.322079
  1715.600,    -0.301592
  1715.650,    -0.267669
  1715.700,    -0.226512
  1715.750,    -0.189160
  1715.800,    -0.151226
  1715.850,    -0.131023
  1715.900,    -0.121993
  1715.950,    -0.128551
  1716.000,    -0.143282
  1716.050,    -0.167182
  1716.100,    -0.197124
  1716.150,    -0.226963
  1716.200,    -0.268650
  1716.250,    -0.302065
  1716.300,    -0.332211
  1716.350,    -0.356859
  1716.400,    -0.359502
  1716.450,    -0.363517
  1716.500,    -0.355882
  1716.550,    -0.338306
  1716.600,    -0.322976
  1716.650,    -0.306250
  1716.700,    -0.293864
  1716.750,    -0.274983
  1716.800,    -0.250644
  1716.850,    -0.236009
  1716.900,    -0.210316
  1716.950,    -0.175381
  1717.000,    -0.160235
  1717.050,    -0.136147
  1717.100,    -0.126575
  1717.150,    -0.119423
  1717.200,    -0.119627
  1717.250,    -0.135654
  1717.300,    -0.152341
  1717.350,    -0.163970
  1717.400,    -0.177882
  1717.450,    -0.185594
  1717.500,    -0.177051
  1717.550,    -0.173188
  1717.600,    -0.166557
  1717.650,    -0.152066
  1717.700,    -0.167639
  1717.750,    -0.184214
  1717.800,    -0.224533
  1717.850,    -0.273150
  1717.900,    -0.341696
  1717.950,    -0.426132
  1718.000,    -0.522275
  1718.050,    -0.631346
  1718.100,    -0.725929
  1718.150,    -0.827858
  1718.200,    -0.925823
  1718.250,    -1.005390
  1718.300,    -1.097408
  1718.350,    -1.175922
  1718.400,    -1.292412
  1718.450,    -1.421534
  1718.500,    -1.574836
  1718.550,    -1.773712
  1718.600,    -1.984640
  1718.650,    -2.213556
  1718.700,    -2.450763
  1718.750,    -2.660179
  1718.800,    -2.827061
  1718.850,    -2.934043
  1718.900,    -2.955223
  1718.950,    -2.861050
  1719.000,    -2.629616
  1719.050,    -2.273351
  1719.100,    -1.765642
  1719.150,    -1.121893
  1719.200,    -0.354600
  1719.250,     0.497459
  1719.300,     1.434640
  1719.350,     2.390020
  1719.400,     3.342541
  1719.450,     4.230125
  1719.500,     5.024884
  1719.550,     5.681628
  1719.600,     6.170279
  1719.650,     6.477031
  1719.700,     6.597099
  1719.750,     6.513762
  1719.800,     6.239065
  1719.850,     5.797027
  1719.900,     5.179842
  1719.950,     4.444573
  1720.000,     3.618961
  1720.050,     2.724121
  1720.100,     1.818356
  1720.150,     0.908059
  1720.200,     0.046173
  1720.250,    -0.752334
  1720.300,    -1.484872
  1720.350,    -2.114470
  1720.400,    -2.658963
  1720.450,    -3.102010
  1720.500,    -3.426774
  1720.550,    -3.655712
  1720.600,    -3.796062
  1720.650,    -3.838672
  1720.700,    -3.810955
  1720.750,    -3.705742
  1720.800,    -3.556952
  1720.850,    -3.367512
  1720.900,    -3.137389
  1720.950,    -2.905861
  1721.000,    -2.647904
  1721.050,    -2.385429
  1721.100,    -2.110431
  1721.150,    -1.850483
  1721.200,    -1.574832
  1721.250,    -1.305733
  1721.300,    -1.053228
  1721.350,    -0.805141
  1721.400,    -0.570268
  1721.450,    -0.358685
  1721.500,    -0.166623
  1721.550,     0.005646
  1721.600,     0.157640
  1721.650,     0.295016
  1721.700,     0.415372
  1721.750,     0.528907
  1721.800,     0.632096
  1721.850,     0.730575
  1721.900,     0.799599
  1721.950,     0.870411
  1722.000,     0.935852
  1722.050,     0.977038
  1722.100,     0.999574
  1722.150,     1.011907
  1722.200,     1.013633
  1722.250,     0.994857
  1722.300,     0.979794
  1722.350,     0.973610
  1722.400,     0.965278
  1722.450,     0.967774
  1722.500,     0.989178
  1722.550,     1.011013
  1722.600,     1.039117
  1722.650,     1.062503
  1722.700,     1.084263
  1722.750,     1.092984
  1722.800,     1.103068
  1722.850,     1.110673
  1722.900,     1.116012
  1722.950,     1.110478
  1723.000,     1.115234
  1723.050,     1.103520
  1723.100,     1.085715
  1723.150,     1.062588
  1723.200,     1.033188
  1723.250,     0.982714
  1723.300,     0.921248
  1723.350,     0.853234
  1723.400,     0.783102
  1723.450,     0.704382
  1723.500,     0.629067
  1723.550,     0.565963
  1723.600,     0.497137
  1723.650,     0.460008
  1723.700,     0.410294
  1723.750,     0.354353
  1723.800,     0.295848
  1723.850,     0.210319
  1723.900,     0.091000
  1723.950,    -0.045577
  1724.000,    -0.211471
  1724.050,    -0.422175
  1724.100,    -0.629828
  1724.150,    -0.853282
  1724.200,    -1.081542
  1724.250,    -1.294613
  1724.300,    -1.478509
  1724.350,    -1.631098
  1724.400,    -1.755795
  1724.450,    -1.857747
  1724.500,    -1.938726
  1724.550,    -1.995088
  1724.600,    -2.047007
  1724.650,    -2.079409
  1724.700,    -2.106358
  1724.750,    -2.131185
  1724.800,    -2.157202
  1724.850,    -2.183550
  1724.900,    -2.220353
  1724.950,    -2.259270
  1725.000,    -2.289710
  1725.050,    -2.324058
  1725.100,    -2.342645
  1725.150,    -2.334558
  1725.200,    -2.288634
  1725.250,    -2.207537
  1725.300,    -2.068499
  1725.350,    -1.887034
  1725.400,    -1.632264
  1725.450,    -1.344629
  1725.500,    -0.998535
  1725.550,    -0.624132
  1725.600,    -0.238221
  1725.650,     0.160508
  1725.700,     0.551766
  1725.750,     0.949097
  1725.800,     1.333839
  1725.850,     1.709833
  1725.900,     2.057354
  1725.950,     2.398059
  1726.000,     2.720070
  1726.050,     3.004881
  1726.100,     3.282832
  1726.150,     3.524301
  1726.200,     3.733414
  1726.250,     3.907993
  1726.300,     4.048931
  1726.350,     4.158126
  1726.400,     4.234511
  1726.450,     4.287328
  1726.500,     4.335164
  1726.550,     4.373540
  1726.600,     4.411050
  1726.650,     4.443991
  1726.700,     4.468349
  1726.750,     4.466817
  1726.800,     4.437075
  1726.850,     4.372009
  1726.900,     4.267208
  1726.950,     4.150998
  1727.000,     3.993701
  1727.050,     3.831265
  1727.100,     3.649890
  1727.150,     3.439242
  1727.200,     3.242822
  1727.250,     3.021157
  1727.300,     2.780285
  1727.350,     2.544273
  1727.400,     2.300489
  1727.450,     2.040524
  1727.500,     1.774051
  1727.550,     1.505639
  1727.600,     1.222461
  1727.650,     0.938549
  1727.700,     0.641404
  1727.750,     0.335320
  1727.800,     0.020313
  1727.850,    -0.300738
  1727.900,    -0.623435
  1727.950,    -0.955311
  1728.000,    -1.289157
  1728.050,    -1.609887
  1728.100,    -1.920099
  1728.150,    -2.219880
  1728.200,    -2.485246
  1728.250,    -2.730863
  1728.300,    -2.938818
  1728.350,    -3.121002
  1728.400,    -3.277302
  1728.450,    -3.423046
  1728.500,    -3.543937
  1728.550,    -3.663822
  1728.600,    -3.758928
  1728.650,    -3.854381
  1728.700,    -3.928761
  1728.750,    -3.983326
  1728.800,    -4.022544
  1728.850,    -4.028601
  1728.900,    -4.015947
  1728.950,    -3.965727
  1729.000,    -3.899920
  1729.050,    -3.820767
  1729.100,    -3.712265
  1729.150,    -3.625531
  1729.200,    -3.517190
  1729.250,    -3.397133
  1729.300,    -3.291208
  1729.350,    -3.159992
  1729.400,    -3.035694
  1729.450,    -2.923386
  1729.500,    -2.785558
  1729.550,    -2.652040
  1729.600,    -2.530562
  1729.650,    -2.409946
  1729.700,    -2.290336
  1729.750,    -2.182251
  1729.800,    -2.091025
  1729.850,    -2.007649
  1729.900,    -1.922214
  1729.950,    -1.838788
  1730.000,    -1.753697
  1730.050,    -1.660235
  1730.100,    -1.550940
  1730.150,    -1.446874
  1730.200,    -1.329762
  1730.250,    -1.223125
  1730.300,    -1.125597
  1730.350,    -1.042935
  1730.400,    -0.981302
  1730.450,    -0.932135
  1730.500,    -0.921808
  1730.550,    -0.915335
  1730.600,    -0.923857
  1730.650,    -0.933802
  1730.700,    -0.953668
  1730.750,    -0.952528
  1730.800,    -0.953620
  1730.850,    -0.947723
  1730.900,    -0.919903
  1730.950,    -0.928595
  1731.000,    -0.920015
  1731.050,    -0.909066
  1731.100,    -0.917445
  1731.150,    -0.932662
  1731.200,    -0.953867
  1731.250,    -0.994802
  1731.300,    -1.026274
  1731.350,    -1.077088
  1731.400,    -1.143047
  1731.450,    -1.194891
  1731.500,    -1.266509
  1731.550,    -1.336941
  1731.600,    -1.384062
  1731.650,    -1.450484
  1731.700,    -1.486465
  1731.750,    -1.512699
  1731.800,    -1.525563
  1731.850,    -1.525325
  1731.900,    -1.492449
  1731.950,    -1.478808
  1732.000,    -1.438714
  1732.050,    -1.420298
  1732.100,    -1.418644
  1732.150,    -1.429761
  1732.200,    -1.462353
  1732.250,    -1.504461
  1732.300,    -1.546718
  1732.350,    -1.578999
  1732.400,    -1.611649
  1732.450,    -1.627974
  1732.500,    -1.623337
  1732.550,    -1.600850
  1732.600,    -1.553895
  1732.650,    -1.496177
  1732.700,    -1.433753
  1732.750,    -1.377276
  1732.800,    -1.317891
  1732.850,    -1.286533
  1732.900,    -1.253922
  1732.950,    -1.246907
  1733.000,    -1.250170
  1733.050,    -1.264144
  1733.100,    -1.283381
  1733.150,    -1.303422
  1733.200,    -1.340008
  1733.250,    -1.340882
  1733.300,    -1.337087
  1733.350,    -1.315142
  1733.400,    -1.251550
  1733.450,    -1.173033
  1733.500,    -1.070913
  1733.550,    -0.940079
  1733.600,    -0.796890
  1733.650,    -0.637063
  1733.700,    -0.478576
  1733.750,    -0.317975
  1733.800,    -0.181698
  1733.850,    -0.060717
  1733.900,     0.041203
  1733.950,     0.109944
  1734.000,     0.163349
  1734.050,     0.207040
  1734.100,     0.235095
  1734.150,     0.272358
  1734.200,     0.309554
  1734.250,     0.368605
  1734.300,     0.445483
  1734.350,     0.519281
  1734.400,     0.619888
  1734.450,     0.717011
  1734.500,     0.827820
  1734.550,     0.919910
  1734.600,     1.012770
  1734.650,     1.088603
  1734.700,     1.138008
  1734.750,     1.173733
  1734.800,     1.159022
  1734.850,     1.140707
  1734.900,     1.080742
  1734.950,     0.989628
  1735.000,     0.901789
  1735.050,     0.789589
  1735.100,     0.671501
  1735.150,     0.564556
  1735.200,     0.459903
  1735.250,     0.374734
  1735.300,     0.326397
  1735.350,     0.302951
  1735.400,     0.304235
  1735.450,     0.340761
  1735.500,     0.399628
  1735.550,     0.472788
  1735.600,     0.547166
  1735.650,     0.633461
  1735.700,     0.716010
  1735.750,     0.806922
  1735.800,     0.891742
  1735.850,     0.994233
  1735.900,     1.084253
  1735.950,     1.184502
  1736.000,     1.280738
  1736.050,     1.349488
  1736.100,     1.404689
  1736.150,     1.419297
  1736.200,     1.402597
  1736.250,     1.335701
  1736.300,     1.231909
  1736.350,     1.100322
  1736.400,     0.940326
  1736.450,     0.765802
  1736.500,     0.596595
  1736.550,     0.423860
  1736.600,     0.271567
  1736.650,     0.145729
  1736.700,     0.020458
  1736.750,    -0.067807
  1736.800,    -0.148981
  1736.850,    -0.215826
  1736.900,    -0.281278
  1736.950,    -0.343082
  1737.000,    -0.406169
  1737.050,    -0.482505
  1737.100,    -0.552223
  1737.150,    -0.607320
  1737.200,    -0.676469
  1737.250,    -0.724051
  1737.300,    -0.756788
  1737.350,    -0.772683
  1737.400,    -0.767257
  1737.450,    -0.748230
  1737.500,    -0.701197
  1737.550,    -0.642556
  1737.600,    -0.539977
  1737.650,    -0.416194
  1737.700,    -0.277948
  1737.750,    -0.098578
  1737.800,     0.080947
  1737.850,     0.242108
  1737.900,     0.403229
  1737.950,     0.528958
  1738.000,     0.603215
  1738.050,     0.634374
  1738.100,     0.614937
  1738.150,     0.535803
  1738.200,     0.406515
  1738.250,     0.239742
  1738.300,     0.058356
  1738.350,    -0.138115
  1738.400,    -0.329110
  1738.450,    -0.497988
  1738.500,    -0.644646
  1738.550,    -0.760826
  1738.600,    -0.837191
  1738.650,    -0.870624
  1738.700,    -0.870677
  1738.750,    -0.847658
  1738.800,    -0.786233
  1738.850,    -0.714711
  1738.900,    -0.641504
  1738.950,    -0.565101
  1739.000,    -0.511129
  1739.050,    -0.466590
  1739.100,    -0.433804
  1739.150,    -0.428174
  1739.200,    -0.433536
  1739.250,    -0.461339
  1739.300,    -0.501409
  1739.350,    -0.544030
  1739.400,    -0.583334
  1739.450,    -0.625619
  1739.500,    -0.659899
  1739.550,    -0.680254
  1739.600,    -0.684841
  1739.650,    -0.704049
  1739.700,    -0.701416
  1739.750,    -0.703631
  1739.800,    -0.696909
  1739.850,    -0.689924
  1739.900,    -0.703971
  1739.950,    -0.707776
  1740.000,    -0.732215
  1740.050,    -0.770644
  1740.100,    -0.825173
  1740.150,    -0.888295
  1740.200,    -0.971242
  1740.250,    -1.056591
  1740.300,    -1.155201
  1740.350,    -1.245369
  1740.400,    -1.336277
  1740.450,    -1.402602
  1740.500,    -1.445784
  1740.550,    -1.465823
  1740.600,    -1.445834
  1740.650,    -1.402741
  1740.700,    -1.348227
  1740.750,    -1.252742
  1740.800,    -1.165281
  1740.850,    -1.067497
  1740.900,    -0.962556
  1740.950,    -0.877123
  1741.000,    -0.798175
  1741.050,    -0.735282
  1741.100,    -0.697720
  1741.150,    -0.686927
  1741.200,    -0.691112
  1741.250,    -0.724460
  1741.300,    -0.782698
  1741.350,    -0.829378
  1741.400,    -0.903201
  1741.450,    -0.964976
  1741.500,    -1.016749
  1741.550,    -1.055750
  1741.600,    -1.072954
  1741.650,    -1.070993
  1741.700,    -1.050352
  1741.750,    -1.012249
  1741.800,    -0.965680
  1741.850,    -0.903034
  1741.900,    -0.858227
  1741.950,    -0.801274
  1742.000,    -0.762582
  1742.050,    -0.734120
  1742.100,    -0.701303
  1742.150,    -0.682324
  1742.200,    -0.685458
  1742.250,    -0.674644
  1742.300,    -0.687109
  1742.350,    -0.704497
  1742.400,    -0.708399
  1742.450,    -0.730815
  1742.500,    -0.742892
  1742.550,    -0.751703
  1742.600,    -0.770664
  1742.650,    -0.777433
  1742.700,    -0.778647
  1742.750,    -0.769094
  1742.800,    -0.760146
  1742.850,    -0.746737
  1742.900,    -0.714971
  1742.950,    -0.704874
  1743.000,    -0.675173
  1743.050,    -0.658289
  1743.100,    -0.665144
  1743.150,    -0.664147
  1743.200,    -0.672305
  1743.250,    -0.693299
  1743.300,    -0.713845
  1743.350,    -0.720918
  1743.400,    -0.725160
  1743.450,    -0.711022
  1743.500,    -0.667283
  1743.550,    -0.614812
  1743.600,    -0.532367
  1743.650,    -0.420545
  1743.700,    -0.295073
  1743.750,    -0.163939
  1743.800,    -0.016581
  1743.850,     0.110007
  1743.900,     0.209671
  1743.950,     0.289073
  1744.000,     0.330743
  1744.050,     0.329698
  1744.100,     0.289192
  1744.150,     0.228673
  1744.200,     0.135808
  1744.250,     0.026620
  1744.300,    -0.085718
  1744.350,    -0.193293
  1744.400,    -0.298306
  1744.450,    -0.389098
  1744.500,    -0.449690
  1744.550,    -0.494167
  1744.600,    -0.518452
  1744.650,    -0.520649
  1744.700,    -0.503551
  1744.750,    -0.481206
  1744.800,    -0.449204
  1744.850,    -0.418841
  1744.900,    -0.379697
  1744.950,    -0.344817
  1745.000,    -0.320650
  1745.050,    -0.290565
  1745.100,    -0.269795
  1745.150,    -0.230374
  1745.200,    -0.194281
  1745.250,    -0.162315
  1745.300,    -0.117178
  1745.350,    -0.088132
  1745.400,    -0.077526
  1745.450,    -0.058628
  1745.500,    -0.057753
  1745.550,    -0.067963
  1745.600,    -0.074484
  1745.650,    -0.090590
  1745.700,    -0.093517
  1745.750,    -0.095847
  1745.800,    -0.093582
  1745.850,    -0.075687
  1745.900,    -0.055685
  1745.950,    -0.032392
  1746.000,    -0.007749
  1746.050,     0.000509
  1746.100,     0.015578
  1746.150,     0.023419
  1746.200,     0.007437
  1746.250,     0.013983
  1746.300,     0.012223
  1746.350,     0.012177
  1746.400,     0.017101
  1746.450,     0.021558
  1746.500,     0.033599
  1746.550,     0.043071
  1746.600,     0.043507
  1746.650,     0.040550
  1746.700,     0.041572
  1746.750,     0.021034
  1746.800,     0.004829
  1746.850,    -0.017525
  1746.900,    -0.043663
  1746.950,    -0.071075
  1747.000,    -0.092476
  1747.050,    -0.113712
  1747.100,    -0.126304
  1747.150,    -0.128544
  1747.200,    -0.138594
  1747.250,    -0.121339
  1747.300,    -0.106084
  1747.350,    -0.078971
  1747.400,    -0.023187
  1747.450,     0.030191
  1747.500,     0.096059
  1747.550,     0.149879
  1747.600,     0.201813
  1747.650,     0.237914
  1747.700,     0.257308
  1747.750,     0.244951
  1747.800,     0.226334
  1747.850,     0.195769
  1747.900,     0.147102
  1747.950,     0.093299
  1748.000,     0.046101
  1748.050,    -0.000858
  1748.100,    -0.026351
  1748.150,    -0.031595
  1748.200,    -0.027374
  1748.250,     0.003327
  1748.300,     0.035251
  1748.350,     0.082982
  1748.400,     0.133963
  1748.450,     0.190873
  1748.500,     0.240478
  1748.550,     0.291025
  1748.600,     0.342521
  1748.650,     0.392362
  1748.700,     0.441608
  1748.750,     0.484927
  1748.800,     0.522825
  1748.850,     0.560396
  1748.900,     0.581761
  1748.950,     0.609759
  1749.000,     0.625975
  1749.050,     0.635244
  1749.100,     0.636043
  1749.150,     0.635458
  1749.200,     0.638313
  1749.250,     0.622015
  1749.300,     0.607603
  1749.350,     0.590443
  1749.400,     0.569352
  1749.450,     0.529846
  1749.500,     0.481094
  1749.550,     0.425847
  1749.600,     0.376113
  1749.650,     0.325201
  1749.700,     0.283474
  1749.750,     0.256351
  1749.800,     0.229638
  1749.850,     0.250223
  1749.900,     0.274320
  1749.950,     0.320570
  1750.000,     0.368979
  1750.050,     0.422463
  1750.100,     0.479552
  1750.150,     0.525862
  1750.200,     0.560938
  1750.250,     0.582711
  1750.300,     0.592235
  1750.350,     0.591517
  1750.400,     0.585398
  1750.450,     0.569122
  1750.500,     0.558254
  1750.550,     0.558444
  1750.600,     0.552055
  1750.650,     0.567464
  1750.700,     0.565836
  1750.750,     0.572318
  1750.800,     0.589600
  1750.850,     0.598716
  1750.900,     0.609881
  1750.950,     0.610606
  1751.000,     0.608742
  1751.050,     0.604236
  1751.100,     0.572301
  1751.150,     0.550875
  1751.200,     0.524118
  1751.250,     0.487807
  1751.300,     0.436556
  1751.350,     0.394606
  1751.400,     0.347802
  1751.450,     0.305291
  1751.500,     0.277746
  1751.550,     0.267649
  1751.600,     0.257480
  1751.650,     0.265913
  1751.700,     0.285468
  1751.750,     0.290571
  1751.800,     0.304869
  1751.850,     0.314006
  1751.900,     0.312568
  1751.950,     0.314467
  1752.000,     0.312134
  1752.050,     0.316089
  1752.100,     0.319918
  1752.150,     0.339238
  1752.200,     0.374060
  1752.250,     0.402395
  1752.300,     0.438222
  1752.350,     0.485954
  1752.400,     0.516260
  1752.450,     0.541086
  1752.500,     0.560539
  1752.550,     0.547185
  1752.600,     0.542813
  1752.650,     0.518378
  1752.700,     0.471400
  1752.750,     0.419179
  1752.800,     0.363709
  1752.850,     0.301330
  1752.900,     0.238444
  1752.950,     0.150528
  1753.000,     0.068153
  1753.050,    -0.018701
  1753.100,    -0.103740
  1753.150,    -0.195205
  1753.200,    -0.277516
  1753.250,    -0.343903
  1753.300,    -0.419381
  1753.350,    -0.472748
  1753.400,    -0.508533
  1753.450,    -0.541723
  1753.500,    -0.547776
  1753.550,    -0.550091
  1753.600,    -0.539766
  1753.650,    -0.521436
  1753.700,    -0.511519
  1753.750,    -0.494535
  1753.800,    -0.466839
  1753.850,    -0.439827
  1753.900,    -0.410321
  1753.950,    -0.376791
  1754.000,    -0.351467
  1754.050,    -0.323117
  1754.100,    -0.303475
  1754.150,    -0.295839
  1754.200,    -0.278630
  1754.250,    -0.274368
  1754.300,    -0.268527
  1754.350,    -0.256557
  1754.400,    -0.251154
  1754.450,    -0.244894
  1754.500,    -0.219777
  1754.550,    -0.207745
  1754.600,    -0.195810
  1754.650,    -0.180415
  1754.700,    -0.175829
  1754.750,    -0.180815
  1754.800,    -0.187715
  1754.850,    -0.196814
  1754.900,    -0.219182
  1754.950,    -0.224201
  1755.000,    -0.226222
  1755.050,    -0.217533
  1755.100,    -0.197397
  1755.150,    -0.175905
  1755.200,    -0.142487
  1755.250,    -0.103866
  1755.300,    -0.053089
  1755.350,    -0.024258
  1755.400,     0.005881
  1755.450,     0.032811
  1755.500,     0.039100
  1755.550,     0.044960
  1755.600,     0.052371
  1755.650,     0.046321
  1755.700,     0.035681
  1755.750,     0.034302
  1755.800,     0.030521
  1755.850,     0.015990
  1755.900,     0.015740
  1755.950,    -0.002980
  1756.000,    -0.024603
  1756.050,    -0.050768
  1756.100,    -0.070219
  1756.150,    -0.098605
  1756.200,    -0.114025
  1756.250,    -0.126393
  1756.300,    -0.139820
  1756.350,    -0.129742
  1756.400,    -0.131762
  1756.450,    -0.115463
  1756.500,    -0.101651
  1756.550,    -0.090701
  1756.600,    -0.077534
  1756.650,    -0.074149
  1756.700,    -0.075784
  1756.750,    -0.085291
  1756.800,    -0.085490
  1756.850,    -0.104866
  1756.900,    -0.115863
  1756.950,    -0.127013
  1757.000,    -0.142924
  1757.050,    -0.154746
  1757.100,    -0.165011
  1757.150,    -0.171828
  1757.200,    -0.185502
  1757.250,    -0.207319
  1757.300,    -0.227641
  1757.350,    -0.255841
  1757.400,    -0.291455
  1757.450,    -0.329632
  1757.500,    -0.352912
  1757.550,    -0.396906
  1757.600,    -0.427514
  1757.650,    -0.460293
  1757.700,    -0.502036
  1757.750,    -0.541376
  1757.800,    -0.576390
  1757.850,    -0.605210
  1757.900,    -0.635401
  1757.950,    -0.645910
  1758.000,    -0.643867
  1758.050,    -0.632142
  1758.100,    -0.601483
  1758.150,    -0.551583
  1758.200,    -0.501286
  1758.250,    -0.439857
  1758.300,    -0.368273
  1758.350,    -0.301749
  1758.400,    -0.242058
  1758.450,    -0.185383
  1758.500,    -0.130462
  1758.550,    -0.086188
  1758.600,    -0.047849
  1758.650,    -0.032155
  1758.700,    -0.008470
  1758.750,    -0.000271
  1758.800,     0.006327
  1758.850,     0.009639
  1758.900,     0.017151
  1758.950,     0.017901
  1759.000,     0.018321
  1759.050,     0.035295
  1759.100,     0.045933
  1759.150,     0.061312
  1759.200,     0.097670
  1759.250,     0.128198
  1759.300,     0.185734
  1759.350,     0.238835
  1759.400,     0.291642
  1759.450,     0.334604
  1759.500,     0.377931
  1759.550,     0.415415
  1759.600,     0.438302
  1759.650,     0.450609
  1759.700,     0.464897
  1759.750,     0.471373
  1759.800,     0.470905
  1759.850,     0.485387
  1759.900,     0.504479
  1759.950,     0.524912
  1760.000,     0.552237
  1760.050,     0.574324
  1760.100,     0.594529
  1760.150,     0.620137
  1760.200,     0.634885
  1760.250,     0.658934
  1760.300,     0.671224
  1760.350,     0.680883
  1760.400,     0.681846
  1760.450,     0.686923
  1760.500,     0.687892
  1760.550,     0.703352
  1760.600,     0.694991
  1760.650,     0.710820
  1760.700,     0.724551
  1760.750,     0.754673
  1760.800,     0.791973
  1760.850,     0.834888
  1760.900,     0.882209
  1760.950,     0.945347
  1761.000,     0.995485
  1761.050,     1.047318
  1761.100,     1.104284
  1761.150,     1.146342
  1761.200,     1.178058
  1761.250,     1.199246
  1761.300,     1.191993
  1761.350,     1.187312
  1761.400,     1.157306
  1761.450,     1.124310
  1761.500,     1.081952
  1761.550,     1.039579
  1761.600,     0.990631
  1761.650,     0.953888
  1761.700,     0.909193
  1761.750,     0.877514
  1761.800,     0.851004
  1761.850,     0.843160
  1761.900,     0.847834
  1761.950,     0.848475
  1762.000,     0.882035
  1762.050,     0.896812
  1762.100,     0.929166
  1762.150,     0.963335
  1762.200,     0.989672
  1762.250,     1.014794
  1762.300,     1.037090
  1762.350,     1.045666
  1762.400,     1.046227
  1762.450,     1.053650
  1762.500,     1.056407
  1762.550,     1.049470
  1762.600,     1.054775
  1762.650,     1.048441
  1762.700,     1.034444
  1762.750,     1.042883
  1762.800,     1.030476
  1762.850,     1.032641
  1762.900,     1.043821
  1762.950,     1.041581
  1763.000,     1.050953
  1763.050,     1.056077
  1763.100,     1.045184
  1763.150,     1.032340
  1763.200,     1.020308
  1763.250,     0.996236
  1763.300,     0.967978
  1763.350,     0.932304
  1763.400,     0.905862
  1763.450,     0.860666
  1763.500,     0.826701
  1763.550,     0.786965
  1763.600,     0.760449
  1763.650,     0.721304
  1763.700,     0.682129
  1763.750,     0.660162
  1763.800,     0.613389
  1763.850,     0.570214
  1763.900,     0.531608
  1763.950,     0.491387
  1764.000,     0.446770
  1764.050,     0.399081
  1764.100,     0.354972
  1764.150,     0.325536
  1764.200,     0.285339
  1764.250,     0.258078
  1764.300,     0.221540
  1764.350,     0.199395
  1764.400,     0.174845
  1764.450,     0.155976
  1764.500,     0.139836
  1764.550,     0.118328
  1764.600,     0.107372
  1764.650,     0.089826
  1764.700,     0.086822
  1764.750,     0.065359
  1764.800,     0.059641
  1764.850,     0.052213
  1764.900,     0.039953
  1764.950,     0.043099
  1765.000,     0.031382
  1765.050,     0.029970
  1765.100,     0.035862
  1765.150,     0.033417
  1765.200,     0.042473
  1765.250,     0.043157
  1765.300,     0.048974
  1765.350,     0.051358
  1765.400,     0.049505
  1765.450,     0.047679
  1765.500,     0.056814
  1765.550,     0.071025
  1765.600,     0.071425
  1765.650,     0.087052
  1765.700,     0.078645
  1765.750,     0.082066
  1765.800,     0.064280
  1765.850,     0.046450
  1765.900,     0.026384
  1765.950,    -0.007475
  1766.000,    -0.033033
  1766.050,    -0.060632
  1766.100,    -0.083212
  1766.150,    -0.108292
  1766.200,    -0.121993
  1766.250,    -0.138012
  1766.300,    -0.144731
  1766.350,    -0.142200
  1766.400,    -0.149503
  1766.450,    -0.144010
  1766.500,    -0.157136
  1766.550,    -0.161321
  1766.600,    -0.177164
  1766.650,    -0.190656
  1766.700,    -0.219565
  1766.750,    -0.246999
  1766.800,    -0.262187
  1766.850,    -0.305024
  1766.900,    -0.328231
  1766.950,    -0.360704
  1767.000,    -0.390309
  1767.050,    -0.413770
  1767.100,    -0.433093
  1767.150,    -0.456795
  1767.200,    -0.464174
  1767.250,    -0.473132
  1767.300,    -0.493130
  1767.350,    -0.494773
  1767.400,    -0.513819
  1767.450,    -0.541978
  1767.500,    -0.562398
  1767.550,    -0.587876
  1767.600,    -0.615040
  1767.650,    -0.639937
  1767.700,    -0.670160
  1767.750,    -0.674865
  1767.800,    -0.685416
  1767.850,    -0.689928
  1767.900,    -0.665232
  1767.950,    -0.661456
  1768.000,    -0.637617
  1768.050,    -0.623066
  1768.100,    -0.591400
  1768.150,    -0.574792
  1768.200,    -0.554810
  1768.250,    -0.524899
  1768.300,    -0.490057
  1768.350,    -0.459335
  1768.400,    -0.418827
  1768.450,    -0.378523
  1768.500,    -0.338550
  1768.550,    -0.293112
  1768.600,    -0.266595
  1768.650,    -0.220759
  1768.700,    -0.188266
  1768.750,    -0.159410
  1768.800,    -0.127410
  1768.850,    -0.094717
  1768.900,    -0.074537
  1768.950,    -0.045221
  1769.000,    -0.019741
  1769.050,     0.002775
  1769.100,     0.039426
  1769.150,     0.059011
  1769.200,     0.090324
  1769.250,     0.114809
  1769.300,     0.136855
  1769.350,     0.165567
  1769.400,     0.183784
  1769.450,     0.197028
  1769.500,     0.213127
  1769.550,     0.215258
  1769.600,     0.226489
  1769.650,     0.223101
  1769.700,     0.222985
  1769.750,     0.219752
  1769.800,     0.220188
  1769.850,     0.218639
  1769.900,     0.212116
  1769.950,     0.209590
  1770.000,     0.188726
  1770.050,     0.178588
  1770.100,     0.180360
  1770.150,     0.162130
  1770.200,     0.161443
  1770.250,     0.154191
  1770.300,     0.137570
  1770.350,     0.121957
  1770.400,     0.105294
  1770.450,     0.081805
  1770.500,     0.055946
  1770.550,     0.032481
  1770.600,     0.013974
  1770.650,    -0.011060
  1770.700,    -0.028745
  1770.750,    -0.047009
  1770.800,    -0.061778
  1770.850,    -0.072860
  1770.900,    -0.093363
  1770.950,    -0.096329
  1771.000,    -0.121515
  1771.050,    -0.149281
  1771.100,    -0.177698
  1771.150,    -0.205956
  1771.200,    -0.232324
  1771.250,    -0.266721
  1771.300,    -0.281373
  1771.350,    -0.304347
  1771.400,    -0.308787
  1771.450,    -0.311835
  1771.500,    -0.313984
  1771.550,    -0.308516
  1771.600,    -0.312845
  1771.650,    -0.318758
  1771.700,    -0.319360
  1771.750,    -0.329422
  1771.800,    -0.339434
  1771.850,    -0.350680
  1771.900,    -0.360088
  1771.950,    -0.367335
  1772.000,    -0.375496
  1772.050,    -0.368286
  1772.100,    -0.369649
  1772.150,    -0.358758
  1772.200,    -0.370736
  1772.250,    -0.372549
  1772.300,    -0.393861
  1772.350,    -0.401478
  1772.400,    -0.421714
  1772.450,    -0.431142
  1772.500,    -0.460895
  1772.550,    -0.454030
  1772.600,    -0.478892
  1772.650,    -0.480375
  1772.700,    -0.491498
  1772.750,    -0.508441
  1772.800,    -0.519513
  1772.850,    -0.532512
  1772.900,    -0.559598
  1772.950,    -0.562342
  1773.000,    -0.576627
  1773.050,    -0.576553
  1773.100,    -0.582580
  1773.150,    -0.566152
  1773.200,    -0.551011
  1773.250,    -0.518359
  1773.300,    -0.495615
  1773.350,    -0.468359
  1773.400,    -0.437584
  1773.450,    -0.427402
  1773.500,    -0.411701
  1773.550,    -0.408632
  1773.600,    -0.413154
  1773.650,    -0.408672
  1773.700,    -0.414635
  1773.750,    -0.410561
  1773.800,    -0.400362
  1773.850,    -0.393993
  1773.900,    -0.387542
  1773.950,    -0.376864
  1774.000,    -0.364262
  1774.050,    -0.364190
  1774.100,    -0.354227
  1774.150,    -0.345277
  1774.200,    -0.327120
  1774.250,    -0.318692
  1774.300,    -0.299364
  1774.350,    -0.276195
  1774.400,    -0.257036
  1774.450,    -0.247659
  1774.500,    -0.237376
  1774.550,    -0.236141
  1774.600,    -0.227934
  1774.650,    -0.228126
  1774.700,    -0.220795
  1774.750,    -0.197014
  1774.800,    -0.175471
  1774.850,    -0.154729
  1774.900,    -0.115425
  1774.950,    -0.082155
  1775.000,    -0.065532

