Time_abs/ps, Signal/nA
  1675.000,    -0.020409
  1675.050,    -0.008288
  1675.100,    -0.007025
  1675.150,     0.011195
  1675.200,     0.024527
  1675.250,     0.036000
  1675.300,     0.049979
  1675.350,     0.054450
  1675.400,     0.066661
  1675.450,     0.070699
  1675.500,     0.082724
  1675.550,     0.086805
  1675.600,     0.093505
  1675.650,     0.096391
  1675.700,     0.102490
  1675.750,     0.097588
  1675.800,     0.110939
  1675.850,     0.095887
  1675.900,     0.101432
  1675.950,     0.091506
  1676.000,     0.090378
  1676.050,     0.086725
  1676.100,     0.078550
  1676.150,     0.073887
  1676.200,     0.062848
  1676.250,     0.067439
  1676.300,     0.046767
  1676.350,     0.045491
  1676.400,     0.026517
  1676.450,     0.032068
  1676.500,     0.016344
  1676.550,     0.013899
  1676.600,    -0.001629
  1676.650,    -0.002410
  1676.700,    -0.017818
  1676.750,    -0.024693
  1676.800,    -0.036753
  1676.850,    -0.054046
  1676.900,    -0.078020
  1676.950,    -0.097456
  1677.000,    -0.145321
  1677.050,    -0.190897
  1677.100,    -0.266621
  1677.150,    -0.352739
  1677.200,    -0.463492
  1677.250,    -0.579414
  1677.300,    -0.697151
  1677.350,    -0.792320
  1677.400,    -0.824679
  1677.450,    -0.768724
  1677.500,    -0.596632
  1677.550,    -0.301316
  1677.600,     0.100845
  1677.650,     0.568935
  1677.700,     1.053845
  1677.750,     1.471684
  1677.800,     1.806069
  1677.850,     1.988084
  1677.900,     2.026466
  1677.950,     1.931917
  1678.000,     1.699591
  1678.050,     1.384293
  1678.100,     1.012395
  1678.150,     0.619774
  1678.200,     0.253292
  1678.250,    -0.079793
  1678.300,    -0.351872
  1678.350,    -0.558952
  1678.400,    -0.706850
  1678.450,    -0.806314
  1678.500,    -0.860323
  1678.550,    -0.879361
  1678.600,    -0.864119
  1678.650,    -0.829395
  1678.700,    -0.778714
  1678.750,    -0.718707
  1678.800,    -0.642451
  1678.850,    -0.572758
  1678.900,    -0.484031
  1678.950,    -0.395215
  1679.000,    -0.312286
  1679.050,    -0.228762
  1679.100,    -0.159456
  1679.150,    -0.090820
  1679.200,    -0.050840
  1679.250,    -0.018408
  1679.300,     0.010602
  1679.350,     0.016109
  1679.400,     0.025426
  1679.450,     0.014640
  1679.500,     0.020329
  1679.550,     0.006728
  1679.600,     0.008194
  1679.650,     0.003664
  1679.700,    -0.005066
  1679.750,     0.003121
  1679.800,    -0.007617
  1679.850,    -0.002626
  1679.900,    -0.018070
  1679.950,    -0.023604
  1680.000,    -0.047152
  1680.050,    -0.058745
  1680.100,    -0.078583
  1680.150,    -0.111345
  1680.200,    -0.120175
  1680.250,    -0.149461
  1680.300,    -0.163788
  1680.350,    -0.178431
  1680.400,    -0.194377
  1680.450,    -0.195143
  1680.500,    -0.206282
  1680.550,    -0.206049
  1680.600,    -0.206663
  1680.650,    -0.210048
  1680.700,    -0.198434
  1680.750,    -0.216633
  1680.800,    -0.214839
  1680.850,    -0.230989
  1680.900,    -0.244331
  1680.950,    -0.265425
  1681.000,    -0.275609
  1681.050,    -0.298060
  1681.100,    -0.320288
  1681.150,    -0.329800
  1681.200,    -0.347996
  1681.250,    -0.352640
  1681.300,    -0.351886
  1681.350,    -0.357094
  1681.400,    -0.341651
  1681.450,    -0.340660
  1681.500,    -0.325300
  1681.550,    -0.319684
  1681.600,    -0.305313
  1681.650,    -0.296894
  1681.700,    -0.293533
  1681.750,    -0.287097
  1681.800,    -0.280305
  1681.850,    -0.283629
  1681.900,    -0.288502
  1681.950,    -0.286994
  1682.000,    -0.279345
  1682.050,    -0.279994
  1682.100,    -0.275420
  1682.150,    -0.268313
  1682.200,    -0.256023
  1682.250,    -0.250120
  1682.300,    -0.227665
  1682.350,    -0.224992
  1682.400,    -0.217156
  1682.450,    -0.203477
  1682.500,    -0.207209
  1682.550,    -0.209467
  1682.600,    -0.210330
  1682.650,    -0.219948
  1682.700,    -0.234513
  1682.750,    -0.236922
  1682.800,    -0.246199
  1682.850,    -0.259752
  1682.900,    -0.274840
  1682.950,    -0.279248
  1683.000,    -0.294944
  1683.050,    -0.300465
  1683.100,    -0.311550
  1683.150,    -0.326303
  1683.200,    -0.338569
  1683.250,    -0.360792
  1683.300,    -0.361808
  1683.350,    -0.353823
  1683.400,    -0.321619
  1683.450,    -0.258502
  1683.500,    -0.167333
  1683.550,    -0.061472
  1683.600,     0.052072
  1683.650,     0.152883
  1683.700,     0.208776
  1683.750,     0.206199
  1683.800,     0.147083
  1683.850,     0.025662
  1683.900,    -0.131666
  1683.950,    -0.333695
  1684.000,    -0.528435
  1684.050,    -0.730236
  1684.100,    -0.922320
  1684.150,    -1.086993
  1684.200,    -1.223506
  1684.250,    -1.339548
  1684.300,    -1.437704
  1684.350,    -1.518231
  1684.400,    -1.587497
  1684.450,    -1.667643
  1684.500,    -1.740865
  1684.550,    -1.822531
  1684.600,    -1.903574
  1684.650,    -1.998225
  1684.700,    -2.097949
  1684.750,    -2.200384
  1684.800,    -2.325760
  1684.850,    -2.448311
  1684.900,    -2.584936
  1684.950,    -2.750708
  1685.000,    -2.928479
  1685.050,    -3.125946
  1685.100,    -3.363111
  1685.150,    -3.626038
  1685.200,    -3.924779
  1685.250,    -4.262981
  1685.300,    -4.653292
  1685.350,    -5.087529
  1685.400,    -5.579384
  1685.450,    -6.138441
  1685.500,    -6.773311
  1685.550,    -7.507156
  1685.600,    -8.359134
  1685.650,    -9.347415
  1685.700,   -10.495967
  1685.750,   -11.865324
  1685.800,   -13.506787
  1685.850,   -15.460950
  1685.900,   -17.819571
  1685.950,   -20.678107
  1686.000,   -24.161490
  1686.050,   -28.435124
  1686.100,   -33.664342
  1686.150,   -40.051527
  1686.200,   -47.718804
  1686.250,   -56.641640
  1686.300,   -66.458272
  1686.350,   -76.345686
  1686.400,   -84.712649
  1686.450,   -89.155377
  1686.500,   -86.475396
  1686.550,   -73.183955
  1686.600,   -46.222084
  1686.650,    -4.093440
  1686.700,    52.144343
  1686.750,   118.324089
  1686.800,   187.488328
  1686.850,   251.140401
  1686.900,   301.207204
  1686.950,   331.626126
  1687.000,   339.327488
  1687.050,   324.246054
  1687.100,   288.813553
  1687.150,   237.401998
  1687.200,   175.659972
  1687.250,   109.682593
  1687.300,    45.217954
  1687.350,   -13.177598
  1687.400,   -62.673130
  1687.450,  -101.897991
  1687.500,  -130.650318
  1687.550,  -149.575812
  1687.600,  -159.859577
  1687.650,  -163.019442
  1687.700,  -160.626453
  1687.750,  -154.072188
  1687.800,  -144.462656
  1687.850,  -132.655764
  1687.900,  -119.307566
  1687.950,  -104.962444
  1688.000,   -90.093610
  1688.050,   -75.211127
  1688.100,   -60.792318
  1688.150,   -47.350282
  1688.200,   -35.376221
  1688.250,   -25.178345
  1688.300,   -16.992390
  1688.350,   -10.859718
  1688.400,    -6.601812
  1688.450,    -3.912648
  1688.500,    -2.360416
  1688.550,    -1.497737
  1688.600,    -0.927364
  1688.650,    -0.345465
  1688.700,     0.423613
  1688.750,     1.456457
  1688.800,     2.690932
  1688.850,     4.037545
  1688.900,     5.308296
  1688.950,     6.312117
  1689.000,     6.905033
  1689.050,     6.987988
  1689.100,     6.537212
  1689.150,     5.590910
  1689.200,     4.231873
  1689.250,     2.613280
  1689.300,     0.948777
  1689.350,    -0.586535
  1689.400,    -1.762908
  1689.450,    -2.450689
  1689.500,    -2.582244
  1689.550,    -2.126155
  1689.600,    -1.183015
  1689.650,     0.190864
  1689.700,     1.802167
  1689.750,     3.455822
  1689.800,     4.983392
  1689.850,     6.206410
  1689.900,     6.985437
  1689.950,     7.231433
  1690.000,     6.904572
  1690.050,     6.042780
  1690.100,     4.760827
  1690.150,     3.205405
  1690.200,     1.600602
  1690.250,     0.136719
  1690.300,    -1.026821
  1690.350,    -1.715513
  1690.400,    -1.877374
  1690.450,    -1.499143
  1690.500,    -0.613147
  1690.550,     0.639667
  1690.600,     2.094358
  1690.650,     3.560413
  1690.700,     4.837793
  1690.750,     5.786617
  1690.800,     6.274657
  1690.850,     6.294438
  1690.900,     5.865242
  1690.950,     5.095031
  1691.000,     4.139879
  1691.050,     3.172723
  1691.100,     2.367905
  1691.150,     1.856024
  1691.200,     1.743597
  1691.250,     2.010007
  1691.300,     2.642675
  1691.350,     3.549050
  1691.400,     4.581830
  1691.450,     5.578696
  1691.500,     6.390076
  1691.550,     6.868888
  1691.600,     6.947686
  1691.650,     6.556088
  1691.700,     5.719375
  1691.750,     4.510037
  1691.800,     3.057040
  1691.850,     1.539718
  1691.900,     0.097609
  1691.950,    -1.118284
  1692.000,    -1.994170
  1692.050,    -2.463248
  1692.100,    -2.544451
  1692.150,    -2.247026
  1692.200,    -1.677637
  1692.250,    -0.948914
  1692.300,    -0.195686
  1692.350,     0.462168
  1692.400,     0.931643
  1692.450,     1.143918
  1692.500,     1.086339
  1692.550,     0.784097
  1692.600,     0.294874
  1692.650,    -0.285663
  1692.700,    -0.852732
  1692.750,    -1.310614
  1692.800,    -1.564395
  1692.850,    -1.566233
  1692.900,    -1.287277
  1692.950,    -0.762351
  1693.000,    -0.059222
  1693.050,     0.711907
  1693.100,     1.451297
  1693.150,     2.063029
  1693.200,     2.462783
  1693.250,     2.611485
  1693.300,     2.484929
  1693.350,     2.095112
  1693.400,     1.511751
  1693.450,     0.810905
  1693.500,     0.068350
  1693.550,    -0.580552
  1693.600,    -1.052878
  1693.650,    -1.289373
  1693.700,    -1.241430
  1693.750,    -0.940277
  1693.800,    -0.410627
  1693.850,     0.269832
  1693.900,     0.982713
  1693.950,     1.644106
  1694.000,     2.155392
  1694.050,     2.460475
  1694.100,     2.514260
  1694.150,     2.311950
  1694.200,     1.854853
  1694.250,     1.215118
  1694.300,     0.437395
  1694.350,    -0.382341
  1694.400,    -1.137473
  1694.450,    -1.761522
  1694.500,    -2.168705
  1694.550,    -2.348019
  1694.600,    -2.273061
  1694.650,    -1.973826
  1694.700,    -1.515704
  1694.750,    -0.918501
  1694.800,    -0.288792
  1694.850,     0.310727
  1694.900,     0.840349
  1694.950,     1.204627
  1695.000,     1.383317
  1695.050,     1.388943
  1695.100,     1.236489
  1695.150,     0.940137
  1695.200,     0.606214
  1695.250,     0.273227
  1695.300,     0.006558
  1695.350,    -0.176164
  1695.400,    -0.263976
  1695.450,    -0.260743
  1695.500,    -0.251288
  1695.550,    -0.259225
  1695.600,    -0.338911
  1695.650,    -0.509262
  1695.700,    -0.785858
  1695.750,    -1.156001
  1695.800,    -1.596436
  1695.850,    -2.055160
  1695.900,    -2.477115
  1695.950,    -2.815691
  1696.000,    -3.021997
  1696.050,    -3.054920
  1696.100,    -2.891615
  1696.150,    -2.533932
  1696.200,    -1.985487
  1696.250,    -1.295724
  1696.300,    -0.490038
  1696.350,     0.371184
  1696.400,     1.213131
  1696.450,     1.971527
  1696.500,     2.600937
  1696.550,     3.033698
  1696.600,     3.256727
  1696.650,     3.270186
  1696.700,     3.072412
  1696.750,     2.692223
  1696.800,     2.174702
  1696.850,     1.580101
  1696.900,     0.961953
  1696.950,     0.400534
  1697.000,    -0.078160
  1697.050,    -0.410357
  1697.100,    -0.580848
  1697.150,    -0.612525
  1697.200,    -0.539463
  1697.250,    -0.385479
  1697.300,    -0.227529
  1697.350,    -0.097805
  1697.400,    -0.035655
  1697.450,    -0.076756
  1697.500,    -0.231512
  1697.550,    -0.456504
  1697.600,    -0.750942
  1697.650,    -1.078795
  1697.700,    -1.352817
  1697.750,    -1.569626
  1697.800,    -1.676786
  1697.850,    -1.638996
  1697.900,    -1.482993
  1697.950,    -1.200250
  1698.000,    -0.838975
  1698.050,    -0.452681
  1698.100,    -0.069390
  1698.150,     0.265701
  1698.200,     0.503375
  1698.250,     0.642983
  1698.300,     0.669230
  1698.350,     0.595289
  1698.400,     0.423517
  1698.450,     0.205898
  1698.500,    -0.038050
  1698.550,    -0.262101
  1698.600,    -0.457439
  1698.650,    -0.579975
  1698.700,    -0.623372
  1698.750,    -0.588260
  1698.800,    -0.483244
  1698.850,    -0.333571
  1698.900,    -0.147287
  1698.950,     0.037743
  1699.000,     0.198385
  1699.050,     0.326290
  1699.100,     0.377746
  1699.150,     0.380639
  1699.200,     0.328921
  1699.250,     0.218131
  1699.300,     0.088442
  1699.350,    -0.027934
  1699.400,    -0.127379
  1699.450,    -0.177723
  1699.500,    -0.159316
  1699.550,    -0.085482
  1699.600,     0.045837
  1699.650,     0.218536
  1699.700,     0.426316
  1699.750,     0.636552
  1699.800,     0.810698
  1699.850,     0.948467
  1699.900,     1.000312
  1699.950,     0.953309
  1700.000,     0.804331
  1700.050,     0.577082
  1700.100,     0.294898
  1700.150,    -0.020062
  1700.200,    -0.316530
  1700.250,    -0.564298
  1700.300,    -0.748293
  1700.350,    -0.855026
  1700.400,    -0.883392
  1700.450,    -0.837025
  1700.500,    -0.735329
  1700.550,    -0.604589
  1700.600,    -0.471019
  1700.650,    -0.357968
  1700.700,    -0.284608
  1700.750,    -0.256385
  1700.800,    -0.287677
  1700.850,    -0.352523
  1700.900,    -0.448146
  1700.950,    -0.561230
  1701.000,    -0.683603
  1701.050,    -0.790939
  1701.100,    -0.866546
  1701.150,    -0.915379
  1701.200,    -0.930536
  1701.250,    -0.890963
  1701.300,    -0.802334
  1701.350,    -0.672268
  1701.400,    -0.515713
  1701.450,    -0.341600
  1701.500,    -0.180714
  1701.550,    -0.042431
  1701.600,     0.050344
  1701.650,     0.084184
  1701.700,     0.068499
  1701.750,     0.003176
  1701.800,    -0.087760
  1701.850,    -0.179750
  1701.900,    -0.252926
  1701.950,    -0.264223
  1702.000,    -0.225112
  1702.050,    -0.122632
  1702.100,     0.029345
  1702.150,     0.198574
  1702.200,     0.371884
  1702.250,     0.494358
  1702.300,     0.563838
  1702.350,     0.568611
  1702.400,     0.513507
  1702.450,     0.390089
  1702.500,     0.230841
  1702.550,     0.050110
  1702.600,    -0.125831
  1702.650,    -0.293168
  1702.700,    -0.418057
  1702.750,    -0.490467
  1702.800,    -0.511732
  1702.850,    -0.515576
  1702.900,    -0.483164
  1702.950,    -0.444353
  1703.000,    -0.399661
  1703.050,    -0.353964
  1703.100,    -0.302774
  1703.150,    -0.238773
  1703.200,    -0.171973
  1703.250,    -0.117007
  1703.300,    -0.079372
  1703.350,    -0.052316
  1703.400,    -0.053203
  1703.450,    -0.069861
  1703.500,    -0.081420
  1703.550,    -0.106349
  1703.600,    -0.097757
  1703.650,    -0.074933
  1703.700,    -0.026198
  1703.750,     0.058656
  1703.800,     0.175373
  1703.850,     0.294820
  1703.900,     0.419420
  1703.950,     0.520765
  1704.000,     0.601132
  1704.050,     0.628907
  1704.100,     0.598437
  1704.150,     0.522426
  1704.200,     0.400199
  1704.250,     0.275244
  1704.300,     0.128786
  1704.350,     0.005481
  1704.400,    -0.075308
  1704.450,    -0.100522
  1704.500,    -0.069732
  1704.550,     0.011840
  1704.600,     0.123187
  1704.650,     0.252641
  1704.700,     0.370770
  1704.750,     0.476009
  1704.800,     0.538694
  1704.850,     0.553150
  1704.900,     0.532248
  1704.950,     0.477733
  1705.000,     0.387886
  1705.050,     0.306624
  1705.100,     0.195338
  1705.150,     0.090959
  1705.200,     0.002923
  1705.250,    -0.082626
  1705.300,    -0.157980
  1705.350,    -0.210848
  1705.400,    -0.231883
  1705.450,    -0.224472
  1705.500,    -0.190042
  1705.550,    -0.123744
  1705.600,    -0.052263
  1705.650,     0.023469
  1705.700,     0.080097
  1705.750,     0.108528
  1705.800,     0.104112
  1705.850,     0.068505
  1705.900,    -0.015044
  1705.950,    -0.128790
  1706.000,    -0.242506
  1706.050,    -0.334564
  1706.100,    -0.393382
  1706.150,    -0.398388
  1706.200,    -0.354152
  1706.250,    -0.266609
  1706.300,    -0.139157
  1706.350,    -0.006027
  1706.400,     0.135762
  1706.450,     0.224906
  1706.500,     0.263593
  1706.550,     0.253596
  1706.600,     0.181360
  1706.650,     0.094444
  1706.700,    -0.023758
  1706.750,    -0.147647
  1706.800,    -0.231476
  1706.850,    -0.295189
  1706.900,    -0.322715
  1706.950,    -0.305016
  1707.000,    -0.239210
  1707.050,    -0.167341
  1707.100,    -0.037925
  1707.150,     0.100317
  1707.200,     0.245402
  1707.250,     0.402079
  1707.300,     0.563983
  1707.350,     0.728767
  1707.400,     0.887327
  1707.450,     1.020347
  1707.500,     1.123559
  1707.550,     1.174793
  1707.600,     1.168121
  1707.650,     1.109038
  1707.700,     1.022047
  1707.750,     0.892457
  1707.800,     0.752542
  1707.850,     0.598104
  1707.900,     0.456005
  1707.950,     0.326873
  1708.000,     0.229560
  1708.050,     0.160349
  1708.100,     0.116725
  1708.150,     0.103864
  1708.200,     0.100687
  1708.250,     0.087970
  1708.300,     0.083365
  1708.350,     0.066724
  1708.400,     0.053014
  1708.450,     0.058090
  1708.500,     0.089245
  1708.550,     0.121655
  1708.600,     0.188171
  1708.650,     0.250098
  1708.700,     0.320286
  1708.750,     0.385278
  1708.800,     0.447318
  1708.850,     0.501146
  1708.900,     0.543000
  1708.950,     0.558260
  1709.000,     0.583948
  1709.050,     0.579806
  1709.100,     0.589270
  1709.150,     0.574409
  1709.200,     0.580222
  1709.250,     0.545225
  1709.300,     0.496190
  1709.350,     0.437534
  1709.400,     0.346381
  1709.450,     0.243712
  1709.500,     0.144763
  1709.550,     0.053940
  1709.600,     0.006939
  1709.650,    -0.024637
  1709.700,    -0.008513
  1709.750,     0.041232
  1709.800,     0.121515
  1709.850,     0.213459
  1709.900,     0.310396
  1709.950,     0.402793
  1710.000,     0.466558
  1710.050,     0.488236
  1710.100,     0.475989
  1710.150,     0.419555
  1710.200,     0.343699
  1710.250,     0.256074
  1710.300,     0.167196
  1710.350,     0.108227
  1710.400,     0.089787
  1710.450,     0.089897
  1710.500,     0.134169
  1710.550,     0.185600
  1710.600,     0.251906
  1710.650,     0.309245
  1710.700,     0.366557
  1710.750,     0.415228
  1710.800,     0.466832
  1710.850,     0.492724
  1710.900,     0.515196
  1710.950,     0.516143
  1711.000,     0.516192
  1711.050,     0.498790
  1711.100,     0.494757
  1711.150,     0.469645
  1711.200,     0.466091
  1711.250,     0.446570
  1711.300,     0.432294
  1711.350,     0.435750
  1711.400,     0.457017
  1711.450,     0.497131
  1711.500,     0.552891
  1711.550,     0.621824
  1711.600,     0.678001
  1711.650,     0.706694
  1711.700,     0.705072
  1711.750,     0.673110
  1711.800,     0.610458
  1711.850,     0.523506
  1711.900,     0.408677
  1711.950,     0.298048
  1712.000,     0.191499
  1712.050,     0.103495
  1712.100,     0.044974
  1712.150,     0.009260
  1712.200,     0.001249
  1712.250,    -0.000799
  1712.300,     0.002272
  1712.350,     0.007462
  1712.400,     0.021199
  1712.450,     0.042813
  1712.500,     0.048334
  1712.550,     0.057285
  1712.600,     0.069781
  1712.650,     0.061506
  1712.700,     0.051959
  1712.750,     0.028248
  1712.800,     0.003826
  1712.850,    -0.050775
  1712.900,    -0.104292
  1712.950,    -0.184273
  1713.000,    -0.256265
  1713.050,    -0.336914
  1713.100,    -0.402352
  1713.150,    -0.450217
  1713.200,    -0.473162
  1713.250,    -0.483423
  1713.300,    -0.473259
  1713.350,    -0.452126
  1713.400,    -0.427954
  1713.450,    -0.419787
  1713.500,    -0.428049
  1713.550,    -0.466160
  1713.600,    -0.528873
  1713.650,    -0.607473
  1713.700,    -0.689955
  1713.750,    -0.766739
  1713.800,    -0.809761
  1713.850,    -0.831229
  1713.900,    -0.826403
  1713.950,    -0.786076
  1714.000,    -0.727255
  1714.050,    -0.673948
  1714.100,    -0.596160
  1714.150,    -0.533260
  1714.200,    -0.486962
  1714.250,    -0.455612
  1714.300,    -0.439459
  1714.350,    -0.448125
  1714.400,    -0.466839
  1714.450,    -0.488872
  1714.500,    -0.511980
  1714.550,    -0.536260
  1714.600,    -0.541179
  1714.650,    -0.538007
  1714.700,    -0.536338
  1714.750,    -0.513461
  1714.800,    -0.493571
  1714.850,    -0.468500
  1714.900,    -0.430465
  1714.950,    -0.412315
  1715.000,    -0.381414
  1715.050,    -0.355693
  1715.100,    -0.344305
  1715.150,    -0.337835
  1715.200,    -0.331112
  1715.250,    -0.338260
  1715.300,    -0.331782
  1715.350,    -0.325607
  1715.400,    -0.318923
  1715.450,    -0.314858
  1715.500,    -0.305288
  1715.550,    -0.290961
  1715.600,    -0.269265
  1715.650,    -0.230146
  1715.700,    -0.191264
  1715.750,    -0.147474
  1715.800,    -0.100896
  1715.850,    -0.083705
  1715.900,    -0.074280
  1715.950,    -0.079635
  1716.000,    -0.115660
  1716.050,    -0.147269
  1716.100,    -0.169664
  1716.150,    -0.206874
  1716.200,    -0.238161
  1716.250,    -0.260181
  1716.300,    -0.295073
  1716.350,    -0.302361
  1716.400,    -0.314662
  1716.450,    -0.299983
  1716.500,    -0.270402
  1716.550,    -0.259112
  1716.600,    -0.227403
  1716.650,    -0.205791
  1716.700,    -0.197500
  1716.750,    -0.184978
  1716.800,    -0.174016
  1716.850,    -0.162244
  1716.900,    -0.138566
  1716.950,    -0.123799
  1717.000,    -0.091226
  1717.050,    -0.077248
  1717.100,    -0.057197
  1717.150,    -0.045228
  1717.200,    -0.039857
  1717.250,    -0.042538
  1717.300,    -0.062729
  1717.350,    -0.089204
  1717.400,    -0.094744
  1717.450,    -0.110663
  1717.500,    -0.103265
  1717.550,    -0.087863
  1717.600,    -0.080974
  1717.650,    -0.072223
  1717.700,    -0.075302
  1717.750,    -0.095686
  1717.800,    -0.128692
  1717.850,    -0.172819
  1717.900,    -0.241421
  1717.950,    -0.328565
  1718.000,    -0.417907
  1718.050,    -0.514715
  1718.100,    -0.627576
  1718.150,    -0.721402
  1718.200,    -0.796094
  1718.250,    -0.874662
  1718.300,    -0.954534
  1718.350,    -1.006007
  1718.400,    -1.090056
  1718.450,    -1.199094
  1718.500,    -1.340782
  1718.550,    -1.508509
  1718.600,    -1.711148
  1718.650,    -1.952891
  1718.700,    -2.181471
  1718.750,    -2.399922
  1718.800,    -2.602270
  1718.850,    -2.743274
  1718.900,    -2.811050
  1718.950,    -2.793826
  1719.000,    -2.651701
  1719.050,    -2.388895
  1719.100,    -1.987826
  1719.150,    -1.460453
  1719.200,    -0.818841
  1719.250,    -0.058048
  1719.300,     0.779309
  1719.350,     1.658251
  1719.400,     2.557060
  1719.450,     3.429692
  1719.500,     4.245605
  1719.550,     4.952017
  1719.600,     5.533429
  1719.650,     5.957440
  1719.700,     6.199731
  1719.750,     6.286301
  1719.800,     6.182673
  1719.850,     5.902667
  1719.900,     5.457368
  1719.950,     4.861991
  1720.000,     4.164023
  1720.050,     3.381027
  1720.100,     2.550940
  1720.150,     1.712143
  1720.200,     0.874762
  1720.250,     0.079299
  1720.300,    -0.661368
  1720.350,    -1.338115
  1720.400,    -1.925170
  1720.450,    -2.424028
  1720.500,    -2.835248
  1720.550,    -3.149714
  1720.600,    -3.354759
  1720.650,    -3.472638
  1720.700,    -3.514933
  1720.750,    -3.473936
  1720.800,    -3.366042
  1720.850,    -3.227898
  1720.900,    -3.050516
  1720.950,    -2.849138
  1721.000,    -2.630102
  1721.050,    -2.396803
  1721.100,    -2.147782
  1721.150,    -1.902654
  1721.200,    -1.656165
  1721.250,    -1.401236
  1721.300,    -1.155715
  1721.350,    -0.918938
  1721.400,    -0.691035
  1721.450,    -0.477315
  1721.500,    -0.277820
  1721.550,    -0.101324
  1721.600,     0.057006
  1721.650,     0.206188
  1721.700,     0.332601
  1721.750,     0.459762
  1721.800,     0.574839
  1721.850,     0.686602
  1721.900,     0.786460
  1721.950,     0.874870
  1722.000,     0.946243
  1722.050,     0.997433
  1722.100,     1.026453
  1722.150,     1.041405
  1722.200,     1.024135
  1722.250,     0.999455
  1722.300,     0.991158
  1722.350,     0.953250
  1722.400,     0.946897
  1722.450,     0.953451
  1722.500,     0.969657
  1722.550,     1.009394
  1722.600,     1.049518
  1722.650,     1.095202
  1722.700,     1.133561
  1722.750,     1.155999
  1722.800,     1.176822
  1722.850,     1.184746
  1722.900,     1.178594
  1722.950,     1.188918
  1723.000,     1.172170
  1723.050,     1.161537
  1723.100,     1.154698
  1723.150,     1.125311
  1723.200,     1.090270
  1723.250,     1.051632
  1723.300,     1.006265
  1723.350,     0.950144
  1723.400,     0.884490
  1723.450,     0.818213
  1723.500,     0.743426
  1723.550,     0.684495
  1723.600,     0.623955
  1723.650,     0.569692
  1723.700,     0.520837
  1723.750,     0.467995
  1723.800,     0.395654
  1723.850,     0.308252
  1723.900,     0.203623
  1723.950,     0.057851
  1724.000,    -0.111604
  1724.050,    -0.301053
  1724.100,    -0.515929
  1724.150,    -0.737867
  1724.200,    -0.947223
  1724.250,    -1.158468
  1724.300,    -1.335744
  1724.350,    -1.488404
  1724.400,    -1.602208
  1724.450,    -1.696312
  1724.500,    -1.777559
  1724.550,    -1.838598
  1724.600,    -1.890763
  1724.650,    -1.937387
  1724.700,    -1.958493
  1724.750,    -1.989873
  1724.800,    -2.018280
  1724.850,    -2.048693
  1724.900,    -2.078176
  1724.950,    -2.096084
  1725.000,    -2.135943
  1725.050,    -2.162827
  1725.100,    -2.175023
  1725.150,    -2.170214
  1725.200,    -2.134230
  1725.250,    -2.067742
  1725.300,    -1.943493
  1725.350,    -1.767867
  1725.400,    -1.544645
  1725.450,    -1.262814
  1725.500,    -0.926360
  1725.550,    -0.568475
  1725.600,    -0.189703
  1725.650,     0.207663
  1725.700,     0.601372
  1725.750,     0.980853
  1725.800,     1.359171
  1725.850,     1.711662
  1725.900,     2.064086
  1725.950,     2.385537
  1726.000,     2.700522
  1726.050,     2.991673
  1726.100,     3.259787
  1726.150,     3.507605
  1726.200,     3.714730
  1726.250,     3.896162
  1726.300,     4.034540
  1726.350,     4.134070
  1726.400,     4.202934
  1726.450,     4.250109
  1726.500,     4.280257
  1726.550,     4.313510
  1726.600,     4.343795
  1726.650,     4.380602
  1726.700,     4.410769
  1726.750,     4.422210
  1726.800,     4.409225
  1726.850,     4.347716
  1726.900,     4.255054
  1726.950,     4.131945
  1727.000,     3.982958
  1727.050,     3.805699
  1727.100,     3.631134
  1727.150,     3.431006
  1727.200,     3.225062
  1727.250,     3.015558
  1727.300,     2.785212
  1727.350,     2.559222
  1727.400,     2.318742
  1727.450,     2.077883
  1727.500,     1.822911
  1727.550,     1.550874
  1727.600,     1.284996
  1727.650,     1.013851
  1727.700,     0.732725
  1727.750,     0.440048
  1727.800,     0.135999
  1727.850,    -0.176516
  1727.900,    -0.487903
  1727.950,    -0.808541
  1728.000,    -1.126703
  1728.050,    -1.444080
  1728.100,    -1.748309
  1728.150,    -2.048384
  1728.200,    -2.314890
  1728.250,    -2.553354
  1728.300,    -2.759470
  1728.350,    -2.923728
  1728.400,    -3.081177
  1728.450,    -3.203737
  1728.500,    -3.307938
  1728.550,    -3.421291
  1728.600,    -3.513997
  1728.650,    -3.611678
  1728.700,    -3.689007
  1728.750,    -3.751912
  1728.800,    -3.801650
  1728.850,    -3.819905
  1728.900,    -3.821580
  1728.950,    -3.778168
  1729.000,    -3.720652
  1729.050,    -3.642941
  1729.100,    -3.557855
  1729.150,    -3.458564
  1729.200,    -3.354136
  1729.250,    -3.254857
  1729.300,    -3.138372
  1729.350,    -3.026114
  1729.400,    -2.911529
  1729.450,    -2.790440
  1729.500,    -2.662980
  1729.550,    -2.540660
  1729.600,    -2.417617
  1729.650,    -2.286760
  1729.700,    -2.177749
  1729.750,    -2.071872
  1729.800,    -1.983358
  1729.850,    -1.900861
  1729.900,    -1.839018
  1729.950,    -1.765347
  1730.000,    -1.691907
  1730.050,    -1.604969
  1730.100,    -1.504457
  1730.150,    -1.394037
  1730.200,    -1.275344
  1730.250,    -1.152585
  1730.300,    -1.043724
  1730.350,    -0.940288
  1730.400,    -0.871333
  1730.450,    -0.823347
  1730.500,    -0.804881
  1730.550,    -0.800433
  1730.600,    -0.822908
  1730.650,    -0.851947
  1730.700,    -0.869039
  1730.750,    -0.882399
  1730.800,    -0.889276
  1730.850,    -0.878480
  1730.900,    -0.863112
  1730.950,    -0.846467
  1731.000,    -0.830094
  1731.050,    -0.807822
  1731.100,    -0.816225
  1731.150,    -0.816090
  1731.200,    -0.831004
  1731.250,    -0.864082
  1731.300,    -0.891021
  1731.350,    -0.944566
  1731.400,    -1.005510
  1731.450,    -1.072455
  1731.500,    -1.158194
  1731.550,    -1.229015
  1731.600,    -1.306564
  1731.650,    -1.379274
  1731.700,    -1.413894
  1731.750,    -1.453544
  1731.800,    -1.475442
  1731.850,    -1.468350
  1731.900,    -1.442426
  1731.950,    -1.411845
  1732.000,    -1.366577
  1732.050,    -1.322385
  1732.100,    -1.315404
  1732.150,    -1.311760
  1732.200,    -1.355310
  1732.250,    -1.401610
  1732.300,    -1.460865
  1732.350,    -1.518322
  1732.400,    -1.552772
  1732.450,    -1.585539
  1732.500,    -1.588191
  1732.550,    -1.574326
  1732.600,    -1.528977
  1732.650,    -1.491210
  1732.700,    -1.410021
  1732.750,    -1.346511
  1732.800,    -1.295694
  1732.850,    -1.252404
  1732.900,    -1.227861
  1732.950,    -1.211443
  1733.000,    -1.215977
  1733.050,    -1.233812
  1733.100,    -1.249238
  1733.150,    -1.273440
  1733.200,    -1.305596
  1733.250,    -1.322214
  1733.300,    -1.321670
  1733.350,    -1.312965
  1733.400,    -1.263120
  1733.450,    -1.189662
  1733.500,    -1.108531
  1733.550,    -0.976556
  1733.600,    -0.841115
  1733.650,    -0.690031
  1733.700,    -0.512354
  1733.750,    -0.348089
  1733.800,    -0.191516
  1733.850,    -0.053406
  1733.900,     0.052054
  1733.950,     0.134640
  1734.000,     0.193691
  1734.050,     0.227355
  1734.100,     0.257030
  1734.150,     0.292397
  1734.200,     0.314875
  1734.250,     0.364148
  1734.300,     0.441453
  1734.350,     0.504890
  1734.400,     0.595415
  1734.450,     0.707588
  1734.500,     0.799366
  1734.550,     0.901799
  1734.600,     0.999040
  1734.650,     1.077026
  1734.700,     1.132021
  1734.750,     1.169329
  1734.800,     1.174259
  1734.850,     1.134636
  1734.900,     1.085395
  1734.950,     1.005058
  1735.000,     0.889851
  1735.050,     0.779198
  1735.100,     0.661948
  1735.150,     0.532475
  1735.200,     0.408731
  1735.250,     0.331766
  1735.300,     0.265074
  1735.350,     0.223053
  1735.400,     0.239586
  1735.450,     0.263635
  1735.500,     0.328063
  1735.550,     0.396901
  1735.600,     0.483310
  1735.650,     0.573582
  1735.700,     0.655858
  1735.750,     0.746555
  1735.800,     0.825344
  1735.850,     0.915039
  1735.900,     1.011548
  1735.950,     1.106891
  1736.000,     1.217004
  1736.050,     1.304441
  1736.100,     1.366084
  1736.150,     1.411334
  1736.200,     1.399381
  1736.250,     1.353954
  1736.300,     1.257570
  1736.350,     1.128004
  1736.400,     0.991617
  1736.450,     0.811487
  1736.500,     0.642958
  1736.550,     0.479794
  1736.600,     0.310706
  1736.650,     0.175519
  1736.700,     0.072908
  1736.750,    -0.038767
  1736.800,    -0.116154
  1736.850,    -0.183022
  1736.900,    -0.258131
  1736.950,    -0.315344
  1737.000,    -0.379746
  1737.050,    -0.454311
  1737.100,    -0.517167
  1737.150,    -0.590766
  1737.200,    -0.657212
  1737.250,    -0.704972
  1737.300,    -0.733732
  1737.350,    -0.750162
  1737.400,    -0.755657
  1737.450,    -0.741838
  1737.500,    -0.711084
  1737.550,    -0.649501
  1737.600,    -0.570113
  1737.650,    -0.458480
  1737.700,    -0.312160
  1737.750,    -0.146474
  1737.800,     0.030976
  1737.850,     0.207573
  1737.900,     0.378103
  1737.950,     0.514891
  1738.000,     0.611145
  1738.050,     0.664721
  1738.100,     0.659856
  1738.150,     0.587922
  1738.200,     0.479578
  1738.250,     0.321493
  1738.300,     0.137453
  1738.350,    -0.051716
  1738.400,    -0.247870
  1738.450,    -0.419645
  1738.500,    -0.586018
  1738.550,    -0.706985
  1738.600,    -0.796731
  1738.650,    -0.861849
  1738.700,    -0.868198
  1738.750,    -0.842453
  1738.800,    -0.798704
  1738.850,    -0.727514
  1738.900,    -0.646894
  1738.950,    -0.569406
  1739.000,    -0.503447
  1739.050,    -0.442053
  1739.100,    -0.405390
  1739.150,    -0.390494
  1739.200,    -0.386657
  1739.250,    -0.402227
  1739.300,    -0.438208
  1739.350,    -0.484517
  1739.400,    -0.526111
  1739.450,    -0.564781
  1739.500,    -0.607475
  1739.550,    -0.627461
  1739.600,    -0.639097
  1739.650,    -0.652555
  1739.700,    -0.653369
  1739.750,    -0.646565
  1739.800,    -0.648300
  1739.850,    -0.646610
  1739.900,    -0.650228
  1739.950,    -0.652535
  1740.000,    -0.673285
  1740.050,    -0.692994
  1740.100,    -0.728857
  1740.150,    -0.793252
  1740.200,    -0.863221
  1740.250,    -0.934969
  1740.300,    -1.034844
  1740.350,    -1.124588
  1740.400,    -1.209706
  1740.450,    -1.285741
  1740.500,    -1.346443
  1740.550,    -1.364104
  1740.600,    -1.370136
  1740.650,    -1.334338
  1740.700,    -1.274802
  1740.750,    -1.197439
  1740.800,    -1.106711
  1740.850,    -1.010569
  1740.900,    -0.912156
  1740.950,    -0.814743
  1741.000,    -0.729059
  1741.050,    -0.653622
  1741.100,    -0.604442
  1741.150,    -0.579555
  1741.200,    -0.580430
  1741.250,    -0.608551
  1741.300,    -0.654062
  1741.350,    -0.714327
  1741.400,    -0.772556
  1741.450,    -0.851354
  1741.500,    -0.908478
  1741.550,    -0.952951
  1741.600,    -0.985904
  1741.650,    -0.984981
  1741.700,    -0.973238
  1741.750,    -0.931662
  1741.800,    -0.880940
  1741.850,    -0.825779
  1741.900,    -0.772257
  1741.950,    -0.713426
  1742.000,    -0.675107
  1742.050,    -0.633703
  1742.100,    -0.615167
  1742.150,    -0.590963
  1742.200,    -0.582315
  1742.250,    -0.584997
  1742.300,    -0.600611
  1742.350,    -0.613243
  1742.400,    -0.627891
  1742.450,    -0.649457
  1742.500,    -0.671958
  1742.550,    -0.696747
  1742.600,    -0.702917
  1742.650,    -0.722013
  1742.700,    -0.727369
  1742.750,    -0.722558
  1742.800,    -0.712909
  1742.850,    -0.690178
  1742.900,    -0.674166
  1742.950,    -0.650345
  1743.000,    -0.625929
  1743.050,    -0.608244
  1743.100,    -0.602614
  1743.150,    -0.599374
  1743.200,    -0.611518
  1743.250,    -0.631533
  1743.300,    -0.650057
  1743.350,    -0.659570
  1743.400,    -0.670212
  1743.450,    -0.660860
  1743.500,    -0.635028
  1743.550,    -0.582442
  1743.600,    -0.513613
  1743.650,    -0.405849
  1743.700,    -0.281361
  1743.750,    -0.138989
  1743.800,     0.008555
  1743.850,     0.148134
  1743.900,     0.267006
  1743.950,     0.364010
  1744.000,     0.401516
  1744.050,     0.416250
  1744.100,     0.396851
  1744.150,     0.323942
  1744.200,     0.229930
  1744.250,     0.118821
  1744.300,    -0.008882
  1744.350,    -0.120732
  1744.400,    -0.235617
  1744.450,    -0.323314
  1744.500,    -0.399086
  1744.550,    -0.450894
  1744.600,    -0.474334
  1744.650,    -0.465844
  1744.700,    -0.448560
  1744.750,    -0.413542
  1744.800,    -0.380237
  1744.850,    -0.340116
  1744.900,    -0.306943
  1744.950,    -0.272560
  1745.000,    -0.239903
  1745.050,    -0.231279
  1745.100,    -0.211786
  1745.150,    -0.179642
  1745.200,    -0.151443
  1745.250,    -0.115491
  1745.300,    -0.078119
  1745.350,    -0.049187
  1745.400,    -0.020882
  1745.450,    -0.008141
  1745.500,    -0.014715
  1745.550,    -0.011659
  1745.600,    -0.024523
  1745.650,    -0.037911
  1745.700,    -0.049165
  1745.750,    -0.040991
  1745.800,    -0.041480
  1745.850,    -0.032218
  1745.900,    -0.005139
  1745.950,     0.015720
  1746.000,     0.031341
  1746.050,     0.054872
  1746.100,     0.059848
  1746.150,     0.052600
  1746.200,     0.054416
  1746.250,     0.043041
  1746.300,     0.033394
  1746.350,     0.041996
  1746.400,     0.046043
  1746.450,     0.061888
  1746.500,     0.069966
  1746.550,     0.092958
  1746.600,     0.101154
  1746.650,     0.104132
  1746.700,     0.109174
  1746.750,     0.088641
  1746.800,     0.072152
  1746.850,     0.043385
  1746.900,     0.005681
  1746.950,    -0.026283
  1747.000,    -0.053008
  1747.050,    -0.080874
  1747.100,    -0.104743
  1747.150,    -0.110561
  1747.200,    -0.111954
  1747.250,    -0.109992
  1747.300,    -0.083364
  1747.350,    -0.050045
  1747.400,    -0.015748
  1747.450,     0.059401
  1747.500,     0.131773
  1747.550,     0.198353
  1747.600,     0.260510
  1747.650,     0.306505
  1747.700,     0.325745
  1747.750,     0.318891
  1747.800,     0.293310
  1747.850,     0.251090
  1747.900,     0.197413
  1747.950,     0.140522
  1748.000,     0.086482
  1748.050,     0.045021
  1748.100,     0.015067
  1748.150,     0.001542
  1748.200,     0.015444
  1748.250,     0.051657
  1748.300,     0.095736
  1748.350,     0.142518
  1748.400,     0.204948
  1748.450,     0.251711
  1748.500,     0.310864
  1748.550,     0.355612
  1748.600,     0.399577
  1748.650,     0.442575
  1748.700,     0.485385
  1748.750,     0.522071
  1748.800,     0.561662
  1748.850,     0.589875
  1748.900,     0.628036
  1748.950,     0.653377
  1749.000,     0.681085
  1749.050,     0.682963
  1749.100,     0.702200
  1749.150,     0.701348
  1749.200,     0.693391
  1749.250,     0.698639
  1749.300,     0.690947
  1749.350,     0.679150
  1749.400,     0.657051
  1749.450,     0.614997
  1749.500,     0.569523
  1749.550,     0.519246
  1749.600,     0.453095
  1749.650,     0.394325
  1749.700,     0.346217
  1749.750,     0.302164
  1749.800,     0.280853
  1749.850,     0.277303
  1749.900,     0.302056
  1749.950,     0.342536
  1750.000,     0.408949
  1750.050,     0.467269
  1750.100,     0.537203
  1750.150,     0.595534
  1750.200,     0.640325
  1750.250,     0.668417
  1750.300,     0.680621
  1750.350,     0.677994
  1750.400,     0.655950
  1750.450,     0.646172
  1750.500,     0.625088
  1750.550,     0.612774
  1750.600,     0.610432
  1750.650,     0.605908
  1750.700,     0.619528
  1750.750,     0.627991
  1750.800,     0.631721
  1750.850,     0.643535
  1750.900,     0.654931
  1750.950,     0.662498
  1751.000,     0.662493
  1751.050,     0.660087
  1751.100,     0.651243
  1751.150,     0.628745
  1751.200,     0.592341
  1751.250,     0.559992
  1751.300,     0.507932
  1751.350,     0.454882
  1751.400,     0.402191
  1751.450,     0.349170
  1751.500,     0.309865
  1751.550,     0.291375
  1751.600,     0.273253
  1751.650,     0.285073
  1751.700,     0.295118
  1751.750,     0.315954
  1751.800,     0.331862
  1751.850,     0.341660
  1751.900,     0.345770
  1751.950,     0.330852
  1752.000,     0.333622
  1752.050,     0.330608
  1752.100,     0.325059
  1752.150,     0.347523
  1752.200,     0.365022
  1752.250,     0.398690
  1752.300,     0.447659
  1752.350,     0.484432
  1752.400,     0.524320
  1752.450,     0.554568
  1752.500,     0.579120
  1752.550,     0.583083
  1752.600,     0.581913
  1752.650,     0.561278
  1752.700,     0.520284
  1752.750,     0.488007
  1752.800,     0.433226
  1752.850,     0.375283
  1752.900,     0.318479
  1752.950,     0.244192
  1753.000,     0.174832
  1753.050,     0.088969
  1753.100,    -0.004863
  1753.150,    -0.095364
  1753.200,    -0.175665
  1753.250,    -0.267452
  1753.300,    -0.334371
  1753.350,    -0.397292
  1753.400,    -0.450039
  1753.450,    -0.477235
  1753.500,    -0.489755
  1753.550,    -0.504643
  1753.600,    -0.480272
  1753.650,    -0.473815
  1753.700,    -0.464497
  1753.750,    -0.448066
  1753.800,    -0.432149
  1753.850,    -0.406062
  1753.900,    -0.374056
  1753.950,    -0.342694
  1754.000,    -0.311600
  1754.050,    -0.289571
  1754.100,    -0.280303
  1754.150,    -0.263463
  1754.200,    -0.257440
  1754.250,    -0.256330
  1754.300,    -0.261886
  1754.350,    -0.252373
  1754.400,    -0.249376
  1754.450,    -0.244442
  1754.500,    -0.233305
  1754.550,    -0.219217
  1754.600,    -0.196481
  1754.650,    -0.188718
  1754.700,    -0.179303
  1754.750,    -0.179781
  1754.800,    -0.183695
  1754.850,    -0.208908
  1754.900,    -0.224551
  1754.950,    -0.237615
  1755.000,    -0.248812
  1755.050,    -0.249585
  1755.100,    -0.235187
  1755.150,    -0.209140
  1755.200,    -0.171455
  1755.250,    -0.128937
  1755.300,    -0.088177
  1755.350,    -0.049130
  1755.400,    -0.011317
  1755.450,     0.011831
  1755.500,     0.024734
  1755.550,     0.035671
  1755.600,     0.035884
  1755.650,     0.028104
  1755.700,     0.018519
  1755.750,     0.020719
  1755.800,     0.010128
  1755.850,     0.013914
  1755.900,     0.013787
  1755.950,    -0.007311
  1756.000,    -0.019175
  1756.050,    -0.045636
  1756.100,    -0.077121
  1756.150,    -0.114748
  1756.200,    -0.131185
  1756.250,    -0.154069
  1756.300,    -0.155943
  1756.350,    -0.156294
  1756.400,    -0.153517
  1756.450,    -0.129726
  1756.500,    -0.117511
  1756.550,    -0.100315
  1756.600,    -0.085543
  1756.650,    -0.077813
  1756.700,    -0.072508
  1756.750,    -0.070587
  1756.800,    -0.089019
  1756.850,    -0.095848
  1756.900,    -0.110046
  1756.950,    -0.131394
  1757.000,    -0.136784
  1757.050,    -0.144531
  1757.100,    -0.167784
  1757.150,    -0.164729
  1757.200,    -0.176662
  1757.250,    -0.196405
  1757.300,    -0.213763
  1757.350,    -0.242583
  1757.400,    -0.271612
  1757.450,    -0.313917
  1757.500,    -0.340514
  1757.550,    -0.373809
  1757.600,    -0.396918
  1757.650,    -0.435530
  1757.700,    -0.459381
  1757.750,    -0.502226
  1757.800,    -0.540540
  1757.850,    -0.583409
  1757.900,    -0.607397
  1757.950,    -0.630517
  1758.000,    -0.639287
  1758.050,    -0.624566
  1758.100,    -0.603112
  1758.150,    -0.557445
  1758.200,    -0.500846
  1758.250,    -0.448797
  1758.300,    -0.366992
  1758.350,    -0.299232
  1758.400,    -0.240821
  1758.450,    -0.177463
  1758.500,    -0.124496
  1758.550,    -0.085786
  1758.600,    -0.037144
  1758.650,    -0.021452
  1758.700,    -0.004452
  1758.750,     0.012286
  1758.800,     0.015710
  1758.850,     0.022713
  1758.900,     0.028401
  1758.950,     0.036119
  1759.000,     0.034294
  1759.050,     0.039631
  1759.100,     0.047314
  1759.150,     0.064001
  1759.200,     0.083105
  1759.250,     0.123242
  1759.300,     0.175556
  1759.350,     0.230821
  1759.400,     0.284724
  1759.450,     0.336099
  1759.500,     0.383641
  1759.550,     0.415517
  1759.600,     0.432353
  1759.650,     0.447358
  1759.700,     0.447850
  1759.750,     0.440028
  1759.800,     0.445285
  1759.850,     0.453074
  1759.900,     0.465960
  1759.950,     0.483603
  1760.000,     0.506490
  1760.050,     0.551966
  1760.100,     0.574383
  1760.150,     0.603100
  1760.200,     0.639323
  1760.250,     0.655547
  1760.300,     0.677236
  1760.350,     0.700160
  1760.400,     0.693974
  1760.450,     0.704282
  1760.500,     0.710140
  1760.550,     0.702129
  1760.600,     0.703253
  1760.650,     0.708372
  1760.700,     0.727528
  1760.750,     0.740438
  1760.800,     0.779929
  1760.850,     0.822123
  1760.900,     0.877644
  1760.950,     0.939946
  1761.000,     1.008270
  1761.050,     1.070439
  1761.100,     1.143035
  1761.150,     1.192164
  1761.200,     1.246099
  1761.250,     1.275574
  1761.300,     1.291350
  1761.350,     1.288793
  1761.400,     1.268104
  1761.450,     1.238146
  1761.500,     1.201231
  1761.550,     1.149199
  1761.600,     1.104479
  1761.650,     1.054504
  1761.700,     1.013959
  1761.750,     0.967675
  1761.800,     0.947172
  1761.850,     0.934767
  1761.900,     0.920917
  1761.950,     0.932764
  1762.000,     0.962480
  1762.050,     0.975236
  1762.100,     1.003207
  1762.150,     1.041386
  1762.200,     1.061763
  1762.250,     1.092481
  1762.300,     1.105814
  1762.350,     1.120518
  1762.400,     1.118031
  1762.450,     1.125670
  1762.500,     1.115386
  1762.550,     1.115737
  1762.600,     1.127006
  1762.650,     1.109456
  1762.700,     1.109174
  1762.750,     1.114598
  1762.800,     1.109714
  1762.850,     1.115398
  1762.900,     1.122056
  1762.950,     1.130138
  1763.000,     1.138634
  1763.050,     1.144413
  1763.100,     1.146779
  1763.150,     1.133787
  1763.200,     1.116675
  1763.250,     1.091138
  1763.300,     1.062001
  1763.350,     1.028563
  1763.400,     0.983551
  1763.450,     0.950015
  1763.500,     0.910969
  1763.550,     0.875217
  1763.600,     0.842261
  1763.650,     0.799661
  1763.700,     0.776533
  1763.750,     0.737734
  1763.800,     0.704916
  1763.850,     0.666521
  1763.900,     0.626692
  1763.950,     0.574166
  1764.000,     0.535946
  1764.050,     0.485575
  1764.100,     0.436007
  1764.150,     0.401645
  1764.200,     0.357166
  1764.250,     0.318004
  1764.300,     0.298135
  1764.350,     0.264527
  1764.400,     0.251179
  1764.450,     0.231688
  1764.500,     0.215304
  1764.550,     0.203355
  1764.600,     0.194573
  1764.650,     0.175671
  1764.700,     0.167757
  1764.750,     0.165068
  1764.800,     0.142794
  1764.850,     0.132544
  1764.900,     0.135303
  1764.950,     0.116903
  1765.000,     0.112865
  1765.050,     0.118433
  1765.100,     0.104316
  1765.150,     0.106127
  1765.200,     0.116510
  1765.250,     0.119590
  1765.300,     0.114796
  1765.350,     0.124157
  1765.400,     0.127294
  1765.450,     0.126755
  1765.500,     0.127099
  1765.550,     0.139666
  1765.600,     0.150611
  1765.650,     0.152838
  1765.700,     0.153220
  1765.750,     0.155209
  1765.800,     0.138253
  1765.850,     0.123396
  1765.900,     0.109674
  1765.950,     0.067151
  1766.000,     0.040718
  1766.050,     0.015078
  1766.100,    -0.017743
  1766.150,    -0.030614
  1766.200,    -0.049001
  1766.250,    -0.056366
  1766.300,    -0.059636
  1766.350,    -0.064271
  1766.400,    -0.060098
  1766.450,    -0.056726
  1766.500,    -0.058588
  1766.550,    -0.060454
  1766.600,    -0.076800
  1766.650,    -0.088978
  1766.700,    -0.112601
  1766.750,    -0.140919
  1766.800,    -0.168633
  1766.850,    -0.202718
  1766.900,    -0.230753
  1766.950,    -0.266969
  1767.000,    -0.298701
  1767.050,    -0.330317
  1767.100,    -0.348969
  1767.150,    -0.368556
  1767.200,    -0.376985
  1767.250,    -0.379588
  1767.300,    -0.388767
  1767.350,    -0.394481
  1767.400,    -0.408777
  1767.450,    -0.419234
  1767.500,    -0.453269
  1767.550,    -0.475262
  1767.600,    -0.517770
  1767.650,    -0.547865
  1767.700,    -0.582447
  1767.750,    -0.598439
  1767.800,    -0.615010
  1767.850,    -0.623670
  1767.900,    -0.609078
  1767.950,    -0.599722
  1768.000,    -0.576246
  1768.050,    -0.559415
  1768.100,    -0.534606
  1768.150,    -0.518245
  1768.200,    -0.492203
  1768.250,    -0.471786
  1768.300,    -0.436844
  1768.350,    -0.402918
  1768.400,    -0.371064
  1768.450,    -0.326223
  1768.500,    -0.294794
  1768.550,    -0.256438
  1768.600,    -0.207773
  1768.650,    -0.181690
  1768.700,    -0.148436
  1768.750,    -0.119956
  1768.800,    -0.092614
  1768.850,    -0.072858
  1768.900,    -0.044699
  1768.950,    -0.020806
  1769.000,     0.002922
  1769.050,     0.024704
  1769.100,     0.056121
  1769.150,     0.086937
  1769.200,     0.112804
  1769.250,     0.142484
  1769.300,     0.166963
  1769.350,     0.186679
  1769.400,     0.208008
  1769.450,     0.222638
  1769.500,     0.232417
  1769.550,     0.235225
  1769.600,     0.247376
  1769.650,     0.237516
  1769.700,     0.237653
  1769.750,     0.237755
  1769.800,     0.240942
  1769.850,     0.238082
  1769.900,     0.232423
  1769.950,     0.222018
  1770.000,     0.214485
  1770.050,     0.213906
  1770.100,     0.200779
  1770.150,     0.204228
  1770.200,     0.192097
  1770.250,     0.186756
  1770.300,     0.176612
  1770.350,     0.154434
  1770.400,     0.136139
  1770.450,     0.118549
  1770.500,     0.088661
  1770.550,     0.064998
  1770.600,     0.037649
  1770.650,     0.014857
  1770.700,    -0.009762
  1770.750,    -0.029173
  1770.800,    -0.031322
  1770.850,    -0.050343
  1770.900,    -0.046112
  1770.950,    -0.072224
  1771.000,    -0.075537
  1771.050,    -0.103202
  1771.100,    -0.129884
  1771.150,    -0.154240
  1771.200,    -0.189306
  1771.250,    -0.217421
  1771.300,    -0.239909
  1771.350,    -0.261789
  1771.400,    -0.260977
  1771.450,    -0.267054
  1771.500,    -0.261003
  1771.550,    -0.261704
  1771.600,    -0.255087
  1771.650,    -0.257317
  1771.700,    -0.258686
  1771.750,    -0.273107
  1771.800,    -0.280192
  1771.850,    -0.301771
  1771.900,    -0.308415
  1771.950,    -0.310692
  1772.000,    -0.322669
  1772.050,    -0.307352
  1772.100,    -0.314953
  1772.150,    -0.301681
  1772.200,    -0.301601
  1772.250,    -0.309267
  1772.300,    -0.311127
  1772.350,    -0.336271
  1772.400,    -0.354937
  1772.450,    -0.373335
  1772.500,    -0.392241
  1772.550,    -0.404012
  1772.600,    -0.419878
  1772.650,    -0.424119
  1772.700,    -0.442549
  1772.750,    -0.438866
  1772.800,    -0.466402
  1772.850,    -0.474021
  1772.900,    -0.501551
  1772.950,    -0.515698
  1773.000,    -0.530290
  1773.050,    -0.536325
  1773.100,    -0.543664
  1773.150,    -0.533911
  1773.200,    -0.512564
  1773.250,    -0.492118
  1773.300,    -0.451431
  1773.350,    -0.434471
  1773.400,    -0.407647
  1773.450,    -0.387940
  1773.500,    -0.384831
  1773.550,    -0.374307
  1773.600,    -0.380596
  1773.650,    -0.385692
  1773.700,    -0.382365
  1773.750,    -0.386005
  1773.800,    -0.376777
  1773.850,    -0.366446
  1773.900,    -0.353768
  1773.950,    -0.343595
  1774.000,    -0.328388
  1774.050,    -0.323993
  1774.100,    -0.317634
  1774.150,    -0.308057
  1774.200,    -0.301158
  1774.250,    -0.281101
  1774.300,    -0.276433
  1774.350,    -0.252982
  1774.400,    -0.234231
  1774.450,    -0.217291
  1774.500,    -0.211005
  1774.550,    -0.208521
  1774.600,    -0.197164
  1774.650,    -0.203381
  1774.700,    -0.206341
  1774.750,    -0.184290
  1774.800,    -0.172253
  1774.850,    -0.132029
  1774.900,    -0.114463
  1774.950,    -0.079171
  1775.000,    -0.041854

