Time_abs/ps, Signal/nA
  1675.000,    -0.024218
  1675.050,    -0.006886
  1675.100,    -0.007302
  1675.150,     0.015658
  1675.200,     0.022747
  1675.250,     0.042046
  1675.300,     0.048727
  1675.350,     0.066532
  1675.400,     0.071332
  1675.450,     0.076184
  1675.500,     0.087496
  1675.550,     0.088773
  1675.600,     0.100187
  1675.650,     0.105277
  1675.700,     0.109762
  1675.750,     0.103624
  1675.800,     0.110713
  1675.850,     0.100755
  1675.900,     0.100235
  1675.950,     0.103109
  1676.000,     0.088119
  1676.050,     0.092330
  1676.100,     0.079118
  1676.150,     0.076266
  1676.200,     0.069073
  1676.250,     0.057022
  1676.300,     0.056583
  1676.350,     0.045733
  1676.400,     0.034784
  1676.450,     0.032588
  1676.500,     0.021800
  1676.550,     0.012249
  1676.600,     0.006522
  1676.650,    -0.005808
  1676.700,    -0.010687
  1676.750,    -0.025252
  1676.800,    -0.039644
  1676.850,    -0.049760
  1676.900,    -0.084905
  1676.950,    -0.102179
  1677.000,    -0.154369
  1677.050,    -0.208039
  1677.100,    -0.287572
  1677.150,    -0.380783
  1677.200,    -0.497915
  1677.250,    -0.621873
  1677.300,    -0.732897
  1677.350,    -0.814934
  1677.400,    -0.817488
  1677.450,    -0.743131
  1677.500,    -0.524850
  1677.550,    -0.186780
  1677.600,     0.243923
  1677.650,     0.736605
  1677.700,     1.218831
  1677.750,     1.641058
  1677.800,     1.935233
  1677.850,     2.101195
  1677.900,     2.098003
  1677.950,     1.959702
  1678.000,     1.692176
  1678.050,     1.345764
  1678.100,     0.954585
  1678.150,     0.557521
  1678.200,     0.186981
  1678.250,    -0.128257
  1678.300,    -0.386526
  1678.350,    -0.586946
  1678.400,    -0.706692
  1678.450,    -0.795058
  1678.500,    -0.822956
  1678.550,    -0.832922
  1678.600,    -0.811457
  1678.650,    -0.766276
  1678.700,    -0.717412
  1678.750,    -0.646122
  1678.800,    -0.566358
  1678.850,    -0.488489
  1678.900,    -0.397208
  1678.950,    -0.314840
  1679.000,    -0.222364
  1679.050,    -0.152066
  1679.100,    -0.079398
  1679.150,    -0.023638
  1679.200,     0.024089
  1679.250,     0.057573
  1679.300,     0.078055
  1679.350,     0.088089
  1679.400,     0.086703
  1679.450,     0.084352
  1679.500,     0.082620
  1679.550,     0.075956
  1679.600,     0.077123
  1679.650,     0.068886
  1679.700,     0.073947
  1679.750,     0.064944
  1679.800,     0.064868
  1679.850,     0.060293
  1679.900,     0.053657
  1679.950,     0.035506
  1680.000,     0.025899
  1680.050,    -0.001156
  1680.100,    -0.014796
  1680.150,    -0.049259
  1680.200,    -0.063427
  1680.250,    -0.089621
  1680.300,    -0.105399
  1680.350,    -0.126588
  1680.400,    -0.122121
  1680.450,    -0.147786
  1680.500,    -0.147288
  1680.550,    -0.142652
  1680.600,    -0.149900
  1680.650,    -0.147566
  1680.700,    -0.152654
  1680.750,    -0.165479
  1680.800,    -0.166969
  1680.850,    -0.191284
  1680.900,    -0.196434
  1680.950,    -0.222538
  1681.000,    -0.241950
  1681.050,    -0.257083
  1681.100,    -0.276602
  1681.150,    -0.287764
  1681.200,    -0.305873
  1681.250,    -0.314243
  1681.300,    -0.314602
  1681.350,    -0.315114
  1681.400,    -0.307582
  1681.450,    -0.304778
  1681.500,    -0.287228
  1681.550,    -0.284894
  1681.600,    -0.268626
  1681.650,    -0.266317
  1681.700,    -0.258770
  1681.750,    -0.257834
  1681.800,    -0.249274
  1681.850,    -0.261559
  1681.900,    -0.249983
  1681.950,    -0.258998
  1682.000,    -0.250036
  1682.050,    -0.251810
  1682.100,    -0.244189
  1682.150,    -0.232788
  1682.200,    -0.231748
  1682.250,    -0.215846
  1682.300,    -0.208561
  1682.350,    -0.204116
  1682.400,    -0.197525
  1682.450,    -0.195602
  1682.500,    -0.196410
  1682.550,    -0.199280
  1682.600,    -0.197555
  1682.650,    -0.218190
  1682.700,    -0.218799
  1682.750,    -0.236444
  1682.800,    -0.243547
  1682.850,    -0.252647
  1682.900,    -0.261679
  1682.950,    -0.272261
  1683.000,    -0.279150
  1683.050,    -0.295427
  1683.100,    -0.307699
  1683.150,    -0.318489
  1683.200,    -0.342649
  1683.250,    -0.346892
  1683.300,    -0.349754
  1683.350,    -0.334256
  1683.400,    -0.301614
  1683.450,    -0.223011
  1683.500,    -0.126710
  1683.550,    -0.013299
  1683.600,     0.093655
  1683.650,     0.187518
  1683.700,     0.221361
  1683.750,     0.207164
  1683.800,     0.130813
  1683.850,    -0.012849
  1683.900,    -0.193757
  1683.950,    -0.410166
  1684.000,    -0.628378
  1684.050,    -0.831694
  1684.100,    -1.038204
  1684.150,    -1.209852
  1684.200,    -1.344999
  1684.250,    -1.469992
  1684.300,    -1.572757
  1684.350,    -1.650354
  1684.400,    -1.732845
  1684.450,    -1.806349
  1684.500,    -1.877649
  1684.550,    -1.965446
  1684.600,    -2.054674
  1684.650,    -2.154855
  1684.700,    -2.253421
  1684.750,    -2.374269
  1684.800,    -2.494653
  1684.850,    -2.633348
  1684.900,    -2.788910
  1684.950,    -2.957467
  1685.000,    -3.154203
  1685.050,    -3.373020
  1685.100,    -3.628857
  1685.150,    -3.911127
  1685.200,    -4.236961
  1685.250,    -4.598255
  1685.300,    -5.007656
  1685.350,    -5.477216
  1685.400,    -6.007901
  1685.450,    -6.591802
  1685.500,    -7.272575
  1685.550,    -8.055389
  1685.600,    -8.953694
  1685.650,   -10.007025
  1685.700,   -11.249673
  1685.750,   -12.710898
  1685.800,   -14.463601
  1685.850,   -16.570207
  1685.900,   -19.101153
  1685.950,   -22.181989
  1686.000,   -25.943390
  1686.050,   -30.562596
  1686.100,   -36.233960
  1686.150,   -43.120071
  1686.200,   -51.312166
  1686.250,   -60.675245
  1686.300,   -70.747555
  1686.350,   -80.445046
  1686.400,   -87.911860
  1686.450,   -90.467543
  1686.500,   -84.749541
  1686.550,   -67.303576
  1686.600,   -35.455246
  1686.650,    11.684140
  1686.700,    72.162391
  1686.750,   140.998552
  1686.800,   210.664444
  1686.850,   272.507706
  1686.900,   318.720514
  1686.950,   343.763463
  1687.000,   345.185927
  1687.050,   323.605485
  1687.100,   282.122000
  1687.150,   225.676278
  1687.200,   160.312363
  1687.250,    92.345839
  1687.300,    27.402256
  1687.350,   -30.278498
  1687.400,   -78.103866
  1687.450,  -115.067296
  1687.500,  -141.283671
  1687.550,  -157.629717
  1687.600,  -165.558782
  1687.650,  -166.714503
  1687.700,  -162.685316
  1687.750,  -154.854167
  1687.800,  -144.277186
  1687.850,  -131.744442
  1687.900,  -117.877668
  1687.950,  -103.184984
  1688.000,   -88.112604
  1688.050,   -73.144507
  1688.100,   -58.802483
  1688.150,   -45.546524
  1688.200,   -33.819881
  1688.250,   -23.980365
  1688.300,   -16.171560
  1688.350,   -10.370378
  1688.400,    -6.396030
  1688.450,    -3.884711
  1688.500,    -2.398287
  1688.550,    -1.504527
  1688.600,    -0.824679
  1688.650,    -0.094412
  1688.700,     0.854973
  1688.750,     2.020738
  1688.800,     3.361661
  1688.850,     4.731989
  1688.900,     5.930350
  1688.950,     6.806460
  1689.000,     7.213437
  1689.050,     7.093457
  1689.100,     6.445263
  1689.150,     5.320891
  1689.200,     3.861363
  1689.250,     2.219405
  1689.300,     0.601946
  1689.350,    -0.769594
  1689.400,    -1.736070
  1689.450,    -2.173670
  1689.500,    -2.052572
  1689.550,    -1.369444
  1689.600,    -0.229632
  1689.650,     1.237596
  1689.700,     2.874622
  1689.750,     4.482708
  1689.800,     5.865705
  1689.850,     6.887108
  1689.900,     7.425725
  1689.950,     7.402681
  1690.000,     6.838122
  1690.050,     5.785017
  1690.100,     4.338164
  1690.150,     2.703263
  1690.200,     1.089642
  1690.250,    -0.335663
  1690.300,    -1.395066
  1690.350,    -1.964052
  1690.400,    -1.999211
  1690.450,    -1.515875
  1690.500,    -0.561384
  1690.550,     0.718042
  1690.600,     2.154446
  1690.650,     3.552338
  1690.700,     4.744685
  1690.750,     5.567501
  1690.800,     5.955309
  1690.850,     5.889802
  1690.900,     5.413885
  1690.950,     4.651360
  1691.000,     3.741349
  1691.050,     2.863166
  1691.100,     2.176817
  1691.150,     1.796599
  1691.200,     1.797053
  1691.250,     2.163500
  1691.300,     2.866528
  1691.350,     3.778836
  1691.400,     4.771544
  1691.450,     5.699932
  1691.500,     6.393826
  1691.550,     6.748605
  1691.600,     6.686388
  1691.650,     6.159805
  1691.700,     5.219295
  1691.750,     3.958380
  1691.800,     2.473984
  1691.850,     0.990029
  1691.900,    -0.370726
  1691.950,    -1.475857
  1692.000,    -2.227393
  1692.050,    -2.564478
  1692.100,    -2.516578
  1692.150,    -2.125606
  1692.200,    -1.490457
  1692.250,    -0.736085
  1692.300,    -0.004302
  1692.350,     0.612563
  1692.400,     1.006514
  1692.450,     1.139042
  1692.500,     1.006888
  1692.550,     0.643261
  1692.600,     0.112236
  1692.650,    -0.474402
  1692.700,    -1.029844
  1692.750,    -1.453727
  1692.800,    -1.654805
  1692.850,    -1.592484
  1692.900,    -1.271174
  1692.950,    -0.710244
  1693.000,    -0.007549
  1693.050,     0.747836
  1693.100,     1.451026
  1693.150,     2.009453
  1693.200,     2.359364
  1693.250,     2.452754
  1693.300,     2.279951
  1693.350,     1.878405
  1693.400,     1.292428
  1693.450,     0.615904
  1693.500,    -0.048988
  1693.550,    -0.623236
  1693.600,    -1.002187
  1693.650,    -1.144569
  1693.700,    -1.026776
  1693.750,    -0.664610
  1693.800,    -0.099105
  1693.850,     0.561776
  1693.900,     1.256845
  1693.950,     1.850916
  1694.000,     2.297255
  1694.050,     2.518320
  1694.100,     2.487282
  1694.150,     2.208157
  1694.200,     1.708380
  1694.250,     1.024128
  1694.300,     0.252986
  1694.350,    -0.535876
  1694.400,    -1.242454
  1694.450,    -1.779592
  1694.500,    -2.119672
  1694.550,    -2.219361
  1694.600,    -2.072647
  1694.650,    -1.729674
  1694.700,    -1.233776
  1694.750,    -0.647381
  1694.800,    -0.023115
  1694.850,     0.541275
  1694.900,     1.012940
  1694.950,     1.333836
  1695.000,     1.472667
  1695.050,     1.437622
  1695.100,     1.260125
  1695.150,     0.974452
  1695.200,     0.634439
  1695.250,     0.306990
  1695.300,     0.055262
  1695.350,    -0.132533
  1695.400,    -0.222632
  1695.450,    -0.262471
  1695.500,    -0.286927
  1695.550,    -0.326399
  1695.600,    -0.438194
  1695.650,    -0.643028
  1695.700,    -0.906284
  1695.750,    -1.271115
  1695.800,    -1.664224
  1695.850,    -2.074392
  1695.900,    -2.432904
  1695.950,    -2.695774
  1696.000,    -2.830257
  1696.050,    -2.777455
  1696.100,    -2.554775
  1696.150,    -2.143865
  1696.200,    -1.565193
  1696.250,    -0.859809
  1696.300,    -0.056136
  1696.350,     0.784314
  1696.400,     1.591281
  1696.450,     2.301043
  1696.500,     2.857568
  1696.550,     3.215325
  1696.600,     3.357547
  1696.650,     3.290342
  1696.700,     3.026383
  1696.750,     2.583824
  1696.800,     2.041953
  1696.850,     1.448598
  1696.900,     0.860060
  1696.950,     0.348475
  1697.000,    -0.058489
  1697.050,    -0.322884
  1697.100,    -0.445893
  1697.150,    -0.440671
  1697.200,    -0.342982
  1697.250,    -0.193816
  1697.300,    -0.061035
  1697.350,     0.037005
  1697.400,     0.054214
  1697.450,    -0.031570
  1697.500,    -0.195106
  1697.550,    -0.442249
  1697.600,    -0.746089
  1697.650,    -1.028445
  1697.700,    -1.281047
  1697.750,    -1.441240
  1697.800,    -1.500525
  1697.850,    -1.426099
  1697.900,    -1.223380
  1697.950,    -0.935927
  1698.000,    -0.583260
  1698.050,    -0.197792
  1698.100,     0.148787
  1698.150,     0.437282
  1698.200,     0.623645
  1698.250,     0.715930
  1698.300,     0.694625
  1698.350,     0.591001
  1698.400,     0.409270
  1698.450,     0.188999
  1698.500,    -0.040376
  1698.550,    -0.242034
  1698.600,    -0.404072
  1698.650,    -0.480972
  1698.700,    -0.503246
  1698.750,    -0.433501
  1698.800,    -0.313862
  1698.850,    -0.149424
  1698.900,     0.034036
  1698.950,     0.193490
  1699.000,     0.332123
  1699.050,     0.425813
  1699.100,     0.447942
  1699.150,     0.422941
  1699.200,     0.354174
  1699.250,     0.249028
  1699.300,     0.128706
  1699.350,     0.032627
  1699.400,    -0.042962
  1699.450,    -0.051692
  1699.500,    -0.014432
  1699.550,     0.083549
  1699.600,     0.227553
  1699.650,     0.406194
  1699.700,     0.591116
  1699.750,     0.785407
  1699.800,     0.925136
  1699.850,     1.016414
  1699.900,     1.022232
  1699.950,     0.934424
  1700.000,     0.758980
  1700.050,     0.515765
  1700.100,     0.230032
  1700.150,    -0.067346
  1700.200,    -0.352311
  1700.250,    -0.576748
  1700.300,    -0.745724
  1700.350,    -0.829508
  1700.400,    -0.840877
  1700.450,    -0.781801
  1700.500,    -0.689036
  1700.550,    -0.562664
  1700.600,    -0.437430
  1700.650,    -0.355505
  1700.700,    -0.289846
  1700.750,    -0.286141
  1700.800,    -0.327863
  1700.850,    -0.407393
  1700.900,    -0.511992
  1700.950,    -0.631000
  1701.000,    -0.747924
  1701.050,    -0.842597
  1701.100,    -0.919468
  1701.150,    -0.951293
  1701.200,    -0.945501
  1701.250,    -0.888894
  1701.300,    -0.794298
  1701.350,    -0.660335
  1701.400,    -0.512017
  1701.450,    -0.348225
  1701.500,    -0.214534
  1701.550,    -0.082585
  1701.600,    -0.025212
  1701.650,    -0.003404
  1701.700,    -0.033673
  1701.750,    -0.098001
  1701.800,    -0.180107
  1701.850,    -0.264298
  1701.900,    -0.309215
  1701.950,    -0.304799
  1702.000,    -0.249257
  1702.050,    -0.137057
  1702.100,     0.014952
  1702.150,     0.175410
  1702.200,     0.318220
  1702.250,     0.423135
  1702.300,     0.467941
  1702.350,     0.456077
  1702.400,     0.380400
  1702.450,     0.253223
  1702.500,     0.085721
  1702.550,    -0.090882
  1702.600,    -0.276462
  1702.650,    -0.427891
  1702.700,    -0.545159
  1702.750,    -0.608395
  1702.800,    -0.633986
  1702.850,    -0.624175
  1702.900,    -0.593639
  1702.950,    -0.547491
  1703.000,    -0.503811
  1703.050,    -0.444596
  1703.100,    -0.382409
  1703.150,    -0.313347
  1703.200,    -0.249557
  1703.250,    -0.194268
  1703.300,    -0.162122
  1703.350,    -0.133918
  1703.400,    -0.143734
  1703.450,    -0.153186
  1703.500,    -0.183629
  1703.550,    -0.195757
  1703.600,    -0.184396
  1703.650,    -0.157469
  1703.700,    -0.107566
  1703.750,    -0.017485
  1703.800,     0.084785
  1703.850,     0.204421
  1703.900,     0.315032
  1703.950,     0.419726
  1704.000,     0.472811
  1704.050,     0.495492
  1704.100,     0.466654
  1704.150,     0.392660
  1704.200,     0.275620
  1704.250,     0.155942
  1704.300,     0.027020
  1704.350,    -0.075377
  1704.400,    -0.143726
  1704.450,    -0.155396
  1704.500,    -0.129867
  1704.550,    -0.051308
  1704.600,     0.059130
  1704.650,     0.168796
  1704.700,     0.283948
  1704.750,     0.369703
  1704.800,     0.421911
  1704.850,     0.439540
  1704.900,     0.414103
  1704.950,     0.371024
  1705.000,     0.283881
  1705.050,     0.202522
  1705.100,     0.100878
  1705.150,     0.010367
  1705.200,    -0.084134
  1705.250,    -0.168364
  1705.300,    -0.227793
  1705.350,    -0.279002
  1705.400,    -0.307415
  1705.450,    -0.294849
  1705.500,    -0.261600
  1705.550,    -0.210341
  1705.600,    -0.153160
  1705.650,    -0.084882
  1705.700,    -0.037436
  1705.750,    -0.016800
  1705.800,    -0.027254
  1705.850,    -0.065310
  1705.900,    -0.132190
  1705.950,    -0.228892
  1706.000,    -0.322724
  1706.050,    -0.396055
  1706.100,    -0.434033
  1706.150,    -0.432146
  1706.200,    -0.389087
  1706.250,    -0.299743
  1706.300,    -0.193413
  1706.350,    -0.071642
  1706.400,     0.038171
  1706.450,     0.110983
  1706.500,     0.141695
  1706.550,     0.123850
  1706.600,     0.076177
  1706.650,    -0.020583
  1706.700,    -0.111762
  1706.750,    -0.212395
  1706.800,    -0.276216
  1706.850,    -0.329324
  1706.900,    -0.344543
  1706.950,    -0.305831
  1707.000,    -0.259234
  1707.050,    -0.170580
  1707.100,    -0.054944
  1707.150,     0.084977
  1707.200,     0.236443
  1707.250,     0.395294
  1707.300,     0.557901
  1707.350,     0.720261
  1707.400,     0.873764
  1707.450,     0.996831
  1707.500,     1.085494
  1707.550,     1.127228
  1707.600,     1.118496
  1707.650,     1.058821
  1707.700,     0.966954
  1707.750,     0.850235
  1707.800,     0.707605
  1707.850,     0.558332
  1707.900,     0.431648
  1707.950,     0.304863
  1708.000,     0.215103
  1708.050,     0.141638
  1708.100,     0.124149
  1708.150,     0.087604
  1708.200,     0.088607
  1708.250,     0.078533
  1708.300,     0.080669
  1708.350,     0.070538
  1708.400,     0.080518
  1708.450,     0.094919
  1708.500,     0.129549
  1708.550,     0.173533
  1708.600,     0.239506
  1708.650,     0.300009
  1708.700,     0.369356
  1708.750,     0.431145
  1708.800,     0.488191
  1708.850,     0.532316
  1708.900,     0.571328
  1708.950,     0.594727
  1709.000,     0.608913
  1709.050,     0.625760
  1709.100,     0.623608
  1709.150,     0.613952
  1709.200,     0.614148
  1709.250,     0.580209
  1709.300,     0.519869
  1709.350,     0.449304
  1709.400,     0.360195
  1709.450,     0.250152
  1709.500,     0.157229
  1709.550,     0.075589
  1709.600,     0.021514
  1709.650,    -0.003574
  1709.700,     0.013282
  1709.750,     0.064821
  1709.800,     0.145418
  1709.850,     0.236429
  1709.900,     0.336603
  1709.950,     0.412723
  1710.000,     0.480337
  1710.050,     0.502153
  1710.100,     0.490236
  1710.150,     0.433693
  1710.200,     0.370977
  1710.250,     0.292095
  1710.300,     0.216491
  1710.350,     0.154966
  1710.400,     0.140964
  1710.450,     0.139121
  1710.500,     0.170345
  1710.550,     0.215919
  1710.600,     0.266018
  1710.650,     0.315267
  1710.700,     0.373823
  1710.750,     0.421788
  1710.800,     0.465310
  1710.850,     0.491647
  1710.900,     0.512142
  1710.950,     0.502606
  1711.000,     0.508094
  1711.050,     0.486960
  1711.100,     0.467673
  1711.150,     0.451650
  1711.200,     0.437293
  1711.250,     0.426993
  1711.300,     0.414497
  1711.350,     0.425206
  1711.400,     0.447941
  1711.450,     0.487075
  1711.500,     0.548725
  1711.550,     0.598412
  1711.600,     0.649733
  1711.650,     0.670560
  1711.700,     0.662821
  1711.750,     0.627164
  1711.800,     0.560870
  1711.850,     0.468545
  1711.900,     0.370796
  1711.950,     0.261158
  1712.000,     0.160268
  1712.050,     0.087316
  1712.100,     0.032598
  1712.150,     0.000770
  1712.200,    -0.010803
  1712.250,    -0.010032
  1712.300,    -0.012852
  1712.350,     0.002137
  1712.400,     0.015302
  1712.450,     0.030012
  1712.500,     0.045025
  1712.550,     0.056232
  1712.600,     0.055124
  1712.650,     0.034375
  1712.700,     0.024582
  1712.750,    -0.009456
  1712.800,    -0.052219
  1712.850,    -0.104998
  1712.900,    -0.178522
  1712.950,    -0.251624
  1713.000,    -0.327732
  1713.050,    -0.397560
  1713.100,    -0.446378
  1713.150,    -0.486787
  1713.200,    -0.503391
  1713.250,    -0.490508
  1713.300,    -0.486017
  1713.350,    -0.461492
  1713.400,    -0.442375
  1713.450,    -0.439553
  1713.500,    -0.449831
  1713.550,    -0.499748
  1713.600,    -0.566218
  1713.650,    -0.642338
  1713.700,    -0.725585
  1713.750,    -0.792065
  1713.800,    -0.835671
  1713.850,    -0.854654
  1713.900,    -0.849155
  1713.950,    -0.808896
  1714.000,    -0.748975
  1714.050,    -0.689554
  1714.100,    -0.617698
  1714.150,    -0.555549
  1714.200,    -0.507979
  1714.250,    -0.481593
  1714.300,    -0.456965
  1714.350,    -0.468896
  1714.400,    -0.489243
  1714.450,    -0.508019
  1714.500,    -0.533983
  1714.550,    -0.560735
  1714.600,    -0.569585
  1714.650,    -0.579888
  1714.700,    -0.575181
  1714.750,    -0.557668
  1714.800,    -0.540792
  1714.850,    -0.515717
  1714.900,    -0.478465
  1714.950,    -0.452951
  1715.000,    -0.416333
  1715.050,    -0.394066
  1715.100,    -0.371168
  1715.150,    -0.362511
  1715.200,    -0.344301
  1715.250,    -0.340455
  1715.300,    -0.336006
  1715.350,    -0.327207
  1715.400,    -0.329467
  1715.450,    -0.325383
  1715.500,    -0.303955
  1715.550,    -0.293697
  1715.600,    -0.268965
  1715.650,    -0.233929
  1715.700,    -0.192407
  1715.750,    -0.154215
  1715.800,    -0.113120
  1715.850,    -0.098621
  1715.900,    -0.092866
  1715.950,    -0.100243
  1716.000,    -0.119344
  1716.050,    -0.145726
  1716.100,    -0.177328
  1716.150,    -0.200545
  1716.200,    -0.238744
  1716.250,    -0.271338
  1716.300,    -0.284512
  1716.350,    -0.310920
  1716.400,    -0.314883
  1716.450,    -0.306820
  1716.500,    -0.286003
  1716.550,    -0.260454
  1716.600,    -0.242014
  1716.650,    -0.214949
  1716.700,    -0.197455
  1716.750,    -0.175048
  1716.800,    -0.153966
  1716.850,    -0.131701
  1716.900,    -0.113394
  1716.950,    -0.086902
  1717.000,    -0.067814
  1717.050,    -0.032407
  1717.100,    -0.022863
  1717.150,    -0.015874
  1717.200,    -0.013435
  1717.250,    -0.029791
  1717.300,    -0.056265
  1717.350,    -0.062001
  1717.400,    -0.090999
  1717.450,    -0.088352
  1717.500,    -0.083001
  1717.550,    -0.078428
  1717.600,    -0.058932
  1717.650,    -0.053074
  1717.700,    -0.054497
  1717.750,    -0.071555
  1717.800,    -0.112308
  1717.850,    -0.151401
  1717.900,    -0.226893
  1717.950,    -0.314444
  1718.000,    -0.416720
  1718.050,    -0.522234
  1718.100,    -0.632918
  1718.150,    -0.729448
  1718.200,    -0.818598
  1718.250,    -0.893867
  1718.300,    -0.987310
  1718.350,    -1.064320
  1718.400,    -1.155374
  1718.450,    -1.284841
  1718.500,    -1.430664
  1718.550,    -1.619358
  1718.600,    -1.835929
  1718.650,    -2.074021
  1718.700,    -2.314959
  1718.750,    -2.523858
  1718.800,    -2.724416
  1718.850,    -2.834483
  1718.900,    -2.861571
  1718.950,    -2.795740
  1719.000,    -2.582978
  1719.050,    -2.249775
  1719.100,    -1.754379
  1719.150,    -1.130440
  1719.200,    -0.392288
  1719.250,     0.466395
  1719.300,     1.386484
  1719.350,     2.339541
  1719.400,     3.304874
  1719.450,     4.200303
  1719.500,     5.018417
  1719.550,     5.697752
  1719.600,     6.199907
  1719.650,     6.551623
  1719.700,     6.687601
  1719.750,     6.630787
  1719.800,     6.381824
  1719.850,     5.959327
  1719.900,     5.361733
  1719.950,     4.638439
  1720.000,     3.814164
  1720.050,     2.930843
  1720.100,     2.015148
  1720.150,     1.117170
  1720.200,     0.251137
  1720.250,    -0.552812
  1720.300,    -1.272553
  1720.350,    -1.919616
  1720.400,    -2.462729
  1720.450,    -2.905055
  1720.500,    -3.242320
  1720.550,    -3.478624
  1720.600,    -3.613647
  1720.650,    -3.663549
  1720.700,    -3.627409
  1720.750,    -3.543681
  1720.800,    -3.390246
  1720.850,    -3.199257
  1720.900,    -2.995619
  1720.950,    -2.768649
  1721.000,    -2.520961
  1721.050,    -2.277766
  1721.100,    -2.017178
  1721.150,    -1.758920
  1721.200,    -1.498586
  1721.250,    -1.245245
  1721.300,    -0.992093
  1721.350,    -0.750047
  1721.400,    -0.520282
  1721.450,    -0.300436
  1721.500,    -0.101327
  1721.550,     0.078107
  1721.600,     0.231185
  1721.650,     0.375934
  1721.700,     0.509593
  1721.750,     0.619124
  1721.800,     0.730152
  1721.850,     0.829725
  1721.900,     0.907681
  1721.950,     0.998249
  1722.000,     1.053132
  1722.050,     1.094780
  1722.100,     1.118443
  1722.150,     1.122986
  1722.200,     1.122807
  1722.250,     1.099303
  1722.300,     1.081459
  1722.350,     1.065542
  1722.400,     1.061440
  1722.450,     1.061307
  1722.500,     1.076261
  1722.550,     1.096508
  1722.600,     1.130731
  1722.650,     1.146614
  1722.700,     1.173210
  1722.750,     1.180997
  1722.800,     1.187561
  1722.850,     1.173258
  1722.900,     1.167407
  1722.950,     1.156309
  1723.000,     1.150039
  1723.050,     1.124857
  1723.100,     1.103579
  1723.150,     1.068674
  1723.200,     1.026959
  1723.250,     0.977562
  1723.300,     0.915384
  1723.350,     0.842514
  1723.400,     0.765550
  1723.450,     0.694231
  1723.500,     0.611006
  1723.550,     0.543202
  1723.600,     0.482716
  1723.650,     0.431883
  1723.700,     0.379325
  1723.750,     0.328120
  1723.800,     0.257951
  1723.850,     0.166969
  1723.900,     0.056575
  1723.950,    -0.092927
  1724.000,    -0.264177
  1724.050,    -0.461869
  1724.100,    -0.676054
  1724.150,    -0.904360
  1724.200,    -1.119474
  1724.250,    -1.326542
  1724.300,    -1.510301
  1724.350,    -1.653709
  1724.400,    -1.765709
  1724.450,    -1.863277
  1724.500,    -1.924092
  1724.550,    -1.971963
  1724.600,    -2.018117
  1724.650,    -2.037151
  1724.700,    -2.056203
  1724.750,    -2.068257
  1724.800,    -2.085645
  1724.850,    -2.101272
  1724.900,    -2.125727
  1724.950,    -2.155230
  1725.000,    -2.171792
  1725.050,    -2.196337
  1725.100,    -2.203646
  1725.150,    -2.191812
  1725.200,    -2.147411
  1725.250,    -2.058938
  1725.300,    -1.922040
  1725.350,    -1.752937
  1725.400,    -1.497150
  1725.450,    -1.205924
  1725.500,    -0.874302
  1725.550,    -0.502262
  1725.600,    -0.114185
  1725.650,     0.278492
  1725.700,     0.662952
  1725.750,     1.046435
  1725.800,     1.422056
  1725.850,     1.788190
  1725.900,     2.119506
  1725.950,     2.450199
  1726.000,     2.765835
  1726.050,     3.051007
  1726.100,     3.311024
  1726.150,     3.546638
  1726.200,     3.750472
  1726.250,     3.904140
  1726.300,     4.031263
  1726.350,     4.125304
  1726.400,     4.188797
  1726.450,     4.222236
  1726.500,     4.264118
  1726.550,     4.283275
  1726.600,     4.307483
  1726.650,     4.324888
  1726.700,     4.336662
  1726.750,     4.321055
  1726.800,     4.282564
  1726.850,     4.211198
  1726.900,     4.098813
  1726.950,     3.960555
  1727.000,     3.795297
  1727.050,     3.622986
  1727.100,     3.421639
  1727.150,     3.219504
  1727.200,     2.998931
  1727.250,     2.778134
  1727.300,     2.545279
  1727.350,     2.303126
  1727.400,     2.064667
  1727.450,     1.805718
  1727.500,     1.545366
  1727.550,     1.281298
  1727.600,     1.009547
  1727.650,     0.724861
  1727.700,     0.440472
  1727.750,     0.138691
  1727.800,    -0.166506
  1727.850,    -0.478056
  1727.900,    -0.798900
  1727.950,    -1.116444
  1728.000,    -1.448294
  1728.050,    -1.762555
  1728.100,    -2.066655
  1728.150,    -2.358392
  1728.200,    -2.617356
  1728.250,    -2.848596
  1728.300,    -3.040027
  1728.350,    -3.217057
  1728.400,    -3.361227
  1728.450,    -3.484663
  1728.500,    -3.595543
  1728.550,    -3.702517
  1728.600,    -3.790087
  1728.650,    -3.872128
  1728.700,    -3.942179
  1728.750,    -3.993853
  1728.800,    -4.023400
  1728.850,    -4.019067
  1728.900,    -4.003568
  1728.950,    -3.946005
  1729.000,    -3.869445
  1729.050,    -3.783541
  1729.100,    -3.683307
  1729.150,    -3.578813
  1729.200,    -3.463272
  1729.250,    -3.348782
  1729.300,    -3.235670
  1729.350,    -3.112042
  1729.400,    -2.994704
  1729.450,    -2.872040
  1729.500,    -2.737597
  1729.550,    -2.618104
  1729.600,    -2.488408
  1729.650,    -2.363716
  1729.700,    -2.254479
  1729.750,    -2.148426
  1729.800,    -2.061504
  1729.850,    -1.981939
  1729.900,    -1.902634
  1729.950,    -1.830925
  1730.000,    -1.748575
  1730.050,    -1.656869
  1730.100,    -1.559005
  1730.150,    -1.446828
  1730.200,    -1.325436
  1730.250,    -1.223568
  1730.300,    -1.111487
  1730.350,    -1.029020
  1730.400,    -0.960372
  1730.450,    -0.914103
  1730.500,    -0.894243
  1730.550,    -0.890459
  1730.600,    -0.895921
  1730.650,    -0.916355
  1730.700,    -0.924586
  1730.750,    -0.931778
  1730.800,    -0.917131
  1730.850,    -0.899329
  1730.900,    -0.886917
  1730.950,    -0.863491
  1731.000,    -0.841227
  1731.050,    -0.843623
  1731.100,    -0.845848
  1731.150,    -0.855912
  1731.200,    -0.884377
  1731.250,    -0.917379
  1731.300,    -0.955861
  1731.350,    -1.018446
  1731.400,    -1.079223
  1731.450,    -1.148306
  1731.500,    -1.230942
  1731.550,    -1.299947
  1731.600,    -1.376867
  1731.650,    -1.425684
  1731.700,    -1.476195
  1731.750,    -1.509649
  1731.800,    -1.522169
  1731.850,    -1.516055
  1731.900,    -1.496405
  1731.950,    -1.469805
  1732.000,    -1.433984
  1732.050,    -1.403907
  1732.100,    -1.405960
  1732.150,    -1.420702
  1732.200,    -1.456703
  1732.250,    -1.501467
  1732.300,    -1.559068
  1732.350,    -1.605369
  1732.400,    -1.634164
  1732.450,    -1.657570
  1732.500,    -1.659283
  1732.550,    -1.629367
  1732.600,    -1.587100
  1732.650,    -1.523730
  1732.700,    -1.450339
  1732.750,    -1.384007
  1732.800,    -1.316063
  1732.850,    -1.269151
  1732.900,    -1.237792
  1732.950,    -1.220293
  1733.000,    -1.207200
  1733.050,    -1.221987
  1733.100,    -1.233065
  1733.150,    -1.247015
  1733.200,    -1.260144
  1733.250,    -1.270086
  1733.300,    -1.262913
  1733.350,    -1.221693
  1733.400,    -1.169451
  1733.450,    -1.090832
  1733.500,    -0.985802
  1733.550,    -0.861062
  1733.600,    -0.723760
  1733.650,    -0.565821
  1733.700,    -0.396735
  1733.750,    -0.243069
  1733.800,    -0.092963
  1733.850,     0.041056
  1733.900,     0.142982
  1733.950,     0.217517
  1734.000,     0.269805
  1734.050,     0.315366
  1734.100,     0.346226
  1734.150,     0.380993
  1734.200,     0.421774
  1734.250,     0.476805
  1734.300,     0.539523
  1734.350,     0.623094
  1734.400,     0.717243
  1734.450,     0.814344
  1734.500,     0.912814
  1734.550,     1.012585
  1734.600,     1.095760
  1734.650,     1.165540
  1734.700,     1.213395
  1734.750,     1.236769
  1734.800,     1.231187
  1734.850,     1.197201
  1734.900,     1.135432
  1734.950,     1.047111
  1735.000,     0.941326
  1735.050,     0.830031
  1735.100,     0.693422
  1735.150,     0.575642
  1735.200,     0.456808
  1735.250,     0.361062
  1735.300,     0.295347
  1735.350,     0.255450
  1735.400,     0.256745
  1735.450,     0.284789
  1735.500,     0.331154
  1735.550,     0.406766
  1735.600,     0.490676
  1735.650,     0.581370
  1735.700,     0.677070
  1735.750,     0.763300
  1735.800,     0.863898
  1735.850,     0.969299
  1735.900,     1.071071
  1735.950,     1.183551
  1736.000,     1.287959
  1736.050,     1.378969
  1736.100,     1.451502
  1736.150,     1.474105
  1736.200,     1.465599
  1736.250,     1.395966
  1736.300,     1.292367
  1736.350,     1.154419
  1736.400,     0.980180
  1736.450,     0.798405
  1736.500,     0.610609
  1736.550,     0.435064
  1736.600,     0.277732
  1736.650,     0.141547
  1736.700,     0.038096
  1736.750,    -0.069010
  1736.800,    -0.134006
  1736.850,    -0.196859
  1736.900,    -0.252438
  1736.950,    -0.307088
  1737.000,    -0.366171
  1737.050,    -0.431913
  1737.100,    -0.499291
  1737.150,    -0.572495
  1737.200,    -0.628150
  1737.250,    -0.678107
  1737.300,    -0.719454
  1737.350,    -0.742876
  1737.400,    -0.753847
  1737.450,    -0.739083
  1737.500,    -0.710336
  1737.550,    -0.654113
  1737.600,    -0.565850
  1737.650,    -0.453767
  1737.700,    -0.302626
  1737.750,    -0.125767
  1737.800,     0.059506
  1737.850,     0.246210
  1737.900,     0.423624
  1737.950,     0.559215
  1738.000,     0.666543
  1738.050,     0.700879
  1738.100,     0.681439
  1738.150,     0.598318
  1738.200,     0.463538
  1738.250,     0.290879
  1738.300,     0.084212
  1738.350,    -0.121718
  1738.400,    -0.318720
  1738.450,    -0.500986
  1738.500,    -0.647800
  1738.550,    -0.759445
  1738.600,    -0.827394
  1738.650,    -0.847504
  1738.700,    -0.841992
  1738.750,    -0.791830
  1738.800,    -0.725593
  1738.850,    -0.648771
  1738.900,    -0.569230
  1738.950,    -0.491003
  1739.000,    -0.435104
  1739.050,    -0.393933
  1739.100,    -0.365450
  1739.150,    -0.366534
  1739.200,    -0.379977
  1739.250,    -0.412295
  1739.300,    -0.449447
  1739.350,    -0.500251
  1739.400,    -0.550099
  1739.450,    -0.592525
  1739.500,    -0.628493
  1739.550,    -0.641671
  1739.600,    -0.662421
  1739.650,    -0.665265
  1739.700,    -0.666546
  1739.750,    -0.665186
  1739.800,    -0.664543
  1739.850,    -0.657894
  1739.900,    -0.663465
  1739.950,    -0.675761
  1740.000,    -0.684358
  1740.050,    -0.721999
  1740.100,    -0.768522
  1740.150,    -0.829159
  1740.200,    -0.914506
  1740.250,    -1.002018
  1740.300,    -1.098073
  1740.350,    -1.191004
  1740.400,    -1.282557
  1740.450,    -1.347704
  1740.500,    -1.392150
  1740.550,    -1.411075
  1740.600,    -1.391026
  1740.650,    -1.356569
  1740.700,    -1.286264
  1740.750,    -1.199641
  1740.800,    -1.106595
  1740.850,    -1.010665
  1740.900,    -0.908783
  1740.950,    -0.817124
  1741.000,    -0.724973
  1741.050,    -0.670787
  1741.100,    -0.624745
  1741.150,    -0.606956
  1741.200,    -0.610943
  1741.250,    -0.636070
  1741.300,    -0.681876
  1741.350,    -0.741880
  1741.400,    -0.795835
  1741.450,    -0.864124
  1741.500,    -0.917418
  1741.550,    -0.948692
  1741.600,    -0.968847
  1741.650,    -0.962036
  1741.700,    -0.933401
  1741.750,    -0.888568
  1741.800,    -0.840806
  1741.850,    -0.774986
  1741.900,    -0.718762
  1741.950,    -0.672197
  1742.000,    -0.628855
  1742.050,    -0.600284
  1742.100,    -0.585148
  1742.150,    -0.566851
  1742.200,    -0.570177
  1742.250,    -0.576400
  1742.300,    -0.587735
  1742.350,    -0.605300
  1742.400,    -0.625280
  1742.450,    -0.634374
  1742.500,    -0.659469
  1742.550,    -0.671888
  1742.600,    -0.683417
  1742.650,    -0.691902
  1742.700,    -0.692422
  1742.750,    -0.686456
  1742.800,    -0.670761
  1742.850,    -0.655772
  1742.900,    -0.638295
  1742.950,    -0.610475
  1743.000,    -0.599815
  1743.050,    -0.587063
  1743.100,    -0.582775
  1743.150,    -0.592898
  1743.200,    -0.611312
  1743.250,    -0.633484
  1743.300,    -0.643539
  1743.350,    -0.665138
  1743.400,    -0.663588
  1743.450,    -0.647576
  1743.500,    -0.616926
  1743.550,    -0.553829
  1743.600,    -0.461816
  1743.650,    -0.347198
  1743.700,    -0.206780
  1743.750,    -0.060555
  1743.800,     0.095963
  1743.850,     0.237039
  1743.900,     0.350573
  1743.950,     0.440262
  1744.000,     0.481030
  1744.050,     0.479870
  1744.100,     0.445036
  1744.150,     0.363276
  1744.200,     0.253416
  1744.250,     0.137648
  1744.300,     0.001155
  1744.350,    -0.123998
  1744.400,    -0.245225
  1744.450,    -0.343556
  1744.500,    -0.402399
  1744.550,    -0.454616
  1744.600,    -0.472681
  1744.650,    -0.459688
  1744.700,    -0.429986
  1744.750,    -0.402738
  1744.800,    -0.357682
  1744.850,    -0.298400
  1744.900,    -0.270210
  1744.950,    -0.228940
  1745.000,    -0.196882
  1745.050,    -0.170738
  1745.100,    -0.145754
  1745.150,    -0.122965
  1745.200,    -0.082922
  1745.250,    -0.046408
  1745.300,    -0.018476
  1745.350,     0.016095
  1745.400,     0.030142
  1745.450,     0.036214
  1745.500,     0.029955
  1745.550,     0.005118
  1745.600,    -0.011007
  1745.650,    -0.032897
  1745.700,    -0.059774
  1745.750,    -0.061832
  1745.800,    -0.057916
  1745.850,    -0.051411
  1745.900,    -0.028199
  1745.950,     0.003952
  1746.000,     0.023484
  1746.050,     0.043377
  1746.100,     0.063776
  1746.150,     0.069994
  1746.200,     0.077064
  1746.250,     0.076530
  1746.300,     0.080711
  1746.350,     0.078988
  1746.400,     0.086212
  1746.450,     0.090916
  1746.500,     0.093955
  1746.550,     0.104080
  1746.600,     0.109252
  1746.650,     0.099984
  1746.700,     0.100848
  1746.750,     0.071135
  1746.800,     0.063430
  1746.850,     0.019672
  1746.900,    -0.008274
  1746.950,    -0.036952
  1747.000,    -0.065083
  1747.050,    -0.091724
  1747.100,    -0.114022
  1747.150,    -0.114876
  1747.200,    -0.118000
  1747.250,    -0.112526
  1747.300,    -0.083996
  1747.350,    -0.043300
  1747.400,    -0.001905
  1747.450,     0.063064
  1747.500,     0.135557
  1747.550,     0.197389
  1747.600,     0.259786
  1747.650,     0.297745
  1747.700,     0.313932
  1747.750,     0.306205
  1747.800,     0.286500
  1747.850,     0.246119
  1747.900,     0.194742
  1747.950,     0.140128
  1748.000,     0.084916
  1748.050,     0.024912
  1748.100,     0.007208
  1748.150,    -0.002594
  1748.200,     0.002981
  1748.250,     0.025911
  1748.300,     0.074349
  1748.350,     0.117996
  1748.400,     0.174334
  1748.450,     0.223159
  1748.500,     0.283252
  1748.550,     0.327111
  1748.600,     0.371346
  1748.650,     0.411048
  1748.700,     0.455140
  1748.750,     0.490758
  1748.800,     0.524948
  1748.850,     0.548064
  1748.900,     0.575947
  1748.950,     0.600225
  1749.000,     0.620297
  1749.050,     0.631702
  1749.100,     0.642506
  1749.150,     0.648665
  1749.200,     0.646666
  1749.250,     0.646004
  1749.300,     0.640420
  1749.350,     0.622184
  1749.400,     0.602896
  1749.450,     0.562437
  1749.500,     0.513961
  1749.550,     0.460907
  1749.600,     0.396143
  1749.650,     0.344752
  1749.700,     0.300501
  1749.750,     0.260004
  1749.800,     0.242929
  1749.850,     0.251543
  1749.900,     0.277103
  1749.950,     0.327666
  1750.000,     0.376785
  1750.050,     0.437905
  1750.100,     0.506238
  1750.150,     0.548800
  1750.200,     0.590843
  1750.250,     0.616415
  1750.300,     0.622654
  1750.350,     0.612743
  1750.400,     0.605271
  1750.450,     0.586992
  1750.500,     0.565968
  1750.550,     0.558089
  1750.600,     0.549517
  1750.650,     0.550799
  1750.700,     0.560632
  1750.750,     0.565279
  1750.800,     0.573155
  1750.850,     0.578319
  1750.900,     0.590733
  1750.950,     0.599439
  1751.000,     0.593966
  1751.050,     0.597857
  1751.100,     0.584058
  1751.150,     0.558320
  1751.200,     0.523123
  1751.250,     0.487672
  1751.300,     0.444418
  1751.350,     0.387316
  1751.400,     0.346549
  1751.450,     0.299001
  1751.500,     0.274753
  1751.550,     0.256806
  1751.600,     0.257537
  1751.650,     0.258530
  1751.700,     0.276370
  1751.750,     0.292559
  1751.800,     0.309198
  1751.850,     0.317114
  1751.900,     0.317915
  1751.950,     0.313650
  1752.000,     0.312245
  1752.050,     0.308133
  1752.100,     0.319484
  1752.150,     0.335450
  1752.200,     0.368273
  1752.250,     0.402232
  1752.300,     0.455315
  1752.350,     0.493292
  1752.400,     0.530874
  1752.450,     0.557826
  1752.500,     0.583336
  1752.550,     0.582202
  1752.600,     0.572260
  1752.650,     0.538312
  1752.700,     0.507989
  1752.750,     0.450677
  1752.800,     0.395292
  1752.850,     0.330796
  1752.900,     0.268876
  1752.950,     0.185790
  1753.000,     0.110721
  1753.050,     0.015268
  1753.100,    -0.070735
  1753.150,    -0.159189
  1753.200,    -0.242276
  1753.250,    -0.329737
  1753.300,    -0.384900
  1753.350,    -0.441983
  1753.400,    -0.483070
  1753.450,    -0.507178
  1753.500,    -0.509940
  1753.550,    -0.512265
  1753.600,    -0.493292
  1753.650,    -0.479603
  1753.700,    -0.460369
  1753.750,    -0.448798
  1753.800,    -0.421158
  1753.850,    -0.402784
  1753.900,    -0.368030
  1753.950,    -0.339087
  1754.000,    -0.308599
  1754.050,    -0.294618
  1754.100,    -0.267072
  1754.150,    -0.258224
  1754.200,    -0.256651
  1754.250,    -0.246520
  1754.300,    -0.234784
  1754.350,    -0.236424
  1754.400,    -0.229505
  1754.450,    -0.215754
  1754.500,    -0.199568
  1754.550,    -0.177819
  1754.600,    -0.161041
  1754.650,    -0.141189
  1754.700,    -0.136569
  1754.750,    -0.139224
  1754.800,    -0.149285
  1754.850,    -0.163035
  1754.900,    -0.183939
  1754.950,    -0.200638
  1755.000,    -0.197878
  1755.050,    -0.198250
  1755.100,    -0.181708
  1755.150,    -0.155693
  1755.200,    -0.121448
  1755.250,    -0.088064
  1755.300,    -0.044799
  1755.350,    -0.001631
  1755.400,     0.028310
  1755.450,     0.058311
  1755.500,     0.069993
  1755.550,     0.077659
  1755.600,     0.077905
  1755.650,     0.072335
  1755.700,     0.071893
  1755.750,     0.075660
  1755.800,     0.067495
  1755.850,     0.068898
  1755.900,     0.065735
  1755.950,     0.057202
  1756.000,     0.034375
  1756.050,     0.009540
  1756.100,    -0.018788
  1756.150,    -0.050110
  1756.200,    -0.073703
  1756.250,    -0.087344
  1756.300,    -0.100713
  1756.350,    -0.098670
  1756.400,    -0.090098
  1756.450,    -0.071908
  1756.500,    -0.065693
  1756.550,    -0.040081
  1756.600,    -0.026245
  1756.650,    -0.022701
  1756.700,    -0.022960
  1756.750,    -0.020448
  1756.800,    -0.031327
  1756.850,    -0.054719
  1756.900,    -0.065521
  1756.950,    -0.071135
  1757.000,    -0.088858
  1757.050,    -0.103492
  1757.100,    -0.111672
  1757.150,    -0.120567
  1757.200,    -0.134064
  1757.250,    -0.151388
  1757.300,    -0.166141
  1757.350,    -0.194522
  1757.400,    -0.227021
  1757.450,    -0.263555
  1757.500,    -0.289004
  1757.550,    -0.320566
  1757.600,    -0.349732
  1757.650,    -0.379764
  1757.700,    -0.413732
  1757.750,    -0.444845
  1757.800,    -0.478841
  1757.850,    -0.518340
  1757.900,    -0.542402
  1757.950,    -0.554542
  1758.000,    -0.561164
  1758.050,    -0.546497
  1758.100,    -0.513917
  1758.150,    -0.479090
  1758.200,    -0.410513
  1758.250,    -0.361341
  1758.300,    -0.286622
  1758.350,    -0.219574
  1758.400,    -0.158082
  1758.450,    -0.095982
  1758.500,    -0.044206
  1758.550,    -0.006013
  1758.600,     0.043541
  1758.650,     0.053199
  1758.700,     0.077133
  1758.750,     0.092657
  1758.800,     0.091124
  1758.850,     0.102463
  1758.900,     0.104418
  1758.950,     0.105188
  1759.000,     0.107986
  1759.050,     0.115154
  1759.100,     0.116204
  1759.150,     0.129026
  1759.200,     0.166821
  1759.250,     0.191828
  1759.300,     0.249653
  1759.350,     0.296657
  1759.400,     0.347677
  1759.450,     0.391001
  1759.500,     0.431302
  1759.550,     0.459625
  1759.600,     0.479052
  1759.650,     0.484411
  1759.700,     0.485603
  1759.750,     0.489458
  1759.800,     0.492676
  1759.850,     0.488774
  1759.900,     0.508547
  1759.950,     0.528905
  1760.000,     0.548578
  1760.050,     0.585084
  1760.100,     0.607677
  1760.150,     0.636695
  1760.200,     0.667810
  1760.250,     0.686205
  1760.300,     0.712778
  1760.350,     0.720169
  1760.400,     0.725822
  1760.450,     0.741791
  1760.500,     0.742765
  1760.550,     0.748694
  1760.600,     0.754031
  1760.650,     0.759675
  1760.700,     0.775909
  1760.750,     0.800457
  1760.800,     0.840476
  1760.850,     0.874913
  1760.900,     0.935089
  1760.950,     0.985409
  1761.000,     1.041524
  1761.050,     1.105435
  1761.100,     1.157293
  1761.150,     1.213501
  1761.200,     1.245420
  1761.250,     1.265859
  1761.300,     1.285950
  1761.350,     1.269118
  1761.400,     1.240472
  1761.450,     1.204206
  1761.500,     1.173545
  1761.550,     1.119352
  1761.600,     1.075627
  1761.650,     1.030444
  1761.700,     0.982787
  1761.750,     0.954099
  1761.800,     0.928702
  1761.850,     0.918490
  1761.900,     0.916630
  1761.950,     0.928982
  1762.000,     0.937942
  1762.050,     0.963666
  1762.100,     0.996147
  1762.150,     1.013367
  1762.200,     1.041628
  1762.250,     1.067749
  1762.300,     1.079404
  1762.350,     1.081864
  1762.400,     1.087475
  1762.450,     1.079675
  1762.500,     1.078519
  1762.550,     1.072445
  1762.600,     1.059322
  1762.650,     1.056795
  1762.700,     1.054852
  1762.750,     1.046497
  1762.800,     1.038690
  1762.850,     1.048865
  1762.900,     1.044867
  1762.950,     1.060166
  1763.000,     1.063695
  1763.050,     1.073070
  1763.100,     1.071913
  1763.150,     1.054705
  1763.200,     1.044287
  1763.250,     1.020174
  1763.300,     0.988573
  1763.350,     0.956919
  1763.400,     0.918372
  1763.450,     0.877098
  1763.500,     0.849170
  1763.550,     0.813163
  1763.600,     0.780488
  1763.650,     0.748718
  1763.700,     0.717277
  1763.750,     0.688776
  1763.800,     0.649758
  1763.850,     0.610701
  1763.900,     0.574881
  1763.950,     0.524588
  1764.000,     0.486011
  1764.050,     0.439909
  1764.100,     0.401358
  1764.150,     0.354002
  1764.200,     0.324473
  1764.250,     0.285194
  1764.300,     0.262957
  1764.350,     0.235418
  1764.400,     0.219428
  1764.450,     0.200941
  1764.500,     0.177259
  1764.550,     0.171722
  1764.600,     0.153711
  1764.650,     0.140194
  1764.700,     0.129834
  1764.750,     0.103459
  1764.800,     0.100054
  1764.850,     0.085794
  1764.900,     0.078197
  1764.950,     0.073632
  1765.000,     0.068650
  1765.050,     0.062518
  1765.100,     0.063647
  1765.150,     0.068758
  1765.200,     0.062919
  1765.250,     0.071662
  1765.300,     0.071303
  1765.350,     0.075063
  1765.400,     0.075085
  1765.450,     0.072053
  1765.500,     0.087086
  1765.550,     0.090417
  1765.600,     0.098000
  1765.650,     0.107860
  1765.700,     0.104541
  1765.750,     0.106867
  1765.800,     0.094620
  1765.850,     0.076257
  1765.900,     0.055107
  1765.950,     0.027124
  1766.000,     0.004294
  1766.050,    -0.028215
  1766.100,    -0.051119
  1766.150,    -0.071354
  1766.200,    -0.086177
  1766.250,    -0.102969
  1766.300,    -0.107215
  1766.350,    -0.113282
  1766.400,    -0.114886
  1766.450,    -0.109106
  1766.500,    -0.120592
  1766.550,    -0.119735
  1766.600,    -0.137153
  1766.650,    -0.153614
  1766.700,    -0.179098
  1766.750,    -0.195980
  1766.800,    -0.234273
  1766.850,    -0.258354
  1766.900,    -0.284640
  1766.950,    -0.325788
  1767.000,    -0.343841
  1767.050,    -0.384781
  1767.100,    -0.398126
  1767.150,    -0.419085
  1767.200,    -0.425786
  1767.250,    -0.442577
  1767.300,    -0.440963
  1767.350,    -0.460995
  1767.400,    -0.470775
  1767.450,    -0.491244
  1767.500,    -0.527773
  1767.550,    -0.547364
  1767.600,    -0.578979
  1767.650,    -0.619216
  1767.700,    -0.641871
  1767.750,    -0.652854
  1767.800,    -0.670549
  1767.850,    -0.663995
  1767.900,    -0.666399
  1767.950,    -0.641302
  1768.000,    -0.615520
  1768.050,    -0.603732
  1768.100,    -0.574298
  1768.150,    -0.548104
  1768.200,    -0.530487
  1768.250,    -0.497259
  1768.300,    -0.464111
  1768.350,    -0.433996
  1768.400,    -0.394556
  1768.450,    -0.352404
  1768.500,    -0.315196
  1768.550,    -0.272317
  1768.600,    -0.229567
  1768.650,    -0.195908
  1768.700,    -0.160538
  1768.750,    -0.125398
  1768.800,    -0.101849
  1768.850,    -0.068396
  1768.900,    -0.052447
  1768.950,    -0.014889
  1769.000,     0.003691
  1769.050,     0.031270
  1769.100,     0.056927
  1769.150,     0.083706
  1769.200,     0.107449
  1769.250,     0.137771
  1769.300,     0.155933
  1769.350,     0.186426
  1769.400,     0.195645
  1769.450,     0.223432
  1769.500,     0.224630
  1769.550,     0.239482
  1769.600,     0.235420
  1769.650,     0.239155
  1769.700,     0.241452
  1769.750,     0.229531
  1769.800,     0.243109
  1769.850,     0.225977
  1769.900,     0.225502
  1769.950,     0.214957
  1770.000,     0.203995
  1770.050,     0.196400
  1770.100,     0.187380
  1770.150,     0.186439
  1770.200,     0.172881
  1770.250,     0.167599
  1770.300,     0.146739
  1770.350,     0.135189
  1770.400,     0.110574
  1770.450,     0.084008
  1770.500,     0.064049
  1770.550,     0.027042
  1770.600,     0.005891
  1770.650,    -0.021088
  1770.700,    -0.046758
  1770.750,    -0.056604
  1770.800,    -0.077563
  1770.850,    -0.091492
  1770.900,    -0.098463
  1770.950,    -0.120080
  1771.000,    -0.133003
  1771.050,    -0.160867
  1771.100,    -0.191260
  1771.150,    -0.219663
  1771.200,    -0.254964
  1771.250,    -0.282900
  1771.300,    -0.302190
  1771.350,    -0.320938
  1771.400,    -0.323463
  1771.450,    -0.323057
  1771.500,    -0.328224
  1771.550,    -0.316727
  1771.600,    -0.319350
  1771.650,    -0.315917
  1771.700,    -0.316819
  1771.750,    -0.328815
  1771.800,    -0.331932
  1771.850,    -0.342901
  1771.900,    -0.352773
  1771.950,    -0.361991
  1772.000,    -0.361265
  1772.050,    -0.352359
  1772.100,    -0.350747
  1772.150,    -0.349682
  1772.200,    -0.350409
  1772.250,    -0.355684
  1772.300,    -0.366990
  1772.350,    -0.389782
  1772.400,    -0.403798
  1772.450,    -0.425582
  1772.500,    -0.444430
  1772.550,    -0.455871
  1772.600,    -0.472973
  1772.650,    -0.478055
  1772.700,    -0.495434
  1772.750,    -0.503591
  1772.800,    -0.522917
  1772.850,    -0.534998
  1772.900,    -0.557730
  1772.950,    -0.570931
  1773.000,    -0.583866
  1773.050,    -0.586061
  1773.100,    -0.575131
  1773.150,    -0.573527
  1773.200,    -0.547059
  1773.250,    -0.518927
  1773.300,    -0.492259
  1773.350,    -0.457209
  1773.400,    -0.431668
  1773.450,    -0.422230
  1773.500,    -0.402724
  1773.550,    -0.402692
  1773.600,    -0.399850
  1773.650,    -0.406650
  1773.700,    -0.399581
  1773.750,    -0.405820
  1773.800,    -0.396090
  1773.850,    -0.394681
  1773.900,    -0.382155
  1773.950,    -0.379404
  1774.000,    -0.371406
  1774.050,    -0.366101
  1774.100,    -0.358919
  1774.150,    -0.350477
  1774.200,    -0.331113
  1774.250,    -0.320779
  1774.300,    -0.302909
  1774.350,    -0.276312
  1774.400,    -0.253820
  1774.450,    -0.235740
  1774.500,    -0.222571
  1774.550,    -0.220273
  1774.600,    -0.203580
  1774.650,    -0.209949
  1774.700,    -0.193197
  1774.750,    -0.183717
  1774.800,    -0.161170
  1774.850,    -0.134320
  1774.900,    -0.106639
  1774.950,    -0.072676
  1775.000,    -0.035863

