Time_abs/ps, Signal/nA
  1675.000,    -0.026214
  1675.050,    -0.014155
  1675.100,     0.001504
  1675.150,     0.009915
  1675.200,     0.028950
  1675.250,     0.042743
  1675.300,     0.066008
  1675.350,     0.065463
  1675.400,     0.085996
  1675.450,     0.081718
  1675.500,     0.089575
  1675.550,     0.101190
  1675.600,     0.106461
  1675.650,     0.112817
  1675.700,     0.119874
  1675.750,     0.129273
  1675.800,     0.109355
  1675.850,     0.122634
  1675.900,     0.106724
  1675.950,     0.105509
  1676.000,     0.100510
  1676.050,     0.091008
  1676.100,     0.084455
  1676.150,     0.091709
  1676.200,     0.085617
  1676.250,     0.074389
  1676.300,     0.080606
  1676.350,     0.056098
  1676.400,     0.061034
  1676.450,     0.049650
  1676.500,     0.041407
  1676.550,     0.019856
  1676.600,    -0.004512
  1676.650,    -0.038904
  1676.700,    -0.077864
  1676.750,    -0.139990
  1676.800,    -0.215772
  1676.850,    -0.286402
  1676.900,    -0.364788
  1676.950,    -0.395035
  1677.000,    -0.336191
  1677.050,    -0.102144
  1677.100,     0.337506
  1677.150,     0.985423
  1677.200,     1.688745
  1677.250,     2.202642
  1677.300,     2.260871
  1677.350,     1.698598
  1677.400,     0.626735
  1677.450,    -0.614621
  1677.500,    -1.665161
  1677.550,    -2.256510
  1677.600,    -2.464049
  1677.650,    -2.423715
  1677.700,    -2.320268
  1677.750,    -2.142540
  1677.800,    -1.929563
  1677.850,    -1.730707
  1677.900,    -1.604863
  1677.950,    -1.598991
  1678.000,    -1.720001
  1678.050,    -1.884039
  1678.100,    -2.105251
  1678.150,    -2.325398
  1678.200,    -2.548812
  1678.250,    -2.786173
  1678.300,    -3.001381
  1678.350,    -3.209601
  1678.400,    -3.412800
  1678.450,    -3.635893
  1678.500,    -3.883150
  1678.550,    -4.159603
  1678.600,    -4.477961
  1678.650,    -4.849166
  1678.700,    -5.266880
  1678.750,    -5.767470
  1678.800,    -6.319291
  1678.850,    -6.955346
  1678.900,    -7.660282
  1678.950,    -8.434689
  1679.000,    -9.311987
  1679.050,   -10.306685
  1679.100,   -11.463741
  1679.150,   -12.769455
  1679.200,   -14.304019
  1679.250,   -16.081761
  1679.300,   -18.150188
  1679.350,   -20.594428
  1679.400,   -23.508324
  1679.450,   -27.036339
  1679.500,   -31.275932
  1679.550,   -36.361248
  1679.600,   -42.423550
  1679.650,   -49.777626
  1679.700,   -58.844753
  1679.750,   -70.308866
  1679.800,   -84.887324
  1679.850,  -103.528266
  1679.900,  -126.824448
  1679.950,  -154.672699
  1680.000,  -184.985113
  1680.050,  -212.056507
  1680.100,  -224.306055
  1680.150,  -203.076565
  1680.200,  -124.208809
  1680.250,    34.403890
  1680.300,   279.108319
  1680.350,   581.869030
  1680.400,   870.259157
  1680.450,  1050.390683
  1680.500,  1052.963358
  1680.550,   870.806082
  1680.600,   567.434749
  1680.650,   242.141333
  1680.700,   -32.052705
  1680.750,  -236.579422
  1680.800,  -382.518282
  1680.850,  -475.128269
  1680.900,  -506.407418
  1680.950,  -475.861606
  1681.000,  -404.499375
  1681.050,  -322.286140
  1681.100,  -248.429968
  1681.150,  -188.679646
  1681.200,  -143.772894
  1681.250,  -113.266143
  1681.300,   -94.435328
  1681.350,   -83.522204
  1681.400,   -77.166784
  1681.450,   -71.543652
  1681.500,   -63.421114
  1681.550,   -52.268824
  1681.600,   -39.109419
  1681.650,   -24.301070
  1681.700,    -8.732969
  1681.750,     5.310773
  1681.800,    16.220532
  1681.850,    23.561311
  1681.900,    26.506711
  1681.950,    24.881779
  1682.000,    20.822971
  1682.050,    16.916464
  1682.100,    13.829495
  1682.150,    11.565647
  1682.200,    10.461217
  1682.250,    10.306630
  1682.300,    10.108548
  1682.350,     8.858500
  1682.400,     6.187118
  1682.450,     2.724127
  1682.500,    -0.499070
  1682.550,    -2.989453
  1682.600,    -4.815224
  1682.650,    -5.812041
  1682.700,    -5.738129
  1682.750,    -4.528862
  1682.800,    -2.497336
  1682.850,    -0.539679
  1682.900,     0.489870
  1682.950,     1.025363
  1683.000,     2.018333
  1683.050,     3.474748
  1683.100,     4.659488
  1683.150,     5.291440
  1683.200,     5.428163
  1683.250,     5.240451
  1683.300,     4.855648
  1683.350,     4.241391
  1683.400,     3.453596
  1683.450,     2.986535
  1683.500,     3.220401
  1683.550,     3.904514
  1683.600,     4.258739
  1683.650,     3.799433
  1683.700,     2.600459
  1683.750,     1.109134
  1683.800,    -0.080180
  1683.850,    -0.723191
  1683.900,    -0.950757
  1683.950,    -0.932439
  1684.000,    -0.677371
  1684.050,    -0.245579
  1684.100,     0.322006
  1684.150,     1.054527
  1684.200,     2.115849
  1684.250,     3.491567
  1684.300,     4.783330
  1684.350,     5.553579
  1684.400,     5.744459
  1684.450,     5.581145
  1684.500,     5.316079
  1684.550,     5.036825
  1684.600,     4.726206
  1684.650,     4.430652
  1684.700,     4.394389
  1684.750,     4.823791
  1684.800,     5.490071
  1684.850,     5.945554
  1684.900,     5.943574
  1684.950,     5.560961
  1685.000,     5.029260
  1685.050,     4.490998
  1685.100,     3.852148
  1685.150,     3.100421
  1685.200,     2.415425
  1685.250,     1.835857
  1685.300,     1.160081
  1685.350,     0.084334
  1685.400,    -1.262247
  1685.450,    -2.386512
  1685.500,    -2.913313
  1685.550,    -2.878673
  1685.600,    -2.577672
  1685.650,    -2.289955
  1685.700,    -2.084544
  1685.750,    -1.926955
  1685.800,    -1.817663
  1685.850,    -1.882773
  1685.900,    -2.153323
  1685.950,    -2.407613
  1686.000,    -2.437501
  1686.050,    -2.216695
  1686.100,    -1.790739
  1686.150,    -1.192562
  1686.200,    -0.420181
  1686.250,     0.489572
  1686.300,     1.282578
  1686.350,     1.694184
  1686.400,     1.703512
  1686.450,     1.573327
  1686.500,     1.588394
  1686.550,     1.753823
  1686.600,     1.752521
  1686.650,     1.329087
  1686.700,     0.444488
  1686.750,    -0.603256
  1686.800,    -1.437022
  1686.850,    -1.843798
  1686.900,    -1.795213
  1686.950,    -1.393832
  1687.000,    -0.800925
  1687.050,    -0.231175
  1687.100,     0.165614
  1687.150,     0.407587
  1687.200,     0.619397
  1687.250,     0.883135
  1687.300,     1.193767
  1687.350,     1.485726
  1687.400,     1.722383
  1687.450,     1.828734
  1687.500,     1.644861
  1687.550,     1.065981
  1687.600,     0.250120
  1687.650,    -0.496918
  1687.700,    -0.949445
  1687.750,    -1.042395
  1687.800,    -0.950680
  1687.850,    -0.857165
  1687.900,    -0.938097
  1687.950,    -1.254902
  1688.000,    -1.778254
  1688.050,    -2.379867
  1688.100,    -2.847295
  1688.150,    -3.007980
  1688.200,    -2.861915
  1688.250,    -2.613578
  1688.300,    -2.443017
  1688.350,    -2.320926
  1688.400,    -1.977053
  1688.450,    -1.205673
  1688.500,    -0.083239
  1688.550,     1.143525
  1688.600,     2.271079
  1688.650,     3.097446
  1688.700,     3.442463
  1688.750,     3.182621
  1688.800,     2.345198
  1688.850,     1.187411
  1688.900,     0.166831
  1688.950,    -0.427556
  1689.000,    -0.626048
  1689.050,    -0.857688
  1689.100,    -1.638795
  1689.150,    -3.110844
  1689.200,    -4.997484
  1689.250,    -6.838970
  1689.300,    -8.089411
  1689.350,    -8.452211
  1689.400,    -7.893245
  1689.450,    -6.625533
  1689.500,    -4.992674
  1689.550,    -3.261438
  1689.600,    -1.621649
  1689.650,    -0.093132
  1689.700,     1.280881
  1689.750,     2.359650
  1689.800,     2.910352
  1689.850,     2.817194
  1689.900,     2.333954
  1689.950,     2.002325
  1690.000,     2.138008
  1690.050,     2.527433
  1690.100,     2.703580
  1690.150,     2.436970
  1690.200,     1.962604
  1690.250,     1.727384
  1690.300,     1.772636
  1690.350,     1.758245
  1690.400,     1.287599
  1690.450,     0.430869
  1690.500,    -0.487039
  1690.550,    -1.267760
  1690.600,    -1.961894
  1690.650,    -2.615888
  1690.700,    -3.096386
  1690.750,    -3.209922
  1690.800,    -2.966250
  1690.850,    -2.650066
  1690.900,    -2.448274
  1690.950,    -2.368862
  1691.000,    -2.318903
  1691.050,    -2.279869
  1691.100,    -2.201945
  1691.150,    -2.061838
  1691.200,    -1.870755
  1691.250,    -1.748751
  1691.300,    -1.694861
  1691.350,    -1.630019
  1691.400,    -1.492522
  1691.450,    -1.305054
  1691.500,    -1.161426
  1691.550,    -1.001742
  1691.600,    -0.786861
  1691.650,    -0.644701
  1691.700,    -0.699785
  1691.750,    -0.970285
  1691.800,    -1.327097
  1691.850,    -1.512382
  1691.900,    -1.466986
  1691.950,    -1.219224
  1692.000,    -0.904004
  1692.050,    -0.598907
  1692.100,    -0.343212
  1692.150,    -0.240950
  1692.200,    -0.367400
  1692.250,    -0.663691
  1692.300,    -0.978534
  1692.350,    -1.220067
  1692.400,    -1.433587
  1692.450,    -1.668998
  1692.500,    -1.892266
  1692.550,    -2.023000
  1692.600,    -2.000031
  1692.650,    -1.845345
  1692.700,    -1.576830
  1692.750,    -1.246317
  1692.800,    -0.864197
  1692.850,    -0.462778
  1692.900,    -0.099842
  1692.950,     0.141921
  1693.000,     0.254151
  1693.050,     0.271924
  1693.100,     0.247598
  1693.150,     0.155726
  1693.200,    -0.065374
  1693.250,    -0.439063
  1693.300,    -0.877731
  1693.350,    -1.171967
  1693.400,    -1.145499
  1693.450,    -0.883733
  1693.500,    -0.645703
  1693.550,    -0.633544
  1693.600,    -0.824843
  1693.650,    -1.139662
  1693.700,    -1.436614
  1693.750,    -1.649910
  1693.800,    -1.748636
  1693.850,    -1.752712
  1693.900,    -1.685455
  1693.950,    -1.634921
  1694.000,    -1.714741
  1694.050,    -1.913136
  1694.100,    -2.131483
  1694.150,    -2.229309
  1694.200,    -2.227574
  1694.250,    -2.139450
  1694.300,    -2.090374
  1694.350,    -2.101449
  1694.400,    -2.079224
  1694.450,    -1.912646
  1694.500,    -1.564705
  1694.550,    -1.191574
  1694.600,    -0.936526
  1694.650,    -0.825933
  1694.700,    -0.850130
  1694.750,    -1.002259
  1694.800,    -1.340733
  1694.850,    -1.792321
  1694.900,    -2.167011
  1694.950,    -2.278411
  1695.000,    -2.100118
  1695.050,    -1.745272
  1695.100,    -1.385884
  1695.150,    -1.057570
  1695.200,    -0.765952
  1695.250,    -0.523148
  1695.300,    -0.401875
  1695.350,    -0.409135
  1695.400,    -0.520244
  1695.450,    -0.645008
  1695.500,    -0.721835
  1695.550,    -0.678526
  1695.600,    -0.485272
  1695.650,    -0.222099
  1695.700,     0.029061
  1695.750,     0.150459
  1695.800,     0.059716
  1695.850,    -0.247579
  1695.900,    -0.738346
  1695.950,    -1.292228
  1696.000,    -1.719563
  1696.050,    -1.839040
  1696.100,    -1.666947
  1696.150,    -1.401996
  1696.200,    -1.213250
  1696.250,    -1.145254
  1696.300,    -1.094163
  1696.350,    -0.951573
  1696.400,    -0.676439
  1696.450,    -0.437447
  1696.500,    -0.489709
  1696.550,    -0.921071
  1696.600,    -1.555024
  1696.650,    -2.093630
  1696.700,    -2.314747
  1696.750,    -2.118768
  1696.800,    -1.631693
  1696.850,    -1.011892
  1696.900,    -0.429514
  1696.950,    -0.071103
  1697.000,     0.009172
  1697.050,    -0.105636
  1697.100,    -0.261868
  1697.150,    -0.285259
  1697.200,    -0.171547
  1697.250,    -0.077963
  1697.300,    -0.065208
  1697.350,    -0.138620
  1697.400,    -0.220028
  1697.450,    -0.234605
  1697.500,    -0.211089
  1697.550,    -0.198053
  1697.600,    -0.219078
  1697.650,    -0.292847
  1697.700,    -0.408659
  1697.750,    -0.555094
  1697.800,    -0.676210
  1697.850,    -0.748511
  1697.900,    -0.759950
  1697.950,    -0.735531
  1698.000,    -0.623647
  1698.050,    -0.392357
  1698.100,    -0.031433
  1698.150,     0.309391
  1698.200,     0.516354
  1698.250,     0.527602
  1698.300,     0.328227
  1698.350,     0.001474
  1698.400,    -0.349128
  1698.450,    -0.658034
  1698.500,    -0.873642
  1698.550,    -0.972427
  1698.600,    -0.941269
  1698.650,    -0.795791
  1698.700,    -0.583614
  1698.750,    -0.376812
  1698.800,    -0.226746
  1698.850,    -0.181839
  1698.900,    -0.294531
  1698.950,    -0.548270
  1699.000,    -0.865711
  1699.050,    -1.114948
  1699.100,    -1.138198
  1699.150,    -0.943825
  1699.200,    -0.688300
  1699.250,    -0.580787
  1699.300,    -0.697856
  1699.350,    -0.871791
  1699.400,    -0.896963
  1699.450,    -0.786331
  1699.500,    -0.748054
  1699.550,    -0.928815
  1699.600,    -1.224615
  1699.650,    -1.366253
  1699.700,    -1.179805
  1699.750,    -0.708587
  1699.800,    -0.240371
  1699.850,     0.025825
  1699.900,     0.125352
  1699.950,     0.150549
  1700.000,     0.124907
  1700.050,    -0.057463
  1700.100,    -0.515140
  1700.150,    -1.091210
  1700.200,    -1.582647
  1700.250,    -1.827097
  1700.300,    -1.828896
  1700.350,    -1.651488
  1700.400,    -1.342200
  1700.450,    -0.957041
  1700.500,    -0.549392
  1700.550,    -0.235078
  1700.600,    -0.056198
  1700.650,     0.056718
  1700.700,     0.175262
  1700.750,     0.324146
  1700.800,     0.395219
  1700.850,     0.336873
  1700.900,     0.216198
  1700.950,     0.198192
  1701.000,     0.390995
  1701.050,     0.692239
  1701.100,     0.964788
  1701.150,     1.017001
  1701.200,     0.781635
  1701.250,     0.349991
  1701.300,    -0.085782
  1701.350,    -0.356001
  1701.400,    -0.428998
  1701.450,    -0.460707
  1701.500,    -0.617325
  1701.550,    -0.915230
  1701.600,    -1.194605
  1701.650,    -1.328579
  1701.700,    -1.266190
  1701.750,    -1.136196
  1701.800,    -0.998080
  1701.850,    -0.959067
  1701.900,    -1.005019
  1701.950,    -1.120415
  1702.000,    -1.189171
  1702.050,    -1.078861
  1702.100,    -0.681048
  1702.150,    -0.078108
  1702.200,     0.473654
  1702.250,     0.753716
  1702.300,     0.728226
  1702.350,     0.512402
  1702.400,     0.241288
  1702.450,     0.010048
  1702.500,    -0.202908
  1702.550,    -0.408861
  1702.600,    -0.647201
  1702.650,    -0.884920
  1702.700,    -0.991928
  1702.750,    -0.924558
  1702.800,    -0.713092
  1702.850,    -0.477001
  1702.900,    -0.335516
  1702.950,    -0.367247
  1703.000,    -0.574754
  1703.050,    -0.885233
  1703.100,    -1.149458
  1703.150,    -1.242141
  1703.200,    -1.181336
  1703.250,    -1.041210
  1703.300,    -0.876027
  1703.350,    -0.693056
  1703.400,    -0.511462
  1703.450,    -0.362124
  1703.500,    -0.289148
  1703.550,    -0.284724
  1703.600,    -0.324503
  1703.650,    -0.371317
  1703.700,    -0.497965
  1703.750,    -0.719127
  1703.800,    -0.937961
  1703.850,    -1.119432
  1703.900,    -1.211444
  1703.950,    -1.162764
  1704.000,    -0.988053
  1704.050,    -0.685606
  1704.100,    -0.341512
  1704.150,    -0.132871
  1704.200,    -0.178547
  1704.250,    -0.447345
  1704.300,    -0.736388
  1704.350,    -0.862800
  1704.400,    -0.822645
  1704.450,    -0.655944
  1704.500,    -0.485921
  1704.550,    -0.476589
  1704.600,    -0.612803
  1704.650,    -0.731497
  1704.700,    -0.700232
  1704.750,    -0.482003
  1704.800,    -0.235180
  1704.850,    -0.158863
  1704.900,    -0.250927
  1704.950,    -0.435624
  1705.000,    -0.544729
  1705.050,    -0.492413
  1705.100,    -0.266270
  1705.150,     0.015752
  1705.200,     0.206345
  1705.250,     0.085159
  1705.300,    -0.312715
  1705.350,    -0.856029
  1705.400,    -1.255046
  1705.450,    -1.369680
  1705.500,    -1.307521
  1705.550,    -1.271337
  1705.600,    -1.292897
  1705.650,    -1.286466
  1705.700,    -1.096611
  1705.750,    -0.768645
  1705.800,    -0.472265
  1705.850,    -0.390188
  1705.900,    -0.605502
  1705.950,    -0.998008
  1706.000,    -1.319503
  1706.050,    -1.464814
  1706.100,    -1.425309
  1706.150,    -1.297466
  1706.200,    -1.210089
  1706.250,    -1.176067
  1706.300,    -1.172638
  1706.350,    -1.187149
  1706.400,    -1.149067
  1706.450,    -1.067569
  1706.500,    -0.996827
  1706.550,    -1.050566
  1706.600,    -1.273301
  1706.650,    -1.571751
  1706.700,    -1.810160
  1706.750,    -1.842690
  1706.800,    -1.731399
  1706.850,    -1.618633
  1706.900,    -1.597434
  1706.950,    -1.629392
  1707.000,    -1.626107
  1707.050,    -1.540504
  1707.100,    -1.442850
  1707.150,    -1.449237
  1707.200,    -1.663125
  1707.250,    -1.999994
  1707.300,    -2.262957
  1707.350,    -2.266054
  1707.400,    -1.986206
  1707.450,    -1.594958
  1707.500,    -1.292287
  1707.550,    -1.159752
  1707.600,    -1.120635
  1707.650,    -1.114786
  1707.700,    -1.150347
  1707.750,    -1.277972
  1707.800,    -1.460661
  1707.850,    -1.590834
  1707.900,    -1.645399
  1707.950,    -1.650935
  1708.000,    -1.650187
  1708.050,    -1.648059
  1708.100,    -1.536988
  1708.150,    -1.348826
  1708.200,    -1.126524
  1708.250,    -0.955191
  1708.300,    -0.903454
  1708.350,    -0.958210
  1708.400,    -1.009139
  1708.450,    -1.082580
  1708.500,    -1.157218
  1708.550,    -1.238728
  1708.600,    -1.316164
  1708.650,    -1.315361
  1708.700,    -1.263726
  1708.750,    -1.237872
  1708.800,    -1.230012
  1708.850,    -1.243654
  1708.900,    -1.190743
  1708.950,    -1.002612
  1709.000,    -0.774570
  1709.050,    -0.579756
  1709.100,    -0.526924
  1709.150,    -0.604818
  1709.200,    -0.695838
  1709.250,    -0.745231
  1709.300,    -0.687920
  1709.350,    -0.547799
  1709.400,    -0.428724
  1709.450,    -0.435995
  1709.500,    -0.644663
  1709.550,    -0.960913
  1709.600,    -1.253393
  1709.650,    -1.391312
  1709.700,    -1.326672
  1709.750,    -1.121608
  1709.800,    -0.914520
  1709.850,    -0.800639
  1709.900,    -0.831398
  1709.950,    -0.916891
  1710.000,    -0.950671
  1710.050,    -0.851616
  1710.100,    -0.638054
  1710.150,    -0.416017
  1710.200,    -0.334860
  1710.250,    -0.419565
  1710.300,    -0.631147
  1710.350,    -0.846816
  1710.400,    -0.957475
  1710.450,    -0.928877
  1710.500,    -0.792999
  1710.550,    -0.610726
  1710.600,    -0.473948
  1710.650,    -0.402426
  1710.700,    -0.344192
  1710.750,    -0.260309
  1710.800,    -0.151286
  1710.850,    -0.115818
  1710.900,    -0.187105
  1710.950,    -0.356869
  1711.000,    -0.503925
  1711.050,    -0.582848
  1711.100,    -0.545622
  1711.150,    -0.405394
  1711.200,    -0.300586
  1711.250,    -0.359252
  1711.300,    -0.570806
  1711.350,    -0.863467
  1711.400,    -1.035029
  1711.450,    -1.042274
  1711.500,    -0.935548
  1711.550,    -0.823896
  1711.600,    -0.807035
  1711.650,    -0.859897
  1711.700,    -0.894035
  1711.750,    -0.867171
  1711.800,    -0.776820
  1711.850,    -0.676215
  1711.900,    -0.595396
  1711.950,    -0.563391
  1712.000,    -0.559316
  1712.050,    -0.619836
  1712.100,    -0.794573
  1712.150,    -1.117478
  1712.200,    -1.487657
  1712.250,    -1.793252
  1712.300,    -1.926318
  1712.350,    -1.887599
  1712.400,    -1.785748
  1712.450,    -1.628262
  1712.500,    -1.499186
  1712.550,    -1.415244
  1712.600,    -1.401567
  1712.650,    -1.419871
  1712.700,    -1.395376
  1712.750,    -1.288402
  1712.800,    -1.205670
  1712.850,    -1.217803
  1712.900,    -1.326706
  1712.950,    -1.432906
  1713.000,    -1.463253
  1713.050,    -1.385698
  1713.100,    -1.267363
  1713.150,    -1.145627
  1713.200,    -1.114511
  1713.250,    -1.111765
  1713.300,    -1.043031
  1713.350,    -0.824057
  1713.400,    -0.512433
  1713.450,    -0.234213
  1713.500,    -0.109734
  1713.550,    -0.116109
  1713.600,    -0.171457
  1713.650,    -0.150143
  1713.700,    -0.096836
  1713.750,    -0.015128
  1713.800,     0.054541
  1713.850,     0.125493
  1713.900,     0.194333
  1713.950,     0.240014
  1714.000,     0.172883
  1714.050,     0.026481
  1714.100,    -0.148939
  1714.150,    -0.275155
  1714.200,    -0.312079
  1714.250,    -0.289512
  1714.300,    -0.264265
  1714.350,    -0.214157
  1714.400,    -0.180194
  1714.450,    -0.178269
  1714.500,    -0.254574
  1714.550,    -0.446021
  1714.600,    -0.654735
  1714.650,    -0.752836
  1714.700,    -0.669946
  1714.750,    -0.491850
  1714.800,    -0.366288
  1714.850,    -0.318874
  1714.900,    -0.291680
  1714.950,    -0.208211
  1715.000,    -0.046696
  1715.050,     0.108580
  1715.100,     0.190413
  1715.150,     0.180608
  1715.200,     0.110111
  1715.250,     0.081868
  1715.300,     0.121631
  1715.350,     0.202246
  1715.400,     0.301632
  1715.450,     0.376040
  1715.500,     0.451683
  1715.550,     0.529014
  1715.600,     0.562019
  1715.650,     0.516015
  1715.700,     0.384965
  1715.750,     0.207011
  1715.800,     0.069243
  1715.850,    -0.020482
  1715.900,    -0.106472
  1715.950,    -0.180084
  1716.000,    -0.178434
  1716.050,    -0.081297
  1716.100,     0.118521
  1716.150,     0.311875
  1716.200,     0.463513
  1716.250,     0.549885
  1716.300,     0.571160
  1716.350,     0.470085
  1716.400,     0.287119
  1716.450,     0.090836
  1716.500,     0.005540
  1716.550,     0.064589
  1716.600,     0.199416
  1716.650,     0.293190
  1716.700,     0.271007
  1716.750,     0.120902
  1716.800,    -0.110129
  1716.850,    -0.310558
  1716.900,    -0.457760
  1716.950,    -0.572721
  1717.000,    -0.685342
  1717.050,    -0.824875
  1717.100,    -0.987493
  1717.150,    -1.111491
  1717.200,    -1.141901
  1717.250,    -1.037280
  1717.300,    -0.877902
  1717.350,    -0.799613
  1717.400,    -0.874877
  1717.450,    -1.120669
  1717.500,    -1.464342
  1717.550,    -1.864658
  1717.600,    -2.306816
  1717.650,    -2.762832
  1717.700,    -3.188477
  1717.750,    -3.529774
  1717.800,    -3.774568
  1717.850,    -3.990624
  1717.900,    -4.095411
  1717.950,    -4.010081
  1718.000,    -3.713888
  1718.050,    -3.350023
  1718.100,    -3.143606
  1718.150,    -3.182048
  1718.200,    -3.358199
  1718.250,    -3.488391
  1718.300,    -3.495727
  1718.350,    -3.400689
  1718.400,    -3.301109
  1718.450,    -3.280516
  1718.500,    -3.379222
  1718.550,    -3.542012
  1718.600,    -3.695026
  1718.650,    -3.796238
  1718.700,    -3.786290
  1718.750,    -3.700294
  1718.800,    -3.512833
  1718.850,    -3.245299
  1718.900,    -2.858341
  1718.950,    -2.355544
  1719.000,    -1.719933
  1719.050,    -0.971404
  1719.100,    -0.178535
  1719.150,     0.577939
  1719.200,     1.200373
  1719.250,     1.634108
  1719.300,     1.926228
  1719.350,     2.185000
  1719.400,     2.467810
  1719.450,     2.781536
  1719.500,     3.073262
  1719.550,     3.348514
  1719.600,     3.598438
  1719.650,     3.838335
  1719.700,     4.079312
  1719.750,     4.264110
  1719.800,     4.345164
  1719.850,     4.351751
  1719.900,     4.309890
  1719.950,     4.250709
  1720.000,     4.129059
  1720.050,     3.948282
  1720.100,     3.760769
  1720.150,     3.692089
  1720.200,     3.820069
  1720.250,     4.067162
  1720.300,     4.315987
  1720.350,     4.427724
  1720.400,     4.315859
  1720.450,     3.986453
  1720.500,     3.494985
  1720.550,     2.935004
  1720.600,     2.453639
  1720.650,     2.140690
  1720.700,     2.012255
  1720.750,     1.964166
  1720.800,     1.840654
  1720.850,     1.569658
  1720.900,     1.172374
  1720.950,     0.757285
  1721.000,     0.419091
  1721.050,     0.157191
  1721.100,    -0.096703
  1721.150,    -0.428254
  1721.200,    -0.837142
  1721.250,    -1.234775
  1721.300,    -1.565243
  1721.350,    -1.859456
  1721.400,    -2.224356
  1721.450,    -2.695504
  1721.500,    -3.163725
  1721.550,    -3.534487
  1721.600,    -3.795846
  1721.650,    -4.053607
  1721.700,    -4.353066
  1721.750,    -4.651223
  1721.800,    -4.865441
  1721.850,    -4.964416
  1721.900,    -4.957270
  1721.950,    -4.877130
  1722.000,    -4.771644
  1722.050,    -4.704887
  1722.100,    -4.754522
  1722.150,    -4.925608
  1722.200,    -5.160376
  1722.250,    -5.326126
  1722.300,    -5.364735
  1722.350,    -5.333933
  1722.400,    -5.287622
  1722.450,    -5.207671
  1722.500,    -5.040180
  1722.550,    -4.765087
  1722.600,    -4.431418
  1722.650,    -4.153118
  1722.700,    -3.966951
  1722.750,    -3.871864
  1722.800,    -3.833459
  1722.850,    -3.785019
  1722.900,    -3.689355
  1722.950,    -3.527512
  1723.000,    -3.336538
  1723.050,    -3.122491
  1723.100,    -2.930003
  1723.150,    -2.780280
  1723.200,    -2.653226
  1723.250,    -2.510625
  1723.300,    -2.347887
  1723.350,    -2.183625
  1723.400,    -2.122789
  1723.450,    -2.146497
  1723.500,    -2.210800
  1723.550,    -2.241396
  1723.600,    -2.190921
  1723.650,    -2.033205
  1723.700,    -1.777296
  1723.750,    -1.462252
  1723.800,    -1.167081
  1723.850,    -0.976846
  1723.900,    -0.922631
  1723.950,    -0.958546
  1724.000,    -1.018620
  1724.050,    -1.097841
  1724.100,    -1.230516
  1724.150,    -1.429175
  1724.200,    -1.626042
  1724.250,    -1.755468
  1724.300,    -1.770530
  1724.350,    -1.690504
  1724.400,    -1.531924
  1724.450,    -1.357245
  1724.500,    -1.212881
  1724.550,    -1.153461
  1724.600,    -1.185465
  1724.650,    -1.264010
  1724.700,    -1.386382
  1724.750,    -1.559596
  1724.800,    -1.709660
  1724.850,    -1.783148
  1724.900,    -1.783724
  1724.950,    -1.765920
  1725.000,    -1.865231
  1725.050,    -2.062166
  1725.100,    -2.286652
  1725.150,    -2.446536
  1725.200,    -2.494784
  1725.250,    -2.455748
  1725.300,    -2.379887
  1725.350,    -2.303884
  1725.400,    -2.260942
  1725.450,    -2.241133
  1725.500,    -2.196449
  1725.550,    -2.056121
  1725.600,    -1.838361
  1725.650,    -1.657445
  1725.700,    -1.627618
  1725.750,    -1.835909
  1725.800,    -2.235083
  1725.850,    -2.674087
  1725.900,    -2.980710
  1725.950,    -3.019270
  1726.000,    -2.850807
  1726.050,    -2.577601
  1726.100,    -2.371828
  1726.150,    -2.246626
  1726.200,    -2.132002
  1726.250,    -1.953711
  1726.300,    -1.719783
  1726.350,    -1.530080
  1726.400,    -1.429565
  1726.450,    -1.489553
  1726.500,    -1.682612
  1726.550,    -1.939009
  1726.600,    -2.133368
  1726.650,    -2.229071
  1726.700,    -2.244897
  1726.750,    -2.259508
  1726.800,    -2.313241
  1726.850,    -2.345951
  1726.900,    -2.334659
  1726.950,    -2.181030
  1727.000,    -1.884612
  1727.050,    -1.464579
  1727.100,    -1.051294
  1727.150,    -0.783531
  1727.200,    -0.627752
  1727.250,    -0.486592
  1727.300,    -0.269184
  1727.350,    -0.003991
  1727.400,     0.175008
  1727.450,     0.138476
  1727.500,    -0.040286
  1727.550,    -0.245526
  1727.600,    -0.425047
  1727.650,    -0.569496
  1727.700,    -0.685038
  1727.750,    -0.684048
  1727.800,    -0.532105
  1727.850,    -0.270763
  1727.900,     0.014582
  1727.950,     0.297639
  1728.000,     0.532122
  1728.050,     0.714493
  1728.100,     0.836207
  1728.150,     0.875715
  1728.200,     0.889287
  1728.250,     0.871733
  1728.300,     0.849598
  1728.350,     0.778618
  1728.400,     0.629262
  1728.450,     0.369000
  1728.500,     0.050117
  1728.550,    -0.248158
  1728.600,    -0.498904
  1728.650,    -0.673783
  1728.700,    -0.823586
  1728.750,    -0.959639
  1728.800,    -1.094392
  1728.850,    -1.160335
  1728.900,    -1.129892
  1728.950,    -0.976595
  1729.000,    -0.720147
  1729.050,    -0.398950
  1729.100,    -0.062497
  1729.150,     0.200593
  1729.200,     0.360227
  1729.250,     0.393786
  1729.300,     0.358601
  1729.350,     0.295238
  1729.400,     0.261904
  1729.450,     0.336251
  1729.500,     0.526560
  1729.550,     0.826199
  1729.600,     1.139160
  1729.650,     1.374606
  1729.700,     1.483683
  1729.750,     1.418293
  1729.800,     1.140302
  1729.850,     0.649659
  1729.900,     0.031302
  1729.950,    -0.570185
  1730.000,    -1.040248
  1730.050,    -1.392040
  1730.100,    -1.632007
  1730.150,    -1.794443
  1730.200,    -1.855614
  1730.250,    -1.768920
  1730.300,    -1.601067
  1730.350,    -1.387517
  1730.400,    -1.248091
  1730.450,    -1.199315
  1730.500,    -1.230716
  1730.550,    -1.325713
  1730.600,    -1.433551
  1730.650,    -1.569647
  1730.700,    -1.756269
  1730.750,    -2.009151
  1730.800,    -2.232713
  1730.850,    -2.333628
  1730.900,    -2.261291
  1730.950,    -2.057780
  1731.000,    -1.836984
  1731.050,    -1.692884
  1731.100,    -1.628997
  1731.150,    -1.574194
  1731.200,    -1.448672
  1731.250,    -1.180737
  1731.300,    -0.723553
  1731.350,    -0.140440
  1731.400,     0.442703
  1731.450,     0.888043
  1731.500,     1.105029
  1731.550,     1.106478
  1731.600,     0.930748
  1731.650,     0.613464
  1731.700,     0.155371
  1731.750,    -0.454552
  1731.800,    -1.183441
  1731.850,    -1.898598
  1731.900,    -2.442708
  1731.950,    -2.743741
  1732.000,    -2.799089
  1732.050,    -2.712793
  1732.100,    -2.553684
  1732.150,    -2.360322
  1732.200,    -2.135456
  1732.250,    -1.868628
  1732.300,    -1.576976
  1732.350,    -1.262069
  1732.400,    -0.993302
  1732.450,    -0.770478
  1732.500,    -0.662681
  1732.550,    -0.662999
  1732.600,    -0.772806
  1732.650,    -0.973122
  1732.700,    -1.155457
  1732.750,    -1.319044
  1732.800,    -1.414451
  1732.850,    -1.487933
  1732.900,    -1.585919
  1732.950,    -1.708829
  1733.000,    -1.814079
  1733.050,    -1.820977
  1733.100,    -1.720443
  1733.150,    -1.586986
  1733.200,    -1.482153
  1733.250,    -1.395554
  1733.300,    -1.322887
  1733.350,    -1.278389
  1733.400,    -1.297642
  1733.450,    -1.400715
  1733.500,    -1.516531
  1733.550,    -1.561376
  1733.600,    -1.541480
  1733.650,    -1.552209
  1733.700,    -1.687080
  1733.750,    -1.943445
  1733.800,    -2.213223
  1733.850,    -2.430063
  1733.900,    -2.565324
  1733.950,    -2.670395
  1734.000,    -2.748728
  1734.050,    -2.774200
  1734.100,    -2.714344
  1734.150,    -2.545653
  1734.200,    -2.285582
  1734.250,    -1.956481
  1734.300,    -1.637369
  1734.350,    -1.351573
  1734.400,    -1.163149
  1734.450,    -1.064064
  1734.500,    -1.031251
  1734.550,    -1.023144
  1734.600,    -1.011558
  1734.650,    -0.961211
  1734.700,    -0.930307
  1734.750,    -1.011406
  1734.800,    -1.205012
  1734.850,    -1.471376
  1734.900,    -1.739771
  1734.950,    -1.940119
  1735.000,    -2.037549
  1735.050,    -2.101386
  1735.100,    -2.122757
  1735.150,    -2.122208
  1735.200,    -2.067475
  1735.250,    -1.912301
  1735.300,    -1.650165
  1735.350,    -1.371208
  1735.400,    -1.126461
  1735.450,    -0.971348
  1735.500,    -0.924191
  1735.550,    -0.956322
  1735.600,    -1.047888
  1735.650,    -1.130317
  1735.700,    -1.179505
  1735.750,    -1.181489
  1735.800,    -1.191097
  1735.850,    -1.247590
  1735.900,    -1.341259
  1735.950,    -1.430885
  1736.000,    -1.468945
  1736.050,    -1.461977
  1736.100,    -1.441105
  1736.150,    -1.443086
  1736.200,    -1.449289
  1736.250,    -1.449963
  1736.300,    -1.425785
  1736.350,    -1.359747
  1736.400,    -1.256790
  1736.450,    -1.171777
  1736.500,    -1.120555
  1736.550,    -1.102102
  1736.600,    -1.086965
  1736.650,    -1.067644
  1736.700,    -1.092775
  1736.750,    -1.234474
  1736.800,    -1.428439
  1736.850,    -1.611456
  1736.900,    -1.717174
  1736.950,    -1.725291
  1737.000,    -1.642936
  1737.050,    -1.514166
  1737.100,    -1.356540
  1737.150,    -1.133968
  1737.200,    -0.859705
  1737.250,    -0.532088
  1737.300,    -0.168784
  1737.350,     0.194374
  1737.400,     0.514057
  1737.450,     0.727048
  1737.500,     0.764800
  1737.550,     0.621321
  1737.600,     0.309569
  1737.650,    -0.088841
  1737.700,    -0.482097
  1737.750,    -0.863613
  1737.800,    -1.183792
  1737.850,    -1.435626
  1737.900,    -1.615726
  1737.950,    -1.709843
  1738.000,    -1.718881
  1738.050,    -1.691476
  1738.100,    -1.610058
  1738.150,    -1.480387
  1738.200,    -1.295221
  1738.250,    -1.090313
  1738.300,    -0.911696
  1738.350,    -0.779805
  1738.400,    -0.726718
  1738.450,    -0.739808
  1738.500,    -0.799951
  1738.550,    -0.823700
  1738.600,    -0.861641
  1738.650,    -0.915912
  1738.700,    -0.995757
  1738.750,    -1.009125
  1738.800,    -0.879659
  1738.850,    -0.623468
  1738.900,    -0.353960
  1738.950,    -0.215194
  1739.000,    -0.248802
  1739.050,    -0.415415
  1739.100,    -0.645170
  1739.150,    -0.852394
  1739.200,    -1.023297
  1739.250,    -1.110929
  1739.300,    -1.099864
  1739.350,    -1.024253
  1739.400,    -0.938789
  1739.450,    -0.852099
  1739.500,    -0.766084
  1739.550,    -0.636655
  1739.600,    -0.488660
  1739.650,    -0.379436
  1739.700,    -0.385624
  1739.750,    -0.503495
  1739.800,    -0.664558
  1739.850,    -0.778449
  1739.900,    -0.781967
  1739.950,    -0.705094
  1740.000,    -0.638239
  1740.050,    -0.632381
  1740.100,    -0.653726
  1740.150,    -0.670583
  1740.200,    -0.671533
  1740.250,    -0.690038
  1740.300,    -0.722233
  1740.350,    -0.795020
  1740.400,    -0.874145
  1740.450,    -0.954792
  1740.500,    -1.025947
  1740.550,    -1.047923
  1740.600,    -1.038639
  1740.650,    -1.033039
  1740.700,    -0.992277
  1740.750,    -0.948270
  1740.800,    -0.920169
  1740.850,    -0.924509
  1740.900,    -0.928693
  1740.950,    -0.898406
  1741.000,    -0.792398
  1741.050,    -0.601698
  1741.100,    -0.375357
  1741.150,    -0.151154
  1741.200,     0.003207
  1741.250,     0.038730
  1741.300,    -0.110185
  1741.350,    -0.378002
  1741.400,    -0.683662
  1741.450,    -0.902429
  1741.500,    -1.008471
  1741.550,    -1.062731
  1741.600,    -1.122544
  1741.650,    -1.201916
  1741.700,    -1.262376
  1741.750,    -1.221193
  1741.800,    -1.080256
  1741.850,    -0.841320
  1741.900,    -0.588079
  1741.950,    -0.389706
  1742.000,    -0.280211
  1742.050,    -0.249737
  1742.100,    -0.275788
  1742.150,    -0.293565
  1742.200,    -0.277847
  1742.250,    -0.215909
  1742.300,    -0.140916
  1742.350,    -0.091302
  1742.400,    -0.068463
  1742.450,    -0.086625
  1742.500,    -0.104047
  1742.550,    -0.126561
  1742.600,    -0.119388
  1742.650,    -0.118645
  1742.700,    -0.166615
  1742.750,    -0.242807
  1742.800,    -0.317065
  1742.850,    -0.321881
  1742.900,    -0.284304
  1742.950,    -0.235122
  1743.000,    -0.225769
  1743.050,    -0.333484
  1743.100,    -0.523923
  1743.150,    -0.730746
  1743.200,    -0.886837
  1743.250,    -0.982384
  1743.300,    -0.988604
  1743.350,    -0.952949
  1743.400,    -0.882294
  1743.450,    -0.758839
  1743.500,    -0.587587
  1743.550,    -0.384194
  1743.600,    -0.154713
  1743.650,     0.028417
  1743.700,     0.125998
  1743.750,     0.119802
  1743.800,     0.044139
  1743.850,    -0.085033
  1743.900,    -0.198760
  1743.950,    -0.318634
  1744.000,    -0.424781
  1744.050,    -0.525261
  1744.100,    -0.542602
  1744.150,    -0.483217
  1744.200,    -0.370997
  1744.250,    -0.238606
  1744.300,    -0.114641
  1744.350,    -0.051647
  1744.400,    -0.046854
  1744.450,    -0.101119
  1744.500,    -0.147498
  1744.550,    -0.151560
  1744.600,    -0.109358
  1744.650,    -0.091837
  1744.700,    -0.132697
  1744.750,    -0.263902
  1744.800,    -0.389753
  1744.850,    -0.483665
  1744.900,    -0.544763
  1744.950,    -0.602900
  1745.000,    -0.679959
  1745.050,    -0.749167
  1745.100,    -0.766526
  1745.150,    -0.732005
  1745.200,    -0.619127
  1745.250,    -0.477339
  1745.300,    -0.347112
  1745.350,    -0.285120
  1745.400,    -0.317599
  1745.450,    -0.454250
  1745.500,    -0.626461
  1745.550,    -0.794833
  1745.600,    -0.898676
  1745.650,    -0.940963
  1745.700,    -0.926527
  1745.750,    -0.856278
  1745.800,    -0.715011
  1745.850,    -0.504155
  1745.900,    -0.265956
  1745.950,    -0.108790
  1746.000,    -0.089791
  1746.050,    -0.170125
  1746.100,    -0.270797
  1746.150,    -0.335627
  1746.200,    -0.349090
  1746.250,    -0.398353
  1746.300,    -0.524730
  1746.350,    -0.686611
  1746.400,    -0.807931
  1746.450,    -0.858720
  1746.500,    -0.851122
  1746.550,    -0.848232
  1746.600,    -0.909998
  1746.650,    -1.058760
  1746.700,    -1.237630
  1746.750,    -1.364604
  1746.800,    -1.409860
  1746.850,    -1.395394
  1746.900,    -1.351379
  1746.950,    -1.337767
  1747.000,    -1.339504
  1747.050,    -1.330613
  1747.100,    -1.267815
  1747.150,    -1.141458
  1747.200,    -0.976064
  1747.250,    -0.868680
  1747.300,    -0.861801
  1747.350,    -1.003431
  1747.400,    -1.156379
  1747.450,    -1.198671
  1747.500,    -1.080488
  1747.550,    -0.876772
  1747.600,    -0.730237
  1747.650,    -0.719417
  1747.700,    -0.823820
  1747.750,    -0.966147
  1747.800,    -1.057889
  1747.850,    -1.099178
  1747.900,    -1.080017
  1747.950,    -1.026344
  1748.000,    -0.984238
  1748.050,    -0.955921
  1748.100,    -0.929257
  1748.150,    -0.886693
  1748.200,    -0.825524
  1748.250,    -0.795035
  1748.300,    -0.791992
  1748.350,    -0.834466
  1748.400,    -0.946999
  1748.450,    -1.096503
  1748.500,    -1.231886
  1748.550,    -1.306169
  1748.600,    -1.257215
  1748.650,    -1.135801
  1748.700,    -0.983295
  1748.750,    -0.854646
  1748.800,    -0.734805
  1748.850,    -0.622021
  1748.900,    -0.539133
  1748.950,    -0.488225
  1749.000,    -0.488245
  1749.050,    -0.546114
  1749.100,    -0.640034
  1749.150,    -0.723466
  1749.200,    -0.797360
  1749.250,    -0.842350
  1749.300,    -0.885019
  1749.350,    -0.888626
  1749.400,    -0.831889
  1749.450,    -0.724871
  1749.500,    -0.625636
  1749.550,    -0.617228
  1749.600,    -0.707321
  1749.650,    -0.857816
  1749.700,    -1.007420
  1749.750,    -1.119647
  1749.800,    -1.145060
  1749.850,    -1.071052
  1749.900,    -0.952153
  1749.950,    -0.815861
  1750.000,    -0.730953
  1750.050,    -0.719671
  1750.100,    -0.704041
  1750.150,    -0.664224
  1750.200,    -0.629126
  1750.250,    -0.614469
  1750.300,    -0.651033
  1750.350,    -0.723170
  1750.400,    -0.810563
  1750.450,    -0.884435
  1750.500,    -0.901290
  1750.550,    -0.883551
  1750.600,    -0.826827
  1750.650,    -0.796776
  1750.700,    -0.805805
  1750.750,    -0.826296
  1750.800,    -0.825041
  1750.850,    -0.790348
  1750.900,    -0.781629
  1750.950,    -0.873519
  1751.000,    -1.042445
  1751.050,    -1.222774
  1751.100,    -1.327093
  1751.150,    -1.328385
  1751.200,    -1.259095
  1751.250,    -1.198584
  1751.300,    -1.203638
  1751.350,    -1.297548
  1751.400,    -1.436491
  1751.450,    -1.592819
  1751.500,    -1.689353
  1751.550,    -1.705690
  1751.600,    -1.607081
  1751.650,    -1.442602
  1751.700,    -1.259672
  1751.750,    -1.120890
  1751.800,    -1.024580
  1751.850,    -0.934033
  1751.900,    -0.817427
  1751.950,    -0.727089
  1752.000,    -0.686427
  1752.050,    -0.726139
  1752.100,    -0.784084
  1752.150,    -0.813811
  1752.200,    -0.801111
  1752.250,    -0.806016
  1752.300,    -0.863583
  1752.350,    -0.998819
  1752.400,    -1.107884
  1752.450,    -1.152155
  1752.500,    -1.120487
  1752.550,    -1.050310
  1752.600,    -1.020712
  1752.650,    -1.056060
  1752.700,    -1.126138
  1752.750,    -1.175320
  1752.800,    -1.125679
  1752.850,    -0.990642
  1752.900,    -0.812423
  1752.950,    -0.609110
  1753.000,    -0.465179
  1753.050,    -0.408094
  1753.100,    -0.458746
  1753.150,    -0.571571
  1753.200,    -0.662439
  1753.250,    -0.695637
  1753.300,    -0.690374
  1753.350,    -0.716503
  1753.400,    -0.752692
  1753.450,    -0.735737
  1753.500,    -0.632657
  1753.550,    -0.466077
  1753.600,    -0.306743
  1753.650,    -0.216354
  1753.700,    -0.195538
  1753.750,    -0.210693
  1753.800,    -0.223584
  1753.850,    -0.216538
  1753.900,    -0.199028
  1753.950,    -0.194214
  1754.000,    -0.188947
  1754.050,    -0.172049
  1754.100,    -0.152630
  1754.150,    -0.138558
  1754.200,    -0.142457
  1754.250,    -0.143478
  1754.300,    -0.118974
  1754.350,    -0.017892
  1754.400,     0.150978
  1754.450,     0.355680
  1754.500,     0.533491
  1754.550,     0.646368
  1754.600,     0.699186
  1754.650,     0.750989
  1754.700,     0.800097
  1754.750,     0.854660
  1754.800,     0.857214
  1754.850,     0.841793
  1754.900,     0.758088
  1754.950,     0.611771
  1755.000,     0.435386
  1755.050,     0.252851
  1755.100,     0.117170
  1755.150,     0.091016
  1755.200,     0.113676
  1755.250,     0.129809
  1755.300,     0.094716
  1755.350,     0.024077
  1755.400,    -0.002492
  1755.450,     0.056812
  1755.500,     0.189141
  1755.550,     0.318906
  1755.600,     0.397740
  1755.650,     0.420984
  1755.700,     0.423948
  1755.750,     0.465358
  1755.800,     0.505809
  1755.850,     0.540479
  1755.900,     0.538953
  1755.950,     0.470253
  1756.000,     0.372379
  1756.050,     0.263742
  1756.100,     0.214075
  1756.150,     0.254518
  1756.200,     0.319859
  1756.250,     0.355026
  1756.300,     0.337248
  1756.350,     0.288643
  1756.400,     0.251408
  1756.450,     0.213119
  1756.500,     0.227857
  1756.550,     0.290761
  1756.600,     0.393270
  1756.650,     0.475354
  1756.700,     0.462766
  1756.750,     0.368161
  1756.800,     0.250464
  1756.850,     0.134399
  1756.900,     0.079568
  1756.950,     0.034445
  1757.000,    -0.005098
  1757.050,    -0.037840
  1757.100,    -0.069234
  1757.150,    -0.087526
  1757.200,    -0.108552
  1757.250,    -0.142355
  1757.300,    -0.177782
  1757.350,    -0.227562
  1757.400,    -0.258432
  1757.450,    -0.298055
  1757.500,    -0.355288
  1757.550,    -0.418547
  1757.600,    -0.503598
  1757.650,    -0.556386
  1757.700,    -0.571912
  1757.750,    -0.569964
  1757.800,    -0.566298
  1757.850,    -0.579652
  1757.900,    -0.579034
  1757.950,    -0.573923
  1758.000,    -0.574002
  1758.050,    -0.577084
  1758.100,    -0.614918
  1758.150,    -0.657107
  1758.200,    -0.658821
  1758.250,    -0.653341
  1758.300,    -0.641470
  1758.350,    -0.655250
  1758.400,    -0.685044
  1758.450,    -0.694477
  1758.500,    -0.650879
  1758.550,    -0.585419
  1758.600,    -0.547988
  1758.650,    -0.567666
  1758.700,    -0.595608
  1758.750,    -0.580872
  1758.800,    -0.528077
  1758.850,    -0.470740
  1758.900,    -0.478052
  1758.950,    -0.524685
  1759.000,    -0.563293
  1759.050,    -0.588901
  1759.100,    -0.574853
  1759.150,    -0.544626
  1759.200,    -0.504980
  1759.250,    -0.448821
  1759.300,    -0.414400
  1759.350,    -0.426844
  1759.400,    -0.498130
  1759.450,    -0.585237
  1759.500,    -0.674805
  1759.550,    -0.747402
  1759.600,    -0.814001
  1759.650,    -0.860202
  1759.700,    -0.876724
  1759.750,    -0.871962
  1759.800,    -0.854794
  1759.850,    -0.832435
  1759.900,    -0.816209
  1759.950,    -0.802543
  1760.000,    -0.793851
  1760.050,    -0.777905
  1760.100,    -0.764253
  1760.150,    -0.756036
  1760.200,    -0.798213
  1760.250,    -0.879149
  1760.300,    -0.997853
  1760.350,    -1.098225
  1760.400,    -1.149768
  1760.450,    -1.137574
  1760.500,    -1.138954
  1760.550,    -1.160455
  1760.600,    -1.219787
  1760.650,    -1.280915
  1760.700,    -1.323412
  1760.750,    -1.326671
  1760.800,    -1.295929
  1760.850,    -1.241421
  1760.900,    -1.194345
  1760.950,    -1.161367
  1761.000,    -1.207785
  1761.050,    -1.306048
  1761.100,    -1.441886
  1761.150,    -1.535280
  1761.200,    -1.581945
  1761.250,    -1.607739
  1761.300,    -1.598879
  1761.350,    -1.597244
  1761.400,    -1.571548
  1761.450,    -1.495476
  1761.500,    -1.391911
  1761.550,    -1.299493
  1761.600,    -1.224497
  1761.650,    -1.179117
  1761.700,    -1.184276
  1761.750,    -1.233198
  1761.800,    -1.274253
  1761.850,    -1.293007
  1761.900,    -1.236919
  1761.950,    -1.141762
  1762.000,    -1.047971
  1762.050,    -0.951190
  1762.100,    -0.877517
  1762.150,    -0.850745
  1762.200,    -0.843648
  1762.250,    -0.853299
  1762.300,    -0.838771
  1762.350,    -0.813153
  1762.400,    -0.771326
  1762.450,    -0.743326
  1762.500,    -0.723197
  1762.550,    -0.710642
  1762.600,    -0.706527
  1762.650,    -0.686006
  1762.700,    -0.652321
  1762.750,    -0.594254
  1762.800,    -0.536998
  1762.850,    -0.501361
  1762.900,    -0.483122
  1762.950,    -0.496920
  1763.000,    -0.474821
  1763.050,    -0.436508
  1763.100,    -0.409047
  1763.150,    -0.418178
  1763.200,    -0.468484
  1763.250,    -0.545725
  1763.300,    -0.606184
  1763.350,    -0.601498
  1763.400,    -0.549155
  1763.450,    -0.495202
  1763.500,    -0.482308
  1763.550,    -0.538388
  1763.600,    -0.639239
  1763.650,    -0.726740
  1763.700,    -0.763688
  1763.750,    -0.711868
  1763.800,    -0.625773
  1763.850,    -0.566860
  1763.900,    -0.605201
  1763.950,    -0.695041
  1764.000,    -0.818555
  1764.050,    -0.928085
  1764.100,    -0.989166
  1764.150,    -1.020885
  1764.200,    -1.019618
  1764.250,    -1.000617
  1764.300,    -0.995503
  1764.350,    -1.012451
  1764.400,    -1.038217
  1764.450,    -1.026990
  1764.500,    -0.976659
  1764.550,    -0.922659
  1764.600,    -0.935358
  1764.650,    -1.021806
  1764.700,    -1.142222
  1764.750,    -1.242197
  1764.800,    -1.314032
  1764.850,    -1.351854
  1764.900,    -1.370978
  1764.950,    -1.349396
  1765.000,    -1.269401
  1765.050,    -1.163975
  1765.100,    -1.094053
  1765.150,    -1.072333
  1765.200,    -1.103976
  1765.250,    -1.141970
  1765.300,    -1.181549
  1765.350,    -1.215932
  1765.400,    -1.256522
  1765.450,    -1.287922
  1765.500,    -1.320139
  1765.550,    -1.338497
  1765.600,    -1.328634
  1765.650,    -1.289292
  1765.700,    -1.215973
  1765.750,    -1.152626
  1765.800,    -1.122957
  1765.850,    -1.157543
  1765.900,    -1.253752
  1765.950,    -1.377195
  1766.000,    -1.490556
  1766.050,    -1.537664
  1766.100,    -1.503261
  1766.150,    -1.426377
  1766.200,    -1.344979
  1766.250,    -1.319606
  1766.300,    -1.324596
  1766.350,    -1.347037
  1766.400,    -1.379950
  1766.450,    -1.431540
  1766.500,    -1.503853
  1766.550,    -1.572915
  1766.600,    -1.618801
  1766.650,    -1.591486
  1766.700,    -1.505388
  1766.750,    -1.385850
  1766.800,    -1.290649
  1766.850,    -1.188768
  1766.900,    -1.102782
  1766.950,    -1.025899
  1767.000,    -0.989875
  1767.050,    -1.032870
  1767.100,    -1.101385
  1767.150,    -1.183207
  1767.200,    -1.239999
  1767.250,    -1.285501
  1767.300,    -1.325017
  1767.350,    -1.332808
  1767.400,    -1.285316
  1767.450,    -1.205552
  1767.500,    -1.121496
  1767.550,    -1.074322
  1767.600,    -1.070149
  1767.650,    -1.109149
  1767.700,    -1.141874
  1767.750,    -1.155798
  1767.800,    -1.127568
  1767.850,    -1.066136
  1767.900,    -0.971089
  1767.950,    -0.881552
  1768.000,    -0.802075
  1768.050,    -0.749648
  1768.100,    -0.775714
  1768.150,    -0.863431
  1768.200,    -1.001200
  1768.250,    -1.107565
  1768.300,    -1.123983
  1768.350,    -1.054005
  1768.400,    -0.907157
  1768.450,    -0.743941
  1768.500,    -0.590829
  1768.550,    -0.496422
  1768.600,    -0.469767
  1768.650,    -0.511232
  1768.700,    -0.572218
  1768.750,    -0.641450
  1768.800,    -0.707239
  1768.850,    -0.808355
  1768.900,    -0.939257
  1768.950,    -1.090237
  1769.000,    -1.176386
  1769.050,    -1.168587
  1769.100,    -1.053017
  1769.150,    -0.872727
  1769.200,    -0.709022
  1769.250,    -0.618233
  1769.300,    -0.578058
  1769.350,    -0.602067
  1769.400,    -0.655383
  1769.450,    -0.716529
  1769.500,    -0.807941
  1769.550,    -0.908763
  1769.600,    -1.021555
  1769.650,    -1.068693
  1769.700,    -1.066870
  1769.750,    -0.957580
  1769.800,    -0.810775
  1769.850,    -0.664454
  1769.900,    -0.561624
  1769.950,    -0.539839
  1770.000,    -0.546698
  1770.050,    -0.585639
  1770.100,    -0.607423
  1770.150,    -0.640027
  1770.200,    -0.641666
  1770.250,    -0.630490
  1770.300,    -0.587209
  1770.350,    -0.600157
  1770.400,    -0.647175
  1770.450,    -0.684635
  1770.500,    -0.692049
  1770.550,    -0.650483
  1770.600,    -0.640010
  1770.650,    -0.628843
  1770.700,    -0.630326
  1770.750,    -0.616263
  1770.800,    -0.630404
  1770.850,    -0.685911
  1770.900,    -0.762454
  1770.950,    -0.809801
  1771.000,    -0.772864
  1771.050,    -0.685982
  1771.100,    -0.591367
  1771.150,    -0.558760
  1771.200,    -0.620303
  1771.250,    -0.733647
  1771.300,    -0.837838
  1771.350,    -0.873777
  1771.400,    -0.842223
  1771.450,    -0.795891
  1771.500,    -0.773069
  1771.550,    -0.791731
  1771.600,    -0.802223
  1771.650,    -0.784759
  1771.700,    -0.757936
  1771.750,    -0.720532
  1771.800,    -0.699581
  1771.850,    -0.703914
  1771.900,    -0.767162
  1771.950,    -0.818551
  1772.000,    -0.852305
  1772.050,    -0.815257
  1772.100,    -0.744263
  1772.150,    -0.677998
  1772.200,    -0.673289
  1772.250,    -0.758632
  1772.300,    -0.883227
  1772.350,    -0.983206
  1772.400,    -1.005885
  1772.450,    -0.960326
  1772.500,    -0.923695
  1772.550,    -0.929887
  1772.600,    -0.963099
  1772.650,    -0.968195
  1772.700,    -0.925197
  1772.750,    -0.849042
  1772.800,    -0.803524
  1772.850,    -0.798919
  1772.900,    -0.826877
  1772.950,    -0.858021
  1773.000,    -0.899787
  1773.050,    -0.964610
  1773.100,    -1.030476
  1773.150,    -1.098543
  1773.200,    -1.119292
  1773.250,    -1.125238
  1773.300,    -1.099636
  1773.350,    -1.070698
  1773.400,    -1.036160
  1773.450,    -1.002587
  1773.500,    -1.008300
  1773.550,    -1.003647
  1773.600,    -1.022031
  1773.650,    -1.052240
  1773.700,    -1.066075
  1773.750,    -1.067701
  1773.800,    -1.049224
  1773.850,    -1.054807
  1773.900,    -1.083454
  1773.950,    -1.160619
  1774.000,    -1.200886
  1774.050,    -1.215108
  1774.100,    -1.173769
  1774.150,    -1.140831
  1774.200,    -1.102573
  1774.250,    -1.072963
  1774.300,    -1.000018
  1774.350,    -0.945534
  1774.400,    -0.902621
  1774.450,    -0.911758
  1774.500,    -0.941829
  1774.550,    -0.993671
  1774.600,    -1.055302
  1774.650,    -1.097509
  1774.700,    -1.127920
  1774.750,    -1.127974
  1774.800,    -1.119563
  1774.850,    -1.121357
  1774.900,    -1.121251
  1774.950,    -1.127983
  1775.000,    -1.126296

