freq(GHz)	real_ε	real_ε_SG_filtered	real_ε_SG_filtered+RA	loss_T	loss_T_SG_filtered	loss_T_SG_filtered+RA
50.0	2.763353183	2.7464185912328056	2.7463577580322753	0.005834593	0.006065917479787512	0.006063293496327144
50.033333333333005	2.76420354	2.7465468761274114	2.7464858864371036	0.007210288	0.006060569281862704	0.006058700711495009
50.066666666667	2.766140828	2.7466759650484214	2.7466148488809043	0.008556749	0.0060541008974279425	0.006052994730735829
50.1	2.767698952	2.746805937206937	2.746744705708463	0.010632842	0.0060465669674952555	0.006046225361741805
50.133333333333	2.766225574	2.7469368831268506	2.7468755294585505	0.013277219	0.006038029413490056	0.006038449621663505
50.166666666667	2.765313552	2.7470689014096115	2.747007402027881	0.016980378	0.006028557091057479	0.00602973143088935
50.2	2.748596419	2.7472020954563257	2.7471404117543794	0.023195562	0.0060182253941741815	0.006020141257129626
50.233333333333	2.725680721	2.7473365702337884	2.7472746505011196	0.022788949	0.006007115813617594	0.006009755713444036
50.266666666667	2.713450084	2.7474724291704247	2.7474102108222396	0.016000226	0.005995315454231407	0.005998657114226775
50.3	2.705534464	2.7476097712662373	2.7475471832909175	0.010076805	0.005982916515749376	0.0059869329934822135
50.333333333333	2.710006582	2.7477486884977864	2.747685653788289	0.005562622	0.005970015742190269	0.005974675586262319
50.366666666667	2.71485816	2.7478892635948107	2.7478257009357563	0.003175998	0.005956713845006797	0.005961981279396002
50.4	2.716475217	2.7480315682596217	2.7479673937031692	0.001807237	0.005943114905255333	0.005948950035839002
50.433333333333	2.712088298	2.7481756618937188	2.7481107892177894	0.000227496	0.00592932576004964	0.005935684796970101
50.466666666666995	2.697436596	2.7483215881005685	2.7482559307909113	-0.015410455	0.0059154553412911065	0.005922290867089458
50.5	2.756130959	2.748469372884282	2.7484028461706824	-0.006313259	0.005901614022394312	0.005908875284242958
50.533333333333005	2.74779973	2.7486190231304524	2.748551546021202	-0.00622571	0.005887912958604182	0.005895546181310926
50.566666666667	2.755538314	2.748770525379992	2.7487020226195242	-0.007583122	0.005874463424928589	0.005882412141070613
50.6	2.772391457	2.7489238449016433	2.748854248753948	-0.01119259	0.0058613761554249764	0.005869581548681989
50.633333333333	2.78956213	2.7490789250639494	2.749008176799074	-0.004615887	0.005848760687284381	0.005857161944769086
50.666666666667	2.795389208	2.7492356870029813	2.749163738214493	0.001598667	0.005836724712869947	0.005845259385706787
50.7	2.798005294	2.749394029578031	2.7493208433200778	0.007280287	0.005825373442603665	0.005833977812381768
50.733333333333	2.793251647	2.7495538296038613	2.7494793813401306	0.013884714	0.005814808981369098	0.005823418430366844
50.766666666667	2.775726012	2.7497149423449794	2.7496392207053435	0.018688712	0.005805129720920606	0.005813679104280601
50.8	2.755695504	2.749877202254756	2.7498002095987117	0.018360754	0.005796429750668122	0.005804853768974214
50.833333333333	2.74911007	2.750040423940133	2.749962176729163	0.014366339	0.005788798289144116	0.00579703186009885
50.866666666667	2.75460296	2.7502044033309794	2.750124932314781	0.012111844	0.005782319138454941	0.005790297766560421
50.9	2.762951278	2.7503689190321206	2.750288269256111	0.018130772	0.005777070164066155	0.005784730307361205
50.933333333333	2.720514403	2.750533733835328	2.750451964479086	0.017433707	0.005773122802361105	0.0057804022353542955
50.966666666666995	2.726971114	2.750698596368459	2.75061578042668	0.009668096	0.005770541598530748	0.005777379770488434
51.0	2.732410494	2.7508632428591637	2.7507794666784022	0.007177812	0.0057693837774856534	0.005775722165187225
51.033333333333005	2.736587919	2.751027398991331	2.750942761677213	0.007143916	0.0057696988506115	0.005775481304576397
51.066666666667	2.740208333	2.7511907818336074	2.751105394544374	0.006953789	0.005771528261300008	0.0057767013443334
51.1	2.738023163	2.7513531018209205	2.7512670869641207	0.006380863	0.005774905072261991	0.00577941838897327
51.133333333333	2.736897892	2.751514064771982	2.7514275551218135	0.007770717	0.005779853697656029	0.005783660213392118
51.166666666667	2.731548493	2.751673373928236	2.7515865116814817	0.00724268	0.0057863896830358365	0.005789446030455054
51.2	2.72648077	2.7518307320025936	2.7517436677803984	0.005243173	0.005794519536024972	0.005796786307248966
51.233333333333	2.720620392	2.751985843229584	2.7518987350236452	0.00244145	0.005804240610464854	0.005805682632486706
51.266666666667	2.708916759	2.7521384154122575	2.7520514274622867	-0.003767154	0.005815541046549577	0.0058161276373212365
51.3	2.74986131	2.7522881619651383	2.7522014635394974	-0.029146487	0.005828399769160109	0.0058281049715362705
51.333333333333	2.786208237	2.752434803848336	2.7523485679895723	-0.010818126	0.0058427865454247834	0.005841589336726171
51.366666666667	2.792758147	2.752578071423798	2.752492473675324	-0.004075814	0.005858662102988901	0.005856546577667186
51.4	2.796196304	2.7527177062200248	2.752632923349737	0.00246182	0.005875978309645317	0.005872933832620803
51.433333333333	2.801377047	2.752853462593023	2.752769671328009	0.010199169	0.00589467841441233	0.005890699742805787
51.466666666666995	2.755453469	2.752985109272733	2.7529024850561017	0.01327095	0.005914697349555019	0.005909784720737011
51.5	2.767864968	2.7531124307857526	2.753031146561675	0.008281383	0.005935962092445995	0.005930121276564958
51.533333333333005	2.773322359	2.753235228746722	2.7531554537835823	0.009038198	0.0059583920855611466	0.0059516344010505
51.566666666667	2.775236487	2.7533533230123055	2.7532752217729444	0.011826106	0.005981899712314689	0.005974242003213746
51.6	2.772348637	2.753466552693187	2.753390283760196	0.013631073	0.006006390825861828	0.005997855400134455
51.633333333333	2.772562357	2.753574777020866	2.753500492083877	0.018713498	0.006031765327439568	0.0060223798558312995
51.666666666667	2.750180874	2.7536778760674103	2.753605718978204	0.022934184	0.006057917790280211	0.006047715165612839
51.7	2.727194946	2.753775751317417	2.7537058572176525	0.020107117	0.006084738124621357	0.006073756281778414
51.733333333333	2.719162495	2.7538683260925385	2.7538008206179025	0.014244082	0.006112112278852405	0.00610039397605528
51.766666666667	2.719963144	2.7539555458298364	2.7538905443934825	0.008523959	0.006139922971380777	0.006127515533691943
51.8	2.7247151	2.7540373782160033	2.7539749853734143	0.006238808	0.006168050447370408	0.006155005473689806
51.833333333333	2.727099355	2.754113813180244	2.7540541220769916	0.00348624	0.006196373254101742	0.006182746289249516
51.866666666667	2.729309114	2.754184862749217	2.75412795465265	0.002430928	0.0062247690283298174	0.006210619202139012
51.9	2.733314664	2.754250560768103	2.7541965046836916	-0.000106629	0.006253115288681314	0.006238504924362827
51.933333333333	2.743195407	2.75431096249251	2.7542598148654265	0.000596609	0.006281290225840466	0.006266284420233177
51.966666666666995	2.740077322	2.7543661440566387	2.7543179485591387	0.000448192	0.006309173483036666	0.006293839661721108
52.0	2.737205196	2.7544162018239895	2.754370989229233	-0.002137098	0.006336646919175169	0.006321054369810003
52.033333333333005	2.741387029	2.754461251627835	2.7544190397709576	-0.007349755	0.006363595346859513	0.00634781473449431
52.066666666667	2.75917939	2.75450142790989	2.754462221736853	-0.011171125	0.006389907237555892	0.0063740101060732034
52.1	2.776999111	2.754536882766957	2.7545006744710188	-0.01723513	0.006415475386260095	0.00639953365049403
52.133333333333	2.822549489	2.7545677849169454	2.754534554161244	0.002498999	0.00644019752825935	0.006424282961713745
52.166666666667	2.805839331	2.7545943185974915	2.7545640328200087	0.009479621	0.00646397690094482	0.006448160624376417
52.2	2.792052327	2.754616682408172	2.7545892972062553	0.017131918	0.006486722744118756	0.006471074720557232
52.233333333333	2.766689756	2.7546350881097568	2.7546105477007026	0.019178854	0.0065083507328895646	0.006492939274901166
52.266666666667	2.75194131	2.7546497593947645	2.7546279971481478	0.0145587	0.006528783338037627	0.006513674633186355
52.3	2.75049247	2.7546609306442824	2.7546418696807793	0.010483353	0.00654795010966339	0.00653320777016316
52.333333333333	2.75402121	2.7546688456864596	2.7546523995367886	0.008548443	0.006565787880983308	0.006551472523450808
52.366666666667	2.757103065	2.7546737565723043	2.754659829888591	0.007678116	0.006582240890298861	0.006568409751300561
52.4	2.76096384	2.754675922384343	2.75466441169507	0.007674426	0.006597260820407777	0.006583967413142089
52.433333333333	2.766077911	2.7546756080932777	2.754666402591895	0.008483394	0.006610806756028155	0.006598100572995047
52.466666666666995	2.77285039	2.754673083477033	2.754666065833375	0.012690915	0.006622845061135817	0.006610771327027707
52.5	2.754309607	2.7546686221155174	2.7546636692983952	0.016561584	0.006633349179442349	0.006621948657752577
52.533333333333005	2.746751936	2.754662500472964	2.75465948457177	0.014390207	0.00664229936253403	0.006631608218538794
52.566666666667	2.743353444	2.754654997078003	2.7546537861108824	0.013970704	0.006649682331419157	0.006639732053265785
52.6	2.737079171	2.7546463918095654	2.754646850505741	0.012937433	0.006655490878364218	0.006646308257017163
52.633333333333	2.733229398	2.754636965294487	2.7546389558386384	0.0113042	0.006659723416912103	0.006651330584694042
52.666666666667	2.729630578	2.754626998420207	2.7546303811474466	0.008820193	0.006662383488845465	0.00665479801529263
52.7	2.72473311	2.7546167719634242	2.754621405994345	0.006308509	0.0066634792375687745	0.00665671428032419
52.733333333333	2.724388553	2.7546065663329315	2.7546123101393905	0.002152613	0.0066630228579215595	0.006657087365442249
52.766666666667	2.729708676	2.7545966614222492	2.7546033733159954	-0.003430136	0.006661030032796941	0.006655928994772124
52.8	2.748308261	2.754587336565118	2.7545948751029745	-0.005755715	0.006657519367121708	0.00665325410770482
52.833333333333	2.760387281	2.754578870584496	2.7545870948855815	-0.002410349	0.006652511829757944	0.006649080338018823
52.866666666667	2.75929321	2.754571541923423	2.7545803118957553	-0.000270711	0.006646030213714625	0.006643427505129926
52.9	2.753423523	2.7545656288440483	2.7545748053198285	-0.005754732	0.006638098624717904	0.006636317127045009
52.933333333333	2.794465354	2.7545614096793574	2.754570854460143	0.000957692	0.006628742007691182	0.006627771964217278
52.966666666666995	2.787632501	2.7545591631205584	2.7545687389354443	0.006254753	0.0066179857200521315	0.006617815602976099
53.0	2.789851603	2.754559168521946	2.754568738903621	0.009112206	0.006605855159956479	0.006606472086544446
53.033333333333005	2.781930138	2.754561706204159	2.754571135289281	0.022333034	0.006592375456719622	0.006593765600871411
53.066666666667	2.753849115	2.7545670577360735	2.754576209997907	0.018110077	0.006577571229644251	0.006579720221607674
53.1	2.740849018	2.754575506175265	2.754584246097836	0.016826321	0.006561466420385149	0.0065643597275494795
53.133333333333	2.73105175	2.754587336246886	2.75459552795111	0.012280445	0.00654408420280517	0.006547707484783452
53.166666666667	2.731067297	2.7546028344410955	2.754610341274367	0.00746725	0.006525446973027604	0.0065297864045924525
53.2	2.734756544	2.7546222890096845	2.7546289731112994	0.004775501	0.0065055764210772485	0.006510618976944533
53.233333333333	2.738320862	2.7546459898433335	2.7546517116989384	0.003021159	0.006484493684135948	0.006490227380096617
53.266666666667	2.742028724	2.7546742282121017	2.7546788462109726	0.001129634	0.006462219580030919	0.006468633665515436
53.3	2.748835995	2.7547072963531245	2.7547106663626284	-0.000354357	0.006438774918142129	0.006445860015966353
53.333333333333	2.756643348	2.754745486891272	2.754747461863226	0.000108038	0.006414180883477301	0.0064219290732619935
53.366666666667	2.761174783	2.7547890920805496	2.7547895217044163	0.001679741	0.0063884594882404454	0.00639686433081636
53.4	2.76051355	2.754838402856413	2.7548371332742994	0.002935359	0.00636163408383245	0.006370690584836455
53.433333333333	2.757999307	2.754893707691823	2.754890581290112	0.002482864	0.0063337299248943145	0.006343434436725029
53.466666666666995	2.758883775	2.7549552912528634	2.7549501465449064	0.000813146	0.006304774775761578	0.006315124838087709
53.5	2.769282716	2.7550234328529974	2.7550161044666597	-0.001776871	0.00627479954857126	0.006285793668659364
53.533333333333005	2.787914448	2.755098404708517	2.7550887234914483	0.001085819	0.006243838961278208	0.006255476336511042
53.566666666667	2.792724877	2.7551804700014584	2.755168263255729	0.010534009	0.006211932203021675	0.006224212389093162
53.6	2.773898345	2.755269880760046	2.755254972616266	0.016830581	0.006179123593657728	0.0061920461230334884
53.633333333333	2.754260823	2.7553668755706564	2.7553490875098614	0.015802231	0.006145463223858677	0.006159027180158872
53.666666666667	2.748005812	2.755471677139162	2.7554508286686192	0.012357106	0.006111007561994098	0.006125211116962555
53.7	2.742410918	2.7555844897233537	2.7555603992100384	0.008768518	0.006075820014061624	0.006090659934706005
53.733333333333	2.757236107	2.755705496461784	2.7556779821246344	0.008166767	0.006039971423235728	0.006055442557532149
53.766666666667	2.751148209	2.7558348566277764	2.7558037376870055	0.008428002	0.006003540496148147	0.006019635246378241
53.8	2.75254252	2.755972702840441	2.755937800819203	0.007640764	0.005966614143798408	0.005983321937108369
53.833333333333	2.753121104	2.7561191382671897	2.756080278437868	0.007526832	0.00592928772600576	0.005946594492130042
53.866666666667	2.753099637	2.7562742338544775	2.7562312468187864	0.007706578	0.005891665189539656	0.005909552855803265
53.9	2.753455324	2.7564380256251666	2.756390749014259	0.007727983	0.005853859091482587	0.005872305105176833
53.933333333333	2.753963065	2.7566105120820215	2.756558792359923	0.008189278	0.005815990500959007	0.005834967388973886
53.966666666666995	2.753154049	2.7567916517573066	2.756735346108343	0.008219662	0.005778188774075405	0.005797663749273119
54.0	2.755446124	2.756981360948343	2.756920339226851	0.009012405	0.005740591198726332	0.005760525821966832
54.033333333333005	2.74313293	2.757179511678085	2.7571136583966833	0.01483209	0.005703342507797302	0.005723692413794328
54.066666666667	2.728220913	2.757385929918426	2.7573151462494407	0.008732709	0.005666594261206257	0.0056873089555200635
54.1	2.732533576	2.7576003941119716	2.757524599875399	0.004073568	0.005630504099140483	0.005651526832621529
54.133333333333	2.731493959	2.757822634025528	2.75774176963607	0.00176476	0.005595234870735534	0.0056165025966442616
54.166666666667	2.732639093	2.758052329965507	2.7579663583108607	-0.002552014	0.005560953644280715	0.005582397062144339
54.2	2.744981262	2.7582891123820503	2.758198020604659	-0.008367817	0.005527830606797009	0.005549374295847909
54.233333333333	2.770105547	2.758532561884754	2.7584363630397073	-0.008515552	0.005496037862497237	0.005517600506290724
54.266666666667	2.775227075	2.7587822096887273	2.758680944251338	-0.002330328	0.005465748141186338	0.005487242843738384
54.3	2.77973423	2.7590375385052144	2.7589312757030413	0.00027592	0.005437133429076189	0.005458468121611917
54.333333333333	2.784882513	2.7592979838863294	2.759186822831924	0.003014485	0.0054103635357620194	0.005431441471937809
54.366666666667	2.78596644	2.7595629360285625	2.7594470066310737	0.004975826	0.005385604612225463	0.00540632494849198
54.4	2.787016476	2.7598317420347365	2.75971120567057	0.007646553	0.0053630176356828495	0.005383276092301216
54.433333333333	2.787644594	2.7601037086290052	2.75997875855405	0.011424289	0.005342756877875809	0.0053624464749921115
54.466666666666995	2.777506388	2.7603781053143552	2.7602489668028145	0.016945599	0.005324968373994463	0.005343980236126789
54.5	2.755071592	2.760654167957003	2.76052109815456	0.015900092	0.00530978840982242	0.005328012631128133
54.533333333333005	2.745881151	2.760931102777015	2.760794390258922	0.014359086	0.00529734204488938	0.005314668606666862
54.566666666667	2.743387882	2.761208090719552	2.7610680547472493	0.009431872	0.005287741689406187	0.0053040614204521086
54.6	2.744772739	2.7614842921763727	2.761341281649352	0.009423935	0.0052810857525331135	0.005296291322230769
54.633333333333	2.740553633	2.7617588520226652	2.761613244125534	0.004809552	0.005277457379089627	0.005291444312455316
54.666666666667	2.746069456	2.76203090492995	2.7618831034779716	0.00265768	0.005276923291149315	0.005289590994523278
54.7	2.750865641	2.762299580911834	2.7621500144016187	0.002090611	0.005279532750077924	0.0052907855357248925
54.733333333333	2.75374534	2.7625640110557708	2.76241313043122	0.001694606	0.005285316653469446	0.005295064751062143
54.766666666667	2.756800286	2.762823333390823	2.76267160953788	0.001785071	0.00529428678012129	0.0053024473229291375
54.8	2.757185842	2.7630766988387294	2.7629246198259247	0.002102246	0.005306435194674074	0.0053129331682814085
54.833333333333	2.756207551	2.763323277193472	2.7631713452786344	0.00180522	0.005321733821838566	0.005326502963384548
54.866666666667	2.752173399	2.76356226307303	2.7634109914997707	-0.00044189	0.005340134198261896	0.005343117834538599
54.9	2.754735872	2.763792881786149	2.7636427913968293	-0.00561129	0.005361567408076118	0.005362719221345547
54.933333333333	2.776691048	2.764014395056826	2.7638660107515265	-0.011695027	0.005385944206055831	0.005385228917147169
54.966666666666995	2.816164969	2.764226106549761	2.764079953623271	-0.005957988	0.005413155330121018	0.005410549289237076
55.0	2.824682152	2.764427367141311	2.7642839675323088	0.009563976	0.005443072002689829	0.0054385636793735145
55.033333333333005	2.796383544	2.7646175798824246	2.7644774483707417	0.021780706	0.005475546618147401	0.005469136983019702
55.066666666667	2.759593092	2.7647962046027383	2.7646598449918716	0.019894938	0.005510413611485666	0.005502116403647534
55.1	2.74628418	2.764962762108273	2.7648306634310953	0.012975493	0.005547490501020358	0.005537332376389143
55.133333333333	2.758724155	2.7651168379291042	2.7649894707149936	0.006731452	0.005586579096038464	0.0055745996533382094
55.166666666667	2.757125626	2.765258085577801	2.765135898219169	0.007340936	0.005627466858300444	0.00561371854091664
55.2	2.760340779	2.765386229284328	2.765269644539779	0.006319836	0.005669928404540209	0.005654476277957521
55.233333333333	2.763136432	2.765501066178384	2.765390477848535	0.006176098	0.005713727135492201	0.005696648541534684
55.266666666667	2.763357998	2.7656024678958118	2.7654982377060997	0.006293423	0.005758616975546502	0.005740001066112088
55.3	2.764875817	2.7656903815915164	2.765592836314235	0.005630571	0.005804344205905333	0.005784291360308303
55.333333333333	2.766541077	2.765764830347405	2.765674259192738	0.007519337	0.005850649373098633	0.005829270504485272
55.366666666667	2.763446853	2.7658259129699867	2.765742565272954	0.008215961	0.005897269253919028	0.005874685011485491
55.4	2.760356969	2.7658738031783847	2.7657978864055526	0.008284426	0.005943938857259699	0.005920278732164534
55.433333333333	2.757931636	2.7659087481896325	2.765840426286096	0.008172592	0.005990393442982515	0.005965794786900145
55.466666666666995	2.755570065	2.7659310667141335	2.7658704588077443	0.007613661	0.006036370537808153	0.006010977504006328
55.5	2.754282069	2.7659411463799595	2.7658883258561464	0.006834116	0.006081611928302629	0.006055574345940256
55.533333333333005	2.749376658	2.7659394406103144	2.7658944345670684	0.00731547	0.006125865611330651	0.006099337804358662
55.566666666667	2.742901909	2.7659264649838144	2.7658892540726328	0.004352602	0.006168887682848306	0.006142027245454918
55.6	2.740041613	2.7659027931122955	2.765873311767046	1.6604e-05	0.006210444146608323	0.006183410687583341
55.633333333333	2.742842916	2.7658690520755354	2.7658471891274363	-0.00707684	0.006250312625244627	0.006223266493947049
55.666666666667	2.771053342	2.7658259174566293	2.7658115171297446	-0.013726936	0.0062882839572826876	0.006261384964082679
55.7	2.798377029	2.765774108025629	2.7657669713035937	-0.008536329	0.006324163664881586	0.006297569809010523
55.733333333333	2.809945893	2.7657143801225184	2.765714266473546	-0.000923891	0.006357773278543938	0.006331639496221837
55.766666666667	2.810731093	2.7656475217935337	2.7656541512372153	0.00476064	0.006388951506619589	0.006363428452134746
55.8	2.811834094	2.765574346737218	2.7655874022331917	0.009859651	0.006417555239164452	0.006392788111252698
55.833333333333	2.811265217	2.7654956881184476	2.7655148182537235	0.016726084	0.006443460377581063	0.006419587802989446
55.866666666667	2.795394093	2.765412392309839	2.765437214258467	0.02661103	0.0064665624834437975	0.006443715468964049
55.9	2.751676395	2.7653253126205066	2.765355415346393	0.028324593	0.0064867772419774	0.006465078205497972
55.933333333333	2.732063021	2.7652353030720604	2.7652702507430824	0.017689571	0.006504040737787835	0.006483602628041063
55.966666666666995	2.737447031	2.7651432122808552	2.765182547860121	0.010654517	0.006518309542612104	0.006499235056288752
56.0	2.742860709	2.7650498775040613	2.765093126482152	0.007493704	0.006529560617028727	0.006511941520802274
56.033333333333005	2.747483369	2.7649561189048892	2.7650027931353316	0.005884837	0.006537791030220815	0.0065217075939789535
56.066666666667	2.753369353	2.7648627340894145	2.7649123356884835	0.004206724	0.006543017503974848	0.006528538050211684
56.1	2.755703576	2.7647704929639176	2.764822518235183	0.006391746	0.006545275789096485	0.006532456361996511
56.133333333333	2.750398687	2.7646801329575252	2.764734076301381	0.004987233	0.006544619884299662	0.006533504040566279
56.166666666667	2.756843886	2.764592354650247	2.764647712418996	0.001876234	0.006541121109347861	0.006531739831318996
56.2	2.764762709	2.7645078178413574	2.764564092101282	0.005520003	0.006534867045771103	0.0065272387758467275
56.233333333333	2.760049635	2.7644271380875014	2.7644838402507173	0.007997618	0.006525960359825664	0.006520091153732392
56.266666666667	2.747114207	2.764350883734038	2.764407538024809	0.007251224	0.0065145175234855275	0.006510401318448658
56.3	2.743377199	2.7642795734570074	2.764335720179555	0.002362834	0.0065006674501392634	0.006498286442650663
56.333333333333	2.746167346	2.7642136743269208	2.764268872904529	-0.003319999	0.006484550062306047	0.006483875188891068
56.366666666667	2.763820489	2.764153600399245	2.764207432157648	-0.011655049	0.006466314809077457	0.006467306322295428
56.4	2.818583064	2.764099711830331	2.7641517825018185	-0.01057873	0.006446119151137509	0.006448727282015497
56.433333333333	2.831457562	2.76405231451138	2.764102256439821	0.013784199	0.006424127031116547	0.006428292728329459
56.466666666666995	2.778357352	2.764011660207263	2.764059134238182	0.025172512	0.006400507346703703	0.006406163082086809
56.5	2.750712934	2.763977947181441	2.7640226442253177	0.016462932	0.006375432443391463	0.006382503072810078
56.533333333333005	2.751073297	2.7639513212830567	2.763992963544142	0.01052026	0.006349076642971795	0.006357480311177071
56.566666666667	2.75468802	2.7639318774675306	2.7639702193345466	0.008417752	0.006321614822965283	0.0063312639008290495
56.6	2.757657121	2.7639196617176487	2.7639544903167805	0.007568066	0.006293221061059022	0.00630402310349797
56.633333333333	2.759158536	2.7639146733283595	2.763945808742861	0.00720011	0.006264067357371957	0.0062759260703362215
56.666666666667	2.760079655	2.7639168675151646	2.763944162679705	0.007080407	0.006234322445975959	0.00624713865108392
56.7	2.760331911	2.763926158303291	2.76394949858476	0.006735054	0.006204150705597262	0.006217823291339863
56.733333333333	2.760818991	2.7639424216526702	2.763961724132558	0.007639824	0.006173711177826717	0.006188138026731941
56.766666666667	2.758050225	2.763965498772188	2.7639807112487964	0.007140684	0.006143156699499048	0.006158235581230352
56.8	2.758152202	2.7639951995757004	2.7640062993073364	0.007512302	0.006112633154180685	0.006128262575232423
56.833333333333	2.753700916	2.7640313062319892	2.7640382984448615	0.007002497	0.006082278845950898	0.006098358847391992
56.866666666667	2.754241166	2.7640735767610374	2.7640764929479045	0.004734214	0.006052223996892574	0.006068656892490247
56.9	2.757294377	2.764121748629917	2.7641206446674755	0.006999132	0.00602259036794939	0.006039281415969927
56.933333333333	2.752015453	2.7641755423030454	2.7641704964176563	0.006490382	0.005993491001079742	0.006010349004102221
56.966666666666995	2.749196799	2.7642346647036105	2.7642257753162136	0.005125346	0.005965030078967649	0.005981967907147406
57.0	2.744276197	2.764298812545596	2.764286196027511	0.003642882	0.005937302896958505	0.005954237931328416
57.033333333333005	2.739214036	2.7643676754990008	2.7643514638707694	-0.000384304	0.005910395940394068	0.005927250433983225
57.066666666667	2.738027045	2.7644409391544817	2.7644212777599546	-0.008770322	0.005884387059149654	0.00590108841491905
57.1	2.771742743	2.764518287757759	2.7644953329452506	-0.020795373	0.0058593457299509	0.005875826695779596
57.133333333333	2.820672851	2.7645994066886725	2.764573323530165	-0.010406851	0.005835333395990781	0.005851532178175542
57.166666666667	2.823531321	2.7646839846645745	2.7646549447426816	0.0020235	0.005812403872498988	0.005828264170435823
57.2	2.823381719	2.7647717156528846	2.7647398949435695	0.006404456	0.005790603806250818	0.005806074772128914
57.233333333333	2.823951465	2.7648623004828803	2.764827877359788	0.018277587	0.005769973176554861	0.00578500930499176
57.266666666667	2.793085586	2.7649554481521896	2.7649186015358858	0.030337174	0.005750545825039184	0.005765106778599173
57.3	2.745762615	2.765050876828775	2.7650117845012816	0.026240102	0.005732350001570472	0.0057464003790131946
57.333333333333	2.735712632	2.7651483145544775	2.765107151656216	0.016164704	0.005715408913889412	0.0057289179687713115
57.366666666667	2.738996612	2.7652474996611867	2.765204437383931	0.010409811	0.00569974126902253	0.005712682586900696
57.4	2.743694085	2.765348180915458	2.765303385401148	0.007161992	0.005685361795223784	0.0056977129381748535
57.433333333333	2.747869944	2.765450117411716	2.7654037488631404	0.005382487	0.0056722817340911155	0.00568402386154673
57.466666666666995	2.753057937	2.765553078238019	2.7655052902434702	0.00358787	0.005660509293571952	0.00567162676858158
57.5	2.756128056	2.765656841941721	2.7656077810118616	0.004030701	0.005650050053792829	0.005660530043753295
57.533333333333005	2.756938961	2.7657611958250605	2.7657110011364834	0.003716356	0.005640907318992397	0.005650739399635542
57.566666666667	2.758422773	2.7658659351027994	2.7658147384392135	0.003285664	0.005633082410273618	0.005642258181288096
57.6	2.760757664	2.765970861955486	2.7659187878341798	0.002527525	0.005626574895387691	0.005635087615481321
57.633333333333	2.767823212	2.7660757845126938	2.766022950480927	0.004694846	0.005621382753287624	0.005629227001789632
57.666666666667	2.760374538	2.7661805158006922	2.766127032884111	0.007009179	0.005617502472711876	0.005624673843990015
57.7	2.756167947	2.766284872688493	2.76623084597147	0.004326143	0.005614929085548078	0.005621423921596659
57.733333333333	2.754942572	2.7663886748651163	2.76633420418118	0.002964964	0.005613656137156027	0.005619471302721706
57.766666666667	2.752933399	2.766491743879187	2.76643692458845	-0.000106854	0.005613675597174228	0.005618808300750693
57.8	2.758354226	2.7665939022698565	2.7665388260994925	-0.007784277	0.005614977715575784	0.005619425378537688
57.833333333333	2.807724108	2.7666949728153143	2.766639728738798	-0.011890245	0.005617550829859269	0.005621311004940315
57.866666666667	2.829439015	2.7667947779221604	2.7667394530530127	0.01294527	0.005621381130242874	0.005624451469512558
57.9	2.775381053	2.766893139175496	2.766837819651777	0.020183109	0.00562645239056348	0.005628830662040252
57.933333333333	2.758193746	2.766989877065916	2.7669346489025672	0.012592335	0.005632745673257645	0.005634429824329516
57.966666666666995	2.758440668	2.7670848109057475	2.767029760793111	0.008779239	0.005640239017313893	0.005641227282233902
58.0	2.760634874	2.7671777589428412	2.767122974971202	0.007091843	0.005648907118434302	0.005649198166325786
58.033333333333005	2.762729657	2.7672685386761295	2.7672141109679584	0.006294779	0.005658721010825013	0.005658314129878131
58.066666666667	2.765201005	2.7673569673730225	2.767302988606684	0.005937951	0.005669647760048673	0.005668543072922881
58.1	2.766937317	2.7674428627846286	2.767389428595597	0.006270017	0.005681650176218084	0.0056798488810927686
58.133333333333	2.767900787	2.7675260440507623	2.7674732532989053	0.006893628	0.005694686556494625	0.005692191187736532
58.166666666667	2.766994417	2.7676063327828797	2.767554287676987	0.007559847	0.005708710465382714	0.00570552516742794
58.2	2.764335916	2.7676835543094156	2.7676323603829283	0.007563712	0.005723670560690377	0.005719801368472701
58.233333333333	2.764227594	2.767757539064627	2.767707304999371	0.00792271	0.0057395104722623574	0.00573496559136284
58.266666666667	2.759564484	2.7678281240989997	2.7677789613966364	0.007886929	0.005756168739695281	0.00575095881934592
58.3	2.755631981	2.7678951546865664	2.767847177190396	0.006898278	0.005773578814227966	0.0057677172063792855
58.333333333333	2.752904982	2.767958486002249	2.7679118092748896	0.004756268	0.00579166912888192	0.005785172126741395
58.366666666667	2.758432643	2.7680179848405575	2.767972725405812	0.000921244	0.005810363239726402	0.0058032502894894925
58.4	2.768328683	2.768073531345679	2.7680298058055692	0.003286119	0.005829580039879467	0.005821873919803337
58.433333333333	2.765795707	2.7681250207222217	2.768082944762663	0.005458854	0.005849234046551742	0.005840961008058523
58.466666666666995	2.756671777	2.768172364895697	2.7681320521965533	0.006773665	0.0058692357601157225	0.005860425626251752
58.5	2.740140734	2.76821549409211	2.7681770551594034	0.002967321	0.005889492092863688	0.0058801783101767756
58.533333333333005	2.737356067	2.768254358306985	2.768217899246718	-0.010346835	0.0059099068638288265	0.005900126504546417
58.566666666667	2.799538391	2.768288928635563	2.7682545498899955	-0.01976826	0.00593038135481422	0.0059201750670959535
58.6	2.834043831	2.7683191984379074	2.7682869935060914	-0.002519911	0.005950814921627557	0.005940226826609243
58.633333333333	2.832468023	2.768345184315067	2.7683152384800502	0.011801393	0.005971105653478212	0.005960183188803179
58.666666666667	2.800071683	2.7683669268753937	2.768339315960626	0.025754445	0.00599115107257834	0.0059799447831089545
58.7	2.754999008	2.7683844912733315	2.768359280450565	0.020419518	0.00601084886522176	0.005999412142618407
58.733333333333	2.751322326	2.7683979675066386	2.7683752101768584	0.011788109	0.006030097635012362	0.006018486408835484
58.766666666667	2.755476317	2.7684074704618085	2.768387207229602	0.0081642	0.0060487976684911035	0.0060370700523984305
58.8	2.760009676	2.7684131397014564	2.7683953974616484	0.006658817	0.006066851703173475	0.006055067600625915
58.833333333333	2.762958939	2.7684151389914966	2.768399930144956	0.005940915	0.006084165687958212	0.006072386362594211
58.866666666667	2.765353027	2.7684136555699235	2.768400977383247	0.005645528	0.006100649525999591	0.006088937142473267
58.9	2.768181802	2.768408899162999	2.7683987332842497	0.005250723	0.006116217790443696	0.006104634932033051
58.933333333333	2.772269967	2.7684011007583655	2.768393412898404	0.005764207	0.006130790403902401	0.006119399573570209
58.966666666666995	2.774613611	2.768390511148146	2.7683852509342604	0.008223993	0.006144293273161162	0.00613315638498736
59.0	2.766025783	2.768377399258301	2.7683745002639917	0.011739601	0.006156658871368901	0.0061458367393690105
59.033333333333005	2.754437663	2.768362050283363	2.7683614302352977	0.008995199	0.0061678267608196065	0.006157378592122663
59.066666666667	2.753755224	2.7683447636481833	2.7683463248085385	0.005255473	0.006177744050383941	0.006167726949573201
59.1	2.761263073	2.768325850820369	2.7683294805401264	0.001233584	0.006186365782662614	0.006176834273793851
59.133333333333	2.778565478	2.7683056329987683	2.768311204435044	0.004257805	0.006193655246989983	0.006184660819408389
59.166666666667	2.767176688	2.76828443870456	2.768291811692765	0.008222313	0.006199584215494739	0.0061911748990874345
59.2	2.761742459	2.768262601302329	2.7682716233719034	0.005815662	0.006204133100504971	0.0061963530754679105
59.233333333333	2.759748169	2.7682404564788783	2.7682509639995603	0.004190937	0.006207291032650193	0.006200180278231416
59.266666666667	2.766593704	2.768218339707544	2.7682301591515825	0.001216507	0.006209055860047786	0.006202649846067776
59.3	2.799929826	2.768196583725355	2.7682095330298444	-0.000288671	0.006209434069951608	0.006203763494209833
59.333333333333	2.774586322	2.768175516049685	2.768189406062188	0.014245864	0.006208440635173661	0.006203531209141372
59.366666666667	2.763676111	2.7681554565599304	2.768170092549859	0.009163571	0.006206098788454664	0.0062019710729403835
59.4	2.765480622	2.7681367151684046	2.768151898386176	0.007315378	0.00620243972874754	0.0061991090205146026
59.433333333333	2.766260901	2.7681195896029895	2.7681351188687744	0.007125721	0.006197502264083188	0.006194978533706701
59.466666666666995	2.767077572	2.7681043633222018	2.7681200366261325	0.006954654	0.00619133239630537	0.006189620276885512
59.5	2.767126631	2.7680913035812695	2.7681069196772423	0.007042885	0.006183982853484852	0.00618308167919125
59.533333333333005	2.766793139	2.7680806596655008	2.7680960196412214	0.007250946	0.006175512576247157	0.0061754164690622955
59.566666666667	2.765042022	2.7680726613048603	2.7680875701114864	0.007527904	0.006165986164571179	0.006166684167035091
59.6	2.763733428	2.768067517281128	2.768081785206784	0.007082342	0.006155473291835897	0.006156949543074817
59.633333333333	2.763807233	2.7680654142364545	2.7680788583089724	0.006759512	0.0061440480930089955	0.006146282044861693
59.666666666667	2.762604595	2.7680665156894735	2.7680789609950187	0.007048262	0.006131788533884113	0.006134755203526504
59.7	2.75907919	2.7680709612625813	2.7680822421682247	0.006551567	0.00611877576818262	0.006122446023301131
59.733333333333	2.755396862	2.7680788661213787	2.76808882739127	0.003988842	0.006105093489144795	0.00610943436142908
59.766666666667	2.759604656	2.768090320624871	2.7680988184213406	-0.000205487	0.006090827281951948	0.006095802304472162
59.8	2.779778347	2.768105390182671	2.7681122929453545	0.000580275	0.006076063982953485	0.006081633546859306
59.833333333333	2.779283075	2.7681241153133307	2.768129304511201	0.006016181	0.0060608910512311275	0.006067012777160448
59.866666666667	2.774043191	2.768146511895952	2.768149882648997	0.007198831	0.006045395957526645	0.006052025077142521
59.9	2.769089278	2.7681725716055663	2.7681740331746125	0.008688694	0.00602966559500199	0.006036755338187249
59.933333333333	2.761665748	2.7682022625212634	2.7682017386662237	0.007770987	0.006013785715707343	0.006021287699133894
59.966666666666995	2.757664112	2.768235529894921	2.768232959103358	0.006073687	0.005997840396020413	0.00600570500906722
60.0	2.752820135	2.7682722970674343	2.768267632656865	0.003052317	0.005981911533704842	0.005990088318014829
60.033333333333005	2.758353552	2.7683124665187355	2.7683056766174383	-0.008423695	0.005966078378629904	0.0059745163979620704
60.066666666667	2.815039368	2.768355921037489	2.76834698844979	0.000650713	0.005950417098611245	0.0059590652960503235
60.1	2.787777633	2.768402524996218	2.7683914469592374	0.015409421	0.005935000381285204	0.005943807921308124
60.133333333333	2.765851152	2.768452125717737	2.7684389135573655	0.010732644	0.005919897072429572	0.005928813665785534
60.166666666667	2.765479494	2.7685045549190628	2.7684892336135523	0.007687066	0.005905171850703552	0.005914148060529352
60.2	2.76715629	2.768559630219477	2.768542237879373	0.006707604	0.005890884938409164	0.00589987246645798
60.233333333333	2.768198397	2.7686171567000364	2.768597743973345	0.006205564	0.0058770918475799985	0.005886043799875537
60.266666666667	2.769030245	2.7686769285025448	2.768655557913976	0.006035728	0.005863843160481455	0.005872714292108549
60.3	2.769832336	2.7687387304567883	2.768715475689709	0.006022528	0.0058511843434585825	0.005859931282556407
60.333333333333	2.770389578	2.7688023397256436	2.7687772848549725	0.005993394	0.0058391555929911245	0.0058477370443167295
60.366666666667	2.771165868	2.7688675274584518	2.768840766142251	0.006172253	0.0058277917128054715	0.005836168641474817
60.4	2.771667325	2.7689340604438044	2.7689056950807127	0.006354972	0.005817122020941369	0.005825257817126051
60.433333333333	2.77152681	2.7690017027535467	2.7689718436125768	0.006831839	0.005807170285763781	0.005815030911223711
60.466666666666995	2.771516495	2.769070217370371	2.769038981698951	0.007784632	0.005797954690032795	0.0058055088074032745
60.5	2.7689826	2.769139367791845	2.7691068789073965	0.00878128	0.005789487822284423	0.005796706908018387
60.533333333333005	2.765933031	2.7692089196040968	2.769175305973887	0.007310266	0.005781776694921515	0.005788635136723179
60.566666666667	2.765221076	2.769278642018676	2.7692440363322044	0.007131849	0.005774822788556595	0.0057812979680408666
60.6	2.764426941	2.7693483093662863	2.7693128476040796	0.006361181	0.005768622122277092	0.005774694483460017
60.633333333333	2.765815501	2.76941770254124	2.7693815230436236	0.005767139	0.005763165349609698	0.00576881845368962
60.666666666667	2.76682169	2.7694866103905493	2.769449852929743	0.005949684	0.005758437880039052	0.005763658446775299
60.7	2.767334969	2.7695548310416265	2.76951763590038	0.005871154	0.0057544200259823505	0.005759197961826565
60.733333333333	2.767804125	2.7696221731625603	2.7695846802224917	0.006376454	0.005751087175132871	0.005755415588125214
60.766666666667	2.762170126	2.769688457148984	2.7696508049917843	0.007479292	0.005748409988059809	0.005752285189375442
60.8	2.762484379	2.7697535162315656	2.7697158412562923	0.002432706	0.005746354620889583	0.005749776112815864
60.833333333333	2.768678442	2.769817197498216	2.7697796330579942	0.004325975	0.005744882972797087	0.00574785342284224
60.866666666667	2.768311191	2.7698793628252147	2.7698420383867637	0.004726802	0.0057439529579080065	0.005746478158687938
60.9	2.768014412	2.7699398897116003	2.769902930041118	0.004601737	0.005743518801058865	0.005745607615578632
60.933333333333	2.767696851	2.7699986720113676	2.7699621963904173	0.004346239	0.0057435313566813195	0.005745195648620576
60.966666666666995	2.771042917	2.7700556205582583	2.770019742033407	0.003962036	0.005743938449873463	0.0057451929985010055
61.0	2.771700634	2.7701106636782415	2.7700754883483105	0.004387993	0.00574468523849602	0.005745547637878086
61.033333333333005	2.772518283	2.7701637475851717	2.7701293739300374	0.004796303	0.0057457145948892965	0.0057462051371193635
61.066666666667	2.772670488	2.7702148366555543	2.7701813549105014	0.005097726	0.005746967505552318	0.0057471090478152746
61.1	2.772468789	2.7702639135788805	2.770231405158552	0.005770838	0.0057483834868641	0.0057482013022516175
61.133333333333	2.771701559	2.770310979380601	2.7702795163565894	0.006109068	0.005749901014660387	0.005749422626776007
61.166666666667	2.770292217	2.7703560533154836	2.770325697951605	0.006707619	0.005751457965209861	0.005750712966742743
61.2	2.766191896	2.7703991726298542	2.7703699769790955	0.007142335	0.005752992064867113	0.005752011920473216
61.233333333333	2.759457779	2.770440392192103	2.7704123977591535	0.004191283	0.0057544413454222966	0.005753259179430261
61.266666666667	2.770832283	2.770479783991749	2.7704530214649012	-0.001412323	0.005755744601925212	0.005754394971580706
61.3	2.78195316	2.7705174365084133	2.7704919255644276	0.003715588	0.005756841849540824	0.005755360504716827
61.333333333333	2.777744187	2.770553453953145	2.77052920313843	0.005572868	0.005757674775800754	0.005756098406330954
61.366666666667	2.77607013	2.7705879553857504	2.7705649620768753	0.005730931	0.005758187184459744	0.005756553156494824
61.4	2.776247093	2.7706210737130323	2.7705993241591633	0.0058731	0.005758325427056773	0.0057566715100926215
61.433333333333	2.77681302	2.7706529545741447	2.770632424023468	0.006119863	0.0057580388182253	0.005756402904700082
61.466666666666995	2.777071667	2.770683755120623	2.7706644080321685	0.006630606	0.005757280030801657	0.00575569985039698
61.5	2.775149667	2.7707136426999384	2.77069543304149	0.008739606	0.005756005466848573	0.0057545182978509975
61.533333333333005	2.761476412	2.7707427934527336	2.770725665084678	0.00556625	0.005754175600845078	0.005752817981120704
61.566666666667	2.776220666	2.7707713908351495	2.7707552779791618	0.004920117	0.005751755291496913	0.005750562731795031
61.6	2.775757995	2.7707996240787534	2.770784451869241	0.00630172	0.0057487140588941815	0.0057477207613161555
61.633333333333	2.774963746	2.770827686601631	2.770813371716771	0.006704939	0.005745026324081001	0.005744264908619834
61.666666666667	2.774620516	2.7708557743850233	2.770842225753168	0.006893588	0.0057406716084978295	0.005740172850568324
61.7	2.773982508	2.7708840843305884	2.7708712039067116	0.007006053	0.005735634691203007	0.005735427273041161
61.733333333333	2.773600672	2.7709128126138247	2.770900496219649	0.007334012	0.0057299057222680175	0.0057300160009811085
61.766666666667	2.773597033	2.77094215304945	2.770930291269883	0.00731858	0.005723480291262083	0.00572393208615804
61.8	2.774768967	2.77097229548459	2.770960774612145	0.0079892	0.00571635945028656	0.00571717385190212
61.833333333333	2.775930965	2.7710034242353734	2.7709921272534337	0.009043201	0.005708549691576938	0.005709744894559085
61.866666666667	2.775686056	2.771035716582108	2.771024524177172	0.010952421	0.005700062880244561	0.00570165404192366
61.9	2.771978908	2.77106934133749	2.7710581329299933	0.014477439	0.005690916143266217	0.0056929152694017385
61.933333333333	2.739816604	2.7711044575013735	2.7710931122843254	0.016856072	0.005681131716334987	0.005683547575126959
61.966666666666995	2.726060409	2.7711412130145177	2.7711296109890013	-0.00222635	0.005670736750650651	0.005673574815702745
62.0	2.767107515	2.771179743622404	2.7711677666190244	-0.002606447	0.00565976308214358	0.005663025504647582
62.033333333333005	2.771672541	2.771220171858801	2.771207704534363	0.002348988	0.005648246965983794	0.005651932575981558
62.066666666667	2.770414992	2.771262606157146	2.7712495369562786	0.003438273	0.005636228779520208	0.005640333115700836
62.1	2.769461856	2.7713071400962086	2.771293362168241	0.003651459	0.005623752697019955	0.005628268064139975
62.133333333333	2.769473389	2.7713538517848204	2.771339263846955	0.00331859	0.005610866339734925	0.005615781892418728
62.166666666667	2.772995696	2.7714028033887566	2.771387310527484	0.003157751	0.0055976204049167045	0.005602922256310048
62.2	2.775504317	2.771454040801268	2.7714375552049146	0.004133022	0.005584068277437343	0.005589739630951341
62.233333333333	2.774606742	2.771507593457119	2.7714900350734584	0.005137502	0.005570265627657604	0.005576286929854467
62.266666666667	2.769333324	2.7715634742885076	2.7715447714024175	0.006329918	0.00555626999912251	0.005562619111655847
62.3	2.770649967	2.771621679819806	2.7716017695470354	0.002209396	0.005542140389563854	0.005548792777991372
62.333333333333	2.774330904	2.771682190396714	2.771661019090897	0.003352407	0.005527936828556514	0.00553486576578738
62.366666666667	2.775088615	2.771744970544238	2.7717224941153247	0.003279189	0.005513719955015052	0.00552089673713455
62.4	2.776799005	2.77180996944674	2.771786153590079	0.003540688	0.005499550597534009	0.0055069447697617055
62.433333333333	2.778843846	2.7718771215423885	2.7718519418786305	0.004220442	0.00548548936037521	0.005493068950955962
62.466666666666995	2.780110349	2.7719463472234316	2.7719197893503966	0.004481298	0.00547159621769499	0.005479327977589173
62.5	2.784529156	2.7720175536330363	2.771989613091523	0.005468246	0.005457930118388417	0.0054657797647118525
62.533333333333005	2.787177235	2.7720906355488073	2.7720613177051483	0.007351009	0.00544454860370889	0.0054524810649690895
62.566666666667	2.789736302	2.7721654763426344	2.772134796191577	0.010659662	0.005431507439600167	0.005439487100882278
62.6	2.785552803	2.7722419490061725	2.772209930898364	0.018755948	0.005418860265454629	0.0054268512118297255
62.633333333333	2.732960233	2.772319917231065	2.7722865945300943	0.025474095	0.005406658260790653	0.0054146245173520265
62.666666666667	2.694229861	2.7723992365329706	2.7723646512074867	-0.002206589	0.005394949831128882	0.0054028555982074886
62.7	2.765584228	2.772479755408521	2.7724439575654736	-0.016327961	0.005383780314146932	0.005391590196412017
62.733333333333	2.792075906	2.7725613165146084	2.7725243638800294	-0.003531394	0.005373191707008489	0.005380870935319778
62.766666666667	2.789233696	2.7726437578596923	2.7726057152138046	0.001724823	0.005363222415598208	0.005370737060639454
62.8	2.786404496	2.7727269139973614	2.772687852570967	0.003528295	0.005353907026249622	0.00536122420313894
62.833333333333	2.786426186	2.7728106172129023	2.772770614052155	0.005304544	0.005345276100433698	0.005352364163672085
62.866666666667	2.783256075	2.772894698694366	2.772853836001009	0.007232734	0.005337355992786497	0.005344184721066731
62.9	2.779729824	2.7729789896803885	2.7729373541344016	0.007030687	0.005330168692796927	0.005336709463345479
62.933333333333	2.779268044	2.7730633225777965	2.7730210046491726	0.006780494	0.005323731690449492	0.005329957642709694
62.966666666666995	2.778672863	2.773147532042941	2.7731046252989326	0.007650154	0.005318057866122096	0.005323944054702655
63.0	2.77492778	2.773231456021511	2.773188056435221	0.007476389	0.00531315540507534	0.005318678941977588
63.033333333333005	2.772753973	2.773314936742447	2.7732711420080673	0.006565556	0.005309027736934421	0.005314167923127234
63.066666666667	2.776131424	2.7733978216623223	2.7733537305216833	0.006377739	0.005305673500650644	0.005310411947078788
63.1	2.77493433	2.773479964357292	2.7734356759416854	0.007224019	0.005303086535527823	0.005307407273615369
63.133333333333	2.773594166	2.7735612253602464	2.773516838550812	0.007124106	0.005301255898998946	0.005305145480645698
63.166666666667	2.773836972	2.773641472941362	2.773597085750604	0.006889624	0.005300165911930159	0.00530361349889881
63.2	2.775303807	2.7737205838305257	2.7736762928069125	0.006683125	0.005299796232302029	0.00530279367476166
63.233333333333	2.777949773	2.773798443880411	2.7737543435374077	0.007120881	0.0053001219581627484	0.005302663861995085
63.266666666667	2.780986437	2.773874948669065	2.7738311309394557	0.008848181	0.005301113760752779	0.005303197543049536
63.3	2.781711482	2.773950004040859	2.7739065577568525	0.012740577	0.005302738048653215	0.005304363980648504
63.333333333333	2.768888817	2.7740235265845965	2.773980536983939	0.020947347	0.005304957163703837	0.0053061284002083094
63.366666666667	2.704030558	2.7740954440473997	2.7740529923055752	0.018943672	0.00530772960926867	0.005308452203512597
63.4	2.717793271	2.7741656956828	2.7741238584713854	-0.014767749	0.005311010311195146	0.005311293213854894
63.433333333333	2.780959299	2.774234232531259	2.7741930816025606	-0.010179307	0.005314750911517502	0.00531460595260143
63.466666666666995	2.783261908	2.7743010176311094	2.774260619429404	-0.000715964	0.005318900094597012	0.00531834194681017
63.5	2.776738084	2.7743660261577263	2.7743264414577125	0.001793126	0.005323403944973037	0.005322450067174485
63.533333333333005	2.773253542	2.77442924548863	2.774390529062033	0.001417211	0.0053282063357249915	0.005326876895146981
63.566666666667	2.781203987	2.7744906751921614	2.7744528755038593	6.7288e-05	0.005333249345628106	0.0053315671176483795
63.6	2.785912301	2.7745503269374976	2.7745134858729146	0.002079472	0.005338473702840178	0.005336463947287503
63.633333333333	2.783570459	2.7746082243239414	2.774572376949876	0.003183429	0.005343819252296365	0.005341509565522484
63.666666666667	2.780890593	2.7746644026278067	2.774629576989187	0.003307276	0.005349225443428807	0.0053466455856925
63.7	2.781926899	2.774718908465663	2.7746851254210076	0.002646427	0.005354631834282647	0.005351813532357417
63.733333333333	2.784120244	2.7747717993733487	2.7747390724718874	0.003364716	0.00535997860758639	0.005356955332913254
63.766666666667	2.784128253	2.774823143300875	2.7747914787043686	0.003696035	0.005365207093867314	0.005362013817017777
63.8	2.787156278	2.7748730180242216	2.774842414476442	0.003191183	0.005370260296297174	0.005366933218974754
63.833333333333	2.79194816	2.774921510475933	2.7748919593225962	0.003880468	0.005375083411622201	0.0053716596778983355
63.866666666667	2.796563156	2.77496871599743	2.7749402012590467	0.00580066	0.005379624341283356	0.005376141730220006
63.9	2.802164119	2.7750147375169707	2.7749872360166643	0.008315779	0.005383834186673341	0.005380330788917163
63.933333333333	2.807705823	2.7750596846582325	2.775033166206049	0.013039651	0.005387667722409942	0.005384181603740874
63.966666666666995	2.807999275	2.7751036727854808	2.775078100420148	0.023469552	0.005391083841532182	0.0053876526967050805
64.0	2.7599381	2.775146821992309	2.7751221522807494	0.038343739	0.005394045966645518	0.005390706767173107
64.033333333333	2.695484769	2.7751892560418403	2.7751654394360994	0.025835243	0.005396522421254217	0.005393311061040498
64.066666666667	2.679774858	2.775231101267199	2.775208082517735	0.005162456	0.005398486755823492	0.0053954376987651095
64.1	2.693977276	2.775272485441863	2.7752502040654408	-0.021541968	0.005399918023509372	0.0053970639573340745
64.133333333333	2.790467875	2.7753135366302355	2.7752919274299517	-0.02697585	0.005400801000977443	0.0053981725016799716
64.166666666667	2.811992058	2.775354382029432	2.7753333756636875	-0.007031828	0.005401126350296116	0.005398751561562129
64.2	2.804378331	2.7753951468137874	2.7753746704103333	0.00092926	0.005400890718529475	0.005398795050509386
64.23333333333301	2.799040941	2.7754359529940262	2.775415930804543	0.004432094	0.005400096772362984	0.0053983026240727
64.26666666666699	2.795290565	2.7754769183033434	2.7754572723933446	0.007322328	0.005398753165868914	0.005397279675352975
64.3	2.787249903	2.775518155122839	2.7754988060910337	0.007805199	0.0053968744403537616	0.00539573726654338
64.333333333333	2.783461058	2.775559769458768	2.7755406371793576	0.006534528	0.005394480856118084	0.005393691996047265
64.366666666667	2.783045883	2.7756018599839334	2.77558286436471	0.006474663	0.005391598156887363	0.005391165801592461
64.4	2.783156159	2.7756445171552193	2.775625578903754	0.007270275	0.005388257268626242	0.005388185700649168
64.433333333333	2.783606494	2.7756878224187536	2.7756688638084475	0.007101099	0.005384493935413415	0.005384783470359135
64.466666666667	2.780771945	2.7757318475134745	2.7757127931408037	0.008706831	0.0053803482960162905	0.005380995270084101
64.5	2.778172335	2.7757766538829567	2.7757574314068925	0.008003562	0.00537586440574807	0.005376861210566288
64.533333333333	2.778431254	2.7758222922042264	2.775802833058564	0.008143117	0.005371089709096554	0.005372424874546563
64.566666666667	2.778385811	2.775868802040959	2.7758490421101785	0.007657043	0.005366074469462653	0.005367732794490067
64.6	2.779759451	2.7759162116269076	2.7758960918762465	0.007999942	0.0053608711631185834	0.005362833893807027
64.633333333333	2.781971122	2.7759645377837274	2.775944004834324	0.008498889	0.0053555338451756135	0.005357778898611902
64.666666666667	2.785226831	2.7760137859754783	2.7759927926158383	0.01055951	0.005350117495920848	0.005352619727620389
64.7	2.785254463	2.7760639505000806	2.7760424561257064	0.015203839	0.005344677356322398	0.005347408868226831
64.73333333333301	2.772534133	2.7761150148159004	2.7760929857897194	0.023062139	0.005339268261795843	0.005342198747121158
64.76666666666699	2.721331828	2.776166951999528	2.7761443619267334	0.028097364	0.00533394398346216	0.005337041103984758
64.8	2.663307015	2.7762197253286183	2.7761965552407624	0.000837953	0.005328756586101161	0.005331986376841097
64.833333333333	2.7465264	2.776273288981638	2.776249527426144	-0.030624137	0.005323755811812498	0.005327083107524838
64.866666666667	2.799062754	2.7763275888443553	2.7763032318771335	-0.009363044	0.005318988498039824	0.005322377375471977
64.9	2.789427525	2.776382563411102	2.7763576144915354	0.00081755	0.005314498038098659	0.005317912267625922
64.933333333333	2.774077732	2.7764381447671944	2.7764126145564556	0.00155422	0.005310323891681966	0.005313727391707255
64.966666666667	2.781354722	2.7764942596375453	2.776468165702865	-0.004306771	0.0053065011520130245	0.005309858439417619
65.0	2.796627366	2.776550830485372	2.7765241969145644	-0.000914175	0.005303060175392239	0.005306336805353371
65.033333333333	2.792273035	2.776607776644103	2.776580633576237	0.002336582	0.005300026277861846	0.005303189266507399
65.066666666667	2.787846816	2.776665015465102	2.7766373985447026	0.003199905	0.005297419502609172	0.005300437726255406
65.1	2.787896272	2.776722463463624	2.776694413227161	0.002533751	0.005295254460565803	0.005298099025675464
65.133333333333	2.789892688	2.776780037445609	2.7767515986502174	0.003503451	0.005293540245458679	0.0052961848239577065
65.166666666667	2.787375381	2.7768376555983627	2.7768088765037753	0.001321829	0.0052922804233527816	0.005294701548545928
65.2	2.798916264	2.7768952385290118	2.776866170144443	0.001715664	0.005291473095519896	0.005293650414535783
65.23333333333301	2.806188125	2.776952710235684	2.776923405543986	0.00354739	0.005291111032299235	0.005293027511756024
65.26666666666699	2.814704333	2.7770099989977624	2.7769805121694318	0.006911381	0.005291181874504385	0.005292823956900014
65.3	2.823603634	2.7770670381731204	2.7770374237828053	0.012314335	0.005291668397895243	0.005293026107073287
65.333333333333	2.828535013	2.7771237668920503	2.777094079149991	0.025357572	0.005292548835290781	0.005293615830197094
65.366666666667	2.774299799	2.7771801306395325	2.777150422649952	0.04505499	0.005293797250064269	0.005294570826872885
65.4	2.702976241	2.777236081719562	2.7772064047773513	0.029752987	0.005295383954049064	0.00529586499758211
65.433333333333	2.699790486	2.777291579597356	2.777261982533584	0.013578283	0.0052972759622985435	0.005297468848479691
65.466666666667	2.699352446	2.7773465911174693	2.7773171197032154	0.004022364	0.005299437476696741	0.0052993499285467205
65.5	2.691755815	2.777401090597974	2.777371787014839	-0.00922467	0.00530183039011069	0.0053014732905046534
65.533333333333	2.731104276	2.777455059803002	2.777425962187402	-0.038780526	0.005304414802612154	0.005303801967663652
65.566666666667	2.830413353	2.7775084877980114	2.7774796298649878	-0.021145659	0.005307149541275033	0.005306297458784464
65.6	2.827118568	2.7775613706940736	2.777532781444989	-0.003273618	0.005309992675174687	0.005308920213076421
65.633333333333	2.818961681	2.7776137112893613	2.777585414806351	0.003321807	0.005312902017474575	0.005311630107632592
65.66666666666701	2.811094331	2.7776655186176744	2.777637533946271	0.008900319	0.005315835606880766	0.005314386909913071
65.7	2.794943552	2.777716807415394	2.777689148535223	0.010259639	0.005318752161272381	0.005317150718323509
65.733333333333	2.789889018	2.7777675975195755	2.777740273401502	0.008775766	0.005321611496968644	0.0053198823744909935
65.766666666667	2.787837853	2.777817913210974	2.777790927957601	0.010080228	0.005324374907860255	0.005322543841504293
65.8	2.77998	2.777867782516669	2.7778411355816095	0.012593892	0.00532700549950152	0.005325098543149468
65.83333333333299	2.762270521	2.7779172364874927	2.7778909229674618	0.006188017	0.005329468474215075	0.0053275116600215245
65.866666666667	2.785942306	2.7779663084657944	2.777940319458225	0.00502222	0.005331731364286997	0.005329750379312647
65.9	2.778554322	2.778015033359004	2.7779893563767017	0.007592068	0.005333764211408028	0.005331784096049547
65.933333333333	2.776844203	2.778063446934159	2.778038066367423	0.006133183	0.005335539691626432	0.00533358456455743
65.96666666666701	2.778937845	2.778111585147882	2.778086482763608	0.004231852	0.00533703318619514	0.0053351259999457334
66.0	2.786927166	2.778159483525304	2.7781346389919155	0.005168409	0.005338222799791995	0.005336385130420211
66.03333333333299	2.789056723	2.778207176600167	2.7781825680267582	0.006692081	0.005339089328641386	0.005337341202205799
66.066666666667	2.793261568	2.7782546974267883	2.7782303019046597	0.008385407	0.0053396161820474805	0.0053379759397936275
66.1	2.800165761	2.77830207717282	2.7782778713076306	0.011392563	0.005339789261743284	0.005338273465083249
66.133333333333	2.810060393	2.778349344799743	2.7783253052228174	0.022286717	0.005339596804246295	0.005338220179758661
66.16666666666701	2.751005505	2.778396526835918	2.7783726306838306	0.045775047	0.005339029192070947	0.00533780461589757
66.2	2.650940503	2.7784436472448113	2.7784198725971745	0.019981826	0.0053380787401652845	0.005337017260353202
66.233333333333	2.657268717	2.778490727388713	2.7784670536551728	-0.025206478	0.005336739464304239	0.005335850358855884
66.266666666667	2.792363949	2.778537786086026	2.778514194334714	-0.032087525	0.0053350068383805635	0.005334297706049313
66.3	2.810108499	2.778584839758012	2.778561312979133	-0.007950739	0.005332877547584224	0.005332354427799756
66.33333333333299	2.797287478	2.7786319026587467	2.778608425958587	-0.001298179	0.005330349244348323	0.005330016762094011
66.366666666667	2.793558933	2.778678987180148	2.7786555479024533	-0.003005897	0.0053274203136682	0.005327281844676751
66.4	2.806743848	2.778726104222198	2.7787026919956457	-0.000527978	0.005324089653981766	0.005324147505275883
66.433333333333	2.804569699	2.7787732636170164	2.7787498703292624	0.00373722	0.005320356479247712	0.0053206120798349335
66.46666666666701	2.802031482	2.7788204745942817	2.778797094294775	0.006092169	0.005316220147188853	0.005316674243625472
66.5	2.799465666	2.7788677462745808	2.7788443750099923	0.008776307	0.005311680017898353	0.005312332869463904
66.53333333333299	2.790092516	2.7789150881767344	2.7788917237643607	0.01160024	0.005306735346156599	0.005307586914521833
66.566666666667	2.77459807	2.778962510724881	2.778939152470749	0.009146182	0.005301385209894742	0.0053024353384150905
66.6	2.774854342	2.77901002574115	2.7789866741107883	0.004146459	0.005295628476285947	0.005296877054402036
66.633333333333	2.797211509	2.779057646910186	2.779034303161003	0.000131205	0.005289463805968549	0.005290910914635617
66.66666666666701	2.805366897	2.7791053902024294	2.7790820559874856	0.004908713	0.005282889694927604	0.005284535729515474
66.7	2.823858948	2.779153274244037	2.7791299511975898	0.011270904	0.005275904552600778	0.005277750320295387
66.733333333333	2.801867145	2.779201320622588	2.7791780099381587	0.031235675	0.005268506813851226	0.005270553603236743
66.766666666667	2.736717909	2.779249554119164	2.7792262561310377	0.023496756	0.005260695081583515	0.005262944702779199
66.8	2.734151411	2.779298002859105	2.7792747166380853	0.012850028	0.005252468295987429	0.00525492309044256
66.83333333333299	2.737679408	2.7793466983756208	2.779323421349526	0.008011038	0.00524382592569747	0.0052464887454957854
66.866666666667	2.735744524	2.7793956755824247	2.779372403191263	0.004997918	0.0052347681755701755	0.005237642332843943
66.9	2.728177359	2.7794449726536725	2.779421698048645	0.00031701	0.005225296205319291	0.0052283853931052015
66.933333333333	2.716928571	2.7794946308116253	2.779471344606109	-0.012570588	0.005215412352919562	0.005218720539487662
66.96666666666701	2.78783764	2.7795446940245925	2.779521384104106	-0.033993282	0.0052051203565007965	0.0052086516558386056
67.0	2.837649124	2.779595208619803	2.7795718600166226	-0.00895861	0.005194425568409191	0.0051981840901319815
67.03333333333299	2.826211225	2.779646222817851	2.7796228176545044	0.002029372	0.005183335155213355	0.005187324837686824
67.066666666667	2.818978435	2.779697786197228	2.7796743037015608	0.006842413	0.005171858277675837	0.005176082708569227
67.1	2.803198128	2.779749949099137	2.7797263656920292	0.010782984	0.005160006245092955	0.005164468473920734
67.133333333333	2.796589808	2.7798027619842682	2.7797790514394562	0.009137588	0.005147792638921179	0.005152494986371175
67.16666666666701	2.797458839	2.779856274754443	2.7798324084282484	0.01139427	0.005135233401245898	0.005140177270225756
67.2	2.783871512	2.7799105360529865	2.7798864831801673	0.013467958	0.005122346884394199	0.005127532577754155
67.233333333333	2.778606008	2.7799655925583595	2.779941320608734	0.010903589	0.005109153858834369	0.005114580408640401
67.266666666667	2.775477337	2.7800214882858945	2.7799969633749724	0.008408626	0.005095677477423981	0.005101342490461194
67.3	2.778759407	2.7800782639125177	2.7800534512580333	0.007839491	0.005081943195046591	0.005087842718930143
67.33333333333299	2.777104839	2.780135956138989	2.7801108205540705	0.007706092	0.005067978643693184	0.00507410705755669
67.366666666667	2.779173461	2.780194597103516	2.7801691035162674	0.007031792	0.005053813464075809	0.005060163397301161
67.4	2.780542614	2.7802542138596147	2.7802283278480937	0.006495802	0.005039479095883774	0.005046041377739832
67.433333333333	2.799837278	2.780314827929744	2.780288516260826	0.005725355	0.005025008529782446	0.005031772172164403
67.46666666666701	2.795145266	2.7803764549446432	2.7803496861049775	0.027715846	0.005010436025186651	0.005017388239906951
67.5	2.719623702	2.780439104376405	2.780411849083708	0.019431883	0.004995796798690603	0.005002923049983442
67.53333333333299	2.71272308	2.78050277937125	2.780475011054496	-0.001455975	0.004981126688780911	0.004988410780866501
67.566666666667	2.806660706	2.7805674766856887	2.780539171923368	-0.011870417	0.0049664618030800765	0.004973886001814162
67.6	2.778339834	2.7806331867274077	2.780604325633923	0.020398499	0.00495183815484946	0.004959383341681006
67.633333333333	2.724513352	2.7806998936998255	2.7806704602512404	0.007902977	0.004937291295811504	0.004944937151509414
67.66666666666701	2.711202721	2.7807675758468693	2.7807375581385854	-0.01177803	0.004922855952523783	0.0049305811674322545
67.7	2.796457267	2.7808362057922302	2.780805596222698	-0.028341605	0.004908565673552415	0.004916348180508401
67.733333333333	2.82240336	2.780905750965162	2.7808745463414177	-0.006391656	0.004894452494552209	0.0049022697200568465
67.766666666667	2.811835592	2.780976174102923	2.780944375665454	0.000966838	0.004880546628066528	0.004888375756855083
67.8	2.803177344	2.781047433818092	2.781015047184403	0.003280222	0.004866876184415056	0.004874694432227096
67.83333333333299	2.797085283	2.781119485217533	2.7810865202455486	0.002904625	0.0048534669294520655	0.0048612518185724984
67.866666666667	2.800081144	2.7811922805584417	2.781158751132715	0.002450144	0.0048403420842653725	0.004848071716289871
67.9	2.807085162	2.781265769926055	2.7812316936714354	0.003979935	0.004827522171062443	0.0048351754913355475
67.933333333333	2.807811795	2.781339901916904	2.781305299845952	0.005442236	0.004815024908569585	0.004822581956847047
67.96666666666701	2.816215553	2.7814146243112754	2.7813795204131844	0.006076184	0.004802865159265525	0.00481030730136321
68.0	2.827000295	2.7814898847185328	2.7814543054987055	0.013252836	0.0047910549296975085	0.0047983650652077435
68.03333333333299	2.823773297	2.7815656311794346	2.7815296051600322	0.026700145	0.00477960342400918	0.004786766165587599
68.066666666667	2.76584873	2.781641812710331	2.781605369903097	0.040999498	0.004768517149667204	0.004775518969911376
68.1	2.702453159	2.7817183797752434	2.7816815511387007	0.023230272	0.004757800073228158	0.004764629415775471
68.133333333333	2.703764084	2.781795284673305	2.781758101566955	0.003606527	0.004747453822860399	0.00475410117501743
68.16666666666701	2.749243616	2.7818724818308005	2.7818349754792733	-0.010314808	0.0047374779332506065	0.0047439358582191185
68.2	2.771340085	2.7819499279890914	2.7819121289692736	-0.00029103	0.00472787012750315	0.004734133255079098
68.233333333333	2.761877211	2.782027582282089	2.7819895200460394	0.003485121	0.0047186266297033945	0.00472469160518644
68.266666666667	2.749006544	2.7821054061994466	2.7820671086454776	0.000909021	0.00470974250098918	0.004715607892938357
68.3	2.732741837	2.7821833634344606	2.782144856537994	-0.006833784	0.0047012119912823985	0.004706878159672327
68.33333333333299	2.760169908	2.782261419618537	2.7822227271333064	-0.030218931	0.004693028898297312	0.0046984978255485265
68.366666666667	2.842250776	2.7823395419470898	2.7823006851859136	-0.013820435	0.004685186925082595	0.004690462013337575
68.4	2.831725344	2.782417698704713	2.7823786964074513	0.000456683	0.004677680027186371	0.0046827658660557655
68.433333333333	2.819334271	2.782495858700409	2.782456726994828	0.006032422	0.004670502740567856	0.0046754048503560505
68.46666666666701	2.799513482	2.782573990626426	2.782534743085592	0.00758879	0.004663650481622404	0.0046683750377343155
68.5	2.805675755	2.782652062356871	2.7826127101543703	0.00275565	0.004657119811141096	0.004661673355948651
68.53333333333299	2.814942434	2.7827300402044735	2.7826905923663636	0.005603063	0.004650908654685056	0.004655297803571014
68.566666666667	2.820300869	2.782807888155856	2.782768351905683	0.010986867	0.004645016472706235	0.004649247621288035
68.6	2.808431704	2.782885567107079	2.7828459482978443	0.022782937	0.004639444374771833	0.004643523414427984
68.633333333333	2.764821004	2.7829630341222504	2.7829233377467473	0.01802638	0.0046341951734257475	0.004638127222197462
68.66666666666701	2.76859963	2.783040241738468	2.7830004725071307	0.01143294	0.004629273374520943	0.004633062530243455
68.7	2.7674941	2.783117137340286	2.783077300313605	0.009030208	0.0046246851022528155	0.004628334224389447
68.733333333333	2.770286638	2.7831936626263247	2.783153763887045	0.007041125	0.004620437958585857	0.004623948484701529
68.766666666667	2.771246025	2.7832697531894404	2.7832298005382574	0.005995009	0.004616540818262636	0.0046199126203931035
68.8	2.773692979	2.783345338230258	2.783305341887524	0.005254004	0.0046130035620823365	0.004616234847445209
68.83333333333299	2.774705974	2.783420340421616	2.7833803137168274	0.004638927	0.004609836752601011	0.004612924012173893
68.866666666667	2.775301594	2.7834946759388735	2.7834546359693157	0.001176027	0.004607051257805869	0.004609989265287296
68.9	2.828052482	2.7835682546679754	2.783528222907967	-0.000213912	0.004604657829621983	0.004607439692214996
68.933333333333	2.801080775	2.7836409805997495	2.7836009834424384	0.033974051	0.004602666645292889	0.004605283906634285
68.96666666666701	2.719192027	2.7837127524152847	2.7836728216298177	0.023618849	0.0046010868207125915	0.004603529615137662
69.0	2.698748811	2.783783464263347	2.7837436373515643	0.007855621	0.004599925905654967	0.0046021831618612355
69.03333333333299	2.689875929	2.7838530067268046	2.783813327165272	-0.016868692	0.004599189371529813	0.004601249062606553
69.066666666667	2.786436932	2.7839212679710346	2.7838817853262077	-0.035540323	0.0045988801027787496	0.0046007295385238674
69.1	2.826150844	2.783988135063232	2.783948904969895	-0.012739482	0.0045989979032964035	0.004600624059772258
69.133333333333	2.819134208	2.784053495447727	2.7840145794433586	-0.004884761	0.0045995390293180755	0.0046009289097244015
69.16666666666701	2.818307796	2.7841172385586876	2.784078703769176	0.000536492	0.0046004957600541945	0.00460163678023765
69.2	2.812823788	2.784179257548232	2.784141176223187	0.003504759	0.00460185601697901	0.004602736408268126
69.233333333333	2.807442324	2.7842394511048525	2.784201900003687	0.00528883	0.004603603042105886	0.004604212263663187
69.266666666667	2.803564219	2.7842977253343846	2.7842607849671968	0.0049514	0.004605715144814322	0.004606044297334853
69.3	2.803452282	2.784353995673454	2.7843177494035762	0.003830012	0.004608165525845079	0.004608207758200152
69.33333333333299	2.816193237	2.7844081888034604	2.784372721821277	0.004397003	0.004610922185959734	0.004610673086283723
69.366666666667	2.826068323	2.784460244531805	2.7844256427120464	0.007345643	0.004613947925480412	0.004613405888226134
69.4	2.845146755	2.7845101176061333	2.7844764662633557	0.015573846	0.004617200439495411	0.0046163670001427345
69.433333333333	2.833476774	2.784557779427024	2.7845251619863123	0.038413214	0.004620632511949401	0.004619512641348711
69.46666666666701	2.739282031	2.7846032196247337	2.78457171622682	0.047373199	0.004624192310153783	0.004622794660924457
69.5	2.690338639	2.7846464474663826	2.784616133528293	0.022813803	0.0046278237794782975	0.004626160877461876
69.53333333333299	2.699244444	2.784687493061326	2.7846584378153656	0.007377882	0.004631467136145016	0.004629555510630474
69.566666666667	2.70165663	2.784726408334421	2.784698673369686	-0.00123801	0.004635059454165649	0.0046329197014592744
69.6	2.701784482	2.7847632677394585	2.784736905571203	-0.019972129	0.0046385353405717904	0.004636192116476695
69.633333333333	2.799621061	2.78479816868819	2.784773221381111	-0.02582745	0.004641827691219278	0.004639309629118284
69.66666666666701	2.79683842	2.7848312316741772	2.7848077295460465	-0.005424424	0.004644868517645707	0.004642208070136271
69.7	2.77675709	2.784862600075012	2.784840560506968	-0.004952291	0.004647589833768416	0.004644823037160596
69.733333333333	2.772165237	2.7848924396213026	2.7848718660005236	-0.012095714	0.004649924589669614	0.004647090752104315
69.766666666667	2.821220061	2.7849209375261057	2.784901818345437	-0.023241256	0.004651807638365285	0.004648948953813013
69.8	2.846505451	2.784948301274087	2.784930609411551	-0.003778341	0.004653176720333658	0.00465033781226268
69.83333333333299	2.833524161	2.784974757075601	2.784958449274486	0.003486614	0.004653973449721547	0.0046512008497452215
69.866666666667	2.820146796	2.785000547996882	2.784985564564339	0.006269143	0.004654144285582205	0.004651485853872133
69.9	2.822714686	2.785025931783552	2.785012196522376	0.005922544	0.004653641471252633	0.0046511457668957186
69.933333333333	2.826466077	2.785051178400601	2.7850385987850643	0.007897577	0.004652423925068451	0.004650139535808219
69.96666666666701	2.840288853	2.785076567317538	2.7850650349200454	0.012932338	0.004650458066044696	0.004648432907939716
70.0	2.828814625	2.785102384572711	2.7850917757435285	0.0315099	0.0046477185589148245	0.004645999157335653
70.03333333333299	2.755431571	2.785128919655381	2.7851190964530694	0.031433314	0.004644188964004273	0.004642819728046635
70.066666666667	2.746787368	2.7851564622481852	2.785147273613616	0.01550749	0.004639862278794615	0.0046388847815916874
70.1	2.75572069	2.785185298875915	2.7851765820380168	0.010176386	0.004634741359680253	0.004634193637238807
70.133333333333	2.759707042	2.785215709508921	2.7852072916057855	0.007891273	0.0046288392142930295	0.004628755095354544
70.16666666666701	2.761793547	2.78524796417101	2.7852396640657355	0.005963959	0.004622179156831379	0.004622587635873603
70.2	2.766031595	2.7852823196023424	2.785273949869159	0.004357152	0.004614794821032718	0.004615719485893379
70.233333333333	2.769068978	2.7853190160275636	2.7853103850804297	0.003778304	0.004606730027723824	0.004608188552467527
70.266666666667	2.773769288	2.78535827407829	2.7853491884113226	0.004278475	0.0045980385062258195	0.004600042218817082
70.3	2.770923421	2.7854002919170386	2.785390558423933	0.011264809	0.004588783471235292	0.004591337004356857
70.33333333333299	2.716590941	2.7854452426069436	2.785434670944937	5.174e-05	0.004579037059112585	0.004582138091109564
70.366666666667	2.791927091	2.7854932717680896	2.7854816767310404	-0.010692328	0.004568879629745751	0.004572518721212715
70.4	2.777190699	2.7855444955571107	2.7855316994219548	0.002406438	0.004558398942290173	0.004562559472278741
70.433333333333	2.755848052	2.785598999002019	2.785584833813119	-0.003909926	0.004547689215077994	0.004552347419315416
70.46666666666701	2.794411178	2.78565683471896	2.78564114447578	-0.01937413	0.004536850081820104	0.004541975193723307
70.5	2.823368441	2.7857180220320443	2.7857006647469986	-0.0057566	0.004525985457862892	0.004531539951535072
70.53333333333299	2.817656146	2.785782546511486	2.785763396106796	-0.000101691	0.004515202331692978	0.004521142264526272
70.566666666667	2.819637771	2.785850359939209	2.7858293079540006	0.003118664	0.004504609498090569	0.004510884949090193
70.6	2.815162255	2.7859213807048966	2.785898337786585	0.007862676	0.004494316250304731	0.004500871848814198
70.633333333333	2.805377328	2.7859954946292267	2.785970391786397	0.007794297	0.004484431049352954	0.004491206587509333
70.66666666666701	2.804830649	2.7860725562049202	2.786045345802316	0.007216818	0.0044750601890245715	0.004481991310018878
70.7	2.808671686	2.7861523902401335	2.786123046720056	0.008685298	0.004466306475384965	0.004473325428457358
70.733333333333	2.814371076	2.7862347938829513	2.7862033142012055	0.011227681	0.004458267939530219	0.004465304391603994
70.766666666667	2.815361321	2.7863195390001425	2.7862859427686537	0.018826253	0.00445103660202935	0.004458018494989583
70.8	2.785819369	2.786406374878152	2.786370704210361	0.026589258	0.004444697306915548	0.004451551748774238
70.83333333333299	2.765332904	2.786495031209446	2.786457350268731	0.018063732	0.004439326642247705	0.004445980819805829
70.866666666667	2.775860478	2.7865852213229787	2.7865456155785235	0.017318527	0.004434991963159328	0.004441374063285659
70.9	2.762517094	2.7866766456136887	2.786635220812433	0.029434434	0.004431750531946462	0.004437790658253768
70.933333333333	2.694427759	2.7867689951219723	2.7867258759901525	0.02050566	0.004429648788151277	0.00443527985965121
70.96666666666701	2.69916948	2.7868619552129243	2.7868172839040874	0.00030578	0.0044287217596688635	0.004433880378035467
71.0	2.710595361	2.786955209302846	2.786909143612932	-0.005687631	0.004428992623822883	0.004433619896137919
71.03333333333299	2.707217116	2.7870484425792332	2.7870011539530912	-0.014784643	0.004430472425066049	0.004434514729385041
71.066666666667	2.713111523	2.787141345660142	2.7870930170175283	-0.030982517	0.004433159953504634	0.00443656963528929
71.1	2.812819079	2.7872336181394872	2.7871844415520597	-0.042884639	0.0044370417858719275	0.004439777774288488
71.133333333333	2.829974471	2.7873249719666013	2.7872751462204874	-0.028142674	0.004442092487940062	0.004444120822214074
71.16666666666701	2.876153356	2.78741513461104	2.7873648626920335	-0.015993273	0.004448274974718927	0.0044495692321551835
71.2	2.865041515	2.7875038519673465	2.7874533385075564	-0.000627064	0.004455541022201823	0.004456082641100423
71.233333333333	2.846032626	2.7875908909590055	2.7875403396848055	0.005110026	0.00446383192193843	0.004463610414435105
71.266666666667	2.836980895	2.7876760418062463	2.78762565302756	0.006078646	0.004473079267407139	0.004472092319199412
71.3	2.82974623	2.787759119928385	2.7877090881086874	0.006850834	0.0044832058590799605	0.004481459315020453
71.33333333333299	2.852349883	2.7878399674580727	2.7877904789029353	0.005223153	0.004494126713275276	0.004491634449861377
71.366666666667	2.862707534	2.787918454351727	2.7878696850513895	0.013931676	0.004505750158412863	0.004502533846220926
71.4	2.875174928	2.7879944790876845	2.787946592745988	0.030704688	0.00451797900114771	0.004514067762196995
71.433333333333	2.774793602	2.788067968950769	2.7880211152289904	0.059288395	0.0045307117440823354	0.004526141710919971
71.46666666666701	2.717698594	2.7881388799090807	2.7880931929088053	0.024588967	0.004543843836349311	0.004538657621277795
71.5	2.742088694	2.78820719609558	2.7881627930999016	0.012919133	0.004557268938314414	0.004551515022597289
71.53333333333299	2.753694416	2.7882729289133303	2.788229909400505	0.009685068	0.004570880181962514	0.004564612236008401
71.566666666667	2.759601282	2.7883361157890265	2.788294560727351	0.008615801	0.004584571409168189	0.004577847555585267
71.6	2.766982766	2.788396818604399	2.78835679003177	0.007730382	0.004598238370985381	0.004591120403008869
71.633333333333	2.771969071	2.78845512183935	2.7884166627280167	0.011994503	0.004611779872274896	0.004604332440182733
71.66666666666701	2.745732206	2.788511130464103	2.7884742648640826	0.018133912	0.004625098847386399	0.004617388625807232
71.7	2.717375899	2.788564967620186	2.788529701068994	0.009557966	0.00463810335418153	0.0046301982031481245
71.733333333333	2.707233766	2.7886167721318764	2.788583092313447	0.001032515	0.004650707475383719	0.004642675607643613
71.766666666667	2.682418508	2.7886666959132342	2.7886345735226064	-0.014170963	0.004662832115820977	0.004654741284543191
71.8	2.73058963	2.7887149012697403	2.7886842910810015	-0.065967152	0.004674405692594294	0.0046663224084245985
71.83333333333299	2.887365972	2.788761558144695	2.7887324002697302	-0.030652091	0.004685364711723344	0.0046773534981584
71.866666666667	2.870086904	2.78880684135786	2.7887790626757245	-0.001138639	0.004695654226917408	0.004687776922651455
71.9	2.835061065	2.7888509278806226	2.788824443611632	0.003160504	0.00470522817816396	0.00469754329447202
71.933333333333	2.82834968	2.788893994188348	2.78886870958309	0.003272161	0.004714049609799456	0.004706611750213988
71.96666666666701	2.827051713	2.788936213726639	2.788912025835507	0.004624457	0.0047220907696129116	0.004714950118393081
72.0	2.828754602	2.7889777545240415	2.788954554014011	0.005701801	0.004729333092316952	0.0047225349768788795
72.03333333333299	2.835064325	2.7890187769792645	2.788996449966146	0.012410296	0.00473576707238717	0.004729351603530897
72.066666666667	2.825057286	2.7890594318464563	2.7890378617126146	0.015948802	0.004741392032803395	0.004735393825248261
72.1	2.807986383	2.7890998584374	2.7890789276070125	0.022429843	0.004746215797611924	0.004740663772046415
72.133333333333	2.779147882	2.789140183054786	2.7891197747009784	0.018658582	0.004750254277452278	0.004745171544027102
72.16666666666701	2.779169905	2.7891805176660402	2.789160517326713	0.011395867	0.004753530978243518	0.004748934800195921
72.2	2.78909162	2.789220958822548	2.789201255904343	0.0088415	0.004756076444091055	0.004751978278991256
72.233333333333	2.80155615	2.789261586824604	2.7892420759771874	0.008863303	0.004757927646145484	0.004754333261106983
72.266666666667	2.819809233	2.789302465128001	2.7892830474737247	0.011715098	0.004759127329606331	0.004756036985707169
72.3	2.844132051	2.789343639983986	2.7893242241909775	0.029195472	0.004759723331301096	0.004757132031434331
72.33333333333299	2.755237756	2.7893851403003462	2.7893656434901377	0.065108714	0.004759767880270307	0.00475766567369496
72.366666666667	2.659848041	2.789426977707704	2.7894073261917303	0.02917069	0.00475931689354444	0.00475768922956088
72.4	2.669324563	2.7894691468118333	2.7894492766543624	0.008878417	0.004758429278805258	0.004757257401249907
72.433333333333	2.671699162	2.789511625609926	2.7894914830183284	-0.001461555	0.004757166254883537	0.004756427628546316
72.46666666666701	2.661080434	2.7895543760463895	2.7895339175234377	-0.01598821	0.004755590700058573	0.00475525946947802
72.5	2.662654553	2.7895973446819653	2.789576536998223	-0.04211576	0.004753766536902712	0.00475381400061077
72.53333333333299	2.81896355	2.789640463448869	2.7896192834824354	-0.097123346	0.004751758160981336	0.004752153246500598
72.566666666667	2.905602763	2.7896836504642657	2.789662084945726	-0.025895162	0.004749629919109574	0.004750339646150457
72.6	2.898388774	2.7897268101790895	2.7897048560672237	-0.007881802	0.004747445738923367	0.004748435562509637
72.633333333333	2.869561842	2.7897698347318425	2.7897474990431883	0.001028713	0.004745268642628603	0.0047465028391799865
72.66666666666701	2.855166354	2.7898126051424676	2.7897899043931225	0.003888381	0.004743160339168583	0.004744602406599617
72.7	2.846120052	2.78985499234061	2.7898319517385053	0.006005906	0.00474118089004303	0.004742793938111988
72.733333333333	2.846604392	2.7898968580268093	2.78987351053267	0.003412497	0.004739388442397048	0.004741135554545345
72.766666666667	2.879317967	2.7899380553695763	2.789914440725089	0.005814806	0.004737839021587039	0.004739683574270964
72.8	2.89616696	2.789978429545729	2.7899545934180168	0.022165775	0.004736586374254877	0.004738492294441659
72.83333333333299	2.878059275	2.790017818135795	2.7899938113891274	0.056017369	0.004735681852026421	0.00473761381475798
72.866666666667	2.711850233	2.7900560513905135	2.7900319294931943	0.053785197	0.004735174325314905	0.004737097894667975
72.9	2.723344051	2.7900929523884552	2.790068774959529	0.018904702	0.004735110116365768	0.00473699183443922
72.933333333333	2.756800359	2.79012833710837	2.7901041676052296	0.012794954	0.004735532940630317	0.004737340370330633
72.96666666666701	2.759291883	2.7901620144429486	2.790137919987239	0.018525886	0.004736483845791811	0.004738185574133655
73.0	2.744274847	2.7901937861831385	2.790169837518653	0.016470348	0.004738001138268535	0.00473956674763811
73.03333333333299	2.733783575	2.790223447003956	2.790199718576621	0.012319277	0.004740120287755478	0.004741520303091819
73.066666666667	2.728321176	2.7902507844838143	2.790227354630427	0.006556164	0.004742873801311181	0.004744079621443177
73.1	2.726756914	2.7902755791896663	2.790252530419001	0.000409574	0.004746291059617258	0.004747274881056356
73.133333333333	2.731939661	2.7902976048598758	2.790275024207004	-0.009742637	0.004750398109299427	0.004751132850640055
73.16666666666701	2.76325247	2.7903166287154733	2.790294608147954	-0.010042885	0.004755217406563506	0.004755676641302388
73.2	2.752129094	2.7903324119285773	2.7903110487814446	-0.004725357	0.0047607675088284914	0.00476092541390601
73.233333333333	2.72160252	2.790344710274188	2.790324107689529	-0.017879837	0.004767062712497551	0.004766894039219979
73.266666666667	2.826580482	2.790353274988398	2.790333542334785	-0.068852118	0.004774112636467311	0.004773592709720141
73.3	2.905152702	2.790357853852453	2.7903391093214096	-0.004664721	0.004781921752415138	0.004781026120188319
73.33333333333299	2.854302948	2.790358192518043	2.790340564502775	0.006470753	0.00479048886430476	0.004789193191432788
73.366666666667	2.844841171	2.7903540360848003	2.790337663512568	0.009104362	0.004799806540895164	0.00479808671079094
73.4	2.8292586	2.7903451309363763	2.7903301627261543	0.015633218	0.004809860506312807	0.0048076928952561476
73.433333333333	2.806885668	2.7903312490559142	2.7903178206505785	0.013594081	0.004820625164299037	0.004817990884830241
73.46666666666701	2.805163626	2.790312156673521	2.7903003997337414	0.012635801	0.004832068821744115	0.004828952175278985
73.5	2.796251077	2.7902876188134087	2.7902776685756123	0.011772197	0.004844152600145027	0.004840540000852602
73.53333333333299	2.799003441	2.790257404064437	2.7902494045171577	0.010147325	0.004856829353480562	0.004852708678719987
73.566666666667	2.799462348	2.790221289518436	2.7902153965758503	0.011474126	0.00487004260823849	0.004865402927847922
73.6	2.793337089	2.7901790658200265	2.790175448690369	0.010718828	0.004883725540954755	0.00487855717583024
73.633333333333	2.796705777	2.7901305422711618	2.7901293810094514	0.008629086	0.004897800008151302	0.004892095250796455
73.66666666666701	2.805296625	2.790075551933495	2.7900770347691464	0.007947326	0.004912175642978616	0.0049059295000469915
73.7	2.821775867	2.790013956671725	2.7900182771406685	0.010737801	0.004926749032174509	0.004919959979157095
73.733333333333	2.847667685	2.7899456520815664	2.7899530059935564	0.022163673	0.004941402986135977	0.004934073724267583
73.766666666667	2.804828438	2.7898705722467345	2.7898811545195485	0.061293755	0.004956005913961199	0.004948144119385977
73.8	2.669018832	2.78978869427047	2.7898026956636093	0.033581828	0.004970411314249474	0.004962030369505314
73.83333333333299	2.691695806	2.7897000425286294	2.7897176463099753	0.011987603	0.0049844573912460645	0.004975577089207889
73.866666666667	2.696676273	2.7896046925933193	2.789626071172872	0.005330387	0.004997966804585447	0.004988614015157948
73.9	2.6939317	2.789502774778356	2.7895280863438154	-0.001329423	0.005010746559422426	0.005000955849504585
73.933333333333	2.682458614	2.7893944772606365	2.789423862450056	-0.007114002	0.005022588042148128	0.005012402239720428
73.96666666666701	2.635021056	2.7892800487348204	2.789313627381894	-0.032232102	0.0050332672051770465	0.005022737898803869
74.0	2.786091644	2.789159800562467	2.789197668550186	-0.1129944	0.005042544902479224	0.005031732868086651
74.03333333333299	2.953438231	2.789034108381158	2.7890763346395024	-0.038876981	0.00505016737564087	0.0050391429231341316
74.066666666667	2.918643853	2.788903413143972	2.7889500368269666	-0.005284882	0.00505586688829441	0.005044710121425828
74.1	2.884721307	2.7887682215651104	2.788819249441934	0.003728393	0.0050593625047956	0.00504816348868675
74.133333333333	2.868739931	2.788629105953394	2.7886844385724947	0.006880925	0.005060361007077299	0.005049233974776121
74.16666666666701	2.86504507	2.7884867034217895	2.7885461551847652	0.008236327	0.005058557941720862	0.005047636644007498
74.2	2.872047309	2.788341714467961	2.7884050328098184	0.009113347	0.005053638787502417	0.005043072088709508
74.233333333333	2.923922063	2.788194900928031	2.7882617843032715	0.023176424	0.005045280232031642	0.0050352280018291186
74.266666666667	2.892423009	2.7880463685662416	2.7881171977374892	0.073243414	0.005033292903041839	0.005023780885393354
74.3	2.657699874	2.787897214857527	2.7879721314925767	0.060805728	0.005017293897490815	0.005008397871099877
74.33333333333299	2.694178676	2.7877485768129975	2.7878275086181192	0.014921508	0.004996899349499318	0.004988738629004322
74.366666666667	2.725747171	2.787601623315691	2.787684310542855	0.007564644	0.004971726506836987	0.004964457340219572
74.4	2.742704564	2.787457547486153	2.787543570214046	0.002893351	0.004941395723936764	0.004935204709740652
74.433333333333	2.753594901	2.7873175591159836	2.7874063647521643	-0.002322761	0.0049055323618608215	0.004900629995954496
74.46666666666701	2.768223748	2.7871828772088167	2.7872738791842764	0.003398587	0.004863768586121763	0.004860368898236689
74.5	2.775757157	2.7870547226691498	2.787147304767699	0.005693262	0.004815745053873359	0.004814064309218392
74.53333333333299	2.778219523	2.78693431117987	2.787027831934256	0.005913381	0.0047611124827132145	0.004761367913804114
74.566666666667	2.777973134	2.786822846309213	2.786916643442273	0.008903872	0.0046995330941700785	0.004701941669756814
74.6	2.763499958	2.7867215128873633	2.7868149077747986	0.011537276	0.004630681925863775	0.0046354591636843315
74.633333333333	2.753517186	2.7866314706917548	2.7867237728217185	0.01054199	0.004554248007307848	0.004561606837144091
74.66666666666701	2.712726155	2.786553848478564	2.786644359882195	0.009947679	0.004469935395356531	0.004480085078527155
74.7	2.687869133	2.7864897383958627	2.7865777580221462	-0.009361218	0.004377464066363981	0.004390609177373626
74.733333333333	2.725210496	2.7864401908114083	2.786525018819357	-0.081561849	0.004276570663211946	0.00429291013879496
74.766666666667	2.9288261	2.786406209585181	2.7864871515262974	-0.013058426	0.004167009096458413	0.004186735356722067
74.8	2.841308529	2.786388747813583	2.7864651186778597	0.003128454	0.004048550999952406	0.0040718491457491564
74.83333333333299	2.82887424	2.786388704068664	2.7864598321680036	0.003582766	0.003920986042338072	0.0039480331323914816
74.866666666667	2.825335327	2.786406919151973	2.78647214981585	0.004803533	0.0037841220969265475	0.0038150865076109057
74.9	2.823558356	2.78644417337862	2.786502872438021	0.007057174	0.0036377852734411544	0.003672826143477492
74.933333333333	2.821372813	2.7865011844029883	2.78655274144011	0.013348792	0.0034818198161346717	0.003521086577819772
74.96666666666701	2.783772828	2.7865786055931956	2.786624774030829	0.010676438	0.0033160878737310906	0.003359210216089147
75.0	2.793298979	2.786677024957026	2.786719347619391	0.001381393	0.0031404691475507753	0.00318712584117018
