freq(GHz)	real_ε	real_ε_SG_filtered	real_ε_SG_filtered+RA	loss_T	loss_T_SG_filtered	loss_T_SG_filtered+RA
75.0	2.791426128	2.7989114049290733	2.7988961525438993	0.010300696	0.006166203866280764	0.006164314700990781
75.05	2.778551764	2.798932048446972	2.798917911561134	0.006349652	0.006169628047454169	0.006167660794013005
75.1	2.793845466	2.798951811283451	2.798938725582339	0.004655738	0.006172973597365233	0.006170949320315407
75.15	2.786025471	2.7989708485380578	2.798958744268874	0.004956442	0.006176217501538884	0.006174156269690525
75.2	2.787745951	2.798989316694423	2.798978119206009	-0.000172165	0.006179338894935425	0.006177259719401618
75.25	2.806276819	2.7990073725803657	2.798997002890014	-0.002117073	0.006182319062185809	0.006180239851228064
75.3	2.816302299	2.7990251723410147	2.7990155477215053	0.002236577	0.006185141426991978	0.006183078956082934
75.35	2.817290086	2.799042870429398	2.799033905007682	0.005583167	0.006187791532498681	0.006185761427139206
75.4	2.818536993	2.799060618618544	2.7990522239754463	0.00850411	0.006190257014415882	0.006188273742277517
75.45	2.815465225	2.7990785650388377	2.799070650796818	0.011890045	0.006192527568613819	0.006190604436516511
75.5	2.803706624	2.7990968532439897	2.7990893276536957	0.015647932	0.006194594914829459	0.00619274407391564
75.55	2.786083811	2.799115621308737	2.79910839183168	0.013945741	0.006196452758016891	0.006194685215901605
75.6	2.784054767	2.7991350009610936	2.7991279748460434	0.011714759	0.006198096748748344	0.006196422387409198
75.65	2.772255247	2.7991551167517783	2.7991482016026668	0.006739836	0.006199524443928823	0.0061979520420990504
75.7	2.781434769	2.7991760852631997	2.799169189596536	0.003734242	0.006200735268926717	0.006199272527767235
75.75	2.785405584	2.7991980143602078	2.7991910481502087	0.002881675	0.0062017304820454556	0.006200384052896982
75.8	2.790310463	2.7992210024846504	2.799213877694468	0.002380751	0.006202513142067902	0.00620128865512337
75.85	2.787370087	2.799245137995626	2.7992377690932786	0.00215205	0.006203088079397212	0.006201990172190319
75.9	2.798203178	2.7992704985572368	2.79926280301503	-0.001111819	0.006203461871097728	0.0062024942157788195
75.95	2.802659773	2.7992971505755633	2.799289049352031	-0.001534182	0.006203642819911284	0.0062028081483798455
76.0	2.815609392	2.799325148686588	2.7993165666901505	-0.000364363	0.00620364093709334	0.0062029410631792015
76.05	2.819254499	2.79935453529684	2.799345401830581	0.004371644	0.006203467928686385	0.006202903766719564
76.1	2.816456614	2.799385340178614	2.7993755893656984	0.006884765	0.006203137184633349	0.006202708763912395
76.15	2.80612777	2.799417580121782	2.7994071513111494	0.010920718	0.006202663769939073	0.006202370244794968
76.2	2.802420063	2.7994512586443983	2.7994400967963857	0.007903616	0.006202064416920282	0.006201904072270793
76.25	2.801927926	2.79948636576451	2.7994744218160514	0.006379806	0.006201357517449077	0.006201327769940768
76.3	2.80652789	2.799522877835826	2.7995101090436902	0.007069075	0.006200563113996217	0.006200660508711305
76.35	2.8068089	2.7995607574501356	2.7995471277096775	0.00799607	0.006199702888222938	0.006199923090860849
76.4	2.807910092	2.7995999534095977	2.7995854335452095	0.009761433	0.006198800145855976	0.006199137930133243
76.45	2.801721955	2.799640400772221	2.799624968794086	0.012936073	0.006197879796611043	0.006198329026340029
76.5	2.788612116	2.799682020962982	2.799665662293841	0.011833972	0.006196968324798708	0.0061975219328946635
76.55	2.78516579	2.79972472195671	2.799707429627561	0.008769348	0.006196093750181828	0.0061967437156694085
76.6	2.784903526	2.799768398533931	2.7997501733474577	0.006273453	0.006195285577357293	0.006196022901559644
76.65	2.785217139	2.79981293261055	2.799793783270899	0.003316161	0.006194574732006932	0.006195389415159268
76.7	2.792781346	2.7998581936419473	2.799838136849192	-0.00183059	0.006193993482466617	0.006194874501993632
76.75	2.810928163	2.7999040391017083	2.799883099608929	0.000625287	0.006193575345196541	0.006194510636821292
76.8	2.815817848	2.7999503150347937	2.799928525666278	0.005169735	0.00619335497289856	0.0061943314159223235
76.85	2.813696929	2.7999968566845492	2.7999742583137137	0.007329712	0.006193368024219183	0.006194371432334675
76.9	2.811928662	2.800043489192522	2.800020130678303	0.009829814	0.006193651014199613	0.00619466613320664
76.95	2.805354426	2.8000900283695955	2.800065966450189	0.013072267	0.00619424114488764	0.006195251658667833
77.0	2.788786442	2.800136281536472	2.80011158067947	0.011613366	0.0061951761158090275	0.006196164661880844
77.05	2.787237508	2.800182048431069	2.800156780639169	0.007608633	0.006196493914305345	0.006197442110218306
77.1	2.791746621	2.8002271221798223	2.800201366751482	0.006125152	0.006198232586076942	0.006199121067811816
77.15	2.795741203	2.8002712903294076	2.8002451335739544	0.005710211	0.006200429986618852	0.006201238460035968
77.2	2.794373079	2.800314335934759	2.8002878708417085	0.007973273	0.006203123514596736	0.006203830820817457
77.25	2.79042771	2.8003560386987036	2.8003293645612604	0.007275009	0.006206349828571157	0.0062069340239904545
77.3	2.786958113	2.8003961761579195	2.8003693981509112	0.005606483	0.0062101445488336685	0.0062105830002490165
77.35	2.787131323	2.800434524909272	2.800407753622152	0.004035016	0.006214541946460702	0.006214811441569367
77.4	2.78571478	2.8004708618700684	2.800444212795953	0.00122709	0.0062195746220144975	0.006219651495283794
77.45	2.789678713	2.800504965565112	2.800478558547307	-0.002715122	0.006225273176617614	0.006225133450278366
77.5	2.816735979	2.800536617432979	2.8005105760709084	-0.004069515	0.0062316658783946495	0.006231285418054252
77.55	2.820736718	2.8005656031434767	2.800540054160424	0.002199435	0.0062387783275088485	0.006238133011633536
77.6	2.817052235	2.8005917139178353	2.8005667864934036	0.005349357	0.006246633123221209	0.006245699025490473
77.65	2.815207403	2.8006147478429497	2.8005905729135305	0.006047846	0.0062552495365645715	0.00625400311985794
77.7	2.816328546	2.8006345111707676	2.800611220701645	0.007449178	0.006264643192355605	0.0062630615128897405
77.75	2.810770505	2.8006508195938573	2.800628545826768	0.008665388	0.0062748257643639995	0.006272886684250398
77.8	2.809112086	2.800663499487717	2.8006423741682225	0.00936178	0.006285804687403034	0.006283487093753187
77.85	2.810165997	2.800672389110544	2.80065254269987	0.009731029	0.006297582890135369	0.006294866918672664
77.9	2.80835876	2.80067733975121	2.8006589006274902	0.013450958	0.006310158552332511	0.006307025813317787
77.95	2.79252144	2.8006782168163435	2.8006613104704146	0.013428897	0.006323524890224178	0.006319958694364249
78.0	2.786729448	2.800674900847527	2.800659649078616	0.010075501	0.006337669973422544	0.006333655555307745
78.05	2.787367334	2.800667288459945	2.800653808576703	0.007753588	0.0063525765767036176	0.00634810131321222
78.1	2.78667127	2.800655293194043	2.8006436972265307	0.00620504	0.006368222069672445	0.006363275690699333
78.15	2.78604742	2.800638846272192	2.8006292402005295	0.003429582	0.00638457834702919	0.0063791531358453986
78.2	2.792269052	2.8006178972527818	2.8006103802582873	-0.000595975	0.006401611801790564	0.006395702782325765
78.25	2.810606156	2.8005924145747265	2.8005870783194466	-0.000610138	0.006419283343408753	0.006412888451776656
78.3	2.816869135	2.8005623859859945	2.800559313926597	0.003379135	0.006437548462274149	0.006430668699935423
78.35	2.81898869	2.8005278188505334	2.8005270855925195	0.007922315	0.006456357341596035	0.006448996907676706
78.4	2.813889792	2.800488740328787	2.8004904110269377	0.012269594	0.006475655017136169	0.00646782141759082
78.45	2.796649901	2.8004451974279383	2.800449327238758	0.013402723	0.006495381584733097	0.006487085716258205
78.5	2.790116882	2.800397256919027	2.80040389051073	0.009204581	0.006515472455010206	0.006506728661867504
78.55	2.79068105	2.80034500511917	2.8003541762444217	0.007070625	0.006535858654116447	0.006526684756311911
78.6	2.7946954	2.8002885475382224	2.800300278674461	0.006091662	0.006556467168813591	0.0065468844603860914
78.65	2.79536848	2.8002280083903957	2.8002423104520524	0.006357372	0.0065772213337030455	0.0065672545502011865
78.7	2.795831197	2.800163529972501	2.800180402098903	0.006666494	0.006598041257883561	0.00658771851244439
78.75	2.794789933	2.8000952719116476	2.8001147013337895	0.007028894	0.006618844287852813	0.006608196975638403
78.8	2.789805782	2.800023410286386	2.8000453722751315	0.006108148	0.006639545503015951	0.006628608174109872
78.85	2.790010783	2.7999481366264485	2.799972594524048	0.003870942	0.00666005823974698	0.006648868440959935
78.9	2.793276726	2.7998696567972954	2.7998965621334646	0.002632465	0.00668029463956821	0.006668892725948443
78.95	2.796537587	2.7997881897768018	2.7998174824699094	0.001926656	0.006700166216673232	0.006688595133861069
79.0	2.804787365	2.7997039663324466	2.7997355749756614	0.000909163	0.006719584439724893	0.006707889478629847
79.05	2.807533852	2.7996172276083358	2.7996510698399213	0.003601342	0.006738461322617071	0.006726689848227216
79.1	2.808373921	2.799528223632391	2.7995642065885824	0.003160903	0.006756710018698672	0.006744911175155602
79.15	2.812548398	2.7994372117548383	2.7994752326030854	0.005327416	0.006774245412829309	0.006762469807213084
79.2	2.810936318	2.799344455030024	2.7993844015796325	0.006633731	0.006790984705571346	0.006779284073134012
79.25	2.814092442	2.7992502205542467	2.799291971940757	0.006416402	0.006806847983826487	0.006795274837684624
79.3	2.813934584	2.799154777772996	2.7991982052119018	0.009024599	0.0068217587722998185	0.00681036604083918
79.35	2.81406258	2.7990583967714815	2.7991033643761556	0.011721246	0.006835644560321802	0.006824485215772622
79.4	2.801324852	2.798961346562761	2.799007712220747	0.015104985	0.006848437298777489	0.006837563980581063
79.45	2.789382865	2.798863893388049	2.7989115096891632	0.013623205	0.0068600738621793595	0.0068495384988795215
79.5	2.784861014	2.798766299043893	2.798815014252946	0.009328392	0.00687049647127045	0.006860349904724483
79.55	2.788206511	2.7986688192508744	2.7987184783172196	0.007701214	0.006879653071951486	0.006869944687662982
79.6	2.78886337	2.798571702078301	2.7986221476739113	0.00734453	0.006887497666783079	0.006878275034115466
79.65	2.785935176	2.7984751864390045	2.798526260016364	0.005824635	0.006893990595813912	0.006885299121750963
79.7	2.788808836	2.798379500667855	2.798431043528634	0.001766792	0.006899098764020948	0.006890981364004599
79.75	2.80629879	2.7982848611969806	2.7983367155622583	0.00097185	0.006902795813211474	0.006895292602413122
79.8	2.813504168	2.798191471339914	2.7982434814125896	0.005703633	0.006905062236824666	0.006898210244997873
79.85	2.812380297	2.798099520196005	2.7981515332060316	0.009899336	0.006905885436676765	0.00689971834950092
79.9	2.800991154	2.7980091816854635	2.7980610489085964	0.012697935	0.006905259721313856	0.006899807650872766
79.95	2.791245268	2.7979206137242945	2.7979721914651883	0.010941999	0.006903186246264589	0.006898475533013074
80.0	2.790182255	2.7978339575472035	2.7978851080778986	0.009219136	0.0068996728971179415	0.006895725945373361
80.05	2.790356994	2.7977493371852944	2.797799929630392	0.007469552	0.006894734116981975	0.006891569265635562
80.1	2.792670191	2.7976668591039524	2.797716770264136	0.006641291	0.006888390680501529	0.0068860221102762615
80.15	2.792795778	2.7975866120049195	2.7976357271108454	0.00710955	0.006880669417216998	0.006879107095405512
80.2	2.793345184	2.7975086667949567	2.797556880184057	0.007748526	0.006871602887623823	0.006870852550824026
80.25	2.790686794	2.7974330767219158	2.797480292431188	0.006974127	0.006861229015833483	0.006861292190765358
80.3	2.788172784	2.797359877677351	2.797406009945904	0.006509176	0.0068495906832316605	0.006850464745272583
80.35	2.786582767	2.797289088663106	2.797334062338961	0.004873931	0.006836735287969265	0.006838413556594654
80.4	2.786715816	2.797220712417574	2.7972644632640806	0.002976992	0.006822714275499006	0.006825186145369028
80.45	2.792140066	2.7971547361956026	2.797197211093791	-0.000187986	0.006807582645677902	0.006810833751678629
80.5	2.806874181	2.7970911326943693	2.7971322897385553	5.6345e-05	0.006791398442190186	0.006795410856327974
80.55	2.810775262	2.7970298611158646	2.797069669600945	0.003460717	0.006774222230202687	0.006778974687871968
80.6	2.81071608	2.7969708683551446	2.797009308655135	0.005710024	0.006756116568245267	0.006761584721049571
80.65	2.808137461	2.796914090302025	2.7969511536405673	0.007481991	0.006737145480313008	0.006743302172322399
80.7	2.807306899	2.7968594532426008	2.7968951413573437	0.006991257	0.006717373934117271	0.006724189498195804
80.75	2.808265336	2.7968068753458155	2.796841200049692	0.008203891	0.006696867331273429	0.006704309901908319
80.8	2.807386623	2.796756268219245	2.7967892508627994	0.010338578	0.006675691015007695	0.00668372685391657
80.85	2.801269862	2.7967075385174285	2.796739209357391	0.013437569	0.0066539098006975425	0.006662503631379382
80.9	2.786811364	2.796660589585344	2.7966909870656567	0.011751166	0.006631587534233047	0.0066407028815597124
80.95	2.786060687	2.7966153231190867	2.796644493071514	0.006929983	0.0066087866828030495	0.006618386213719543
81.0	2.790813419	2.7965716408254395	2.796599635597766	0.006851063	0.006585567962272709	0.006595613823684443
81.05	2.79222184	2.7965294460617804	2.7965563235824322	0.006527277	0.006561990004830808	0.006572444154805247
81.1	2.792138365	2.7964886454378015	2.796514468226448	0.006221599	0.006538109070048561	0.0065489335985487954
81.15	2.791177375	2.7964491503605986	2.796473984495017	0.006286225	0.006513978801911321	0.006525136237412889
81.2	2.790437431	2.796410878505122	2.7964347925551976	0.003209952	0.006489650033766264	0.00650110363228867
81.25	2.803938952	2.796373755192478	2.796396819132767	0.002447032	0.00646517064248147	0.006476884655793005
81.3	2.808611392	2.7963377146593986	2.79635999877209	0.006225829	0.006440585452443169	0.006452525372471936
81.35	2.80487981	2.7963027012031194	2.7963242749835944	0.010047855	0.006415936189338482	0.0064280689661420365
81.4	2.792899503	2.7962686701871524	2.7962896012644833	0.010438057	0.006391261482990865	0.006403555713998537
81.45	2.789798393	2.796235588894778	2.7962559419796045	0.007776277	0.0063665969178464035	0.006379023006486564
81.5	2.791505466	2.796203437218673	2.79622327309075	0.006419162	0.006341975129062018	0.006354505411313991
81.55	2.79218706	2.796172208176818	2.796191582724296	0.006017625	0.006317425941531815	0.006330034779390358
81.6	2.793070247	2.796141908246697	2.79616087156876	0.00611128	0.006292976548613579	0.006305640389914276
81.65	2.792900126	2.7961125575118073	2.7961311530957254	0.005831113	0.006268651726791573	0.006281349131310015
81.7	2.793350654	2.796084189616576	2.796102453599503	0.006208633	0.006244474082040543	0.006257185714238986
81.75	2.792528415	2.796056851527937	2.7960748120529533	0.005926787	0.006220464323245124	0.006233172912490184
81.8	2.789342718	2.796030603104044	2.7960482797789417	0.005404688	0.00619664155768236	0.006209331827190025
81.85	2.792218524	2.7960055164727704	2.7960229199390434	0.004375744	0.006173023603295873	0.006185682169470817
81.9	2.791643147	2.795981675224931	2.7959988068432384	0.004073862	0.006149627312280564	0.006162242556501906
81.95	2.790494819	2.7959591734292815	2.795976025086442	0.002142184	0.006126468900358387	0.0061390308156209945
82.0	2.800373899	2.795938114478553	2.795954668519826	0.000434053	0.0061035642760604285	0.006116064291207616
82.05	2.808377275	2.7959186097778383	2.795934839066906	0.002295497	0.006080929364339736	0.006093360148917882
82.1	2.810848831	2.7959007772886473	2.795916645396317	0.004525274	0.006058580418924476	0.006070935671950372
82.15	2.810645592	2.795884739943841	2.795900201465073	0.006237458	0.006036534317982456	0.006048808544137798
82.2	2.811002547	2.7958706239504187	2.7958856249478234	0.007776196	0.006014808837906757	0.006026997114857292
82.25	2.810181662	2.795858556998735	2.7958730355691968	0.010935287	0.005993422900347782	0.006005520641022308
82.3	2.798428485	2.7958486663981503	2.795862553357762	0.014108389	0.005972396788007251	0.005984399501758858
82.35	2.783150238	2.7958410771603353	2.7958542968413336	0.011019839	0.005951752325170147	0.005963655381773882
82.4	2.782990856	2.7958359100524333	2.795848381204372	0.007845264	0.005931513019475497	0.005943311419889073
82.45	2.784997302	2.7958332796430145	2.7958449164290142	0.005625662	0.005911704162008546	0.00592339231973296
82.5	2.789471875	2.795833292364206	2.7958440054417903	0.004677222	0.005892352883425937	0.005903924420149849
82.55	2.792250609	2.7958360446135533	2.79584574228838	0.004500316	0.005873488164489966	0.005884935723488132
82.6	2.791946293	2.7958416209190333	2.7958502103587524	0.004838337	0.005855140800076396	0.005866455880563075
82.65	2.790658026	2.795850092190261	2.7958574806847976	0.003090081	0.005837343316421322	0.005848516131741052
82.7	2.798390189	2.7958615140781813	2.7958676103320235	0.002719589	0.005820129842075632	0.005831149204253855
82.75	2.803346518	2.7958759254646313	2.7958806409060974	0.003322215	0.00580353593373063	0.005814389166513242
82.8	2.806539058	2.795893347101873	2.7958965971939924	0.007390973	0.005787598358756679	0.00579827124084845
82.85	2.798684196	2.795913780420791	2.795915485958175	0.00856214	0.005772354836949916	0.005782831576724021
82.9	2.795850999	2.79593720652469	2.795937294900795	0.007865453	0.005757843744603525	0.005768106987103978
82.95	2.79346854	2.795963585383758	2.795961991813065	0.007209591	0.005744103784602422	0.005754134651203236
83.0	2.792071693	2.79599285524315	2.7959895239231143	0.006732924	0.00573117362677801	0.005740951787401183
83.05	2.793139049	2.7960249322553783	2.7960198174534705	0.006326293	0.0057190915232456846	0.005728595300578501
83.1	2.793486927	2.7960597103452356	2.7960527773970867	0.006101291	0.005707894903875962	0.005717101408570204
83.15	2.793063148	2.796097061312966	2.7960882875183772	0.006150893	0.005697619957413901	0.005706505252799246
83.2	2.792583268	2.7961368351786664	2.7961262105832607	0.005999914	0.005688301204055101	0.00569684049846008
83.25	2.791815663	2.796178860768198	2.7961663888195813	0.006215256	0.005679971065503806	0.005688138929855057
83.3	2.791124057	2.7962229465380357	2.796208644606628	0.004970212	0.005672659438673716	0.00568043004664367
83.35	2.791219881	2.7962688816336936	2.7962527813897955	0.004831436	0.005666393279240331	0.005673740666841986
83.4	2.788337761	2.7963164371735263	2.796298584813769	0.004176661	0.005661196201211877	0.005668094542404191
83.45	2.790331379	2.7963653677469655	2.7963458240649626	0.001475906	0.005657088098552183	0.005663511993129098
83.5	2.80052681	2.7964154131136136	2.7963942534114286	0.001617486	0.005654084794664142	0.005660009564461591
83.55	2.802130136	2.796466300087056	2.796443613925982	0.002075121	0.00565219772522884	0.005657599714504167
83.6	2.808553489	2.796517744584967	2.796493635376024	0.002669145	0.0056514336594980065	0.00565629053522011
83.65	2.811979912	2.7965694538249033	2.796544038261415	0.004941155	0.00565179446466297	0.005656085512402048
83.7	2.811812501	2.796621128643327	2.796594535979861	0.007742778	0.005653276917380032	0.005656983328503689
83.75	2.808236872	2.796672465913734	2.7966448370975883	0.012230838	0.005655872565929568	0.005658977711895472
83.8	2.790756994	2.7967231610384515	2.7966946477016643	0.012572928	0.005659567645833146	0.005662057335514649
83.85	2.785514381	2.796772910487604	2.7967436738091993	0.009045028	0.00566434305105971	0.00566620576724531
83.9	2.785444189	2.796821414357992	2.7967916238077697	0.006598612	0.005670174362228279	0.0056714014736931545
83.95	2.787677844	2.796868378924232	2.7968382109008605	0.005209677	0.0056770319324700265	0.00567761787832226
84.0	2.789731285	2.796913519154374	2.796883155531886	0.004419511	0.005684881030855911	0.005684823474206282
84.05	2.790549299	2.7969565611624114	2.796926187760353	0.00380088	0.005693682042535453	0.005692981990923537
84.1	2.794758327	2.796997244570665	2.796967049564158	0.002864965	0.005703390723976445	0.005702052614403781
84.15	2.794814083	2.7970353247558153	2.797005497042613	0.00313126	0.005713958510954024	0.005711990257823639
84.2	2.797427012	2.7970705749535765	2.797041302495834	0.002570379	0.005725332876220269	0.005722745880956658
84.25	2.808717963	2.7971027881984116	2.7970742563573405	0.00218195	0.005737457733102112	0.005734266854722404
84.3	2.808888599	2.7971317790765005	2.7971041689583043	0.006894781	0.005750273880635586	0.005746497367055801
84.35	2.798304902	2.797157385272155	2.797130872103666	0.007511165	0.00576371948525829	0.00575937886564218
84.4	2.798940842	2.7971794688901985	2.7971542204424353	0.005852051	0.005777730593558473	0.005772850532543697
84.45	2.799870608	2.7971979175393002	2.797174092616743	0.00584476	0.00579224167012748	0.005786849785287069
84.5	2.799704975	2.7972126451640076	2.797190392176712	0.006556047	0.005807186154189888	0.005801312798597897
84.55	2.799197271	2.797223592616027	2.797203048250847	0.007144329	0.005822497028399238	0.005816175040659434
84.6	2.797561667	2.7972307279583584	2.7972120159644236	0.007297568	0.005838107392991607	0.005831371817548266
84.65	2.797692814	2.797234046498896	2.7972172766012218	0.007015125	0.005853951038387743	0.0058468388193594215
84.7	2.797454914	2.7972335705532654	2.7972188375068727	0.006935799	0.005869963009328553	0.005862512661480927
84.75	2.793755047	2.797229348939758	2.797216731735042	0.007098362	0.005886080153717486	0.005878331414513234
84.8	2.791687858	2.797221456212266	2.7972110174405955	0.006036991	0.005902241649523905	0.0058942351164513705
84.85	2.79211048	2.797209991640138	2.79720177702678	0.005388776	0.0059183895033698445	0.005910166260954747
84.9	2.795456809	2.7971950779467094	2.7971891160562232	0.004420864	0.005934469014773521	0.005926070255818056
84.95	2.794248739	2.797176859820992	2.797173161938254	0.003947238	0.005950429200450554	0.005941895846122195
85.0	2.79793217	2.797155502219546	2.797154062407521	0.001776137	0.005966223173571256	0.005957595496981428
85.05	2.805137386	2.7971311884778696	2.7971319838112736	0.003433346	0.005981808473432999	0.005973125731306238
85.1	2.807217243	2.7971041182527947	2.79710710922474	0.005005181	0.0059971473416247	0.005988447418563905
85.15	2.809314825	2.7970745053191965	2.797079636415986	0.006603059	0.006012206941429129	0.006003526011133767
85.2	2.808793426	2.7970425752459414	2.7970497756832478	0.009604539	0.006026959517920879	0.006018331725513729
85.25	2.798841417	2.7970085629772847	2.797017747589112	0.011485877	0.00604138249696559	0.006032839666330661
85.3	2.791790999	2.7969727103469295	2.796983780616992	0.010320296	0.006055458522100579	0.006047029891831118
85.35	2.788662941	2.796935263552598	2.796948108776132	0.008783976	0.006069175429068459	0.006060887420271062
85.4	2.788695487	2.7968964706193264	2.7969109691818086	0.006845108	0.006082526158573139	0.006074402177374114
85.45	2.79070765	2.7968565788796313	2.796872599637563	0.005431467	0.006095508608619882	0.00608756888577702
85.5	2.793294937	2.79681583249835	2.796833236246096	0.00592401	0.006108125428575825	0.006100386898118116
85.55	2.791709696	2.796774470069269	2.7967931110749444	0.006082441	0.006120383757832438	0.006112859976139061
85.6	2.790755549	2.7967327223095593	2.7967524499022733	0.005336827	0.006132294912655225	0.006124996018851655
85.65	2.791058191	2.7966908098767442	2.796711470066948	0.004874008	0.006143874025458188	0.006136806743460397
85.7	2.793097084	2.7966489413312643	2.7966703784456985	0.002836239	0.006155139641331836	0.0061483073233184775
85.75	2.79940441	2.796607311265773	2.7966293695784863	0.002837342	0.006166113277175037	0.006159515987722046
85.8	2.803917218	2.7965660986202168	2.796588623961304	0.005838294	0.006176818949226518	0.006170453588807949
85.85	2.798352652	2.796525465199346	2.796548306523514	0.00655151	0.006187282675155881	0.006181143141208072
85.9	2.795860135	2.796485554406831	2.7965085653045394	0.005847396	0.006197531957153946	0.006191609340424439
85.95	2.798219329	2.7964464902075084	2.796469530342283	0.005227487	0.006207595252655554	0.00620187806612049
86.0	2.79961267	2.796408376326529	2.79643131278308	0.005835845	0.006217501439434866	0.006211975876673231
86.05	2.800525374	2.7963712956913676	2.7963940042203466	0.00623005	0.006227279281833668	0.006221929501397853
86.1	2.800391683	2.796335310119812	2.796357676266377	0.007152148	0.0062369569048189	0.006231765336840884
86.15	2.799049815	2.796300460254181	2.796322380359039	0.007866439	0.006246561282418688	0.006241508953441574
86.2	2.796263375	2.796266765739237	2.7962881478023673	0.007653154	0.006256117746859255	0.0062511846186857015
86.25	2.795106454	2.7962342256384334	2.7962549900374274	0.007760553	0.006265649524421256	0.006260814842624593
86.3	2.79166916	2.796202819080525	2.7962228991371845	0.007766396	0.006275177303656833	0.0062704199513080785
86.35	2.790974839	2.796172506125963	2.7961918485166377	0.0067682	0.006284718841162763	0.006280017693288222
86.4	2.791587849	2.7961432288401142	2.79616179384711	0.00584181	0.006294288609595225	0.006289622883895956
86.45	2.791209141	2.79611491255811	2.796132674161365	0.005175051	0.006303897492044473	0.006299247091481551
86.5	2.793401611	2.7960874673241003	2.7961044131342256	0.003632188	0.0063135525262697206	0.006308898369248976
86.55	2.798918397	2.7960607894859044	2.796076920521519	0.004585248	0.0063232567016351	0.006318581035711458
86.6	2.800559326	2.79603476342453	2.7960500937386192	0.005546256	0.00633300881089625	0.0063282955061590065
86.65	2.801280931	2.7960092633967326	2.796023819558491	0.006813323	0.006342803358274628	0.0063380381768674944
86.7	2.795978607	2.7959841554678406	2.7959979759080644	0.00865009	0.006352630524533512	0.00634780136310191
86.75	2.792317639	2.7959592995113676	2.7959724337409533	0.006413642	0.00636247618904607	0.006357573291283318
86.8	2.797315495	2.79593455125153	2.7959470589639843	0.005838116	0.006372322008132325	0.006367338145009062
86.85	2.798572597	2.795909764324682	2.795921714394734	0.007474229	0.006382145548247642	0.006377076163948015
86.9	2.792386391	2.795884792335848	2.795896261727278	0.007934779	0.006391920471939372	0.006386763793985973
86.95	2.790790259	2.795859490886999	2.7958705634836325	0.006467732	0.006401616773858555	0.006396373886378493
87.0	2.792332268	2.7958337195544076	2.7958444849288733	0.005239864	0.006411201063527158	0.006405875943087181
87.05	2.795081191	2.7958073437933977	2.795817895928738	0.004923591	0.0064206368910246355	0.006415236404937072
87.1	2.796209035	2.795780236749978	2.795790672729476	0.005520265	0.006429885111275821	0.0064244189787433905
87.15	2.79610696	2.7957522809602726	2.795762699640968	0.005811277	0.00643890428219983	0.006433384999120717
87.2	2.795920392	2.795723369920248	2.7957338706055515	0.005749763	0.006447651091620405	0.006442093820310854
87.25	2.796493156	2.795693409510015	2.7957040906365855	0.005021367	0.00645608080754498	0.006450503233051301
87.3	2.80064784	2.795662319258909	2.795673277112551	0.004957876	0.006464147746195506	0.006458569901257226
87.35	2.79961894	2.7956300334396036	2.795641360914385	0.006522904	0.006471805752020905	0.006466249813108475
87.4	2.799866756	2.7955965019816853	2.7956082873957326	0.00670952	0.006479008683840741	0.0064734987410212524
87.45	2.798941551	2.795561691197336	2.7955740171779118	0.006950868	0.006485710901263033	0.006480272704942174
87.5	2.800841177	2.795525584314063	2.795538526763511	0.007011002	0.006491867745586399	0.0064865284334307185
87.55	2.799234708	2.795488181811737	2.7955018089647377	0.008627114	0.006497436009537134	0.0064922238170932855
87.6	2.793304513	2.795449501563457	2.7954638731447936	0.008420727	0.006502374390403582	0.00649731834909646
87.65	2.793211872	2.7954095787820648	2.795424745272735	0.00714951	0.006506643921409049	0.006501773547715447
87.7	2.79368021	2.795368465776242	2.795384467794346	0.006873136	0.0065102083765058594	0.0065055533561619375
87.75	2.795350075	2.7953262315222775	2.795343099323616	0.006719014	0.006513034644170645	0.006508624515279171
87.8	2.795238394	2.795282961059472	2.7953007141613155	0.007830261	0.00651509306622726	0.006510956905084646
87.85	2.791976581	2.7952387547190156	2.795257401648984	0.00725933	0.006516357738210771	0.006512523851576725
87.9	2.7926122	2.7951937271977925	2.7952132653683015	0.006770297	0.00651680676830565	0.00651330239569313
87.95	2.792397746	2.795148006490035	2.7951684221973467	0.006213681	0.006516422492435361	0.006513273521810167
88.0	2.793113582	2.795101732691064	2.795123001236566	0.005493988	0.00651519164364115	0.00651242234369403
88.05	2.796567244	2.795055056688421	2.795077142618468	0.004797348	0.006513105474457923	0.0065107382463525185
88.1	2.799457063	2.795008138756634	2.795030996216018	0.005841362	0.006510159831567627	0.006508214982780104
88.15	2.79862882	2.7949611470725144	2.7949847202655147	0.007846642	0.006506355182579434	0.006504850725134459
88.2	2.792187637	2.794914256168437	2.794938479920318	0.007836568	0.006501696595344474	0.006500648070422189
88.25	2.791930498	2.7948676453412955	2.794892445752194	0.006845496	0.006496193670755525	0.0064956140012993905
88.3	2.792269359	2.794821497034967	2.7948467922172506	0.006260312	0.00648986043050313	0.006489759803102851
88.35	2.79329565	2.794775995213984	2.7948016961034554	0.006039101	0.0064827151617543165	0.0064831009387150695
88.4	2.795465443	2.7947313237458298	2.794757334976536	0.005719301	0.006474780221182961	0.006475656883325155
88.45	2.794614208	2.7946876648087926	2.7947138856407068	0.006893089	0.00646608180120736	0.006467450921573674
88.5	2.792453563	2.794645197341628	2.7946715226301406	0.006287014	0.006456649661675759	0.0064585099099577405
88.55	2.793130762	2.7946040955504716	2.794630416746385	0.00546625	0.006446516830580101	0.006448864007719398
88.6	2.795294549	2.7945645274874393	2.7945907336560842	0.005338101	0.006435719277668494	0.006438546379741779
88.65	2.795736793	2.7945266537142253	2.7945526325623726	0.005656833	0.0064242955650646244	0.006427592875230749
88.7	2.79611321	2.7944906260627755	2.7945162649621778	0.005842868	0.006412286479185133	0.006416041686162517
88.75	2.79609235	2.7944565865037356	2.79448177350046	0.006197798	0.006399734648372113	0.006403932989628132
88.8	2.797492933	2.794424666131962	2.7944492909311025	0.006241443	0.00638668415072693	0.006391308578303419
88.85	2.796504367	2.79439498427687	2.794418939192771	0.007311628	0.006373180116644021	0.006378211483317524
88.9	2.794105487	2.7943676477438775	2.7943908286066366	0.007001715	0.0063592683305006385	0.00636468559378565
88.95	2.794720176	2.7943427501916127	2.794365057201382	0.007463323	0.006344994835863498	0.006350775277213519
89.0	2.793174991	2.7943203716480545	2.794341710169429	0.007217532	0.0063304055484286435	0.0063365250048742884
89.05	2.792210383	2.7943005781671597	2.7943208594568407	0.006722861	0.006315545880721137	0.006321978986106369
89.1	2.792845198	2.794283421626095	2.794302563487892	0.006178631	0.006300460382349762	0.006307180815285643
89.15	2.79396642	2.7942689396616758	2.7942868670238603	0.005572978	0.006285192399343316	0.006292173134991792
89.2	2.795339432	2.794257155743243	2.794273801154231	0.005785652	0.0062697837557928226	0.0062769973186197715
89.25	2.797266625	2.7942480793778577	2.7942633834171726	0.006604762	0.006254274460692928	0.006261693175387903
89.3	2.793862869	2.794241706442474	2.7942556180448994	0.007863081	0.006238702442519667	0.006246298680368116
89.35	2.790758857	2.794238019636552	2.794250496328386	0.006693819	0.00622310331370551	0.006230849731815913
89.4	2.791602884	2.7942369890475858	2.7942479970948257	0.00597024	0.006207510166780438	0.006215379937712133
89.45	2.792813409	2.7942385728210293	2.794248087290269	0.005733331	0.006191953403544806	0.006199920433050359
89.5	2.793374622	2.794242717925323	2.794250722659025	0.005549633	0.006176460598230775	0.006184499729017393
89.55	2.794873113	2.794249361002026	2.7942558485106828	0.005513054	0.006161056395199099	0.006169143594824689
89.6	2.796990632	2.794258429290492	2.794263400564984	0.006106888	0.006145762441311972	0.006153874972560564
89.65	2.792905933	2.7942698416161065	2.794273305864305	0.007106064	0.006130597352725571	0.006138713925051415
89.7	2.790758728	2.7942835094308047	2.7942854837431375	0.005963724	0.006115576715463161	0.006123677616349608
89.75	2.793396247	2.7942993378944343	2.7942998468437015	0.005623679	0.006100713118765893	0.006108780324110606
89.8	2.793474064	2.7943172269854823	2.7943163021667345	0.005537312	0.006086016219878416	0.00609403348278638
89.85	2.794156743	2.7943370726297667	2.7943347521464683	0.005608987	0.006071492838614016	0.00607944575624995
89.9	2.794699092	2.7943587678359094	2.7943550957389287	0.005484007	0.006057147079762369	0.006065023138180135
89.95	2.795074669	2.7943822038266695	2.7943772295129015	0.005712107	0.006042980481154781	0.006050769078279035
90.0	2.794492352	2.7944072711556536	2.794401048733211	0.006153263	0.006028992184988519	0.0060366846321693824
90.05	2.793748918	2.7944338607993644	2.79442644842636	0.006042273	0.00601517912983481	0.006022768632626187
90.1	2.793765913	2.7944618652150974	2.7944533244190484	0.005807949	0.006001536260613824	0.006009017879637884
90.15	2.794359442	2.7944911793558322	2.7944815743406277	0.005412329	0.005988056753714562	0.005995427346666945
90.2	2.795092522	2.794521701633897	2.794511098581163	0.005329267	0.005974732254366637	0.005981990400388422
90.25	2.797102432	2.794553334825928	2.7945418011974263	0.00515483	0.005961553123333937	0.0059686990311268616
90.3	2.797387473	2.7945859869123684	2.79457359075984	0.005969033	0.005948508689995392	0.005955544091186599
90.35	2.796379285	2.7946195718455584	2.7946063811341393	0.005927439	0.005935587508904628	0.005942515538276576
90.4	2.796336707	2.794654010241263	2.7946400921922705	0.006046763	0.005922777616977131	0.00592960268126729
90.45	2.796140028	2.7946892299892996	2.7946746504478392	0.006353016	0.005910066788539173	0.005916794425582741
90.5	2.794596855	2.794725166779791	2.7947099896122043	0.006319179	0.0058974427855858986	0.005904079515622565
90.55	2.796271407	2.7947617645423564	2.79474605106812	0.00630202	0.0058848936007345806	0.0058914467717270875
90.6	2.796048993	2.7947989757964113	2.7947827842586124	0.006230628	0.005872407690520969	0.0058788853193385915
90.65	2.796452526	2.7948367619115206	2.794820146989563	0.006219777	0.005859974196869068	0.005866384808173359
90.7	2.796574854	2.7948750932775503	2.794858105645237	0.006908511	0.005847583154764871	0.005853935619398354
90.75	2.793339619	2.7949139493850836	2.794896635316708	0.007199071	0.00583522568437916	0.005841529059000942
90.8	2.79226196	2.7949533188172855	2.794935719843866	0.006272351	0.005822894166110431	0.005829157535746669
90.85	2.792823059	2.7949931991550683	2.7949753517723392	0.006001943	0.0058105823972522935	0.005816814722335929
90.9	2.793523285	2.7950335967980027	2.7950155322273007	0.005506852	0.005798285729227091	0.0058044956985919055
90.95	2.794457633	2.795074526704008	2.795056270706704	0.005430325	0.005786001184565048	0.00579219707573669
91.0	2.795095848	2.795116012051371	2.795097584797055	0.005519958	0.005773727553043175	0.005779917101036787
91.05	2.795327514	2.795158083827094	2.795139499815298	0.005676994	0.005761465466627185	0.005767655742320551
91.1	2.794635514	2.7952007803460233	2.7951820483808585	0.005687649	0.005749217453080728	0.0057554147520860344
91.15	2.795356733	2.7952441467055515	2.7952252699222897	0.005637818	0.005736987968316922	0.005743197711125815
91.2	2.79495554	2.795288234181061	2.7952692101233216	0.005829328	0.00572478340776584	0.00573101005179383
91.25	2.795191833	2.7953330995675127	2.7953139203134425	0.005748152	0.005712612097216799	0.005718859061226301
91.3	2.793033609	2.7953788044728913	2.7953594568084004	0.005500616	0.005700484263765259	0.005706753865003205
91.35	2.796694879	2.795425414569378	2.7954058802062636	0.005426791	0.005688411987650103	0.005694705391897322
91.4	2.795163806	2.795472998808325	2.795453254644869	0.005893981	0.005676409135907248	0.005682726320503776
91.45	2.79505162	2.7955216286052176	2.79550164702664	0.005439849	0.005664491278889751	0.0056708310086735995
91.5	2.795381094	2.7955713770009476	2.7955511262168917	0.005638655	0.0056526755908122076	0.005659035406789792
91.55	2.795585525	2.795622317805727	2.7956017622218163	0.005694229	0.0056409807355683635	0.0056473569560232945
91.6	2.795179703	2.7956745247320773	2.7956536253524087	0.005479495	0.005629426739145269	0.0056358144727893114
91.65	2.795757226	2.7957280705232637	2.795706785380607	0.005484134	0.0056180348500151555	0.0056244280206915204
91.7	2.795879873	2.795783026083578	2.7957613106939223	0.0053839	0.005606827388927763	0.005613218771293307
91.75	2.795202834	2.795839459616758	2.7958172674548	0.005269465	0.005595827589551829	0.005602208855091663
91.8	2.795367283	2.7958974357788127	2.795874718770871	0.005406795	0.005585059431425425	0.005591421204091637
91.85	2.795687235	2.795957014851359	2.795933723882203	0.004584079	0.005574547466672195	0.005580879387387893
91.9	2.797037636	2.7960182519414856	2.7959943373714977	0.004836663	0.005564316641925108	0.005570607441156333
91.95	2.798126586	2.7960811962139918	2.7960566084030836	0.005122053	0.005554392116873322	0.005560629694443804
92.0	2.798931327	2.7961458901616596	2.7961205799963555	0.005191725	0.005544799080811942	0.005550970592119215
92.05	2.797270482	2.796212368919043	2.7961862883391486	0.005683737	0.005535562568530921	0.005541654516316168
92.1	2.798679815	2.796280659625024	2.7962537621462973	0.005699539	0.005526707276829668	0.00553270560765688
92.15	2.800902999	2.796350780839122	2.796323022068407	0.006369067	0.005518257382889866	0.005524147587501093
92.2	2.797248868	2.796422742016301	2.796394080155595	0.007545073	0.005510236365681876	0.005516003582412958
92.25	2.793189488	2.7964965430446886	2.7964669393806387	0.006824581	0.005502666831521353	0.005508295951984765
92.3	2.793650479	2.796572173850295	2.7965415932256903	0.005490261	0.0054955703448325505	0.005501046121099552
92.35	2.794788636	2.7966496140724617	2.7966180253363104	0.005564665	0.0054889672651143185	0.005494274417656125
92.4	2.795232183	2.796728832813362	2.796696209246236	0.005318492	0.005482876591043769	0.0054879999167200865
92.45	2.795237392	2.796809788464431	2.7967761081758447	0.005274359	0.005477315812591388	0.005482240292003782
92.5	2.796170135	2.796892428612172	2.7968576749068585	0.005256679	0.005472300771959813	0.005477011675516728
92.55	2.796145676	2.7969766900252484	2.7969408517353544	0.005174179	0.005467845534096649	0.00547232852616634
92.6	2.795642293	2.797062498724282	2.7970255705046325	0.005249495	0.005463962267469277	0.005468203508026755
92.65	2.797284065	2.797149770135202	2.797111752718983	0.005112591	0.005460661135726817	0.005464647378931385
92.7	2.797405338	2.7972384093264404	2.797199309738851	0.00521391	0.005457950200811345	0.005461668889982561
92.75	2.79771902	2.797328311329652	2.797288143057308	0.005129321	0.0054558353380174725	0.005459274696509339
92.8	2.797603219	2.797419361543073	2.7973781446571833	0.005145029	0.005454320163436698	0.005457469280942285
92.85	2.798025191	2.797511436215968	2.797469197447586	0.005541065	0.005453405974160624	0.0054562548880117525
92.9	2.795559273	2.7976044030120404	2.7975611757779664	0.005589428	0.00545309170155553	0.005455631472613853
92.95	2.799765655	2.797698121649004	2.797653946027242	0.005770191	0.005453373877859167	0.0054555966606259125
93.0	2.797120539	2.7977924446109217	2.7977473672648907	0.005446988	0.0054542466162892725	0.005456145722890484
93.05	2.797318637	2.7978872179292713	2.7978412919803386	0.005506339	0.005455701604791317	0.0054572715625238934
93.1	2.79820291	2.797982282028093	2.7979355668763364	0.005838803	0.005457728113490289	0.005458964715641404
93.15	2.796470282	2.798077472627958	2.7980300337214556	0.005544609	0.005460313015847413	0.005461213365526207
93.2	2.796765404	2.7981726217029257	2.798124530256252	0.00494504	0.0054634408234570594	0.0054640033702033144
93.25	2.799456559	2.79826755848413	2.7982188911471337	0.005469516	0.005467093734351572	0.005467318303311713
93.3	2.797933317	2.7983621105030543	2.7983129489814247	0.005121877	0.005471251694611792	0.005471139508098911
93.35	2.796063807	2.7984561046671543	2.7984065352966794	0.005135726	0.005475892473008655	0.005475446164291137
93.4	2.801378411	2.7985493683600073	2.7984994816368682	0.005082035	0.005480991748326609	0.005480215367520124
93.45	2.79991829	2.7986417305578226	2.7985916206276724	0.004977695	0.005486523208943149	0.005485422220913897
93.5	2.800121574	2.7987330229538285	2.7986827870628277	0.005367528	0.005492458664161251	0.0054910399383847
93.55	2.799249589	2.79882308108182	2.7987728189931893	0.005296993	0.005498768166713585	0.005497039959072612
93.6	2.798577396	2.7989117454299817	2.798861558810014	0.005933534	0.0055054201457801575	0.005503392072329202
93.65	2.798012814	2.7989988625359996	2.7989488543138235	0.005829903	0.005512381549785134	0.005510064552552573
93.7	2.798185677	2.7990842860544776	2.7990345597602055	0.005223533	0.005519617998165093	0.00551702430311396
93.75	2.802722944	2.799167877787749	2.7991185368738907	0.005354005	0.005527093941230686	0.005524237008547683
93.8	2.801161022	2.799249508671295	2.7992006558226254	0.006231284	0.005534772827177696	0.005531667294111513
93.85	2.799836367	2.799329059705257	2.7992807961424937	0.006481346	0.00554261727524238	0.005539278891764059
93.9	2.798594478	2.7994064228238233	2.799358847606654	0.006072928	0.005550589253940465	0.0055470348115507166
93.95	2.797871614	2.7994815016946766	2.799434711029803	0.005780828	0.00555865026328038	0.00555489751734045
94.0	2.798387958	2.799554212441176	2.799508299001084	0.005660794	0.005566761519799548	0.0055628291058132055
94.05	2.798231896	2.799624484280498	2.799579536538709	0.005430111	0.005574884143239054	0.005570791487562473
94.1	2.797356507	2.7996922600715908	2.799648361660078	0.004598986	0.00558297934364673	0.005578746569150241
94.15	2.800058	2.7997574967674854	2.7997147258618886	0.004839838	0.005591008607682468	0.005586656434932712
94.2	2.800913842	2.799820165767295	2.7997785945053737	0.005094162	0.005598933882892643	0.005594483527465384
94.25	2.801207728	2.7998802531639924	2.7998399471026034	0.005485112	0.005606717758723367	0.005602190825295767
94.3	2.801473092	2.799937759884985	2.799898777500587	0.005421308	0.005614323643055374	0.005609742016961541
94.35	2.801590064	2.799992701723366	2.799955093960766	0.00586782	0.005621715933067082	0.005617101670031774
94.4	2.800523949	2.8000451092586736	2.8000089191323707	0.005458859	0.005628860179267196	0.00562423539405889
94.45	2.801218202	2.800095027666969	2.8000602899190423	0.005972489	0.005635723241584205	0.005631109996349791
94.5	2.799694473	2.800142516421013	2.8001092572390425	0.005799023	0.005642273436457292	0.005637693629515627
94.55	2.80158449	2.800187648882288	2.800155885680319	0.005393259	0.0056484806739413845	0.005643955929821023
94.6	2.800604779	2.800230511787638	2.800200253052637	0.005693663	0.005654316583917884	0.00564986814542474
94.65	2.801593556	2.800271204634201	2.8002424498399	0.005810031	0.005659754630591484	0.005655403253683982
94.7	2.801279387	2.8003098389672947	2.8002825785567085	0.006352147	0.0056647702145510015	0.005660536066783225
94.75	2.800733754	2.800346537576761	2.800320753014069	0.006269436	0.005669340761777329	0.005665243325044394
94.8	2.800647415	2.800381433608164	2.800357097499984	0.006558313	0.005673445799092534	0.005669503777377514
94.85	2.797105091	2.800414669595993	2.800391745881484	0.005898906	0.005677067015659502	0.005673298248438316
94.9	2.798033305	2.800446396426766	2.800424840635334	0.004648886	0.00568018831025963	0.005676609692170403
94.95	2.802752364	2.800476772240569	2.8004565318153603	0.00485837	0.005682795824195894	0.005679423231523309
95.0	2.802936149	2.8005059612801646	2.800486975964905	0.005954831	0.005684877959788503	0.005681726184252623
95.05	2.801395697	2.8005341326972855	2.800516334983449	0.006697432	0.005686425384549398	0.005683508074823285
95.1	2.799625949	2.8005614593261385	2.8005447749568697	0.006009235	0.005687431021238754	0.005684760632550791
95.15	2.800344542	2.8005881164344664	2.8005724649611556	0.006096171	0.005687890024120543	0.005685477776226375
95.2	2.799623908	2.8006142804627445	2.8005995758496525	0.005649567	0.005687799741844149	0.00568565558558007
95.25	2.79970698	2.8006401277621986	2.8006262790340704	0.005791654	0.005687159667483949	0.005685292260038886
95.3	2.799463627	2.8006658333423697	2.8006527452695784	0.005608453	0.005685971376367587	0.005684388065335231
95.35	2.798851635	2.8006915696388583	2.800679143454252	0.0048848	0.005684238452415344	0.005682945268612102
95.4	2.800541265	2.8007175053117295	2.8007056394530285	0.005468018	0.0056819664037965805	0.005680968062755746
95.45	2.80130676	2.8007438040847465	2.8007323949561145	0.00546523	0.005679162568784055	0.005678462480762394
95.5	2.801373415	2.800770623635249	2.800759566381454	0.005785061	0.005675836012751942	0.005675436301012836
95.55	2.80065449	2.800798114544019	2.8007873038304676	0.0057085	0.005671997417318123	0.005671898944385991
95.6	2.800771972	2.8008264193139025	2.800815750105788	0.005426185	0.005667658962675188	0.005667861364190061
95.65	2.800774431	2.800855671465327	2.8008450397991176	0.005785836	0.0056628342041870235	0.005663335929926754
95.7	2.800453865	2.8008859947161358	2.8008752984567	0.005676095	0.005657537944348572	0.0056583363059303565
95.75	2.800007176	2.800917502252339	2.8009066418291684	0.005496571	0.0056517861012154984	0.005652877325939022
95.8	2.801596549	2.800950296095577	2.800939175211739	0.005421489	0.005645595574408279	0.0056469748646607015
95.85	2.801454066	2.8009844665721504	2.800972992879882	0.005684281	0.005638984109782272	0.005640645707390928
95.9	2.801007001	2.801020091887552	2.801008177624725	0.0055764	0.005631970163832614	0.005633907418724504
95.95	2.800779173	2.801057237809432	2.8010448003914883	0.005458109	0.005624572768870712	0.005626778211378642
96.0	2.801105222	2.801095957460953	2.8010829200233394	0.005263002	0.005616811399968738	0.005619276816111788
96.05	2.8025169	2.8011362912254563	2.801122583112041	0.006070222	0.005608705844620382	0.005611422353680986
96.1	2.800996925	2.801178266762328	2.801163823955809	0.005830281	0.005600276076010945	0.005603234209731972
96.15	2.800794501	2.801221899132958	2.8012066646237956	0.0055738	0.005591542130728409	0.005594731913460875
96.2	2.801373198	2.8012671910346465	2.801251115125654	0.005612779	0.005582523991680026	0.005585935020825374
96.25	2.801334303	2.801314133139359	2.8012971736836674	0.005565013	0.005573241476907481	0.005576863003017053
96.3	2.801948254	2.8013627045332554	2.801344827103999	0.006003253	0.005563714134918142	0.005567535140836355
96.35	2.800460993	2.801412873252015	2.8013940512427316	0.006233544	0.005553961147071303	0.005557970425537609
96.4	2.799443131	2.801464596906136	2.8014448115614954	0.005980087	0.0055440012374776	0.005548187466634958
96.45	2.798622963	2.8015178233895632	2.801497063766706	0.005012892	0.005533852590787511	0.005538204407081239
96.5	2.801989641	2.8015724916642717	2.801550754525676	0.004812307	0.005523532778161755	0.005528038846151844
96.55	2.802074427	2.801628532612781	2.801605822252203	0.005204071	0.005513058691632913	0.0055177077702850685
96.6	2.80206044	2.801685869949966	2.8016621979536334	0.005199178	0.005502446486984435	0.005507227492050203
96.65	2.802654698	2.8017444211850657	2.8017198061308926	0.005439647	0.00549171153519122	0.005496613597335493
96.7	2.803062053	2.801804098624348	2.801778565722529	0.005739377	0.005480868382386078	0.005485880900770887
96.75	2.801802586	2.801864810404626	2.801838391083477	0.00559622	0.005469930718239731	0.005475043409325855
96.8	2.801975946	2.801926461547558	2.8018991929890067	0.005824439	0.005458911352569481	0.005464114293951427
96.85	2.801646759	2.801988955024611	2.8019608796541458	0.005663938	0.00544782219992421	0.005453105869068506
96.9	2.801279293	2.8020521928225	2.8020233577588276	0.00570015	0.00543667427183154	0.005442029579642201
96.95	2.800043579	2.802116076999046	2.8020865334690193	0.005642424	0.005425477676337185	0.005430895995524926
97.0	2.801430345	2.802180510719565	2.802150313444243	0.005462688	0.005414241624417477	0.0054197148126996835
97.05	2.801005268	2.8022453992641734	2.8022146058220962	0.005229838	0.005402974442803705	0.005408494861009517
97.1	2.801669368	2.8023106509967826	2.8022793211707038	0.004941661	0.005391683592721381	0.005397244117919848
97.15	2.803929202	2.8023761782869823	2.8023443734004205	0.004714224	0.00538037569401848	0.005385969727827168
97.2	2.804195415	2.802441898376584	2.802409680626572	0.005271824	0.0053690565541336475	0.005374678026400598
97.25	2.803304717	2.8025077341831577	2.8024751659755935	0.005570684	0.005357731201338068	0.005363374569422044
97.3	2.802807392	2.8025736150336398	2.802540758327535	0.005341804	0.005346403921672793	0.005352064165576024
97.35	2.802363336	2.802639477321776	2.802606392988582	0.005031358	0.0053350782989974015	0.005340750912631799
97.4	2.803758579	2.8027052650840094	2.802672012288011	0.005088963	0.005323757257565844	0.005329438236457994
97.45	2.803853165	2.802770930489265	2.8027375660947746	0.005356812	0.005312443106551643	0.005318128932313536
97.5	2.804323567	2.802836434238979	2.8028030122497487	0.005249197	0.005301137585957276	0.005306825207868358
97.55	2.803964623	2.802901745874643	2.802868316910564	0.005241976	0.005289841913361453	0.005295528727422899
97.6	2.803977583	2.802966843991076	2.802933454806812	0.005362176	0.005278556830983335	0.0052842406568168725
97.65	2.80435777	2.8030317163546155	2.8029984094043443	0.005466458	0.0052672826525739045	0.00527296170854489
97.7	2.804263588	2.803096359926325	2.803063172978285	0.005421715	0.0052560193096818615	0.005261692186629074
97.75	2.803206888	2.803160780791311	2.8031277465952895	0.005766425	0.005244766396883473	0.0052504320308364456
97.8	2.803230575	2.803224993996121	2.8031921400064688	0.006156554	0.005233523215612535	0.005239180859871044
97.85	2.80078891	2.8032890232970966	2.803256371453266	0.006333183	0.005222288816277574	0.005227938013217073
97.9	2.799366655	2.8033529008234144	2.803320467389404	0.005031844	0.0052110620384076866	0.005216702591359144
97.95	2.800556331	2.8034166666593117	2.803384462122816	0.004764474	0.005199841548625357	0.005205473494158336
98.0	2.800574063	2.803480368350776	2.803448397382207	0.003148499	0.005188625876303255	0.00519424945721777
98.05	2.806106247	2.8035440603426136	2.803512321813572	0.004031331	0.0051774134468217554	0.005183029086127904
98.1	2.807074407	2.803607803352454	2.8035762904126242	0.004806484	0.00516620261240404	0.005171810888539326
98.15	2.805940927	2.8036716636887378	2.803640363899629	0.005481985	0.00515499168056582	0.00516059330406874
98.2	2.804993857	2.803735712520235	2.8037046080436046	0.005774212	0.00514377894027621	0.005149374732101102
98.25	2.80352239	2.8038000251049584	2.803769092943258	0.005808208	0.005132562685984799	0.005138153557607055
98.3	2.802234998	2.803864679986643	2.8038338922723116	0.005449779	0.005121341239726766	0.005126928175148644
98.35	2.802853262	2.803929758167143	2.803899082497126	0.004999312	0.005110112971571709	0.005115697011297325
98.4	2.803356586	2.8039953422631734	2.8039647420746268	0.004541296	0.005098876318731309	0.0051044585457353485
98.45	2.804181695	2.804061515655843	2.8040309506386305	0.004686856	0.005087629803684883	0.005093211331354142
98.5	2.805952242	2.804128361641315	2.804097788182585	0.005003882	0.005076372051719156	0.00508195401370025
98.55	2.805776078	2.8041959625907533	2.8041653342466537	0.005336311	0.005065101808308558	0.005070685350150156
98.6	2.805610745	2.8042643991274647	2.8042336671168395	0.004484803	0.005053817956784273	0.005059404229219031
98.65	2.806647786	2.8043337493287743	2.804302863043575	0.006278008	0.005042519536753762	0.005048109690424348
98.7	2.803898035	2.804404087959782	2.8043729954868364	0.006472136	0.005031205763737283	0.00503680094513302
98.75	2.801726653	2.804475485745646	2.80444413439442	0.005426779	0.005019876050483867	0.005025477398819337
98.8	2.801666952	2.8045480086885015	2.8045163455195063	0.005000482	0.005008530030415507	0.005014138675150429
98.85	2.802683772	2.8046217174344954	2.8045896897831177	0.004375076	0.004997167583624885	0.005002784642295478
98.9	2.804348745	2.804696666695792	2.804664222686448	0.004382581	0.004985788865818018	0.004991415441824792
98.95	2.804538719	2.8047729047316765	2.8047399937774236	0.004256701	0.004974394340548071	0.004980031520524651
99.0	2.805486588	2.8048504728921775	2.804817046175169	0.004092655	0.004962984815030068	0.0049686336654041095
99.05	2.807367266	2.804929405226867	2.8048954161553694	0.004331651	0.004951561479759042	0.004957223042110754
99.1	2.808360963	2.805009728160771	2.804975132798799	0.005074887	0.0049401259520774135	0.004945801236904408
99.15	2.807918722	2.805091460238528	2.8050562177045655	0.005626412	0.004928680323752361	0.004934370302261467
99.2	2.806620029	2.8051746119372343	2.805138684768925	0.006029947	0.0049172272125318685	0.004922932806098938
99.25	2.803851173	2.8052591855476527	2.805222540029789	0.006073627	0.004905769817550318	0.0049114918845172585
99.3	2.804138795	2.8053451751227936	2.805307781576384	0.006103078	0.004894311978352041	0.004900051297865895
99.35	2.802506417	2.8054325664921627	2.8053943995228576	0.006242718	0.00488285823719547	0.004888615489836813
99.4	2.799335177	2.8055213373393872	2.8054823760439924	0.005709717	0.004871413904192733	0.004877189649189308
99.45	2.79912619	2.8056114573403135	2.8055716854706096	0.004507197	0.00485998512473127	0.004865779773606741
99.5	2.798857732	2.805702888358128	2.8056622944417096	0.003115387	0.00484857894851643	0.004854392735082734
99.55	2.80239386	2.8057955846916056	2.8057541621098867	0.000685675	0.004837203399468231	0.004843036346132624
99.6	2.813574494	2.805889493372115	2.805847240396136	0.002892646	0.004825867545602358	0.004831719426027125
99.65	2.812593222	2.8059845545047026	2.8059414742897957	0.004878806	0.004814581567926689	0.004820451866150722
99.7	2.808541632	2.8060807016482374	2.8060368021890425	0.005822553	0.004803356827291801	0.004809244693498982
99.75	2.806590523	2.8061778622294207	2.8061331562771152	0.004861729	0.004792205928049213	0.004798110131248448
99.8	2.806941231	2.806275957985286	2.8062304629292725	0.004955233	0.004781142777297053	0.004787061655261798
99.85	2.807406946	2.806374905428763	2.8063286431453482	0.005162975	0.004770182638431449	0.004776114045331071
99.9	2.807524574	2.8064746163318524	2.806427613002753	0.005057004	0.004759342177675322	0.004765283429914958
99.95	2.807129975	2.806574998221043	2.8065272841247477	0.005193767	0.004748639502225934	0.004754587323093823
100.0	2.8070738	2.8066759548796987	2.806627564158947	0.005293098	0.004738094188649933	0.004744044652449953
100.05	2.805682968	2.806777386852367	2.806728357261085	0.005385989	0.004727727300160963	0.004733675776581806
100.1	2.806953912	2.806879191946154	2.806829564579336	0.005418194	0.004717561391441227	0.004723502490980835
100.15	2.804443846	2.8069812657246556	2.8069310847346896	0.005353095	0.004707620499715331	0.004713548021038699
100.2	2.803770337	2.8070835019902294	2.8070328142931826	0.004549188	0.004697930120853095	0.00470383700101201
100.25	2.808173369	2.8071857932508	2.807134648226159	0.003289321	0.004688517169367753	0.004694395437851549
100.3	2.807967898	2.8072880311678006	2.8072364803550482	0.004000828	0.0046794099212873475	0.004685250658903385
100.35	2.808071131	2.8073901069822926	2.8073382037776335	0.003821047	0.004670637939010086	0.004676431242610386
100.4	2.811800223	2.8074919119167894	2.807439711273148	0.004550724	0.004662231977408425	0.004667966931483915
100.45	2.809182434	2.8075933375508	2.807540895684036	0.005075717	0.004654223870621333	0.004659888526776205
100.5	2.80938858	2.807694276168594	2.8076416502726724	0.005117318	0.004646646399168291	0.004652227764462877
100.55	2.810093124	2.807794621078221	2.807741869051783	0.004947193	0.004639533137230963	0.004645017172340938
100.6	2.809129487	2.8078942669012945	2.8078414470878257	0.005295505	0.00463291828017653	0.004638289908258234
100.65	2.808873308	2.8079931098335407	2.8079402807770104	0.005417168	0.0046268364526382295	0.004632079579713724
100.7	2.806630846	2.8080910478765886	2.8080382680941294	0.005345931	0.004621322497719813	0.004626420045301553
100.75	2.807657394	2.8081879810419084	2.8081353088147867	0.005215591	0.004616411248148361	0.004621345198713269
100.8	2.80756965	2.808283811528228	2.808231304712046	0.005484138	0.004612137280460305	0.00461688873625915
100.85	2.804523348	2.8083784438741395	2.8083261597288973	0.005616758	0.004608534653564994	0.004613083909118739
100.9	2.805888602	2.808471785087978	2.8084197801283226	0.005305578	0.004605636633286715	0.004609963261779519
100.95	2.804449951	2.8085637447573766	2.808512074623055	0.004945933	0.004603475404738481	0.00460755835836857
101.0	2.803337085	2.8086542351411863	2.808602954487423	0.004107345	0.004602081774627117	0.004605899498821818
101.05	2.802965167	2.808743171246734	2.8086923336539185	0.003043085	0.004601484865826849	0.004605015427066312
101.1	2.804461822	2.808830470895549	2.808780128797333	0.001762532	0.004601711806784325	0.004604933033609605
101.15	2.813585576	2.808916054780864	2.808866259409433	0.00109937	0.004602787418528746	0.004605677055133378
101.2	2.817156732	2.8089998465202624	2.808950647867277	0.004214375	0.004604733902252286	0.004607269773872746
101.25	2.812612573	2.8090817727068664	2.809033219498267	0.004558411	0.0046075705305933055	0.004609730719724539
101.3	2.812641298	2.80916176296237	2.8091139026450596	0.004857225	0.004611313345893231	0.004613076378164059
101.35	2.811286265	2.8092397499951463	2.80919262873333	0.005406836	0.004615974868802716	0.004617319907157568
101.4	2.81057083	2.809315669666415	2.8092693323452957	0.005240777	0.004621563820680411	0.004622470866334182
101.45	2.809859966	2.8093894610672785	2.8093439513016722	0.005583062	0.0046280848632564075	0.004628534961723491
101.5	2.808346063	2.8094610666091095	2.8094164267545203	0.005510811	0.004635538359022317	0.004635513809371713
101.55	2.806640831	2.80953043212944	2.8094867032930964	0.004710541	0.004643920155761935	0.004643404721118053
101.6	2.806695116	2.8095975070152015	2.8095547290645064	0.003883735	0.004653221398550472	0.00465220051574274
101.65	2.80961719	2.8096622443446346	2.809620455910544	0.00385896	0.004663428372421829	0.004661889358588375
101.7	2.81414072	2.8097246010487433	2.8096838395216457	0.004372238	0.0046745223787345025	0.004672454632606363
101.75	2.811981066	2.8097845380926234	2.809744839608455	0.005015019	0.00468647964805671	0.004683874843590244
101.8	2.810542653	2.809842020676475	2.8098034200909283	0.005758032	0.004699271292140096	0.0046961235621278945
101.85	2.808204564	2.8098970184555174	2.8098595493044227	0.00491911	0.004712863297259067	0.004709169404535083
101.9	2.810251841	2.8099495057774355	2.8099132002216067	0.004356443	0.004727216560860295	0.004722976054724375
101.95	2.811836677	2.8099994619353685	2.809964350688458	0.004766813	0.004742286973095213	0.004737502328617751
102.0	2.810686221	2.8100468714338414	2.8100129836720606	0.00554997	0.0047580255443988315	0.004752702282330376
102.05	2.809119064	2.8100917242643906	2.8100590875172715	0.005391191	0.004774378579833815	0.004768525364939559
102.1	2.808988656	2.8101340161870345	2.8101026562088096	0.005034076	0.004791287900443384	0.004784916616210549
102.15	2.808465947	2.810173749013152	2.8101436896347263	0.005116353	0.004808691111355605	0.004801816909183163
102.2	2.809279956	2.810210930884767	2.8101821938467024	0.004576195	0.004826521915860744	0.004819163237035238
102.25	2.806836093	2.8102455765447303	2.8102181813121376	0.004433171	0.004844710474148538	0.004836889043135417
102.3	2.810904017	2.8102777075918586	2.8102516711525527	0.003794754	0.004863183804849992	0.00485492459268469
102.35	2.812005173	2.810307352714686	2.8102826893624764	0.004422636	0.004881866226985213	0.004873197383829406
102.4	2.812895289	2.810334547897197	2.8103112690026624	0.005433062	0.004900679839381045	0.004891632595614592
102.45	2.811098815	2.8103593365897157	2.8103374503613177	0.004284007	0.004919545034096996	0.0049101535696420414
102.5	2.807049971	2.8103817698379983	2.8103612810768768	0.005463745	0.004938381039891569	0.0049286823218092305
102.55	2.810122443	2.810401906363625	2.8103828162158635	0.004975325	0.004957106491280972	0.0049471400800396165
102.6	2.809899444	2.8104198125888935	2.8104021182995007	0.005475746	0.0049756400182952515	0.004965447843478657
102.65	2.806492251	2.8104355625997086	2.8104192572728666	0.005528958	0.004993900851630094	0.004983526958228729
102.7	2.803394865	2.8104492380403547	2.810434310410851	0.001932803	0.005011809437532636	0.005001299704339083
102.75	2.814305575	2.810460927934599	2.810447362155651	0.002766565	0.0050292880564523955	0.0050186898884575755
102.8	2.814748473	2.8104707284282275	2.8104585038811982	0.004573468	0.005046261439240396	0.005035623436294671
102.85	2.813853594	2.8104787424483484	2.810467833580616	0.004722115	0.005062657374485942	0.005052028978851616
102.9	2.814145811	2.8104850792770417	2.810475455473674	0.005038371	0.0050784073004845704	0.005067838426228407
102.95	2.81437513	2.8104898540377174	2.8104814795321467	0.005431235	0.005093446875281933	0.00508298752275643
103.0	2.81370073	2.8104931870934666	2.810486020922065	0.006063204	0.005107716518262521	0.005097416377198849
103.05	2.81113489	2.8104952033578043	2.8104891993630394	0.006602945	0.00512116191685042	0.005111069961831368
103.1	2.810060818	2.8104960315194756	2.81049113840608	0.006358662	0.005133734492063157	0.005123898574358997
103.15	2.808569162	2.8104958031844287	2.810491964632803	0.00611469	0.005145391816910325	0.00513585825684328
103.2	2.806953769	2.810494651939541	2.8104918067802496	0.005670106	0.00515609798195683	0.005146911166107155
103.25	2.804293434	2.8104927123443417	2.810490794797011	0.004332263	0.005165823902777588	0.005157025890453623
103.3	2.814476846	2.8104901188586333	2.810489058837841	0.004043608	0.0051745475645166815	0.005166177707978795
103.35	2.816222744	2.810487004715577	2.8104867282054786	0.0058552	0.005182254199328776	0.005174348782277195
103.4	2.811572429	2.810483500751509	2.810483930249893	0.007398067	0.00518893639312331	0.005181528291924224
103.45	2.807355867	2.8104797342053294	2.810480789236636	0.006773735	0.005194594118746623	0.005187712490772279
103.5	2.805398875	2.810475827501769	2.810477425197352	0.005596245	0.005199234693514236	0.005192904696807254
103.55	2.807569568	2.810471897034181	2.810473952776749	0.004936214	0.005202872659834418	0.005197115208073385
103.6	2.808060123	2.8104680519636203	2.8104704800914364	0.004306291	0.005205529588533457	0.00520036114497807
103.65	2.81069666	2.8104643930518587	2.8104671076169487	0.004025722	0.005207233805390879	0.005202666219125074
103.7	2.813360167	2.8104610115466993	2.810463927119984	0.004165214	0.005208020042306578	0.005204060429684234
103.75	2.815095493	2.810457988138313	2.8104610206533676	0.005166576	0.005207929015438889	0.005204579689178189
103.8	2.812862414	2.81045539200551	2.810458459631459	0.007615637	0.005207006933563531	0.005204265381441259
103.85	2.810000511	2.810453279970698	2.8104563040036803	0.005563872	0.005205304940798815	0.005203163855371703
103.9	2.81126714	2.810451695781863	2.8104546015449903	0.005544312	0.005202878498714914	0.005201325858922408
103.95	2.810946678	2.810450669539164	2.8104533872786424	0.006027529	0.0051997867136861775	0.005198805918634623
104.0	2.809636123	2.8104502172826797	2.8104526830461225	0.007122075	0.005196091616144931	0.005195661670782862
104.05	2.801319367	2.810450340756399	2.8104524972382943	0.006031016	0.005191857399138862	0.00519195315091194
104.1	2.80653168	2.8104510273767183	2.8104528247005454	0.004924776	0.0051871496240405	0.005187742049198465
104.15	2.80623077	2.810452250388378	2.810453646823145	0.004289768	0.0051820344025130345	0.0051830909396478626
104.2	2.806382312	2.8104539692215047	2.8104549318260172	0.004080005	0.005176577563788966	0.005178062491633823
104.25	2.803950416	2.8104561300600275	2.810456635244862	0.003098547	0.0051708438167296766	0.005172718672689612
104.3	2.821217807	2.810458666628024	2.810458700622909	-0.001022099	0.005164895916428774	0.00516711995176111
104.35	2.81801409	2.8104615011966922	2.810461060409728	0.004373646	0.005158793845292785	0.005161324512322145
104.4	2.818888744	2.810464545810584	2.810463637063884	0.005147984	0.005152594018574514	0.005155387484850877
104.45	2.814135408	2.810467703727609	2.8104663443558113	0.006492399	0.0051463485242440755	0.005149360208078562
104.5	2.813850614	2.8104708710631585	2.8104690888633534	0.005230312	0.005140104406859918	0.005143289528267754
104.55	2.81512811	2.8104739386245865	2.8104717716485474	0.006982683	0.005133903004749207	0.005137217145499393
104.6	2.807412149	2.8104767939182755	2.8104742901004323	0.007072388	0.005127779349327829	0.005131179015548864
104.65	2.808140112	2.8104793233076517	2.8104765399249496	0.006004166	0.005121761634789879	0.0051252048154138445
104.7	2.807034478	2.8104814142969223	2.810478417259556	0.005903385	0.005115870765680885	0.00511931747992665
104.75	2.807262511	2.8104829579119723	2.8104798208868993	0.005142713	0.005110119989046062	0.0051135328161478035
104.8	2.807128614	2.81048385114687	2.810480654518991	0.004462964	0.005104514616923484	0.005107859201403964
104.85	2.809998403	2.810483999441864	2.8104808291207526	0.003598087	0.005099051843942591	0.005102297369911758
104.9	2.816399629	2.810483319156652	2.810480265239634	0.005348667	0.005093720663702567	0.005096840291930287
104.95	2.814446531	2.810481740001041	2.810478895306321	0.007264548	0.0050885018864556125	0.005091473148320962
105.0	2.806063367	2.8104792073840756	2.8104766658703264	0.005958889	0.005083368259421526	0.005086173402276619
105.05	2.807426354	2.810475684642199	2.8104735397335805	0.006533283	0.005078284689827142	0.005080910968826421
105.1	2.807431094	2.810471155107089	2.810469497945024	0.005575404	0.005073208569513127	0.005075648481542943
105.15	2.804422255	2.8104656239745243	2.8104645415842873	0.005911564	0.005068090198696623	0.005070341656067102
105.2	2.807746357	2.810459119936972	2.8104586933586124	0.005298145	0.005062873305237464	0.005064939745145866
105.25	2.802811257	2.8104516965445168	2.8104519989731545	0.00628961	0.0050574956545440825	0.0050593860813417015
105.3	2.799123127	2.810443433261311	2.8104445282373076	0.003115729	0.005051889744088695	0.005053618702414337
105.35	2.803122838	2.810434435834494	2.8104363758729045	0.002729344	0.0050459835891841776	0.005047571053266567
105.4	2.799976698	2.810424836899898	2.810427661993995	-0.000104186	0.005039701554490211	0.005041172757302902
105.45	2.807152865	2.8104147961464645	2.8104185322323416	-0.004537523	0.005032965248413966	0.005034350449088862
105.5	2.835122505	2.81040450002561	2.8104091574877392	-0.003576723	0.005025694470147883	0.005027028659334642
105.55	2.837567892	2.8103941609981664	2.8103997332876824	0.003996387	0.005017808198349445	0.005019130742473464
105.6	2.836189805	2.8103840163179914	2.810390478746736	0.007214686	0.005009225609876464	0.005010579836474824
105.65	2.83320996	2.8103743263579952	2.810381635157374	0.013498048	0.004999867116556241	0.005001299842657151
105.7	2.806164108	2.8103653724909456	2.8103734641553415	0.016313804	0.004989655407695255	0.0049912164166461765
105.75	2.795192022	2.810357454543949	2.810366245474634	0.010481576	0.004978516485932303	0.0049802579587906685
105.8	2.794168018	2.8103508878518473	2.8103602743132554	0.007799822	0.0049663806841022924	0.004968356592322082
105.85	2.792313573	2.8103459999408704	2.810355858336796	0.003347741	0.004953183651007454	0.0049554491176732295
105.9	2.810554732	2.8103431268795758	2.810353314352442	0.004279162	0.0049388672943804605	0.004941477931650579
105.95	2.803437179	2.8103426093393917	2.8103529646912095	0.005329056	0.00492338066985888	0.004926391900580336
106.0	2.798082042	2.810344788411821	2.810355133340979	0.003182722	0.004906680805462022	0.004910147177113185
106.05	2.799426322	2.8103500012335743	2.8103601418771116	0.00055533	0.004888733451860923	0.00489270795106825
106.1	2.805828895	2.810358576474448	2.810368305241126	-0.002880221	0.004869513749649968	0.004874047125513477
106.15	2.827122515	2.8103708297456746	2.8103799274209322	-0.003267703	0.004849006805853792	0.004854146910206618
106.2	2.834950858	2.810387058988641	2.8103952970884705	0.002814539	0.004827208173023755	0.0048329993255455846
106.25	2.830957459	2.810407539905272	2.8104146832522376	0.007154177	0.004804124225482954	0.004810606611285943
106.3	2.822810971	2.8104325214919923	2.8104383309830503	0.008477711	0.004779772428554559	0.004786981535461831
106.35	2.817757533	2.8104622217389332	2.8104664572714606	0.007826971	0.004754181497938868	0.004762147600178164
106.4	2.822051335	2.810496823554957	2.8104992479093243	0.009642565	0.004727391447770122	0.004736139090585789
106.45	2.816643837	2.8105364709770657	2.8105368533865844	0.01301562	0.004699453527262467	0.004709001094477723
106.5	2.798410746	2.8105812657199447	2.810579385135578	0.013253415	0.004670430047220898	0.004680789412934161
106.55	2.794989477	2.8106312641176796	2.8106269121794996	0.009842739	0.004640394099024257	0.004651570363569024
106.6	2.775295805	2.8106864828530815	2.8106794582359798	0.007885645	0.004609428653726219	0.0046214204792880045
106.65	2.776797548	2.8107468845182786	2.810736999320294	-0.001461378	0.004577626844773131	0.004590426106760852
106.7	2.801841549	2.8108123764785726	2.810799461885749	-0.006454949	0.004545091357588137	0.004558682910021888
106.75	2.817593094	2.810882810344491	2.8108667215312577	-0.003536002	0.0045119337318315755	0.004526295285727563
106.8	2.816674345	2.8109579820567925	2.8109386022982132	-0.000933151	0.004478273585744371	0.004493375697605136
106.85	2.840024551	2.8110376325820767	2.8110148765705825	0.002873259	0.004444237772667339	0.004460043938512107
106.9	2.824372221	2.811121449209509	2.8110952647489373	0.007392922	0.004409959480380491	0.004426426380906676
106.95	2.816668481	2.811209067432147	2.811179436760612	0.006949668	0.004375577284319205	0.004392655097310507
107.0	2.815999618	2.811300073389504	2.81126701411619	0.006711795	0.004341234165996641	0.004358866941122843
107.05	2.815712429	2.81139400684137	2.8113575724868314	0.00731121	0.004307076508093963	0.004325202598625971
107.1	2.812111565	2.811490364636633	2.811450644770837	0.009966083	0.004273253077671898	0.0042918056230904595
107.15	2.802130953	2.8115886046350274	2.811545724612078	0.006935616	0.00423991400881145	0.004258821461824154
107.2	2.803805292	2.811688150034347	2.811642270327634	0.005229653	0.004207209795711497	0.004226396486815116
107.25	2.807046124	2.811788394050905	2.8117397091971674	0.004459726	0.004175290306862857	0.004194677039300302
107.3	2.810855034	2.811888704896849	2.8118374420623464	0.006265477	0.004144303830389263	0.0041638084981550205
107.35	2.80750932	2.8119884309944894	2.811934848181026	0.007250085	0.004114396160004278	0.0041339343814508584
107.4	2.798729669	2.8120869063650686	2.8120312902779836	0.009391293	0.0040857097302901095	0.004105195489880682
107.45	2.791656423	2.8121834561274808	2.81212611973183	-0.001348947	0.0040583828091710576	0.004077729100008805
107.5	2.803291187	2.8122774020412957	2.812218681836257	0.00459178	0.004032548754543827	0.004051668214483829
107.55	2.793686409	2.81236806802816	2.8123083210731554	0.005186527	0.00400833534105235	0.00402714087546322
107.6	2.77413437	2.812454785606211	2.812394386335272	0.001855526	0.00398586416197013	0.004004269546555684
107.65	2.781316879	2.8125368991734936	2.8124762168561253	-0.014480051	0.003965250110092683	0.0039831721785694866
107.7	2.822585698	2.812613771078614	2.812553171198515	-0.019180617	0.003946600940461731	0.003963959713640745
107.75	2.84995859	2.81268478641989	2.812624632134543	-0.012804898	0.003930016916656776	0.00394673568534134
107.8	2.871709139	2.8127493575180167	2.8126900110900706	-0.012576398	0.0039155905413138965	0.003931595911200866
107.85	2.935946919	2.8128067362030214	2.8127487521123924	0.00719312	0.0039034224801423006	0.003918628276669949
107.9	2.863536775	2.8128564497889648	2.8128003353268256	0.037163728	0.003893585081002695	0.003907912608488728
107.95	2.798044706	2.812898065487762	2.812844279855126	0.030874693	0.0038861425261770086	0.0038995206344353667
108.0	2.796416105	2.8129311915965696	2.81288014617609	0.032036685	0.003881151013139095	0.0038935160255248154
108.05	2.746559932	2.812955478251379	2.8129075379162773	0.02706638	0.0038786589957431686	0.0038899545159161767
108.1	2.728476679	2.812970617750546	2.8129261030663475	0.016368625	0.0038787074801579194	0.003888884095074417
108.15	2.707733268	2.8129763444564935	2.812935553806933	0.010195288	0.003881330369559077	0.003890343655157555
108.2	2.677821364	2.8129724342882603	2.812935642543418	-0.012489824	0.003886554851356216	0.0038943653358028906
108.25	2.7170277	2.8129587038217636	2.8129261612769816	-0.076501092	0.003894401820570395	0.0039009749040448396
108.3	2.841797019	2.812935009018716	2.812906940609242	-0.053950488	0.0039048863328962928	0.003910192166958042
108.35	3.014281536	2.81290124360888	2.8128778484021852	-0.001158776	0.003918018080973683	0.00392203141084626
108.4	2.955249101	2.8128573371538126	2.812838788118536	-0.004881165	0.003933801887456053	0.003936501860815874
108.45	2.941114608	2.8128032528233975	2.812789696870849	0.008070189	0.003952238208596496	0.003953608154660542
108.5	2.987809449	2.81273898491917	2.812730543210399	0.018298945	0.003973323642271113	0.0039733508251378405
108.55	2.957771027	2.8126645561808123	2.8126613246893517	0.062454719	0.003997051434625353	0.003995726784935557
108.6	2.760707128	2.8125800149140554	2.812582065231669	0.09301609	0.00402341197985406	0.004020729808900307
108.65	2.645715498	2.812485431979622	2.8124928123497575	0.053411156	0.004052393308005758	0.004048351008428872
108.7	2.620196749	2.812380897683762	2.8123936342449363	0.021094882	0.0040839815561292	0.0040785792932970365
108.75	2.601254214	2.8122665186112883	2.8122846168303792	-0.022138471	0.004118161418547562	0.0041114018166150835
108.8	2.659446008	2.812142414441885	2.8121658607153197	-0.081126806	0.004154916572543797	0.004146804399046078
108.85	2.925138472	2.81200871478977	2.8120374781888846	-0.089468517	0.004194230076259323	0.004184771928895404
108.9	3.071660721	2.8118655561056	2.8119000014615385	-0.036314826	0.004236084736137709	0.0042252441951308875
108.95	2.951603376	2.8117130786778293	2.811753547662822	0.049275444	0.004280463441776964	0.004268206457056561
109.0	2.786846871	2.8115514237685737	2.811598224891656	0.038915671	0.004327349466581053	0.0043136453602715934
109.05	2.781819833	2.8113807309164587	2.81143413058848	0.025890355	0.004376726733118617	0.004361549080942836
109.1	2.777824526	2.811205247640595	2.811261350225764	0.016256107	0.004428134642208888	0.004411907427508842
109.15	2.784442519	2.811020893992458	2.8110799563145585	0.015656621	0.004482015927262497	0.004464711902594026
109.2	2.774538661	2.810827669972101	2.810890007720846	0.013922851	0.004538370588279528	0.004519955728178444
109.25	2.765855608	2.810625575579525	2.810691549281766	0.003111173	0.004597198625259983	0.0045776338372823504
109.3	2.803875726	2.810414610814729	2.8104846117082434	0.000202068	0.0046585000382038605	0.004637742835585605
109.35	2.793664334	2.8101947756777137	2.810269211757343	0.006999849	0.004722274827111162	0.004700280936511204
109.4	2.778671708	2.8099660701684788	2.810044941434218	0.002589047	0.0047885229919818854	0.004765292413400216
109.45	2.803995966	2.8097284942870244	2.8098118007388733	-0.00777273	0.004857244532816033	0.004832777266252652
109.5	2.814955862	2.80948204803335	2.809569789671309	-0.001497866	0.004928439449613603	0.004902735495068511
109.55	2.818927292	2.809226731407457	2.8093189082315257	0.002409986	0.005002107742374596	0.0049751670998477915
109.6	2.817400325	2.8089625444093436	2.809059156419522	0.002451455	0.005078249411099012	0.005050072080590497
109.65	2.821110048	2.808689487039011	2.808790534235299	0.003492517	0.005156864455786852	0.005127450437296625
109.7	2.828903049	2.808407559296459	2.8085130416788564	0.007375934	0.005237952876438115	0.005207302169966176
109.75	2.812834842	2.808116761181687	2.808226678750194	0.014008261	0.0053215146730528	0.0052896272785991506
109.8	2.79877501	2.8078170926946955	2.807931445449313	0.009534559	0.00540754984563091	0.005374425763195548
109.85	2.797563625	2.8075085538354845	2.807627341776212	0.00749819	0.005496058394172441	0.005461697623755368
109.9	2.796584523	2.807191144604054	2.8073143677308914	0.0052095	0.005587040318677397	0.005551442860278611
109.95	2.797725339	2.806864865000404	2.806992523313351	0.004712035	0.005680495619145774	0.005643661472765278
110.0	2.798218665	2.8065297150245345	2.8066618085235913	0.000181906	0.005776424295577576	0.005738353461215368
