Frequency/GHz	real_ε	real_ε_SG_filtered	real_ε_SG_filtered+RA	loss_T	loss_T_SG_filtered	loss_T_SG_filtered+RA
75.0	2.797267225	2.800181457061825	2.80012361060482	0.010226134	0.006010563888905338	0.006011567963774569
75.05	2.780523262	2.800296187872858	2.800237397842963	0.009015236	0.0060164451884173005	0.006016938801849487
75.1	2.788718409	2.8004104389016686	2.800350794927584	0.004992608	0.0060231764702056295	0.006023164900837043
75.15	2.784924761	2.8005239271187605	2.8004635395288626	0.003446258	0.0060307371813335	0.006030226141723263
75.2	2.788228115	2.800636364184216	2.8005753616534212	-0.001573619	0.006039105598564897	0.00603810123883992
75.25	2.808621336	2.800747460192439	2.8006859871667573	-0.003441946	0.006048258794433284	0.006046767718813685
75.3	2.819642301	2.800856927233203	2.8007951412015624	0.001668418	0.006058172603527907	0.0060562018975885675
75.35	2.81921231	2.8009644827341798	2.800902551441131	0.004828347	0.006068821590780645	0.0060663788562296695
75.4	2.820586105	2.8010698525555524	2.8010079512758566	0.007054237	0.00608017902346262	0.006077272416004399
75.45	2.818414592	2.8011727738128727	2.801111082839628	0.010187999	0.006092216848505737	0.00608885511300723
75.5	2.812799227	2.8012729974098782	2.8012116996251337	0.01328078	0.006104905676654154	0.006101098184625562
75.55	2.797711468	2.801370290268543	2.801309568824053	0.015132146	0.0061182147748283155	0.006113971563030128
75.6	2.788897509	2.8014644372489212	2.80140447338122	0.012249948	0.0061321120679529335	0.006127443876970477
75.65	2.775895401	2.801555242756479	2.801496213756657	0.009996362	0.0061465641513618035	0.006141482463027398
75.7	2.783101531	2.8016425320392675	2.801584609393964	0.004531089	0.006161536314748231	0.006156053387335485
75.75	2.786756561	2.801726152181631	2.801669499897742	0.002711525	0.006176992578478935	0.0061711214786423895
75.8	2.79401624	2.8018059728048743	2.80175074592652	0.001808091	0.006192895742931398	0.006186650373417908
75.85	2.793606657	2.801881886488553	2.801828229810924	0.00168862	0.00620920745134985	0.006202602573567705
75.9	2.805989093	2.801953808928619	2.8019018559095836	-0.000187506	0.006225888266543488	0.006218939517145068
75.95	2.804721394	2.8020216788506507	2.801971550717425	0.001875775	0.006242897761574789	0.006235621662291905
76.0	2.812024755	2.802085457697661	2.8020372627425596	0.000799892	0.006260194624409337	0.006252608584480115
76.05	2.816772442	2.8021451291125863	2.802098962168858	0.003591637	0.006277736776326289	0.006269859086969384
76.1	2.81783904	2.8022006982355134	2.8021566403215834	0.005434445	0.006295481503726551	0.0062873313242511695
76.15	2.818896821	2.8022521908348943	2.802210308953046	0.008560308	0.006313385602830181	0.006304982938114621
76.2	2.804164452	2.8022996522906114	2.802259999364195	0.00927298	0.006331405536630337	0.006322771205852606
76.25	2.806376498	2.8023431464446142	2.802305761376417	0.00818988	0.00634949760337163	0.006340653200028192
76.3	2.806193299	2.8023827543321334	2.8023476621776164	0.0079088	0.006367618115749236	0.006358585958696543
76.35	2.805971247	2.802418572803174	2.802385785061328	0.007952146	0.006385723589984372	0.006376526665016036
76.4	2.808071439	2.802450713040109	2.8024202280772283	0.008588959	0.006403770943923336	0.006394432835043406
76.45	2.8074356	2.8024792989728717	2.8024511026109904	0.011432516	0.006421717703330647	0.00641226251237931
76.5	2.794381933	2.8025044657096574	2.802478531910972	0.012371167	0.006439522211092854	0.006429974468212074
76.55	2.787789895	2.802526357949701	2.8025026495788383	0.00953088	0.006457143839521212	0.006447528405197705
76.6	2.785272904	2.802545128394516	2.8025235980409606	0.006915727	0.00647454320400026	0.006464885163511719
76.65	2.785228171	2.8025609361725174	2.8025415270173264	0.003842716	0.006491682376189218	0.006482006927311601
76.7	2.793431462	2.802573945290425	2.8025565920048585	-0.002368772	0.006508525094957979	0.006498857429756101
76.75	2.813797528	2.802584323123277	2.802568952792501	-0.000219392	0.0065250369732279415	0.006515402154637864
76.8	2.818928475	2.802592238953359	2.802578772014118	0.005004823	0.006541185698889369	0.006531608533048952
76.85	2.814736173	2.8025978625668313	2.8025862137489645	0.00771388	0.00655694122798319	0.006547446133324054
76.9	2.813979982	2.8026013629154276	2.8025914421781484	0.009119875	0.006572275968368342	0.006562886842536857
76.95	2.811361497	2.802602906849299	2.8025946203041787	0.011872967	0.006587164952148285	0.00657790503787273
77.0	2.79739993	2.8026026579258247	2.8025959087394945	0.013807582	0.006601585995203728	0.0065924777462656615
77.05	2.789054231	2.8026007752981688	2.802595464568733	0.010010081	0.00661551984227223	0.006606584790768697
77.1	2.790883996	2.8025974126863558	2.802593440288459	0.006896629	0.006628950296128281	0.006620208922224461
77.15	2.795330083	2.8025927174328182	2.802589982827155	0.006017418	0.006641864329547957	0.006633335934914095
77.2	2.799872979	2.8025868296435834	2.802585232647443	0.006773515	0.006654252178887283	0.006645954764987723
77.25	2.795079235	2.8025798814156637	2.8025793229317584	0.007073494	0.006666107418258299	0.006658057570614795
77.3	2.791984556	2.8025719961506175	2.8025723788520533	0.006768711	0.006677427013447001	0.006669639792936213
77.35	2.792066593	2.802563287953793	2.802564516923518	0.005424747	0.006688211354879537	0.006680700197049497
77.4	2.790600064	2.8025538611183087	2.8025558444417698	0.00432798	0.00669846426910463	0.00669124089241153
77.45	2.78715694	2.802543809692451	2.8025464590024636	-4.9239e-05	0.0067081930084190115	0.00670126733219905
77.5	2.814471327	2.8025332171287727	2.802536448101786	-0.004024499	0.006717408218417908	0.006710788291324025
77.55	2.819771824	2.8025221560128157	2.802525888815774	0.002584277	0.006726123883405063	0.006719815822959403
77.6	2.817783951	2.8025106878688737	2.802514847556334	0.004967611	0.006734357249748622	0.006728365193573389
77.65	2.816770044	2.8024988630397574	2.8025033799016166	0.006470085	0.006742128727423144	0.006736454796616474
77.7	2.815079258	2.802486720636803	2.802491530498312	0.006925746	0.006749461770137036	0.006744106045148572
77.75	2.814534446	2.802474288555549	2.802479333033327	0.009144078	0.006756382734612074	0.006751343243834232
77.8	2.813054643	2.8024615835562168	2.802466810272291	0.009491273	0.006762920719586869	0.006758193440871525
77.85	2.810119069	2.802448611406617	2.802453974162348	0.009946124	0.006769107385310384	0.0067646862605545855
77.9	2.812826768	2.8024353670852635	2.8024408259967757	0.011320409	0.006774976754425616	0.006770853717299444
77.95	2.803037774	2.802421835042604	2.802427356639048	0.015208507	0.006780564995275599	0.006776730012086342
78.0	2.788174143	2.8024079895184086	2.8024135468041718	0.013186588	0.006785910188790844	0.006782351312386518
78.05	2.784589913	2.802393794913389	2.8023993673953163	0.009667411	0.006791052080235661	0.006787755516745106
78.1	2.782626066	2.802379206213146	2.8023847798936456	0.006808279	0.006796031817197212	0.006792982005298556
78.15	2.78319516	2.802364169462485	2.802369736799223	0.003410342	0.006800891675292127	0.006798071377594643
78.2	2.792731242	2.80234862228804	2.8023541821207885	-0.001526152	0.006805674773138796	0.006803065179160536
78.25	2.812775156	2.8023324944669903	2.802338051912159	-0.000642304	0.006810424778197951	0.006808005618329243
78.3	2.818093411	2.802315708539517	2.8023212748528272	0.003100873	0.006815185605121375	0.006812935274887163
78.35	2.820510742	2.802298180462386	2.8023037728702187	0.007357196	0.00682000110827125	0.006817896802146619
78.4	2.819132478	2.802279820300917	2.802285461800861	0.010577673	0.006824914770084547	0.00682293262407827
78.45	2.805721004	2.802260532956308	2.802266252087536	0.014490007	0.006829969386962656	0.006828084629161414
78.5	2.792181256	2.8022402189250966	2.802246049509269	0.011660574	0.006835206754370059	0.006833393862626598
78.55	2.792463148	2.802218775087304	2.8022247559407463	0.008642882	0.0068406673528302025	0.00683890021877708
78.6	2.794369028	2.8021960955195615	2.802202270137565	0.007553499	0.006846390036513737	0.006844642135084235
78.65	2.795042276	2.8021720723292414	2.802178488543403	0.007607203	0.006852411726123562	0.006850656289758459
78.7	2.795478599	2.8021465965053647	2.802153306114982	0.006973375	0.006858767107790648	0.0068569773045013115
78.75	2.793347666	2.8021195587817678	2.8021266171603996	0.006760419	0.006865488339702771	0.006863637454146464
78.8	2.790325648	2.802090850507705	2.8020983161861386	0.006166324	0.006872604768192922	0.006870666384895234
78.85	2.791983058	2.8020603645207642	2.802068298747779	0.004052249	0.00688014265501347	0.006878090842846419
78.9	2.794665583	2.8020279960167045	2.8020364622991685	0.003347952	0.006888124917513094	0.0068859344145073735
78.95	2.796399266	2.8019936434104844	2.802002707034579	0.002127342	0.0068965708834141754	0.006894217280953206
79.0	2.804478039	2.8019572091824916	2.801966936718145	0.001013679	0.006905496061857759	0.006902955987272498
79.05	2.811248435	2.8019186007037065	2.8019290594947206	0.002955408	0.006914911932342062	0.0069121632289002675
79.1	2.811707499	2.801877731033457	2.8018889886761715	0.004221306	0.006924825753123267	0.006921847656392204
79.15	2.81199894	2.801834519683347	2.80184664349705	0.005671616	0.0069352403905819015	0.006932013700138069
79.2	2.810017098	2.801788893341022	2.801801949833622	0.006198911	0.00694615417098356	0.006942661416447232
79.25	2.81694251	2.801740786547526	2.8017548408802857	0.006400663	0.006957560755980453	0.006953786356365776
79.3	2.816862297	2.801690142322214	2.8017052577776047	0.008404604	0.00696944904311229	0.006965379458502621
79.35	2.814978918	2.801636912729551	2.8016531501864064	0.010051509	0.00698180309247213	0.006977426967051448
79.4	2.811422979	2.8015810593824204	2.801598476802744	0.01368029	0.006994602080604729	0.006989910376096045
79.45	2.797179153	2.8015225538771213	2.8015412058088986	0.013793968	0.007007820282599618	0.007002806401178117
79.5	2.79011327	2.801461378155678	2.801481315256072	0.011482672	0.007021427083226203	0.007016086978987741
79.55	2.789213473	2.8013975247917253	2.8014187933749666	0.008438532	0.007035387017830325	0.007029719295906388
79.6	2.789184104	2.8013309971968394	2.8013536388110323	0.006814238	0.007049659843569231	0.007043665845989947
79.65	2.788821806	2.801261809744891	2.8012858607818254	0.004603411	0.007064200641402641	0.007057884518823514
79.7	2.793022738	2.801189987812753	2.801215479154636	0.000773092	0.007078959949079797	0.0070723287175108755
79.75	2.811423885	2.801115567736471	2.8011425244433052	0.000313111	0.0070938839251669175	0.007086947506879717
79.8	2.819285675	2.8010385966828717	2.8010670377239424	0.005399431	0.007108914543947865	0.007101685791790141
79.85	2.817964697	2.8009591324374816	2.8009890704701204	0.009176984	0.0071239898208078165	0.0071164845252306
79.9	2.81116865	2.8008772431105315	2.8009086843089586	0.01298946	0.007139044067478338	0.007131280945674677
79.95	2.796630327	2.80079300676381	2.800825950700418	0.013316783	0.007154008176288034	0.00714600884295675
80.0	2.791460862	2.8007065109620504	2.8007409505429814	0.010190272	0.007168809932330441	0.007160598851707681
80.05	2.792130441	2.800617852253503	2.8006537737097927	0.008313299	0.0071833743522349185	0.007174978771176127
80.1	2.794016528	2.8005271355852237	2.8005645185201264	0.007716177	0.007197624048010008	0.0071890739100496145
80.15	2.794124746	2.800434473659482	2.8004732911518784	0.00826225	0.007211479614223367	0.007202807454684233
80.2	2.792355828	2.8003399862383924	2.8003802050014635	0.00775826	0.007224860036589095	0.007216100858954647
80.25	2.79009405	2.8002437994045843	2.800285379998159	0.007344062	0.007237683119851389	0.007228874253747955
80.3	2.790920263	2.8001460447862074	2.8001889418804646	0.005777549	0.007249865932682729	0.007241046873947057
80.35	2.790569022	2.800046858754998	2.8000910214425	0.005322506	0.007261325267154008	0.007252537500581807
80.4	2.78919825	2.7999463816063836	2.7999917537587757	0.003655587	0.007271978110182471	0.007263264915670376
80.45	2.79316553	2.7998447567307654	2.799891277395898	0.000328746	0.007281742124221124	0.007273148367129475
80.5	2.807364314	2.7997421297851077	2.7997897336198267	9.2722e-05	0.007290536134321462	0.007282108041001887
80.55	2.812015287	2.7996386478738526	2.7996872656073197	0.003078922	0.0072982806185824195	0.0072900655381345466
80.6	2.813543728	2.7995344587479876	2.7995840176700075	0.005419717	0.0073048981988956836	0.00729694435234268
80.65	2.812139822	2.7994297100307017	2.799480134499312	0.007358754	0.007310314128814367	0.007302670347017351
80.7	2.807998622	2.799324548477679	2.799375760440047	0.007055115	0.007314456775313212	0.0073071722270781625
80.75	2.811203589	2.799219119279513	2.7992710388000446	0.00841983	0.007317258091177993	0.007310382003141952
80.8	2.810029572	2.799113565413083	2.7991661112026214	0.00940916	0.007318654074764055	0.007312235444774549
80.85	2.809078238	2.7990080270480493	2.7990611169879616	0.011307621	0.00731858521390073	0.007312672519717243
80.9	2.798659433	2.798902641013726	2.7989561926687956	0.013769512	0.007316996910790585	0.007311637816033306
80.95	2.790468143	2.7987975403307477	2.798851471444851	0.00951391	0.007313839884859	0.0073090809442028105
81.0	2.794672754	2.798692853810873	2.798747082779673	0.009342236	0.007309070550647446	0.007304956916304767
81.05	2.792751256	2.7985887057272567	2.7986431520423904	0.009149434	0.007302651368009361	0.007299226499562975
81.1	2.789194578	2.7984852155563233	2.7985398002159974	0.008157077	0.007294551162056313	0.007291856541693493
81.15	2.789015182	2.798382497791258	2.798437143672631	0.006625071	0.007284745410509408	0.0072828202656747346
81.2	2.790734755	2.7982806618258995	2.7983352940152444	0.003761715	0.0072732164963327725	0.007272097531763
81.25	2.804621592	2.7981798119066896	2.7982343579840103	0.003029605	0.007259953923760069	0.007259675064794214
81.3	2.810123362	2.798080047149155	2.798134437424691	0.0069913	0.00724495449606925	0.007245546645044067
81.35	2.809690193	2.7979814616143774	2.7980356293152484	0.010172157	0.007228222453713134	0.00722971326116188
81.4	2.798780965	2.7978841444398657	2.797938025845973	0.013049438	0.007209769571673243	0.007212183223946268
81.45	2.789922842	2.797788180018405	2.7978417145475745	0.010574811	0.007189615215171152	0.007192972239991396
81.5	2.789889127	2.7976936482176806	2.7977467784608754	0.008464524	0.007167786353145968	0.007172103444499742
81.55	2.791766127	2.7976006246328278	2.7976532963411147	0.007596245	0.007144317529187484	0.007149607392829084
81.6	2.792713044	2.7975091808635724	2.7975613428892983	0.007316704	0.007119250789900205	0.007125522010615852
81.65	2.791866419	2.797419384807271	2.797470989002634	0.007417824	0.007092635570960685	0.007099892502592022
81.7	2.791678751	2.797331300958912	2.797382302035815	0.006923911	0.007064528541416228	0.007072771220485911
81.75	2.791336071	2.7972449907090837	2.797295346064737	0.006294354	0.007034993407053501	0.007044217490665734
81.8	2.791761531	2.797160512630985	2.797210182144295	0.005980936	0.007004100673936924	0.007014297402445779
81.85	2.791809153	2.7970779227477407	2.797126868551971	0.005544795	0.0069719273734748215	0.00698308355822571
81.9	2.790755611	2.7969972747716687	2.797045461009285	0.004993514	0.006938556750612141	0.006950654786871055
81.95	2.790924845	2.7969186203076304	2.7969660128735416	0.002491303	0.006904077916969384	0.006917095821965311
82.0	2.800414472	2.7968420090132526	2.7968885752929014	0.001914565	0.0068685854709464155	0.006882496946769583
82.05	2.808160445	2.796767488709588	2.7968131973184978	0.002048793	0.0068321790869867935	0.0068469536079133215
82.1	2.811306068	2.7966951054367186	2.7967399259681285	0.004529099	0.006794963076353656	0.006810566000009087
82.15	2.810103289	2.796624903449838	2.7966688062369887	0.006406822	0.006757045921903234	0.006773438623535737
82.2	2.809550281	2.7965569251525073	2.79659988105195	0.007625535	0.006718539789458953	0.006735679818468518
82.25	2.809956761	2.796491210965046	2.7965331911669917	0.008927049	0.006679560018490893	0.0066974012762522515
82.3	2.809102392	2.7964277991272914	2.7964687749985933	0.012135727	0.006640224594894577	0.006658717532816129
82.35	2.794968043	2.796366725436348	2.796406668401093	0.014436172	0.0066006536087413175	0.006619745445416212
82.4	2.784581327	2.7963080229212793	2.796346904383278	0.010286954	0.006560968699939946	0.006580603656165214
82.45	2.784480951	2.7962517214580482	2.7962895127686993	0.007437704	0.006521292494806733	0.006541412045168271
82.5	2.78801641	2.7961978473292683	2.7962345198034195	0.005991474	0.006481748036585179	0.0065022911762283985
82.55	2.789113993	2.796146422734583	2.7961819477160526	0.005531317	0.006442458212987635	0.006463361738115311
82.6	2.788900869	2.7960974652585677	2.7961318142360594	0.004822971	0.006403545183843677	0.006424743984405723
82.65	2.789035641	2.7960509873040547	2.796084132077257	0.002442485	0.006365129811933797	0.0063865571749016385
82.7	2.798635851	2.796006995499709	2.7960389083944013	0.002172986	0.006327331100060238	0.006348919021614764
82.75	2.803846489	2.7959654900913744	2.7959961442214847	0.00307353	0.006290265637360006	0.006311945142270428
82.8	2.810639728	2.7959264643273594	2.795955833901062	0.006593388	0.006254047057798704	0.006275748524233275
82.85	2.800337714	2.795889903848327	2.7959179645144108	0.009294461	0.0062187855137004686	0.00624043900169081
82.9	2.796703509	2.7958557860927202	2.7958825153227442	0.008313946	0.006184587167071206	0.006206122748850705
82.95	2.794616226	2.795824079728884	2.7958494572298886	0.008220051	0.006151553701363369	0.006172901791815335
83.0	2.792413553	2.795794744125038	2.7958187522769267	0.007470822	0.006119781856213645	0.006140873541694097
83.05	2.791633266	2.7957677288680745	2.7957903531792265	0.00679443	0.006089362987562998	0.006110130351401995
83.1	2.793133416	2.795742973341906	2.7957642029160032	0.005944612	0.0060603826554426156	0.0060807590984733925
83.15	2.792864153	2.7957204063754926	2.7957402343821633	0.006894758	0.006032920241580101	0.006052840796093273
83.2	2.791227105	2.795699945970089	2.7957183701116066	0.006378254	0.00600704859884786	0.006026450234415253
83.25	2.791919652	2.7956814991143775	2.795698522080424	0.005879296	0.005982833734438984	0.006001655654095701
83.3	2.792776754	2.795664961695128	2.795680591597548	0.005798421	0.005960334528512681	0.0059785184538258445
83.35	2.790943295	2.7956502185099255	2.795664469289393	0.005932581	0.005939602489899268	0.005957092933487892
83.4	2.784654422	2.795637143387151	2.795650035183884	0.005149352	0.005920681550291007	0.005937426074395775
83.45	2.787280089	2.795625599417059	2.7956371588980096	0.001192756	0.005903607898167843	0.005919557357905424
83.5	2.801343322	2.7956154392962747	2.7956256999317026	0.001337995	0.005888409853515086	0.005903518623492724
83.55	2.801816142	2.7956065057865263	2.7956155080694582	0.002858028	0.005875107784183468	0.005889333967199419
83.6	2.805450833	2.79559863228682	2.7956064238896308	0.003327374	0.005863714064521445	0.0058770196811384215
83.65	2.807268032	2.7955916435167443	2.795598279379914	0.005253423	0.005854233076676595	0.005866584234531124
83.7	2.807698843	2.79558535630702	2.795590898656032	0.006698643	0.005846661254720869	0.005858028296521494
83.75	2.809322612	2.795579580491932	2.7955840987792566	0.00913441	0.005840987171505922	0.005851344800776828
83.8	2.80311089	2.795574119896853	2.795577690666968	0.013201882	0.005837191667902711	0.005846519051644581
83.85	2.784694478	2.795568773412756	2.7955714800891815	0.011984623	0.005835248023826298	0.005843528871390549
83.9	2.782209142	2.795563336148335	2.795565268742732	0.007812916	0.005835122170194711	0.005842344787797389
83.95	2.784095827	2.7955576006493077	2.7955588553936734	0.006208802	0.005836772940721177	0.005842930261155517
84.0	2.78565056	2.7955513581733875	2.795552037077473	0.005084093	0.005840152362192609	0.005845241949432268
84.05	2.786138065	2.7955444000086627	2.795544610345662	0.003993634	0.005845205981643161	0.005849230010160867
84.1	2.790219807	2.7955365188223187	2.795536372546919	0.002590926	0.005851873228589843	0.00585483843734969
84.15	2.793525724	2.795527510026163	2.7955271231299443	0.002581392	0.005860087810257875	0.005862005431475635
84.2	2.795194133	2.7955171731450146	2.795516664955083	0.002030559	0.005869778137488375	0.00587066380039472
84.25	2.805886552	2.795505313173822	2.7955048056014054	0.001709044	0.005880867778791911	0.005880741388779961
84.3	2.807998027	2.7954917419094247	2.7954913586558665	0.005910051	0.005893275939790939	0.005892161533483214
84.35	2.800420585	2.795476279243006	2.795476144971278	0.007869579	0.005906917965085746	0.005904843542016527
84.4	2.795715276	2.7954587543997227	2.795458993880094	0.006565949	0.005921705859385566	0.005918703191162269
84.45	2.797047979	2.7954390071125306	2.7954397443514587	0.006206845	0.005937548824573584	0.005933653242552918
84.5	2.798523548	2.795416888717998	2.7954182460795787	0.006219407	0.0059543538092251365	0.005949603971913719
84.55	2.798105654	2.795392263162779	2.7953943604922404	0.00683027	0.005972026066976298	0.005966463708537178
84.6	2.797552236	2.7953650079104775	2.7953679616691938	0.007371239	0.00599046972004727	0.005984139381459813
84.65	2.794934971	2.795335014739811	2.7953389371611594	0.007725584	0.006009588324164362	0.006002537068740614
84.7	2.794019388	2.795302190426218	2.7953071887013365	0.007456889	0.006029285431096387	0.006021562546198358
84.75	2.792426245	2.795266457300438	2.7952726328025115	0.007171248	0.006049465145026493	0.006041121831952019
84.8	2.790519509	2.795227753678957	2.795235201234159	0.006618801	0.006070032669017292	0.006061121723124941
84.85	2.788702129	2.7951860341626644	2.79519484137526	0.006432429	0.006090894837893756	0.006081470321118723
84.9	2.791522769	2.7951412698014932	2.795151516439922	0.004586646	0.006111960633963	0.006102077541936398
84.95	2.789436207	2.79509344812428	2.7951052055742904	0.004258577	0.006133141682110208	0.006122855608135229
85.0	2.795397908	2.795042573034476	2.7950559038245872	0.001845792	0.006154352720954347	0.006143719519116674
85.05	2.80220923	2.7949886645737836	2.795003621977499	0.003550964	0.006175512046914114	0.006164587496613565
85.1	2.803816638	2.7949317585571003	2.794948386275459	0.004655868	0.006196541928224017	0.006185381402411584
85.15	2.804520286	2.794871906083496	2.794890238010626	0.005794038	0.006217368986152677	0.006206027125542827
85.2	2.805876773	2.794809172929181	2.7948292330026128	0.007093292	0.00623792454091084	0.006226454936412794
85.25	2.80706505	2.7947436388295595	2.7947654409661276	0.009914522	0.006258144919995401	0.0062465998055677005
85.3	2.794706024	2.7946753966585556	2.7946989447757646	0.01270358	0.006277971726997489	0.0062664016850751654
85.35	2.786759681	2.794604551514335	2.7946298396361184	0.010466012	0.006297352069206179	0.006285805750776684
85.4	2.784618697	2.7945312197213603	2.794558232166238	0.008139254	0.006316238742662667	0.006304762603972595
85.45	2.787509937	2.7944555277594283	2.7944842394081584	0.006243783	0.006334590373659273	0.006323228431416932
85.5	2.790202299	2.7943776111308476	2.7944079877698136	0.00641616	0.006352371516028996	0.006341165122827543
85.55	2.788318133	2.7942976131773203	2.7943296119131125	0.006832656	0.006369552703929305	0.006358540345452558
85.6	2.786888251	2.7942156838582983	2.794249253598235	0.005832963	0.006386110460183128	0.006375327575573918
85.65	2.787724921	2.7941319785026963	2.7941670604954165	0.004908062	0.006402027260596043	0.006391506087168134
85.7	2.789240207	2.794046656545735	2.7940831849754866	0.002995226	0.006417291455016939	0.006407060898279968
85.75	2.796192408	2.7939598802625447	2.793997782890373	0.002379645	0.0064318971462455615	0.006421982675992382
85.8	2.802293208	2.793871813509786	2.7939110123545503	0.005448004	0.0064458440282110846	0.006436267601192781
85.85	2.795844517	2.7937826204861484	2.7938230325380786	0.007015175	0.006459137185148333	0.0064499171946383466
85.9	2.79453342	2.7936924645220573	2.7937340024814885	0.00601762	0.006471786853781011	0.006462938106109803
85.95	2.795149445	2.7936015069082987	2.793644079942209	0.005490162	0.006483808150783423	0.006475341868711244
86.0	2.797219922	2.7935099057726176	2.79355342028168	0.005692433	0.006495220768032982	0.006487144620622253
86.05	2.797134974	2.7934178150126043	2.7934621754016034	0.006346259	0.0065060486383849625	0.006498366796836132
86.1	2.798095943	2.7933253832923945	2.7933704927370817	0.006967302	0.006516319574897696	0.006509032793623551
86.15	2.797763504	2.793232753109902	2.7932785143136294	0.008090738	0.006526064886610447	0.006519170608643378
86.2	2.794326983	2.7931400599404483	2.7931863758742366	0.008291472	0.00653531897412702	0.006528811459780934
86.25	2.793518339	2.7930474314617775	2.793094206081838	0.008442723	0.006544118908384355	0.006537989385927333
86.3	2.791536953	2.7929549868645656	2.7930021258016913	0.008557309	0.0065525039960852806	0.006546740833021014
86.35	2.788280633	2.7928628362516257	2.7929102474673364	0.008252955	0.006560515335346609	0.006555104228752967
86.4	2.78607098	2.792771080128133	2.792818674532911	0.006973664	0.006568195365156564	0.006563119549389906
86.45	2.786059076	2.7926798089843072	2.792727501013815	0.005741175	0.006575587412247412	0.006570827882194237
86.5	2.789136168	2.7925891029711583	2.792636811116844	0.003865084	0.006582735238969798	0.006578270986915944
86.55	2.795604262	2.7924990316690526	2.7925466789601545	0.004916254	0.006589682595704492	0.006585490859799809
86.6	2.795217876	2.7924096539481402	2.792457168382658	0.005598994	0.0065964727812670865	0.006592529303492278
86.65	2.795732279	2.7923210179189386	2.7923683328417113	0.005920518	0.006603148214653748	0.006599427506146874
86.7	2.796831499	2.792233160970735	2.7922802153973487	0.006962363	0.006609750021344082	0.006606225632916758
86.75	2.794306255	2.7921461098948916	2.792192848780644	0.008115885	0.006616317637223011	0.006612962432889452
86.8	2.792081271	2.792059881089598	2.7921062555432585	0.007258705	0.006622888433009975	0.0066196748643637116
86.85	2.793316845	2.791974480842159	2.7920204482847257	0.007670767	0.006629497361892569	0.006626397741194098
86.9	2.78976698	2.7918899056845086	2.7919354299535644	0.008574353	0.0066361766328554145	0.0066331634027364614
86.95	2.785650893	2.7918061428172587	2.791851194217923	0.007420239	0.006642955411974338	0.006640001409719323
87.0	2.786713898	2.7917231705973027	2.7917677259011087	0.005939641	0.0066498595537124025	0.006646938268143216
87.05	2.788789087	2.7916409590837246	2.7916850014770516	0.005441399	0.006656911364008363	0.006653997183073822
87.1	2.790442488	2.791559470636527	2.7916029896205052	0.005532139	0.006664129396690715	0.006661197843946594
87.15	2.791310566	2.791478660562526	2.7915216518065695	0.005670217	0.006671528284482368	0.00666855624274144
87.2	2.791369373	2.791398477802592	2.79144094295395	0.005924299	0.006679118605582992	0.00667608452611772
87.25	2.791185916	2.7913188656543206	2.7913608121062494	0.005264549	0.006686906786529079	0.006683790882323429
87.3	2.794942004	2.7912397625241345	2.7912812031454797	0.005331252	0.006694895041737692	0.006691679463410112
87.35	2.792558551	2.791161102702799	2.7912020555319494	0.006726885	0.006703081349841031	0.006699750342998705
87.4	2.792451679	2.7910828171583164	2.791123305064663	0.006182917	0.0067114594666182175	0.006707999509553532
87.45	2.792585356	2.791004834340254	2.7910448846563853	0.006202467	0.006720018974031427	0.006716418894834668
87.5	2.794840613	2.790927080989602	2.7909667251175914	0.006264161	0.006728745364579232	0.006724996436915426
87.55	2.795533585	2.7908494829484227	2.790888755943618	0.007305956	0.006737620159894289	0.006733716176874703
87.6	2.795789194	2.7907719659636654	2.790810906099441	0.008447792	0.006746621062238996	0.006742558388005767
87.65	2.789441487	2.790694456479746	2.7907331047966606	0.00897995	0.0067557221372937255	0.006751499736126393
87.7	2.787723895	2.7906168824146524	2.790655282257454	0.007564752	0.006764894026390574	0.006760513469332069
87.75	2.789391575	2.7905391739145897	2.7905773704604364	0.006769878	0.006774104186121852	0.006769569635306163
87.8	2.791150812	2.790461264082363	2.790499303863597	0.007389363	0.006783317153048329	0.006778635324089932
87.85	2.788954497	2.7903830896749935	2.7904210200996884	0.008174103	0.00679249483104728	0.006787674934022404
87.9	2.785589341	2.7903045917662492	2.7903424606397182	0.007613619	0.006801596798674982	0.006796650458386487
87.95	2.785026922	2.7902257163700837	2.7902635714204305	0.006975021	0.006810580633772381	0.0068055217901441395
88.0	2.785817784	2.7901464150212063	2.790184303431949	0.005963918	0.006819402252416917	0.006814247042010994
88.05	2.787743505	2.7900666453093343	2.7901046132620557	0.005019691	0.0068280162592190006	0.0068227828790104195
88.1	2.791882122	2.7899863713639643	2.790024463593875	0.00539163	0.006836376305879832	0.006831084860559522
88.15	2.793791565	2.789905564286867	2.7899438236540863	0.00612786	0.006844435454870255	0.006839107789076161
88.2	2.7930047	2.78982420252984	2.7898626696091116	0.00771685	0.0068521465450591176	0.006846806062057795
88.25	2.787788904	2.789742272215653	2.789780984907126	0.007822795	0.006859462556116106	0.006854134024570913
88.3	2.786532381	2.7896597674005585	2.7896987605640953	0.00660762	0.0068663369685393535	0.006861046319104963
88.35	2.788391349	2.789576690277105	2.7896159953924866	0.005899713	0.0068727241162136726	0.006867498229787489
88.4	2.790888073	2.789493051316507	2.789532696171684	0.005740057	0.006878579528491305	0.006873446018028212
88.45	2.791770126	2.789408869350223	2.7894488777595905	0.007383453	0.006883860258903571	0.006878847246758679
88.5	2.787470348	2.789324171590899	2.7893645631453325	0.007311425	0.006888525197757425	0.0068836610905603085
88.55	2.787233287	2.78923899359325	2.7892797834434147	0.006163765	0.006892535366044244	0.006887848629126383
88.6	2.789785834	2.789153379155939	2.7891945778301186	0.005554488	0.006895854188287076	0.0068913731216809545
88.65	2.791530396	2.789067380165932	2.7891089934233575	0.006284817	0.006898447742174928	0.006894200260178037
88.7	2.790659703	2.7889810563872572	2.789023085107636	0.006657053	0.006900284983075402	0.006896298399325672
88.75	2.791086945	2.788894475196477	2.788936915306151	0.006355062	0.006901337941776859	0.0068976387617189095
88.8	2.792493613	2.7888077112675975	2.788850553702482	0.006245959	0.006901581894085071	0.006898195616620898
88.85	2.793963438	2.788720846209496	2.788764076914667	0.00759737	0.006900995501184483	0.0068979464311995945
88.9	2.790599252	2.788633968159287	2.788677568124817	0.007805795	0.006899560919967657	0.0068968719933062556
88.95	2.791207047	2.7885471713353724	2.788591116667747	0.007829734	0.0068972638828359465	0.0068949565051680956
89.0	2.790449401	2.7884605555542135	2.7885048175823774	0.008097409	0.006894093746777304	0.00689218764765859
89.05	2.787360609	2.7883742257151	2.788418771129931	0.008587795	0.00689004351183122	0.006888556615101804
89.1	2.786295599	2.788288291257438	2.7883330822831507	0.007701117	0.0068851098093536895	0.006884058120859069
89.15	2.785494977	2.7882028655952307	2.788247860190972	0.00722776	0.006879292860793325	0.0068786903742341695
89.2	2.7865049	2.788118065533568	2.7881632176231923	0.007104308	0.006872596407980344	0.006872455029513923
89.25	2.788250507	2.7880340106720105	2.7880792703997925	0.006789608	0.006865027616209002	0.006865357108231346
89.3	2.78933383	2.7879508227997927	2.7879961368095962	0.006855212	0.006856596951657717	0.0068574048959954975
89.35	2.789017064	2.787868625287706	2.7879139370229593	0.008560506	0.0068473180349354935	0.006848609815472214
89.4	2.783220292	2.7877875424814915	2.7878327925031288	0.007876138	0.006837207472765181	0.0068389862773203915
89.45	2.783337098	2.787707699101375	2.787752825420796	0.006712508	0.006826284670010173	0.006828551511086384
89.5	2.785028275	2.7876292196522483	2.787674158076252	0.005997929	0.0068145716244188345	0.006817325378231881
89.55	2.787141748	2.7875522278487344	2.787596912333332	0.005764357	0.00680209270659839	0.006805330169616311
89.6	2.789393221	2.7874768460591284	2.7875212090691357	0.00609313	0.006788874427835457	0.006792590389871825
89.65	2.788670292	2.787403194771903	2.7874471676432258	0.007320822	0.0067749451984532505	0.006779132531196058
89.7	2.784393371	2.7873313920881277	2.7873749053897363	0.007476743	0.006760335079435309	0.006764984839144723
89.75	2.785230131	2.7872615532428138	2.787304537135477	0.006452233	0.006745075530053302	0.00675017707303235
89.8	2.785485747	2.787193790157826	2.787236174746798	0.006141879	0.006729199154212851	0.006734740263545753
89.85	2.786119399	2.7871282110286093	2.787169926707608	0.006177705	0.006712739448177839	0.006718706470141443
89.9	2.786768456	2.7870649199465998	2.7871058977305734	0.005937956	0.006695730552251823	0.006702108540736526
89.95	2.787421554	2.787004016558784	2.7870441884031374	0.005914115	0.0066782070088864404	0.006684979876113809
90.0	2.78747624	2.786945595765455	2.786984894869609	0.006674281	0.006660203529552877	0.006667354201347323
90.05	2.786883696	2.7868897474568293	2.7869281085501902	0.006448463	0.006641754772555285	0.00664926534641608
90.1	2.786115298	2.7868365562887827	2.7868739158974156	0.006310408	0.006622895133786285	0.006630747038013365
90.15	2.786369853	2.7867861014975435	2.7868223981901012	0.005854416	0.006603658552226082	0.006611832704378139
90.2	2.78713242	2.7867384567528446	2.786773631364527	0.005757873	0.006584078331770435	0.006592555294776638
90.25	2.788410471	2.786693690048628	2.786727685882242	0.005626503	0.0065641869807408805	0.006572947115048218
90.3	2.790180887	2.786651863630082	2.7866846266335137	0.006071366	0.006544016070185708	0.00655303968040284
90.35	2.789195868	2.78661303395546	2.786644512875181	0.006714246	0.006523596111825578	0.006532863586421042
90.4	2.78820323	2.786577251690864	2.7866073982013555	0.006630824	0.006502956456236799	0.006512448398964217
90.45	2.78807735	2.7865445617359335	2.7865733305451865	0.006740272	0.006482125211602259	0.0064918225634564815
90.5	2.787301004	2.7865150032781703	2.7865423522096915	0.006693966	0.006461129183099101	0.006471013333752917
90.55	2.788968925	2.7864886098735018	2.786514499925471	0.007074145	0.006439993832737294	0.006450046720565908
90.6	2.78709073	2.7864654095505252	2.7864898049329954	0.007410372	0.0064187432592180335	0.006428947459184854
90.65	2.785881235	2.786445424935855	2.786468293087043	0.007119645	0.00639740019714872	0.006407738995998065
90.7	2.785538218	2.7864286733978956	2.7864499849808113	0.006806439	0.006375986034734799	0.006386443493111879
90.75	2.787460585	2.7864151672064223	2.7864348960871697	0.006572496	0.006354520848870793	0.00636508185016349
90.8	2.786080859	2.7864049137053226	2.7864230369145533	0.007608592	0.006333023456375155	0.006343673742242946
90.85	2.783903037	2.786397915495941	2.786414413174998	0.006850418	0.006311511479957696	0.0063222376726777205
90.9	2.784154083	2.7863941706285447	2.786409025961883	0.006421367	0.006290001427374936	0.006300791039291843
90.95	2.784444218	2.7863936727995164	2.7864068719350334	0.006186795	0.006268508782118373	0.006279350212631568
91.0	2.784446788	2.78639641155201	2.786407943510931	0.00601232	0.006247048103893661	0.006257930624551741
91.05	2.785148252	2.7864023724779474	2.7864122290558884	0.005728485	0.006225633137085037	0.006236546865481678
91.1	2.78606279	2.786411537419372	2.786419713080213	0.005484873	0.00620427692535926	0.006215212788636538
91.15	2.787133254	2.786423884667364	2.7864303764314973	0.006094526	0.006182991930545966	0.006193941619409785
91.2	2.786116667	2.7864393891568673	2.7864441964853612	0.006131156	0.006161790153936535	0.006172746068173896
91.25	2.786300904	2.786458022655998	2.786461147332139	0.006046652	0.0061406832581701615	0.006151638444729544
91.3	2.784566398	2.786479753948571	2.7864811999581702	0.006122886	0.006119682687923758	0.006130630772677135
91.35	2.787664965	2.786504549008782	2.786504322420552	0.005904794	0.006098799787690164	0.006109734902037932
91.4	2.786615473	2.786532371167184	2.786530480014375	0.006340981	0.006078045915016047	0.006088962618523603
91.45	2.785900042	2.7865631812672933	2.7865596354316717	0.005846612	0.006057432547674843	0.006068325747941645
91.5	2.786896154	2.7865969378123263	2.786591748911453	0.005768892	0.006036971383369578	0.00604783625432784
91.55	2.787176454	2.7866335971017624	2.786626778380414	0.005951829	0.006016674430693007	0.0060275063305140365
91.6	2.78673984	2.786673113357605	2.7866646795840304	0.006031897	0.005996554090215969	0.006007348479967949
91.65	2.786588383	2.786715438840328	2.78670540620793	0.006030399	0.005976623224726383	0.005987375588879308
91.7	2.786335881	2.786760523954678	2.786748909989576	0.006063366	0.005956895217798489	0.005967600987611234
91.75	2.786093956	2.7868083173456104	2.7867951408204235	0.005915533	0.005937384020032121	0.005948038500785156
91.8	2.785951418	2.786858765984733	2.786844046838829	0.005784372	0.005918104182462891	0.005928702485419647
91.85	2.785982033	2.7869118152477754	2.786895574514126	0.005157641	0.005899070876803755	0.0059096078566963
91.9	2.787659662	2.7869674089836485	2.7869496687223494	0.005262865	0.005880299902335302	0.005890770101077319
91.95	2.788188638	2.787025489575767	2.787006272814213	0.005487333	0.0058618076794140625	0.005872205276648226
92.0	2.788530666	2.7870859979963836	2.7870653286759977	0.005441219	0.00584361122971449	0.005853930000703449
92.05	2.787969885	2.787148873854731	2.7871267767841106	0.005526259	0.005825728143459531	0.005835961424731523
92.1	2.789527066	2.787214055439841	2.787190556254104	0.005920881	0.005808176534026172	0.005818317197088913
92.15	2.790241037	2.7872814797589602	2.787256604885035	0.005974673	0.005790974980435454	0.005801015413776289
92.2	2.78985427	2.7873510825725307	2.787324859200075	0.006499664	0.005774142458350708	0.005784074557847624
92.25	2.788662704	2.7874227984267383	2.787395254484312	0.007108524	0.0057576982603128645	0.005767513428090046
92.3	2.786137746	2.787496560684663	2.7874677248207496	0.006650928	0.005741661906036797	0.005751351057710325
92.35	2.785419929	2.7875723015570886	2.787542203125495	0.006272051	0.005726053043677507	0.0057356066238518815
92.4	2.786055179	2.7876499521340428	2.78761862118317	0.005855129	0.005710891343048655	0.005720299348843699
92.45	2.786162812	2.787729442418137	2.7876969096835715	0.005744586	0.005696196381838283	0.005705448394149359
92.5	2.786452668	2.787810701360762	2.7877769982606155	0.005695539	0.005681987525917283	0.005691072748040269
92.55	2.786359727	2.7878936569021877	2.7878588155345727	0.005418145	0.005668283804875092	0.005677191108061983
92.6	2.786783698	2.7879782360165892	2.7879422891586048	0.005352632	0.005655103783944343	0.005663821759396459
92.65	2.788370745	2.7880643647629766	2.7880273458705567	0.005176209	0.005642465433492061	0.005650982450246223
92.7	2.788324943	2.7881519683429685	2.7881139115509592	0.005279732	0.005630385997259801	0.005638690265379368
92.75	2.789156928	2.7882409711663128	2.788201911288102	0.005311625	0.005618881860530007	0.0056269614989774
92.8	2.788814934	2.788331296924979	2.7882912694510487	0.005427816	0.005607968419381554	0.005615811527921964
92.85	2.78845668	2.7884228686766144	2.788381909771342	0.005552787	0.005597659952175152	0.005605254686641965
92.9	2.787327436	2.7885156089380616	2.7884737554341172	0.005754088	0.0055879694943801045	0.005595304144620348
92.95	2.790474744	2.788609439789568	2.788566729179261	0.005633591	0.005578908717818604	0.005585971787630433
93.0	2.788632327	2.7887042829902327	2.7886607534131334	0.005630161	0.005570487815362922	0.0055772681037359745
93.05	2.788258318	2.788800060105115	2.7887557503313167	0.005296246	0.005562715392075106	0.005569202075047548
93.1	2.789488578	2.788896692644344	2.788851642052705	0.005744037	0.005555598363728171	0.0055617810761809435
93.15	2.789038924	2.788994102214409	2.7889483507651454	0.00573988	0.0055491418635929025	0.005555010780311467
93.2	2.787459152	2.789092210681695	2.7890457988827166	0.005476135	0.005543349158315222	0.0055488950736614934
93.25	2.789382691	2.7891909403481514	2.789143909214566	0.005557475	0.00553822157364574	0.005543435979197752
93.3	2.789144861	2.7892902141388594	2.7892426051450925	0.005481428	0.005533758430715513	0.00553863359024972
93.35	2.786881458	2.7893899558010173	2.7893418108250905	0.005251883	0.0055299569934803856	0.005534486014691474
93.4	2.790909502	2.7894900901137736	2.789441451373313	0.005347562	0.005526812427880366	0.005530989330256606
93.45	2.789946962	2.7895905431080634	2.7895414530877236	0.005034228	0.0055243177731811866	0.005528137551479678
93.5	2.79023192	2.789691242295496	2.789641743665554	0.005055735	0.005522463925882606	0.005525922608678352
93.55	2.790867614	2.789792116905098	2.7897422524310893	0.00528155	0.005521239636492644	0.005524334339308345
93.6	2.789933506	2.789893098126568	2.7898429105699396	0.005343108	0.005520631519379499	0.005523360491938907
93.65	2.791182971	2.7899941193585156	2.7899436513683966	0.005760741	0.00552062407582361	0.005522986743010261
93.7	2.790007097	2.790095116459999	2.790044410456289	0.005881975	0.00552119973030196	0.005523196726446738
93.75	2.792144283	2.7901960280035016	2.7901451260516326	0.005163547	0.005522338879945679	0.005523972076110627
93.8	2.791649158	2.7902967955273663	2.7902457392052002	0.005766336	0.005524019957021133	0.005525292480992559
93.85	2.79116021	2.7903973637855852	2.7903461940430376	0.005975424	0.005526219504193923	0.005527135752944976
93.9	2.790454021	2.7904976809926962	2.790446438004811	0.00612984	0.005528912262245136	0.00552947790667631
93.95	2.789369331	2.7905976990614962	2.7905464220758223	0.006005395	0.0055320712698200755	0.005532293251635354
94.0	2.789506433	2.7906973738311787	2.7906461010104113	0.006023341	0.005535667974701928	0.005535554495328386
94.05	2.788888372	2.7907966652834673	2.7907454335444486	0.005789093	0.005539672356016819	0.005539232857526259
94.1	2.788473829	2.790895537744302	2.790844382594577	0.004980784	0.005544053056692834	0.005543298194735391
94.15	2.790953767	2.7909939600686284	2.7909429154418697	0.00502576	0.005548777525414046	0.005547719134225857
94.2	2.791492829	2.791091905805891	2.7910410038975932	0.005330219	0.005553812167232285	0.005552463216832075
94.25	2.791635562	2.791189353343873	2.7911386244488225	0.005588254	0.005559122501924408	0.005557497047667564
94.3	2.790922134	2.791286286028649	2.7912357583817253	0.005338459	0.005564673329112459	0.005562786453825509
94.35	2.791697639	2.7913826922585128	2.791332391880478	0.00541899	0.00557042889909859	0.00556829664807206
94.4	2.791932694	2.7914785655499372	2.791428516099871	0.005398923	0.005576353088307311	0.005573992397480151
94.45	2.791829037	2.791573904573783	2.7915241272098754	0.005550739	0.0055824095781749575	0.0055798381958989335
94.5	2.79084069	2.791668713160209	2.7916192264106194	0.005647338	0.005588562036281384	0.0055857984391082674
94.55	2.792670778	2.791763000270995	2.7917138199164486	0.005194507	0.00559477429848233	0.005591837601469909
94.6	2.791809326	2.7918567799382306	2.7918079189080163	0.005385211	0.0056010105507737435	0.005597920412857523
94.65	2.79257003	2.7919500711686753	2.791901539451584	0.005285709	0.005607235509601865	0.00560401203462699
94.7	2.793011277	2.792042897813326	2.791994702385046	0.00564668	0.005613414599325624	0.005610078233377092
94.75	2.792941598	2.7921352884021706	2.7920874331704737	0.005562951	0.005619514125540833	0.00561608555124867
94.8	2.793907469	2.792227275944324	2.7921797617132937	0.005920838	0.005625501442988584	0.005622001471518282
94.85	2.791601766	2.792318897694185	2.7922717221485662	0.006466637	0.005631345116793269	0.005627794578260122
94.9	2.790093656	2.792410194884561	2.7923633525951437	0.00531791	0.005637015075808336	0.005633434708877607
94.95	2.793773849	2.7925012124280593	2.792454694878836	0.004860694	0.005642482756890725	0.0056388930983437
95.0	2.794436933	2.79259199858841	2.792545794226053	0.005573294	0.00564772123897751	0.005644142514036429
95.05	2.79479303	2.7926826046237228	2.7926366989297113	0.006181991	0.0056527053659007325	0.005649157380113184
95.1	2.792705156	2.7927730844040046	2.792727459989529	0.006479372	0.005657411856948591	0.005653913890434089
95.15	2.792058863	2.792863494005597	2.7928181307291338	0.005951268	0.005661819404262801	0.005658390109120644
95.2	2.793065076	2.7929538912854954	2.792908766392711	0.005786741	0.0056659087562529065	0.005662566057920806
95.25	2.792547491	2.793044335438752	2.792999423724171	0.006165391	0.0056696627863083845	0.005666423789645098
95.3	2.792024321	2.7931348865425	2.793090160532105	0.005826458	0.005673066546197638	0.005669947447039763
95.35	2.791643613	2.7932256050902398	2.793181035243963	0.005025961	0.00567610730365882	0.00567312330657163
95.4	2.793133462	2.793316551520326	2.793272106453127	0.005846708	0.005678774563809948	0.0056759398067145386
95.45	2.793272625	2.7934077857426614	2.7933634324626757	0.005531014	0.005681060074133647	0.005678387560447846
95.5	2.793905818	2.7934993666677492	2.793455070829769	0.005824603	0.005682957812924159	0.005680459351802696
95.55	2.793436831	2.7935913517423034	2.793547077914652	0.005782983	0.0056844639612193965	0.005682150116420285
95.6	2.793559918	2.7936837964956447	2.7936395084383268	0.005630271	0.005685576858377686	0.00568345690621698
95.65	2.793884691	2.793776754101086	2.793732415052921	0.005761833	0.005686296941595877	0.005684378838382777
95.7	2.794018173	2.7938702749564257	2.7938258479287548	0.005960137	0.00568662666980141	0.00568491702907092
95.75	2.79262087	2.7939644062875844	2.7939198543620187	0.005858876	0.0056865704324842725	0.005685074512266438
95.8	2.794100838	2.7940591917792466	2.7940144784068317	0.005459067	0.005686134444164584	0.005684856144448717
95.85	2.79409434	2.7941546712361767	2.7941097605353122	0.005634908	0.005685326625316787	0.005684268495786929
95.9	2.794028253	2.7942508802786685	2.794205737329071	0.005710482	0.00568415647069138	0.005683319728726134
95.95	2.79397286	2.794347850075302	2.7943024412052955	0.005524375	0.005682634906088829	0.005682019464935096
96.0	2.794433697	2.7944456071158785	2.794399900180337	0.005171146	0.005680774134746942	0.005680378641693427
96.05	2.795405003	2.794544173027111	2.794498137673388	0.005765727	0.005678587474601515	0.005678409358894655
96.1	2.7941988	2.7946435644332297	2.794597172352514	0.00577056	0.0056760891877697395	0.005676124717932313
96.15	2.794176851	2.79474379286333	2.7946970180249417	0.005258129	0.005673294303685497	0.005673538653817403
96.2	2.795782748	2.7948448647068416	2.79479768357312	0.005755945	0.005670218437384726	0.005670665761946683
96.25	2.795319565	2.7949467812180946	2.794899172937662	0.005741897	0.005666877604496553	0.005667521121001452
96.3	2.79573329	2.7950495385705074	2.7950014851478726	0.005582822	0.005663288034541159	0.005664120113505049
96.35	2.794900397	2.795153127960456	2.7951046144001115	0.006074776	0.005659465984167681	0.005660478245603498
96.4	2.794068772	2.795257535760447	2.795208550183811	0.005851921	0.005655427551984188	0.005656610967656913
96.45	2.794012764	2.7953627437207214	2.795313277454532	0.005137802	0.005651188496636527	0.005652533497238906
96.5	2.796597506	2.79546872921799	2.795418776852978	0.005457799	0.005646764059782908	0.005648260646136947
96.55	2.796007145	2.7955754655494975	2.7955250249684593	0.005783	0.005642168795586007	0.005643806652928055
96.6	2.796032404	2.795682922270223	2.7956319946448636	0.005451608	0.005637416408303891	0.005639185022671226
96.65	2.796403024	2.7957910655705414	2.7957396553267806	0.005560583	0.005632519599505424	0.005634408375210741
96.7	2.79647168	2.7958998586913033	2.7958479734430153	0.005723689	0.005627489926365136	0.005629488303522898
96.75	2.796415435	2.7960092623729063	2.7959569128243684	0.00569116	0.005622337672407618	0.005624435243463407
96.8	2.796378692	2.796119235334552	2.7960664351521936	0.006252235	0.005617071731972881	0.0056192583561838726
96.85	2.795834634	2.796229734779624	2.7961765004339423	0.005944815	0.005611699509562837	0.005613965424384362
96.9	2.795139461	2.7963407169227947	2.7962870675016043	0.005805845	0.005606226835105753	0.005608562763455676
96.95	2.794558699	2.79645213753425	2.796398094528714	0.005676791	0.005600657896041609	0.005603055148440626
97.0	2.796060347	2.7965639524962427	2.79650953956138	0.005324532	0.00559499518698757	0.005597445757609152
97.05	2.796337198	2.7966761183669853	2.796621361058616	0.005377271	0.0055892394775908984	0.00559173613329871
97.1	2.79595604	2.7967885929468412	2.7967335184371316	0.00525387	0.005583389799017036	0.005585926160519921
97.15	2.797774759	2.796901335841641	2.796845972615649	0.005108822	0.005577443449354921	0.005580014063669333
97.2	2.79824771	2.797014309017965	2.7969586865537703	0.005322138	0.0055713960180503955	0.005573996421527496
97.25	2.798008937	2.7971274773452652	2.7970716257804114	0.005744305	0.005565241429303194	0.005567868200552899
97.3	2.797558575	2.797240809119706	2.7971847589068877	0.005880563	0.005558972004184997	0.005561622806311998
97.35	2.796702187	2.7973542765648016	2.7972980581197917	0.005436573	0.0055525785410569534	0.0055552521527142875
97.4	2.797421246	2.7974678563040043	2.797411499648972	0.005233593	0.005546050413687392	0.005548746748550572
97.45	2.798011651	2.7975815298006648	2.797525064206066	0.005550561	0.005539375686295635	0.005542095800664097
97.5	2.798138506	2.797695283761004	2.7976387373892933	0.005614502	0.005532541244578561	0.005535287332919719
97.55	2.798003519	2.797809110496026	2.7977525100504246	0.005531603	0.005525532941613801	0.005528308319977538
97.6	2.798164251	2.797923008238638	2.797866378620193	0.005466432	0.005518335757379873	0.0055211448347261705
97.65	2.799092344	2.798036981412588	2.7979803453886936	0.005421486	0.005510933970490163	0.005513782208088877
97.7	2.799393959	2.7981510408502355	2.7980944187377106	0.005575382	0.005503311340606626	0.005506205199784387
97.75	2.798758369	2.7982652039565763	2.798208613322278	0.006083672	0.005495451299881374	0.005498398178505269
97.8	2.798206284	2.798379494817387	2.7983229501992075	0.006006058	0.005487337151671326	0.005490345309871069
97.85	2.79791496	2.79849394424981	2.7984374569007393	0.006202112	0.005478952274684021	0.005482030750422605
97.9	2.794855746	2.798608589794177	2.798552167451934	0.005910327	0.0054702803306424935	0.0054734388458487155
97.95	2.795282822	2.7987234756463395	2.798667122330868	0.005020333	0.00546130547350445	0.005464554331578408
98.0	2.795502928	2.798838652530295	2.7987823683711888	0.003698891	0.0054520125582365525	0.005455362533830587
98.05	2.801294898	2.798954177511347	2.798897958607053	0.004156262	0.005442387347129166	0.005445849569191056
98.1	2.802453311	2.7990701137505862	2.7990139520609505	0.004676815	0.005432416711640988	0.005436002540782781
98.15	2.802569068	2.7991865302019274	2.7991304134754063	0.005478252	0.005422088827787084	0.005425809729111056
98.2	2.800815275	2.799303501253444	2.799247412990007	0.005897481	0.005411393363128425	0.005415260775700082
98.25	2.800280866	2.799421106315216	2.799365025765675	0.005960928	0.005400321653486054	0.00540434685769183
98.3	2.799453493	2.799539429356364	2.799483331558563	0.005981819	0.005388866867588577	0.005393060851651399
98.35	2.798850273	2.7996585583943685	2.799602414246345	0.005672283	0.005377024157966768	0.0053813974849150695
98.4	2.798572725	2.799778584940178	2.7997223613101214	0.005210625	0.005364790796532753	0.0053693534729272125
98.45	2.800036382	2.799899603403025	2.799843263275519	0.004921794	0.005352166293421935	0.005356927641139056
98.5	2.801655	2.8000217104591756	2.799965213116916	0.00530985	0.005339152497832232	0.005344121030185259
98.55	2.801176292	2.8001450043891625	2.8000883056290573	0.005388128	0.0053257536797658815	0.005330936983211565
98.6	2.801305815	2.8002695843883516	2.800212636770606	0.004864534	0.005311976591762407	0.005317381214397421
98.65	2.802827801	2.8003955498559043	2.80033830298442	0.006100845	0.005297830509905527	0.005303461857899282
98.7	2.800587944	2.8005229996674124	2.8004654004995673	0.00680689	0.005283327253590456	0.005289189496631704
98.75	2.797715639	2.8006520314366323	2.800594024620246	0.006202117	0.0052684811837491125	0.005274577170502136
98.8	2.797671567	2.8007827407718517	2.800724269006916	0.005302386	0.005253309179447141	0.005259640363919157
98.85	2.799222112	2.8009152205325085	2.8008562249550164	0.004910053	0.005237830592985368	0.005244396972600777
98.9	2.800377015	2.8010495600916463	2.8009899806766816	0.004989419	0.0052220671838569864	0.005228867249916525
98.95	2.800366399	2.8011858446098126	2.801125620590885	0.00488067	0.005206043032126242	0.005213073733202592
99.0	2.801320189	2.801324154325881	2.8012632246273355	0.00436389	0.005189784432002456	0.00519704115069036
99.05	2.803558744	2.8014645638701605	2.80140286754942	0.004617063	0.005173319766582076	0.005180796309883267
99.1	2.804152977	2.80160714160501	2.8015446183012847	0.005103125	0.005156679364919887	0.005164367968402513
99.15	2.804201317	2.8017519489979343	2.8016885393840183	0.00536835	0.005139895342766196	0.005147786688496543
99.2	2.803899152	2.80189904003192	2.801834686265637	0.005972072	0.005123001428468137	0.005131084676570313
99.25	2.802066824	2.802048460657473	2.8019831068293493	0.006310837	0.00510603277567818	0.005114295609236411
99.3	2.800646916	2.8022002482905015	2.8021338408642515	0.006538959	0.005089025764639611	0.0050974544475193145
99.35	2.799625854	2.802354431359843	2.802286919602312	0.005975064	0.005072017793925666	0.005080597240955007
99.4	2.798233421	2.8025110289078357	2.8024423653050996	0.005796393	0.0050550470645946794	0.005063760923419348
99.45	2.797135452	2.802670050246931	2.8026001909033678	0.005019898	0.005038152358787224	0.0050469831025886465
99.5	2.795998575	2.802831494674908	2.8027603996921537	0.003689627	0.005021372814831488	0.005030301844983818
99.55	2.798623359	2.8029953512507633	2.8029229850836357	0.001340015	0.005004747700939001	0.005013755458574477
99.6	2.810053053	2.803161598632885	2.8030879304195198	0.002772416	0.004988316189563297	0.004997382274920861
99.65	2.809083137	2.803330204980615	2.803255208844265	0.004520329	0.00497211713445918	0.00498122043280955
99.7	2.807869963	2.803501127919782	2.803424783239969	0.005471121	0.004956188852419857	0.0049653076652936366
99.75	2.804625897	2.8036743145722935	2.8035966062232416	0.005685494	0.004940568911584769	0.004949681091979933
99.8	2.803853449	2.80384970164934	2.8037706202039065	0.005223816	0.004925293928103451	0.004934377018315644
99.85	2.804502478	2.8040272156072965	2.803946757504892	0.004963038	0.00491039937281255	0.004919430743516045
99.9	2.805272255	2.8042067728648767	2.8041249405421738	0.005064498	0.004895919389435556	0.004904876378644346
99.95	2.804618028	2.8043882800796527	2.804305082063181	0.005508406	0.004881886625650183	0.004890746676207076
100.0	2.804960199	2.804571634481559	2.804487085441632	0.005171921	0.004868332078188597	0.0048770728724649975
100.05	2.803202185	2.8047567242606215	2.8046708450263242	0.005538877	0.004855284952943018	0.004863884543482885
100.1	2.804304645	2.804943429005701	2.804856246541026	0.005703898	0.004842772540846301	0.004851209475754034
100.15	2.802101429	2.805131620190687	2.8050431675322303	0.005173006	0.004830820110086477	0.004839073552039547
100.2	2.80145383	2.8053211617042906	2.8052314778612155	0.004254012	0.004819450814999076	0.00482750065286103
100.25	2.806416882	2.805511910419219	2.805421040236559	0.003436343	0.00480868562176365	0.004816512573880976
100.3	2.806263421	2.8057037167963585	2.8056117107829963	0.004383812	0.004798543250814929	0.004806128959201048
100.35	2.805417817	2.8058964255193377	2.805803339642323	0.003760134	0.004789040135667685	0.004796367250407505
100.4	2.810441243	2.8060898761547293	2.8059957716018706	0.004380486	0.004780190397650385	0.004787242650998349
100.45	2.808066417	2.8062839038330862	2.8061888467459886	0.005345209	0.004772005835849643	0.0047787681056413265
100.5	2.807549592	2.806478339945932	2.8063824011258967	0.004728084	0.00476449593138932	0.004770954293538376
100.55	2.807868204	2.806673012853888	2.806576267443267	0.004615029	0.0047576678650075805	0.004763809635013249
100.6	2.80864742	2.806867748601178	2.8067702757429345	0.005142562	0.004751526546754741	0.004757340310297055
100.65	2.808259204	2.8070623716318694	2.8069642541102207	0.005766557	0.004746074656516251	0.004751550289363593
100.7	2.806205556	2.80725670550337	2.8071580293684884	0.00586986	0.004741312693969572	0.004746441371564434
100.75	2.806440457	2.807450573592919	2.807351427772722	0.005164516	0.004737239036512381	0.004742013233734751
100.8	2.806529541	2.807643799793034	2.80754427569517	0.005395112	0.004733850003652995	0.0047382634853862455
100.85	2.805805753	2.8078362091922022	2.8077364002993077	0.00531517	0.004731139926333055	0.0047351877295747895
100.9	2.807665581	2.8080276287374017	2.8079276301987335	0.005872153	0.0047291012196588	0.004732779628028347
100.95	2.804304577	2.8082178878754283	2.808117796097882	0.005526934	0.004727724457552808	0.004731030969146305
101.0	2.802616872	2.808406819170407	2.8083067314118457	0.004775429	0.004726998447904265	0.0047299317375347595
101.05	2.801359506	2.8085942588952677	2.8084942728629305	0.003504604	0.0047269103068930205	0.004729470183823592
101.1	2.80305967	2.8087800475954334	2.808680261051981	0.001951102	0.0047274455312903245	0.004729632893619343
101.15	2.811890016	2.808964030623358	2.8088645410028965	0.000943492	0.004728588067695823	0.004730404854581845
101.2	2.816268347	2.8091460586430093	2.809046962679125	0.003148597	0.004730320377854124	0.004731769520770022
101.25	2.815786698	2.809325988103763	2.809227381471323	0.004780046	0.004732623499400704	0.004733708873580671
101.3	2.813002057	2.8095036816835415	2.809405658655698	0.004660857	0.004735477101610499	0.004736203478800422
101.35	2.814078347	2.809679008701354	2.8095816618228797	0.005523065	0.004738859535958078	0.004739232539502057
101.4	2.811500846	2.809851845499685	2.8097552652774866	0.005980103	0.004742747881540574	0.004742773944737368
101.45	2.810333297	2.8100220757974133	2.809926350408768	0.005810825	0.004747117985659302	0.004746804314207744
101.5	2.809763101	2.8101895910141534	2.810094806032957	0.005597006	0.004751944500101769	0.004751299039325562
101.55	2.807931673	2.8103542905670897	2.810260528708081	0.00512085	0.004757200913909374	0.004756232321308887
101.6	2.805795607	2.810516082141498	2.8104234230221254	0.00480647	0.00476285958364343	0.0047615772071742885
101.65	2.810230639	2.810674881936175	2.8105834018554767	0.003774717	0.004768891762399589	0.004767305624703086
101.7	2.815545934	2.810830614884897	2.8107403866185816	0.004282165	0.0047752676290323155	0.004773388417650517
101.75	2.813096064	2.8109832148550007	2.8108943074657073	0.005084433	0.004781956319233942	0.004779795382641068
101.8	2.812275114	2.811132624823987	2.8110451034855664	0.005280971	0.004788925960264508	0.0047864953093416625
101.85	2.811882352	2.811278797034868	2.811192722869408	0.005205961	0.004796143711246045	0.004793456025623295
101.9	2.811787906	2.811421693130736	2.8113371230569313	0.00505597	0.004803575811014898	0.004800644449507453
101.95	2.812430376	2.8115612842686684	2.8114782708601127	0.005020105	0.004811187635564812	0.004808026649740503
102.0	2.811712928	2.8116975512127445	2.8116161425647035	0.005400599	0.004818943767107712	0.004815567916844598
102.05	2.81173181	2.811830484405504	2.8117507240088147	0.005125404	0.0048268080767256945	0.00482323284645555
102.1	2.812101722	2.8119600840167336	2.8118820106375946	0.005504516	0.0048347438224850044	0.004830985436674956
102.15	2.810360362	2.8120863599679873	2.8120100075326375	0.005510451	0.0048427137647301015	0.00483878920103431
102.2	2.809894576	2.8122093319308084	2.812134729414311	0.004756758	0.004850680300073261	0.004846607298492488
102.25	2.811028857	2.812329029296107	2.8122562006148253	0.00519807	0.004858605615343456	0.004854402681664956
102.3	2.811785505	2.8124454911117884	2.8123744550194756	0.003792169	0.0048664518624585784	0.004862138264214261
102.35	2.814032794	2.812558765985298	2.812489535973146	0.004233016	0.0048741813548395865	0.004869777108018724
102.4	2.815307384	2.812668911947469	2.8126014961489068	0.004988985	0.004881756785596671	0.004877282630382501
102.45	2.813478953	2.8127759962738135	2.8127103973752883	0.004522952	0.004889141467289492	0.004884618831158727
102.5	2.810998103	2.812880095259243	2.8128163104187154	0.006280499	0.004896299592600758	0.004891750539232815
102.55	2.810015234	2.8129812939422134	2.8129193147175466	0.004962926	0.004903196514770328	0.004898643677360183
102.6	2.812223152	2.813079685774343	2.813019498064213	0.005178684	0.004909799046122775	0.004905265543877961
102.65	2.808363237	2.813175372231797	2.8131169562320495	0.005651617	0.004916075772492368	0.004911585109350794
102.7	2.80440115	2.813268462365084	2.8132117925438416	0.002312114	0.004921997380814135	0.004917573325678856
102.75	2.814676611	2.8133590722844204	2.813304117379633	0.002016127	0.0049275369966171375	0.004923203444681751
102.8	2.819944437	2.813447324578451	2.8133940476219363	0.003862288	0.004932670527636362	0.0049284513426792265
102.85	2.815766138	2.813533347663662	2.8134817060371575	0.004572145	0.00493737700956791	0.004933295847123782
102.9	2.817730002	2.813617275065389	2.8135672205928577	0.004628505	0.004941638948877296	0.004937719060906977
102.95	2.817683102	2.813699244631732	2.8136507237113264	0.005176352	0.004945442657318435	0.004941706679567506
103.0	2.816367345	2.813779397682272	2.81373235146098	0.005626209	0.004948778572575519	0.0049452482962820685
103.05	2.816519302	2.813857878094428	2.8138122426881575	0.005852121	0.004951641559215881	0.00494833768922783
103.1	2.813865122	2.81393483133134	2.8138905380930965	0.006324412	0.004954031183954721	0.004950973085676202
103.15	2.812764351	2.8140104034164857	2.8139673792552635	0.006034459	0.004955951959097663	0.004953157396989742
103.2	2.811250776	2.8140847398616233	2.8140429076143874	0.005687405	0.00495741354795976	0.004954898418651358
103.25	2.80804079	2.814157984556193	2.8141172634148313	0.004379988	0.004958430926074746	0.00495620898948389
103.3	2.81794919	2.81423027862784	2.8141905846223025	0.003660333	0.0049590244921200914	0.004957107104330061
103.35	2.818743807	2.8143017592853363	2.8142630058232365	0.005110883	0.00495922012270331	0.004957615974667797
103.4	2.816888001	2.8143725586566237	2.814334657118523	0.006724818	0.004959049165493453	0.004957764031941878
103.45	2.812096615	2.814442802636169	2.8144056630245107	0.006609098	0.004958548365643762	0.004957584868805114
103.5	2.809877058	2.8145126097569895	2.8144761413953145	0.005265984	0.004957759721037217	0.004957117113983965
103.55	2.812344321	2.8145820901037615	2.8145462023814334	0.004643616	0.004956730262593246	0.004956404237114433
103.6	2.812473814	2.8146513442842043	2.8146159474404273	0.004207177	0.004955511756695521	0.004955494280631938
103.65	2.814198081	2.814720462476364	2.8146854684159113	0.00343777	0.004954160327730029	0.004954439516638655
103.7	2.817829848	2.8147895235696643	2.8147548467013896	0.003596173	0.004952735999748274	0.004953296027606509
103.75	2.820317966	2.814858594417384	2.8148241525053765	0.004693184	0.004951302157379435	0.004952123210794469
103.8	2.820619317	2.814927729217772	2.814893444233928	0.006382868	0.004949924927295137	0.00495098320735438
103.85	2.812784074	2.814996969040178	2.814962768006011	0.006464365	0.00494867248277048	0.00494994025825721
103.9	2.813428594	2.815066341511409	2.815032157319579	0.005613884	0.004947614275171992	0.004949059989428541
103.95	2.815000551	2.8151358606760386	2.8151016328782483	0.005530007	0.004946820197523351	0.004948408631544757
104.0	2.815341229	2.8152055270425	2.815171202587997	0.006476113	0.004946359686636335	0.004948052180853665
104.05	2.808791312	2.815275327824597	2.8152408617322506	0.00721508	0.00494630077162155	0.004948055508352794
104.1	2.809470449	2.815345237419885	2.815310593332196	0.005300805	0.004946709068408831	0.0049484814256621976
104.15	2.809864259	2.8154152180630567	2.8153803686971215	0.004567462	0.004947646748892191	0.004949389716941125
104.2	2.810146235	2.8154852206671475	2.8154501481671597	0.003995286	0.004949171492837341	0.004950836147193303
104.25	2.806799812	2.8155551858599224	2.815519882047927	0.003156439	0.004951335432370723	0.004952871458256484
104.3	2.823783924	2.8156250452172236	2.8155895117334313	-0.002667713	0.004954184100389179	0.004955540364651071
104.35	2.824458716	2.815694722689438	2.8156589710101736	0.003868136	0.004957755395559758	0.004958880562243844
104.4	2.824271567	2.815764136211789	2.815728187528335	0.004300412	0.0049620785776937695	0.004962921764289303
104.45	2.822157637	2.815833199483709	2.8157970844288647	0.006882008	0.004967173308155167	0.004967684778097054
104.5	2.816928196	2.8159018238975477	2.815865582110372	0.006317418	0.0049730487505822	0.004973180636256369
104.55	2.817844367	2.815969920592021	2.8159336001151303	0.005414294	0.004979702747549283	0.00497940979678376
104.6	2.819642334	2.8160374026014994	2.8160010591092073	0.006304655	0.00498712108886342	0.004986361426733907
104.65	2.814253199	2.8161041870683485	2.816067882927937	0.006612787	0.004995276886969699	0.00499401278372033
104.7	2.812598303	2.816170197482223	2.8161340006545634	0.0059996	0.005004130074430504	0.005002328709425226
104.75	2.812499759	2.816235365907501	2.8161993486971126	0.005084644	0.005013627037644626	0.005011261248537827
104.8	2.813053236	2.8162996351579936	2.8162638728263465	0.004455748	0.00502370039989064	0.005020749405651252
104.85	2.815446955	2.816362960876739	2.8163275301361135	0.003503518	0.0050342689654239966	0.005030719051476889
104.9	2.821775675	2.816425313478055	2.8163902908865355	0.005085386	0.005045237834742732	0.005041082988314677
104.95	2.818888255	2.8164866799091968	2.8164521401903295	0.006289349	0.005056498699281168	0.005051741183062904
105.0	2.814815777	2.816547065189886	2.816513079503129	0.005841368	0.0050679303217164495	0.0050625811741816735
105.05	2.815119888	2.816606493689692	2.816573127879974	0.00711306	0.005079399205805657	0.00507347865696299
105.1	2.812046029	2.816665010105721	2.816632322962182	0.005897332	0.005090760457241301	0.005084298249233845
105.15	2.809478973	2.81672268010629	2.8166907215642416	0.005671827	0.0051018588344519675	0.005094894466659455
105.2	2.813309648	2.8167795906102158	2.8167483999977403	0.004416394	0.005112529985618194	0.005105112854400981
105.25	2.813761798	2.816835849675954	2.816805454088287	0.005478048	0.005122601865457798	0.005114791275676678
105.3	2.806165547	2.8168915859800716	2.816861998847794	0.00465999	0.005131896322599189	0.005123761354611134
105.35	2.808860812	2.8169469468973314	2.816918167771612	0.002431204	0.0051402311396800925	0.005131850067553194
105.4	2.805166263	2.8170020978130417	2.816974111737779	0.00215678	0.0051474217121579915	0.005138881473855159
105.45	2.808139897	2.8170572208146694	2.817029997493875	-0.003820855	0.0051532829120381415	0.005144678573989108
105.5	2.837068816	2.817112512784957	2.817086005725596	-0.005962322	0.005157631111061003	0.005149065279884833
105.55	2.848734607	2.8171681829278716	2.817142328709976	0.002361665	0.005160286335226259	0.005151868479559649
105.6	2.844262935	2.8172244497673873	2.8171991675651085	0.007645977	0.0051610745202609444	0.005152920175522524
105.65	2.841029429	2.8172815376672506	2.817256729214349	0.011146058	0.005159829835791462	0.00515205964471519
105.7	2.825216408	2.8173396729274267	2.8173152229277156	0.017600225	0.00515639704457544	0.005149135645695512
105.75	2.799955019	2.817399079519756	2.8173748564966	0.014023565	0.005150633862205971	0.005144008640782088
105.8	2.795737907	2.817459974531394	2.817435832103994	0.007836601	0.005142413282227937	0.005136553000196967
105.85	2.796864635	2.8175225633897343	2.817498341957722	0.003267485	0.005131625831606745	0.005126659155008505
105.9	2.819278775	2.8175870349467096	2.817562563758571	0.003091888	0.005118181721961219	0.005114235665890126
105.95	2.812273464	2.8176535565035126	2.8176286560786536	0.005708588	0.005102012862903907	0.005099211175369317
106.0	2.807171575	2.8177222688588945	2.8176967537278514	0.005102664	0.005083074705209781	0.005081536212335787
106.05	2.802840979	2.8177932814651583	2.817766963187574	0.000794404	0.005061347883341637	0.005061184819094557
106.1	2.813622892	2.8178666677758715	2.8178393581914847	-0.004902955	0.0050368396290771614	0.005038155973170751
106.15	2.835767218	2.8179424608680783	2.8179139755321314	-0.000159291	0.005009584930583377	0.005012474778375545
106.2	2.831776866	2.818020649419405	2.817990811170623	0.001974104	0.004979647414240137	0.004984193402300044
106.25	2.842148661	2.8181011741169795	2.818069816723648	0.006023806	0.004947119929793667	0.004953391740384614
106.3	2.831967256	2.8181839245705036	2.818150896398179	0.008515906	0.00491212482298988	0.00492017778997972
106.35	2.827844196	2.8182687367961985	2.818233904439244	0.008895214	0.0048748138836546785	0.004884687721330949
106.4	2.827676615	2.8183553913316253	2.818318645980438	0.008995608	0.0048353679612062155	0.004847084718859673
106.45	2.827185855	2.818443612033769	2.8184048742599748	0.012365751	0.004793996243749613	0.004807558889895023
106.5	2.811950769	2.818533065604203	2.8184922887311568	0.015796769	0.004750935201160844	0.004766326777703297
106.55	2.796463018	2.8186233618758068	2.8185805341079826	0.011410582	0.0047064471968539185	0.00472363048088273
106.6	2.792305757	2.818714083187815	2.818669200372185	0.011059948	0.0046608096043644015	0.004679736386907022
106.65	2.777975893	2.8188047436634416	2.818757823753458	0.001268588	0.004614326640936869	0.00463493353310925
106.7	2.801480733	2.8188947941312263	2.818845888680098	-0.006645952	0.004567326292322884	0.004589531613638748
106.75	2.821964192	2.8189836278852396	2.818932830682898	-0.005617344	0.004520156961587994	0.004543858655840838
106.8	2.824611291	2.819070587212525	2.819018040221143	-0.00167465	0.004473183883232808	0.004498258394050211
106.85	2.851035193	2.819154970608932	2.8191008673860294	0.001203016	0.00442678534567696	0.0044530873729057025
106.9	2.836957215	2.819236040598024	2.8191806245937565	0.007719791	0.004381348766501191	0.004408712733226671
106.95	2.826573736	2.8193130320617668	2.8192565942885057	0.008478509	0.004337266665770504	0.0043655084167322136
107.0	2.822137905	2.8193851609866556	2.8193280370906346	0.007832535	0.004294932583254575	0.004323851292792491
107.05	2.821579383	2.819451633524669	2.8193942002951466	0.007041046	0.004254736985408836	0.0042841172512751114
107.1	2.820141124	2.819511655265087	2.8194543266219836	0.007607011	0.004217063207574084	0.004246677305354869
107.15	2.81327338	2.8195644406109333	2.8195076631171023	0.007059253	0.004182283475992297	0.004211893747527879
107.2	2.81148439	2.8196092221525135	2.8195534701017237	0.006530335	0.004150755052925661	0.004180116401013156
107.25	2.812341603	2.819645259930363	2.819591030066547	0.00462451	0.004122816546414199	0.004151679007242932
107.3	2.817695118	2.8196718504808898	2.8196196564082485	0.005741572	0.004098784424030382	0.004126895788249713
107.35	2.816270436	2.81968833556012	2.8196387019071545	0.006990582	0.004078949767407064	0.004106058220470372
107.4	2.810201327	2.8196941104442383	2.8196475668476633	0.008347063	0.004063575301353958	0.004089432053827627
107.45	2.799669743	2.8196886317099996	2.81964570668677	0.000616935	0.004052892728068254	0.00407725460694406
107.5	2.809944491	2.819671424403671	2.8196326391808695	0.004631959	0.004047100393322393	0.004069732366024569
107.55	2.804554417	2.819642088513726	2.81960795088692	0.006499821	0.004046361307615428	0.004067038911345439
107.6	2.781498499	2.819600304670179	2.8195713029608998	0.004622847	0.004050801541146636	0.004069313191451053
107.65	2.775877389	2.819545839002	2.819522351864147	-0.012367293	0.004060509007156624	0.004076686975995196
107.7	2.802768207	2.8194785470935066	2.8194608629618427	-0.019974908	0.004075532643730749	0.004089246365665435
107.75	2.847630578	2.8193983769908666	2.8193867128943273	-0.020944656	0.004095881999622896	0.00410703156564736
107.8	2.879797897	2.8193053712206892	2.819299890572176	-0.021442085	0.004121527225086526	0.004130037193245005
107.85	2.973904056	2.8191988245925934	2.819200496822675	0.000357186	0.004152687612848497	0.00415821309744617
107.9	2.908663798	2.8190792214211933	2.8190887427280518	0.046909444	0.004189169198056356	0.0041914656637778965
107.95	2.806918192	2.8189471310348524	2.8189649467080207	0.041816811	0.004230744727887501	0.004229659573676813
108.0	2.786600062	2.818803201182149	2.8188295304110516	0.031938501	0.004277156669298843	0.004272619983844262
108.05	2.758169778	2.8186481510187233	2.818683013489817	0.027296328	0.004328120349627073	0.004320135087705493
108.1	2.732187364	2.8184827637239445	2.81852600734664	0.016209322	0.004383327204463896	0.004371959018179274
108.15	2.726365366	2.8183078788016904	2.818359292264298	0.004796369	0.004442448106145793	0.004427786233646958
108.2	2.708580541	2.818124384123812	2.8181836999809167	-0.007520178	0.004505136745405238	0.004487292475363626
108.25	2.755121148	2.8179332077785197	2.818000105887921	-0.058496932	0.004571033038235213	0.004550138050791044
108.3	2.890363864	2.8177353097889193	2.817809421075909	-0.043071494	0.004639766529824322	0.004615971127888433
108.35	2.945172187	2.8175316737691767	2.817612584291942	-0.021529145	0.004710959767525348	0.0046844310134553984
108.4	2.932302581	2.8173232985873815	2.8174105538735548	-0.004541628	0.004784231615223036	0.004755151388859793
108.45	2.870281857	2.8171111901048946	2.817204299725865	-0.021869451	0.004859200482161676	0.004827763477005859
108.5	3.006159942	2.8168963530620257	2.8169947954084993	-0.0013203	0.004935487440272734	0.0049018991151976886
108.55	3.028442836	2.816679783179053	2.8167830103986655	0.038966197	0.005012719205296729	0.0049771937096201
108.6	2.92113105	2.8164624595400767	2.8165699025954902	0.107710283	0.005090530958507851	0.005053289048480395
108.65	2.560896709	2.816245337324787	2.8163564111288677	0.074054775	0.005168568987606441	0.005129835952414572
108.7	2.632069428	2.81602934095016	2.8161434495333766	0.00532165	0.005246493127323538	0.005206496742541426
108.75	2.577046953	2.8158153576801825	2.81593189934446	-0.011802213	0.0053239789824593275	0.005282947508526506
108.8	2.597122469	2.8156042317571672	2.8157226041700145	-0.078199443	0.005400719918427273	0.0053588801611712785
108.85	2.824890271	2.8153967591029523	2.8155163642858234	-0.131618999	0.005476428806867111	0.005434004256345566
108.9	2.990216765	2.815193682632467	2.815316494019185	0.048477696	0.005550839516491575	0.0055071369619029455
108.95	3.041671175	2.8149956882157285	2.815123462885448	0.035880035	0.005623708142012478	0.005578112236147873
109.0	2.874393212	2.8148034013175707	2.8149376479582706	0.069187134	0.005694813966720462	0.005646798053911712
109.05	2.777428858	2.8146173843371445	2.8147593375849116	0.041044318	0.005763960157039611	0.005713094829545811
109.1	2.775619634	2.814463756873689	2.8145887356883996	0.01988006	0.00582185801408164	0.005776933640860167
109.15	2.788778945	2.8143150259874172	2.8144259665995777	0.013282945	0.005878321730055708	0.00583827427850081
109.2	2.779594253	2.814171191678386	2.814271080357797	0.010572032	0.005933351304961932	0.00589710314624249
109.25	2.779944051	2.814032253946595	2.8141240584154072	0.00158916	0.005986946738800312	0.005953431038388781
109.3	2.81313819	2.813898212792044	2.8139848196782746	0.004167135	0.006039108031570846	0.006007290820914189
109.35	2.793077298	2.813769068214733	2.8138532268123493	0.007813451	0.006089835183273537	0.006058735043150814
109.4	2.784749073	2.813644820214663	2.8137265305236587	0.000331711	0.006139128193908382	0.00610874512431958
109.45	2.80994497	2.8135254687918323	2.813604730812208	-0.004251384	0.006186987063475383	0.006157321064420504
109.5	2.825692913	2.813411013946242	2.8134878276779975	0.001141942	0.006233411791974539	0.006204462863453582
109.55	2.817841015	2.8133014556778915	2.8133758211210274	0.004378129	0.006278402379405851	0.0062501705214188154
109.6	2.815750007	2.8131967939867817	2.8132687111412973	0.003676861	0.006321958825769317	0.006294444038316206
109.65	2.81849159	2.8130970288729116	2.813166497738807	0.003114584	0.00636408113106494	0.00633728341414575
109.7	2.824043698	2.8130021603362816	2.8130691809135575	0.00397723	0.006404769295292718	0.006378688648907451
109.75	2.828516607	2.812912188376892	2.812976760665548	0.00745815	0.006444023318452651	0.006418659742601305
109.8	2.814735807	2.8128271129947424	2.8128892369947778	0.011544741	0.006481843200544739	0.006457196695227316
109.85	2.80910478	2.8127469341898332	2.8128066099012488	0.008401997	0.0065182289415689825	0.006494299506785482
109.9	2.802564843	2.812671651962164	2.812728879384959	0.008048762	0.006553180541525382	0.006529968177275804
109.95	2.797309417	2.812601266311735	2.8126560454459097	0.004837181	0.0065866980004139365	0.00656420270669828
110.0	2.803553585	2.812535777238546	2.812588108084101	-0.001970695	0.006618781318234646	0.006597003095052912
