Frequency/GHz	real_ε	real_ε_SG_filtered	real_ε_SG_filtered+RA	loss_T	loss_T_SG_filtered	loss_T_SG_filtered+RA
500.0	2.738270817	2.7368087136317465	2.734794338876829	0.013512982	0.01373482327810048	0.013653114034557426
500.333333333333	2.738863191	2.7368831751630847	2.734886434449445	0.013603684	0.013720662722485753	0.013644966457262023
500.66666666666697	2.73783641	2.7369440055988554	2.734966836090631	0.013788601	0.013705792128147569	0.013636608246370441
501.0	2.737217107	2.7369912347211325	2.735035736525542	0.013738122	0.013690254173319705	0.013628077917748772
501.333333333333	2.738050901	2.737024906453844	2.735093341748097	0.013644262	0.013674096319916064	0.013619414688992266
501.66666666666697	2.737163012	2.7370450805329503	2.7351398711825157	0.01418254	0.013657370855105096	0.013610658366069079
502.0	2.736098402	2.7370518342020707	2.7351755577928056	0.014192639	0.01364013489827733	0.013601849225460037
502.333333333333	2.735901888	2.7370452639198595	2.735200648138032	0.013528569	0.013622450371437304	0.013593027892498107
502.66666666666697	2.736145695	2.7370254870644852	2.7352154023715367	0.012925568	0.013604383931226092	0.013584235216648801
503.0	2.739162512	2.7369926436196694	2.7352200941826275	0.012845675	0.01358600686097355	0.013575512144504717
503.333333333333	2.74008521	2.7369468978259226	2.7352150106796036	0.013527086	0.013567394921390008	0.01356689959129299
503.66666666666697	2.73936908	2.7368884397799285	2.735200452213401	0.014150911	0.013548628158733311	0.013558438311713541
504.0	2.73705655	2.7368174869643975	2.7351767321414955	0.014248357	0.013529790669528304	0.013550168770937855
504.333333333333	2.73647221	2.7367342856902503	2.7351441765321436	0.013530991	0.01351097032116989	0.013542131016602784
504.66666666666697	2.737724239	2.7366391124325866	2.7351031238094268	0.013282858	0.01349225842800618	0.013534364552630634
505.0	2.737304842	2.736532275041694	2.735053924339999	0.013966306	0.01347374938277352	0.013526908215695996
505.333333333333	2.735592249	2.736414113810191	2.7349969399628185	0.013833839	0.013455540243537463	0.0135198000551406
505.66666666666697	2.735196015	2.7362850023774676	2.7349325434635934	0.013201002	0.01343773027658199	0.013513077217110214
506.0	2.735659999	2.7361453484527196	2.734861117996033	0.012633411	0.013420420455980329	0.013506775833651992
506.333333333333	2.738889336	2.7359955943381906	2.7347830564526094	0.012466498	0.013403712920872864	0.013500930892062583
506.66666666666697	2.739665008	2.7358362172346764	2.734698760782515	0.013538352	0.013387710391768302	0.01349557612434916
507.0	2.737925194	2.735667729311954	2.7346086412623314	0.014350413	0.01337251554747089	0.013490743901955817
507.333333333333	2.73467587	2.735490653708665	2.7345131157224807	0.014223123	0.013358184441118944	0.013486465136330401
507.66666666666697	2.733925165	2.735305557329779	2.7344126087327996	0.013230934	0.013344805193725117	0.013482769185873874
508.0	2.7356944	2.735113037680284	2.7343075507508616	0.013010194	0.013332463466882136	0.013479683769777937
508.333333333333	2.734877846	2.734913721762204	2.73419837723694	0.013541886	0.013321241948311486	0.013477234889218025
508.66666666666697	2.733252394	2.734708264738001	2.7340855277397407	0.01314642	0.013311219845007893	0.01347544675632729
509.0	2.733696587	2.734497348362284	2.7339694673298207	0.012669298	0.013302472387913525	0.013474364740853713
509.333333333333	2.734163917	2.7342816791856364	2.7338506465179657	0.012376361	0.01329507035204342	0.013474011287456365
509.66666666666697	2.736369993	2.734061986536382	2.7337295173225744	0.012246468	0.013289079595937215	0.013474406548310612
510.0	2.737245642	2.7338390202880074	2.7336065321739755	0.013568853	0.013284560624230408	0.013475568277655402
510.333333333333	2.73478481	2.733613548421879	2.73348214278988	0.014251513	0.013281568177021898	0.013477511732570483
510.66666666666697	2.731913665	2.733386354396806	2.73335679902568	0.013989209	0.01328015084956242	0.013480249580514766
511.0	2.730772197	2.7331582343387653	2.73323094770351	0.013205202	0.013280350745602099	0.013483791814152692
511.333333333333	2.73254366	2.732929994065866	2.733105031424122	0.012796861	0.013282203167514443	0.013488145673990617
511.66666666666697	2.732313257	2.732702445965297	2.7329794873658253	0.013143117	0.013285736346060067	0.013493315579339905
512.0	2.731441048	2.732476405740479	2.732854746074866	0.013069389	0.013290971212367279	0.013499303068117871
512.333333333333	2.731176714	2.7322526890481127	2.7327312302517837	0.012786217	0.013297921214389115	0.013506106745991382
512.666666666667	2.731840259	2.732032108046032	2.7326093535383835	0.012469854	0.013306592179750311	0.01351372224536124
513.0	2.734230828	2.7318154678739046	2.7324895193101226	0.012694908	0.013316982226523513	0.013522142194678077
513.333333333333	2.733861955	2.7316035630897546	2.7323721194787685	0.013885953	0.013329081723075262	0.013531356198572254
513.666666666667	2.730578457	2.7313971740860383	2.7322575333103116	0.014227811	0.013342873297700146	0.01354135082927114
514.0	2.728813706	2.7311970635095753	2.7321461262631948	0.013662089	0.013358331898319496	0.013552109629766867
514.333333333333	2.72875663	2.73100397270998	2.732038248851959	0.013033067	0.01337542490206106	0.013563613129185971
514.666666666667	2.730611376	2.730818618241398	2.7319342355415	0.012776924	0.01339411227406177	0.01357583887079918
515.0	2.730769898	2.7306416884422706	2.7318344036776896	0.013179655	0.013414346774349824	0.013588761452253873
515.333333333333	2.730170386	2.730473840117543	2.731739052459212	0.013252155	0.013436074211167746	0.0136023525787364
515.666666666667	2.72990234	2.730315695347185	2.7316484619558214	0.013212632	0.01345923373859858	0.01361658112932052
516.0	2.729613852	2.730167838457136	2.731562892178184	0.012912016	0.013483756671611901	0.013631413236725095
516.333333333333	2.73172019	2.7300308128504147	2.731482582204396	0.0132331	0.013509567692839414	0.013646812380669499
516.666666666667	2.730633841	2.729905118170521	2.7314077493682185	0.01419381	0.013536585168495919	0.013662739494978463
517.0	2.728505929	2.729791207647889	2.731338588513949	0.014168531	0.013564721498807419	0.013679153088549592
517.333333333333	2.727611171	2.7296894856472957	2.7312752713227493	0.013782478	0.01359388350095978	0.013696009380256538
517.666666666667	2.727418859	2.7296003054329785	2.7312179461120802	0.013298997	0.013623972822398354	0.013713263213208753
518.0	2.728631579	2.729523967167015	2.731166737161678	0.013193815	0.013654886382146195	0.013730867659807753
518.333333333333	2.729088798	2.729460716155179	2.731121744331772	0.013472185	0.013686516837667003	0.013748774204007053
518.666666666667	2.728806438	2.729410741353067	2.7310830427717026	0.013726541	0.013718753074680077	0.013766932933285878
519.0	2.728501172	2.729374174143775	2.7310506827216217	0.013704757	0.013751480717238964	0.013785292739600944
519.333333333333	2.728106707	2.729351087396856	2.7310246894095305	0.013433001	0.013784582655313599	0.013803801528517455
519.666666666667	2.729423627	2.7293414948165933	2.731005063045419	0.013723905	0.013817939587068367	0.013822406435659788
520.0	2.729188853	2.7293453505859944	2.730991778913792	0.014067367	0.01385143057300531	0.013841054049564483
520.333333333333	2.728556269	2.729362549311123	2.730984787565362	0.014270808	0.013884933599142644	0.013859690639963606
520.666666666667	2.727854803	2.729392926268667	2.7309840151081612	0.014170413	0.013918326146423275	0.013878262390475866
521.0	2.727432759	2.7294362579578517	2.730989363597789	0.013876307	0.013951485763595096	0.013896715634636268
521.333333333333	2.728095698	2.729492262956013	2.731000711525984	0.013738527	0.013984290640873287	0.013914997094153355
521.666666666667	2.728573559	2.729560603075413	2.731017914406132	0.013835456	0.014016620181783155	0.013933054118246446
522.0	2.729104087	2.7296408848170937	2.7310408054538238	0.014093377	0.014048355570688054	0.013950834922884419
522.333333333333	2.728719248	2.729732661115865	2.731069196359971	0.014258797	0.014079380333628821	0.013968288828722843
522.666666666667	2.72835307	2.7298354333688533	2.7311028781535156	0.014057123	0.014109580890236274	0.013985366496518265
523.0	2.729043735	2.729948653738396	2.7311416221501994	0.014148125	0.014138847094624131	0.014002020158787565
523.333333333333	2.729329056	2.730071727718542	2.73118518098337	0.014146952	0.0141670727633233	0.01401820384647725
523.666666666667	2.729939099	2.7302040169529014	2.7312332897123497	0.014290882	0.014194156188476853	0.01403387360938473
524.0	2.729531356	2.7303448422902226	2.7312856670034145	0.014539049	0.014220000634674459	0.014048987729092136
524.333333333333	2.729208186	2.730493487062741	2.7313420163779956	0.014325921	0.014244514817962434	0.01406350692318809
524.666666666667	2.729972065	2.730649200603972	2.731402027522317	0.01434408	0.014267613315287657	0.014077394539575966
525.0	2.730045098	2.730811201933005	2.7314653776523063	0.014281465	0.014289216971725307	0.014090616739698856
525.333333333333	2.730866022	2.730978683606766	2.7315317329272943	0.014335955	0.014309253278584693	0.01410314266955191
525.666666666667	2.730803484	2.731150815719228	2.7316007499057364	0.01444541	0.014327656720856374	0.014114944617402361
526.0	2.731266971	2.731326750025462	2.7316720770359004	0.014254067	0.014344369092644551	0.014125998157196371
526.333333333333	2.732030271	2.7315056241675393	2.731745356174114	0.014533625	0.01435933977941076	0.014136282302104468
526.666666666667	2.731658421	2.731686565978497	2.731820224128343	0.014544108	0.014372526006036043	0.014145779628111145
527.0	2.73198862	2.7318686978399565	2.7318963142173023	0.014645075	0.014383893049887634	0.01415447638229146
527.333333333333	2.731703096	2.732051141068507	2.731973257838023	0.014866401	0.014393414418251834	0.014162362575023556
527.666666666667	2.731557407	2.732233020305655	2.7320506860348037	0.014588224	0.014401071989665101	0.014169432055450246
528.0	2.733264386	2.7324134678859564	2.732128231062513	0.014734743	0.014406856118840133	0.014175682569571784
528.333333333333	2.733084518	2.732591628158013	2.732205527937268	0.014834146	0.014410765705041037	0.014181115800425954
528.666666666667	2.733518803	2.732766661733126	2.732282215967639	0.014772991	0.014412808223911847	0.01418573738989032
529.0	2.733603056	2.7329377496368252	2.7323579402596567	0.014498159	0.014412999722904161	0.014189556941724515
529.333333333333	2.734291182	2.73310409733896	2.7324323531890884	0.014102255	0.014411364780583472	0.01419258800555759
529.666666666667	2.735182686	2.7332649386387735	2.732505115834656	0.01429	0.014407936430218852	0.014194848041616309
530.0	2.734898315	2.733419539382216	2.7325758993661085	0.014529703	0.014402756048177773	0.014196358366084415
530.333333333333	2.734401716	2.7335672009898007	2.732644386381305	0.014667951	0.014395873207757483	0.014197144077079898
530.666666666667	2.733268043	2.7337072637744915	2.7327102721867935	0.014746913	0.014387345499186589	0.014197233961336642
531.0	2.732820052	2.7338391100304253	2.7327732660166366	0.014265469	0.014377238316627294	0.01419666038177799
531.333333333333	2.734691712	2.733962166874797	2.732833092184595	0.01395292	0.01436562461309985	0.014195459146272056
531.666666666667	2.736027228	2.7340759088267967	2.7328894911650954	0.014419807	0.014352584624338445	0.01419366935796179
532.0	2.735937343	2.734179860109299	2.732942220598797	0.01482223	0.014338205562672865	0.014191333247665559
532.333333333333	2.734811775	2.734273596660799	2.732991056218909	0.014542866	0.014322581282114315	0.014188495988945723
532.666666666667	2.734759804	2.7343567478470785	2.7330357926947983	0.014312696	0.014305811915908346	0.014185205496542652
533.0	2.735647949	2.7344289978641414	2.7330762443898204	0.014208835	0.014288003487904637	0.01418151220896954
533.333333333333	2.735714727	2.7344900868285187	2.7331122460306694	0.014244679	0.014269267497524054	0.014177468856158091
533.666666666667	2.735332021	2.7345398115499076	2.7331436532859326	0.01445876	0.014249720480144522	0.014173130213136077
534.0	2.734787477	2.734578025984464	2.733170343251935	0.014330965	0.014229483544076741	0.014168552840804144
534.333333333333	2.735277287	2.734604641369273	2.733192214844318	0.014094723	0.014208681885333656	0.014163794814960443
534.666666666667	2.735936143	2.7346196260407147	2.7332091890941816	0.013971662	0.014187444281435093	0.014158915444796949
535.0	2.736694616	2.7346230049415956	2.733221209347441	0.014211882	0.014165902565533097	0.014153974983000578
535.333333333333	2.735854991	2.734614858824023	2.7332282413673497	0.014508944	0.014144191082194713	0.014149034328512151
535.666666666667	2.734580545	2.734595323157036	2.7332302733401352	0.014380962	0.014122446126239287	0.014144154723481451
536.0	2.734658423	2.734564586749941	2.733227315784109	0.013931627	0.014100805366097554	0.014139397446013308
536.333333333333	2.735319461	2.7345228901041607	2.733219401362945	0.013757067	0.014079407253240177	0.014134823500346503
536.666666666667	2.735989083	2.734470523508105	2.733206584604227	0.013802739	0.014058390419314826	0.014130493306143866
537.0	2.735554121	2.734407824891132	2.7331889415246793	0.014095121	0.014037893062733115	0.014126466388597752
537.333333333333	2.734762186	2.7343351774541365	2.7331665691638896	0.014174213	0.014018052326561248	0.014122801071069679
537.666666666667	2.734287514	2.734253007095511	2.7331395850286486	0.01383071	0.013999003669690686	0.014119554171985769
538.0	2.734907922	2.734161779652326	2.7331081264503907	0.013773686	0.013980880233396366	0.014116780707700827
538.333333333333	2.734807524	2.734061997977458	2.733072349858529	0.01395748	0.013963812205528892	0.01411453360302292
538.666666666667	2.734177818	2.733954198874112	2.7330324299728326	0.014140243	0.0139479261847317	0.014112863411057512
539.0	2.733489108	2.7338389499096465	2.732988558918278	0.014105903	0.013933344547223486	0.014111818043985378
539.333333333333	2.732942779	2.7337168461309593	2.732940945266128	0.013620869	0.013920184818836839	0.014111442516332059
539.666666666667	2.734579558	2.7335885067037315	2.7328898130052894	0.013367514	0.013908559055154764	0.014111778702218672
540.0	2.735279178	2.7334545714977794	2.7328354004482867	0.013663434	0.013898573232734218	0.014112865108005218
540.333333333333	2.734608917	2.733315697640418	2.7327779590764574	0.014066712	0.013890326654547364	0.014114736661648091
540.666666666667	2.733307561	2.7331725560592783	2.732717752329256	0.014147547	0.01388391137290397	0.0141174245199947
541.0	2.732136597	2.733025828035331	2.7326550543427843	0.013783548	0.01387941163323922	0.014120955895129902
541.333333333333	2.732534718	2.7328762017860404	2.7325901486429314	0.013748747	0.013876903342257286	0.01412535390077276
541.666666666667	2.731999597	2.7327243690975447	2.7325233267986966	0.013849364	0.013876453564009288	0.014130637419598469
542.0	2.73159799	2.73257102202379	2.7324548870415195	0.013834753	0.013878120047497916	0.014136820992230322
542.333333333333	2.731211117	2.732416849669205	2.7323851328565834	0.013901933	0.013881950789444545	0.014143914728511219
542.666666666667	2.731087169	2.7322625350702023	2.732314371552278	0.013524024	0.013887983635849515	0.014151924241524562
543.0	2.732590235	2.7321087521893204	2.7322429128141144	0.013288802	0.01389624592593722	0.014160850604691529
543.333333333333	2.733357755	2.731956163034331	2.732171067249541	0.013679024	0.013906754182002452	0.014170690332126612
543.666666666667	2.732228744	2.7318054149130746	2.732099144930168	0.014112198	0.013919513848560857	0.014181435382315052
544.0	2.730977934	2.7316571378332184	2.732027453937979	0.014117664	0.013934519084052549	0.014193073185024965
544.333333333333	2.730262665	2.7315119420545084	2.731956298922183	0.013840719	0.01395175260815264	0.014205586691229871
544.666666666667	2.73027106	2.7313704157995464	2.7318859796733466	0.01390562	0.013971185607505416	0.01421895444568372
545.0	2.730165059	2.7312331231275304	2.731816789721457	0.013892216	0.013992777702419718	0.014233150681661257
545.333333333333	2.730533612	2.731100601973931	2.73174901496449	0.013783302	0.014016476976742588	0.014248145437252887
545.666666666667	2.730470394	2.7309733623576187	2.731682932334002	0.013849505	0.014042220072767776	0.014263904692485735
546.0	2.730790684	2.7308518847556256	2.731618808504146	0.013691518	0.014069932352636387	0.014280390526432424
546.333333333333	2.731267981	2.7307366186444404	2.7315568986503433	0.013911017	0.014099528127252556	0.014297561293366625
546.666666666667	2.730567298	2.7306279812056373	2.731497445263686	0.014133687	0.014130910953269233	0.014315371816930574
547.0	2.729454047	2.730526356192584	2.7314406770269155	0.014169203	0.014163973998203162	0.014333773601194625
547.333333333333	2.728906387	2.7304320929540924	2.7313868077575583	0.014094403	0.014198600473217268	0.014352715057413357
547.666666666667	2.728836891	2.7303455056101504	2.731336035423533	0.014081561	0.0142346641325686	0.014372141745216406
548.0	2.728534555	2.730266872374231	2.731288541236205	0.014107926	0.014272029838165673	0.014391996626915956
548.333333333333	2.728835972	2.7301964350162433	2.7312444888255105	0.014087562	0.014310554187116492	0.014412220333565873
548.666666666667	2.729336958	2.730134398459865	2.731204023501398	0.014055402	0.014350086199583929	0.014432751441370581
549.0	2.729588671	2.7300809305078206	2.7311672716054094	0.014047041	0.014390468063704899	0.01445352675701394
549.333333333333	2.729970227	2.7300361616886466	2.7311343399557773	0.014003903	0.014431535933780366	0.014474481610459989
549.666666666667	2.730351507	2.7300001852185853	2.731105315388954	0.014183901	0.014473120777411553	0.014495550153767618
550.0	2.729987319	2.7299730570724554	2.731080264399996	0.014333263	0.014515049266750154	0.01451666566445981
550.333333333333	2.729778804	2.729954796157698	2.731059232883709	0.014454933	0.014557144708553986	0.014537760851994319
550.666666666667	2.729373854	2.729945384586226	2.7310422459779407	0.014538755	0.014599228007298695	0.014558768165896232
551.0	2.729300837	2.7299447680392364	2.7310293080098638	0.014548279	0.014641118655198794	0.01457962010413275
551.333333333333	2.729575562	2.7299528562207307	2.731020402545539	0.014591134	0.014682635742642445	0.014600249520336448
551.666666666667	2.730057619	2.7299695233961394	2.731015492542514	0.014643348	0.014723598982249644	0.014620589928514229
552.0	2.730154512	2.729994609013146	2.7310145206046186	0.01470072	0.014763829739526592	0.014640575803914695
552.333333333333	2.730104204	2.7300279184024885	2.7310174093376016	0.014721481	0.014803152062915027	0.014660142878766743
552.666666666667	2.730185778	2.7300692235572415	2.7310240618036867	0.014790578	0.01484139370592635	0.014679228431645385
553.0	2.730167019	2.7301182639897634	2.7310343620725885	0.014932519	0.014878387134009527	0.0146977715692668
553.333333333333	2.729948198	2.73017474766614	2.7310481758659932	0.0150717	0.01491397050883047	0.01471571349956283
553.666666666667	2.729941574	2.7302383520185725	2.7310653512920373	0.015197112	0.014947988642739291	0.014732997794935242
554.0	2.729908881	2.7303087250366755	2.7310857196657845	0.015218844	0.014980293916371134	0.01474957064464143
554.333333333333	2.730207224	2.7303854864391126	2.731109096411287	0.015184199	0.015010747152564544	0.014765381095315742
554.666666666667	2.730522848	2.730468228927345	2.731135282040344	0.015195134	0.015039218440087338	0.01478038127868377
555.0	2.730864577	2.730556519523539	2.7311640632027068	0.015203808	0.015065587901030873	0.014794526625580754
555.333333333333	2.731027668	2.7306499009947656	2.731195213802083	0.015260604	0.015089746396165636	0.014807776065439428
555.666666666667	2.731113894	2.7307478933656872	2.7312284961719895	0.015378938	0.015111596163040582	0.014820092210467078
556.0	2.731159492	2.7308499955217584	2.7312636623051807	0.01554923	0.015131051382149712	0.014831441523786675
556.333333333333	2.731099057	2.7309556869047293	2.7313004551301683	0.015782091	0.015148038667076999	0.014841794470872045
556.666666666667	2.730652467	2.731064429301859	2.7313386098280996	0.015909232	0.01516249747515799	0.01485112565366314
557.0	2.730285998	2.731175668729695	2.7313778551831196	0.015828278	0.015174380435856947	0.014859413926803964
557.333333333333	2.730405964	2.7312888374126554	2.731417914959217	0.015743803	0.015183653594744294	0.014866642495503329
557.666666666667	2.730793985	2.7314033558558384	2.731458509296457	0.015690768	0.01519029657166355	0.01487279899457743
558.0	2.731024376	2.731518635010638	2.7314993561194942	0.0156476	0.015194302632391406	0.014877875548293397
558.333333333333	2.730742163	2.7316340785307127	2.7315401725512403	0.015586059	0.015195678673811447	0.014881868810695007
558.666666666667	2.730603931	2.731749085114798	2.7315806763246178	0.015401677	0.015194445123333272	0.014884779986155604
559.0	2.731062848	2.7318630509316995	2.7316205871854224	0.015192774	0.015190635753986359	0.014886614829969521
559.333333333333	2.731723537	2.731975372121555	2.7316596282794383	0.015196837	0.015184297417294693	0.014887383628861888
559.666666666667	2.732150925	2.7320854473662544	2.7316975275171105	0.015467361	0.015175489696686265	0.01488710116136793
560.0	2.731962838	2.7321926805205736	2.7317340189092763	0.015691229	0.015164284484804766	0.014885786638106885
560.333333333333	2.731072428	2.7322964832943324	2.731768843867695	0.015510835	0.015150765488662116	0.01488346362205245
560.666666666667	2.731282027	2.732396277974619	2.7318017524643583	0.015060756	0.015135027667095083	0.014880159928981295
561.0	2.732411644	2.7324915001758834	2.7318325046438616	0.01487519	0.01511717660546107	0.014875907508363524
561.333333333333	2.732819414	2.7325816016045645	2.731860871383412	0.015133526	0.015097327832924088	0.01487074230504406
561.666666666667	2.732324978	2.732666052823792	2.7318866357954	0.015311145	0.015075606088037223	0.014864704102151191
562.0	2.732026085	2.732744346002744	2.7319095941677753	0.015092862	0.015052144538620766	0.014857836345758027
562.333333333333	2.732704202	2.732815997634351	2.7319295569378657	0.014633904	0.015027083962163136	0.014850185951913727
562.666666666667	2.734372283	2.732880551204288	2.731946349595621	0.01443066	0.015000571893134381	0.014841803096753583
563.0	2.735265925	2.732937579793609	2.7319598135126637	0.014876557	0.014972761743699	0.014832740990489998
563.333333333333	2.734659865	2.7329866885969483	2.7319698066939213	0.015202785	0.014943811904347128	0.014823055636179135
563.666666666667	2.733416187	2.7330275173379306	2.731976204448992	0.015133158	0.014913884830932204	0.01481280557425025
564.0	2.733083882	2.7330597425633694	2.7319788999807963	0.014692703	0.014883146124511262	0.014802051613875065
564.333333333333	2.734012866	2.7330830797979426	2.7319778048894827	0.01438544	0.014851763610234242	0.014790856552342921
564.666666666667	2.734911261	2.733097285541304	2.7319728495899067	0.014733477	0.014819906421324662	0.014779284883692305
565.0	2.734222924	2.7331021590901354	2.7319639836414265	0.015014554	0.014787744093940071	0.014767402497930158
565.333333333333	2.733535649	2.7330975441682908	2.7319511759891224	0.014801561	0.014755445678401662	0.01475527637224624
565.666666666667	2.73341904	2.733083330349089	2.731934415115918	0.014389517	0.014723178871943451	0.014742974255699575
566.0	2.734561553	2.7330594542548914	2.731913709105466	0.014056081	0.0146911091777585	0.014730564348917029
566.333333333333	2.736115651	2.7330259005203072	2.731889085615983	0.01436065	0.014659399094718365	0.014718114980399268
566.666666666667	2.735088736	2.732982702506853	2.7318605917656127	0.014861674	0.014628207341718736	0.014705694281076095
567.0	2.733650569	2.732929942758397	2.7318282939301857	0.014838431	0.014597688120165089	0.014693369858790432
567.333333333333	2.732999989	2.7328677531884775	2.7317922774545935	0.014594987	0.014567990417663218	0.014681208474417621
567.666666666667	2.733148514	2.7327963149924077	2.7317526462793187	0.014345068	0.014539257355526648	0.014669275721343297
568.0	2.733890322	2.7327158582790116	2.731709522483934	0.014317748	0.014511625582262306	0.01465763571002861
568.333333333333	2.733633928	2.732626661418883	2.7316630457497157	0.014544106	0.014485224714752292	0.014646350759385453
568.666666666667	2.733231645	2.732529050108138	2.731613372743766	0.01443921	0.014460176828418991	0.014635481096666247
569.0	2.733071913	2.7324233961487816	2.731560676427331	0.014218818	0.014436595997246907	0.014625084567542749
569.333333333333	2.733103302	2.732310115948956	2.7315051452912664	0.014155603	0.014414587884142831	0.014615216358006071
569.666666666667	2.733654359	2.7321896687485316	2.7314469825218324	0.014205646	0.014394249381748847	0.014605928729665695
570.0	2.732979358	2.732062554577594	2.7313864051002725	0.014420616	0.014375668303484215	0.014597270769959068
570.333333333333	2.731918569	2.731929311957531	2.731323642839846	0.014489543	0.01435892312428462	0.014589288158705645
570.666666666667	2.73156269	2.731790515356398	2.7312589373642138	0.014391807	0.014344082770232431	0.014582022952350344
571.0	2.731423483	2.7316467724122657	2.7311925410312985	0.014366553	0.01433120645603099	0.01457551338714217
571.333333333333	2.73105442	2.7314987209399906	2.731124715806939	0.014263012	0.014320343569070252	0.014569793702384601
571.666666666667	2.731185501	2.731347025738675	2.731055732092856	0.014093265	0.014311533598659791	0.014564893984776365
572.0	2.731423485	2.7311923752185896	2.730985867513654	0.013993908	0.014304806108868529	0.014560840034735094
572.333333333333	2.731461189	2.7310354778677737	2.730915405667721	0.013993348	0.014300180753306467	0.014557653255463274
572.666666666667	2.731395078	2.730877058579801	2.7308446348471063	0.014149665	0.014297667330111103	0.014555350565376875
573.0	2.731084759	2.730717854865253	2.7307738467315583	0.014273949	0.014297265875357915	0.014553944334373138
573.333333333333	2.730476655	2.730558612970347	2.7307033350620977	0.014239734	0.014298966793097393	0.014553442344266783
573.666666666667	2.730167167	2.730400083926841	2.7306333942995873	0.014195518	0.014302751020228086	0.014553847773573924
574.0	2.730001039	2.7302430195578573	2.7305643182738986	0.014140752	0.014308590224442539	0.014555159206672389
574.333333333333	2.730127006	2.7300881684645373	2.730496398829375	0.014241543	0.014316447033527562	0.01455737066721642
574.666666666667	2.729924598	2.729936272018537	2.730429924472355	0.014289515	0.014326275294358547	0.014560471675534538
575.0	2.729238407	2.7297880603852804	2.730365179026601	0.014333198	0.01433802035999582	0.014564447329592934
575.333333333333	2.728781271	2.7296442486025496	2.730302440302502	0.014233482	0.014351619403365806	0.014569278408964067
575.666666666667	2.728848531	2.7295055327385387	2.730241978785966	0.014037693	0.014367001756087749	0.014574941501102638
576.0	2.729044977	2.7293725861527816	2.7301840563528885	0.014166827	0.014384089271084047	0.014581409149099504
576.333333333333	2.728843154	2.7292460558825384	2.730128925015078	0.014318529	0.01440279670768655	0.014588650019959851
576.666666666667	2.72852683	2.7291265591762093	2.7300768257034567	0.014388411	0.014423032138018262	0.014596629092335533
577.0	2.728387733	2.729014680194173	2.730027987094288	0.014426327	0.014444697373488326	0.014605307862533981
577.333333333333	2.728283593	2.728910966896146	2.7299826244840646	0.014401234	0.014467688410284736	0.014614644567528237
577.666666666667	2.728197841	2.728815928132772	2.7299409387185753	0.014460975	0.01449189589278236	0.014624594423604859
578.0	2.728078596	2.7287300309575526	2.7299031151814828	0.014423277	0.014517205593802084	0.014635109879209388
578.333333333333	2.727796201	2.7286536981737015	2.7298693228475774	0.01447512	0.014543498910659041	0.014646140880483072
578.666666666667	2.72730739	2.728587306128721	2.729839713405637	0.014531786	0.01457065337592336	0.014657635147929756
579.0	2.727186774	2.7285311827678322	2.729814420455571	0.014395782	0.014598543181785694	0.014669538462608671
579.333333333333	2.727703012	2.7284856059555125	2.729793558784256	0.014463732	0.01462703971687204	0.014681794960216897
579.666666666667	2.727711623	2.728450802072655	2.729777223724151	0.014625416	0.014656012114288706	0.014694347431405042
580.0	2.727708967	2.728426944894963	2.7297654905984516	0.014684873	0.014685327809599405	0.01470713762666027
580.333333333333	2.727729391	2.7284141547564036	2.7297584142561644	0.014735548	0.01471485310734413	0.014720106564092637
580.666666666667	2.72754833	2.728412497999729	2.7297560287001192	0.014763387	0.014744453754604597	0.014733194838472774
581.0	2.7274849	2.728421986714285	2.7297583468104873	0.014803488	0.014773995520006897	0.014746342929891267
581.333333333333	2.727532491	2.7284425787596085	2.7297653601659726	0.014755433	0.014803344776429892	0.014759491510441767
581.666666666667	2.72761943	2.728474178071641	2.7297770389643548	0.014770082	0.014832369085560931	0.014772581747370516
582.0	2.727753238	2.728516635246776	2.7297933320436205	0.014865867	0.014860937782311751	0.014785555601183822
582.333333333333	2.727852942	2.728569748397433	2.729814167004403	0.014888431	0.014888922556979056	0.01479835611726135
582.666666666667	2.72812013	2.7286332642714237	2.729839450433963	0.015043923	0.014916198032910312	0.014810927709586301
583.0	2.727920628	2.728706879626009	2.7298690682314386	0.015052888	0.014942642337317692	0.014823216435272615
583.333333333333	2.728169298	2.728790242846311	2.7299028860335484	0.015018673	0.014968137662775423	0.014835170258643825
583.666666666667	2.728421532	2.7288829557966037	2.729940749739451	0.015043617	0.014992570816840106	0.014846739303696909
584.0	2.72865337	2.7289845758919524	2.7299824861329074	0.015122836	0.015015833757153164	0.014857876093867177
584.333333333333	2.72846952	2.7290946183767755	2.730027903599394	0.015327782	0.015037824109321361	0.014868535778095566
584.666666666667	2.728007103	2.729212558796042	2.7300767929353085	0.015257669	0.015058445664828272	0.014878676342287551
585.0	2.728242753	2.729337835644183	2.7301289282458887	0.01508367	0.015077608856208118	0.01488825880534208
585.333333333333	2.728990538	2.7294698531761266	2.7301840679280045	0.014945293	0.015095231206715944	0.014897247399019086
585.666666666667	2.730424561	2.7296079843644554	2.7302419557334914	0.015061305	0.015111237751755418	0.014905609731004636
586.0	2.730637422	2.7297515739862597	2.7303023219082574	0.015504014	0.015125561429379455	0.014913316930622896
586.333333333333	2.729882673	2.7298999418230268	2.730364884401952	0.015610252	0.015138143437259267	0.01492034377673356
586.666666666667	2.729191531	2.7300523859567027	2.730429350142602	0.015514414	0.01514893355362556	0.01492666880744156
587.0	2.729139761	2.730208186145014	2.730495416370228	0.015295109	0.015157890419820462	0.014932274411332519
587.333333333333	2.729862931	2.73036660725913	2.7305627720231196	0.015165872	0.015164981782260514	0.014937146900031938
587.666666666667	2.730198689	2.7305269027668526	2.73063109917013	0.015369588	0.01517018469179841	0.014941276561968687
588.0	2.730136397	2.7306883182446944	2.730700074482091	0.015485246	0.015173485658683195	0.014944657697303165
588.333333333333	2.730181287	2.7308500949024483	2.7307693707351746	0.015313182	0.015174880761553418	0.01494728863405795
588.666666666667	2.730640221	2.7310114731041724	2.7308386583388806	0.01493833	0.015174375709153802	0.014949171725563336
589.0	2.732132625	2.731171695869884	2.7309076068811056	0.014818914	0.015171985853740537	0.014950313329401888
589.333333333333	2.732909848	2.73133001234269	2.7309758866826837	0.015261022	0.015167736155431516	0.014950723768105125
589.666666666667	2.732550139	2.7314856812065424	2.7310431703536673	0.015530117	0.015161661097062568	0.014950417271921373
590.0	2.731969866	2.731637974040366	2.7311091343436207	0.015658031	0.015153804549426221	0.014949411904037058
590.333333333333	2.731576783	2.7317861785948088	2.7311734604781495	0.015464171	0.015144219587092856	0.014947729468693976
590.666666666667	2.732140781	2.731929601978512	2.731235837474	0.015213936	0.015132968255342012	0.014945395402702684
591.0	2.732871078	2.732067573741371	2.7312959624250914	0.01538294	0.01512012128906097	0.014942438650906961
591.333333333333	2.732757829	2.7321994488429175	2.731353542252025	0.01539946	0.015105757784795244	0.014938891526206663
591.666666666667	2.732314934	2.7323246104946146	2.7314082951077414	0.015282126	0.015089964827458096	0.014934789554795986
592.0	2.732418005	2.732442472865513	2.7314599517322398	0.014906443	0.015072837073520227	0.014930171307321542
592.333333333333	2.733371566	2.732552483641407	2.7315082567495064	0.014545551	0.015054476292803445	0.01492507821670971
592.666666666667	2.734639444	2.732654126428323	2.731552969900085	0.014956922	0.015034990871290038	0.014919554383455373
593.0	2.733996325	2.732746922991846	2.7315938672030455	0.015114968	0.015014495277630444	0.014913646369204791
593.333333333333	2.733954346	2.7328304353245185	2.7316307420414603	0.015216538	0.014993109496282497	0.014907402979503563
593.666666666667	2.733906315	2.73290426753421	2.7316634061658798	0.015228075	0.014970958430444168	0.01490087503661685
594.0	2.734175252	2.7329680675470747	2.7316916906107096	0.015186688	0.014948171278145846	0.014894115143362915
594.333333333333	2.734242872	2.7330215286194	2.7317154465188427	0.015611418	0.014924880885046711	0.014887177438932747
594.666666666667	2.732361222	2.733064390653336	2.73173454587035	0.015589783	0.014901223077630225	0.014880117347697945
595.0	2.73158264	2.7330964413122127	2.7317488821115203	0.014942191	0.01487733598061616	0.014872991322036058
595.333333333333	2.732043873	2.7331175169317876	2.731758370681061	0.014251293	0.014853359322498826	0.014865856580227117
595.666666666667	2.733624642	2.7331275032245004	2.7317629494307627	0.013665001	0.0148294337331834	0.014858770840497039
596.0	2.736428429	2.733126335774455	2.7317625789384943	0.014404259	0.014805700037723843	0.014851792052302687
596.333333333333	2.735151191	2.7331140003215415	2.7317572427119123	0.015024336	0.014782298550166682	0.014844978125969644
596.666666666667	2.734041674	2.7330905328337782	2.731746947281837	0.01509913	0.014759368371475663	0.014838386661806783
597.0	2.733356738	2.73305601936764	2.731731722184806	0.014858512	0.014737046695453448	0.014832074679831516
597.333333333333	2.7342479	2.7330105957167965	2.731711619834841	0.01463639	0.014715468126489703	0.014826098351245784
597.666666666667	2.734852696	2.7329544468503837	2.7316867152850692	0.01524343	0.014694764012851014	0.014820512732805387
598.0	2.732070779	2.732887806142595	2.7316571058803536	0.015397286	0.014675061799089232	0.014815371505223747
598.333333333333	2.730846091	2.732810954396071	2.7316229108026406	0.014574581	0.014656484400982151	0.014810726716745591
598.666666666667	2.731119975	2.73272421866224	2.7315842705112767	0.01404697	0.014639149606236536	0.014806628533016099
599.0	2.732233278	2.7326279708624717	2.7315413460810545	0.01324831	0.014623169503979924	0.01480312499435657
599.333333333333	2.735541185	2.732522626214569	2.7314943184412726	0.01383456	0.014608649945846918	0.014800261781538485
599.666666666667	2.735011466	2.732408641469844	2.731443387519553	0.014692907	0.014595690041229745	0.014798081991123856
600.0	2.733674718	2.7322865129667044	2.7313887712946605	0.014953721	0.014584381689014566	0.014796625921410842
600.333333333333	2.732308497	2.7321567745073985	2.731330704762995	0.014782887	0.014574809147866567	0.014795930869989721
600.666666666667	2.732040114	2.732019995065229	2.731269438823842	0.014180097	0.01456704864686121	0.0147960309438752
601.0	2.733176877	2.7318767763303105	2.7312052390888826	0.01435851	0.014561168037989073	0.014796956883137239
601.333333333333	2.732259525	2.7317277501025856	2.7311383846218007	0.014298152	0.014557226491789216	0.014798735898903228
601.666666666667	2.732398097	2.731573575541544	2.7310691666141813	0.014438036	0.014555274237094377	0.014801391526550595
602.0	2.730982159	2.7314149362827758	2.7309978870041802	0.014733879	0.014555352345601779	0.014804943494849858
602.333333333333	2.73034403	2.731252537432145	2.7309248570447213	0.01385626	0.014557492561718857	0.01480940761175466
602.666666666667	2.73262902	2.731087102449059	2.730850395828196	0.014094153	0.014561717177875367	0.014814795667467264
603.0	2.732270723	2.7309193699309136	2.730774828774855	0.014716994	0.014568038955243987	0.014821115355335649
603.333333333333	2.73096416	2.730750090311462	2.7306984860922303	0.01489933	0.014576461089572655	0.014828370211062031
603.666666666667	2.729643172	2.7305800224863854	2.730621701213038	0.014636181	0.014586977221604026	0.014836559570622809
604.0	2.730157059	2.7304099303799636	2.7305448092191202	0.014071897	0.014599571491343102	0.014845678547216645
604.333333333333	2.730381946	2.7302405794671984	2.730468145259009	0.014596575	0.01461421863523325	0.014855718027471376
604.666666666667	2.729493324	2.7300727332662706	2.730392042966707	0.014513193	0.014630884125114998	0.014866664687052018
605.0	2.729245712	2.7299071498166123	2.7303168328892697	0.014478154	0.014649524347671703	0.014878501025721608
605.333333333333	2.728837731	2.729744578158243	2.730242840930672	0.014251064	0.014670086822911241	0.014891205421814767
605.666666666667	2.73058339	2.729585754828348	2.730170386819372	0.014154037	0.014692510460094297	0.014904752205990971
606.0	2.730908639	2.7294314003913085	2.730099782606823	0.01510775	0.014716725849396851	0.014919111754041222
606.333333333333	2.72876979	2.7292822160185692	2.7300313312040267	0.015354394	0.014742655587487646	0.014934250598428548
606.666666666667	2.72734708	2.7291388801348333	2.7299653249629947	0.015009772	0.014770214635109484	0.01495013155815034
607.0	2.727179891	2.7290020451470762	2.729902044309769	0.014486643	0.014799310704676497	0.014966713886419104
607.333333333333	2.728177304	2.728872334272817	2.729841756435361	0.014469551	0.014829844675836763	0.014983953435568841
607.666666666667	2.728139184	2.7287503384839193	2.7297847140506803	0.014718298	0.014861711036900075	0.015001802838506969
608.0	2.727693298	2.7286366135819238	2.7297311542112004	0.014755766	0.014894798349993821	0.015020211705947617
608.333333333333	2.727510062	2.7285316774205928	2.729681297216747	0.014760395	0.014928989737783886	0.015039126838581099
608.666666666667	2.728003786	2.7284360072908758	2.7296353455914315	0.014547654	0.014964163389582107	0.015058492453257494
609.0	2.729104621	2.7283500374829712	2.7295934831483484	0.014782992	0.01500019308465541	0.015078250422189783
609.333333333333	2.728908769	2.7282741570394884	2.7295558741432493	0.015313973	0.015036948730553619	0.01509834052411401
609.666666666667	2.727826225	2.728208707713003	2.7295226625209614	0.015526804	0.015074296914281896	0.015118700706281626
610.0	2.726872832	2.728153982140425	2.7294939712578903	0.01546897	0.015112101464158863	0.015139267356102158
610.333333333333	2.726240696	2.7281102222456464	2.729469901803477	0.015205284	0.015150224020221759	0.015159975581203312
610.666666666667	2.726498611	2.728077617880945	2.7294505336230173	0.015033118	0.015188524611064243	0.01518075949663099
611.0	2.726782467	2.728056305716441	2.729435923843767	0.014996011	0.015226862235020263	0.015201552517873364
611.333333333333	2.727144232	2.7280463683857423	2.7294261070058	0.015062536	0.015265095443637298	0.015222287658361621
611.666666666667	2.727397422	2.7280478338945877	2.729421094918574	0.015148382	0.015303082925413814	0.015242897830075217
612.0	2.727668112	2.728060675297983	2.729420876623692	0.015245123	0.015340684087808292	0.015263316145861763
612.333333333333	2.727885257	2.728084810649863	2.72942541846386	0.015417984	0.015377759635559823	0.015283476222070812
612.666666666667	2.727724397	2.728120103227875	2.7294346642575684	0.015551449	0.015414172143393103	0.015303312480097109
613.0	2.727397944	2.728166362034351	2.729448535578535	0.015632464	0.015449786621213366	0.015322760445432048
613.333333333333	2.727183696	2.728223342572983	2.7294669321384992	0.01570128	0.015484471069929258	0.015341757042832258
613.666666666667	2.727305512	2.7282907478991674	2.7294897322714777	0.015638962	0.015518097026074252	0.015360240886231145
614.0	2.727426522	2.7283682299403638	2.7295167935171776	0.015659848	0.015550540093429686	0.015378152562042884
614.333333333333	2.727440246	2.728455391081282	2.7295479533007776	0.015655505	0.015581680459885254	0.015395434904538336
614.666666666667	2.72751982	2.7285517860070954	2.729583029705924	0.01555861	0.015611403397805618	0.015412033262008738
615.0	2.727710912	2.7286569237963576	2.7296218223373403	0.015461043	0.015639599746205646	0.015427895752475279
615.333333333333	2.728582151	2.7287702702537837	2.7296641132690764	0.015460347	0.01566616637307117	0.015442973507750703
615.666666666667	2.729039175	2.728891250471588	2.729709668074053	0.015679998	0.015691006616198416	0.0154572209047125
616.0	2.728892433	2.72901925160667	2.7297582369302025	0.015964489	0.015714030700963447	0.01547059578270574
616.333333333333	2.728507623	2.7291536258596185	2.729809555798174	0.016116509	0.015735156133474135	0.01548305964605688
616.666666666667	2.727972162	2.7292936936402374	2.729863347665273	0.016071325	0.015754308067601593	0.015494577850747548
617.0	2.728101566	2.7294387469031465	2.729919323849987	0.015889467	0.0157714196444375	0.015505119774368938
617.333333333333	2.729007321	2.7295880526359606	2.72997718536123	0.015878623	0.01578643230277741	0.015514658968552916
617.666666666667	2.729219428	2.7297408564815915	2.7300366243061487	0.016046981	0.015799296059290074	0.015523173293154457
618.0	2.729001948	2.7298963864753887	2.7300973253401595	0.016120056	0.015809969757097954	0.015530645031541647
618.333333333333	2.728879413	2.7300538568771255	2.7301589671526707	0.01580112	0.015818421281565957	0.01553706098643352
618.666666666667	2.729710114	2.7302124720772722	2.7302212239817734	0.01555809	0.01582462774217386	0.015542412555812244
619.0	2.7311749	2.730371430556525	2.7302837671510867	0.015537512	0.015828575619433394	0.015546695788524039
619.333333333333	2.73234444	2.7305299288772837	2.7303462666217753	0.016007441	0.015830260875904008	0.01554991141927273
619.666666666667	2.731795724	2.730687165685579	2.730408392552726	0.016433856	0.015829689030461745	0.015552064882800115
620.0	2.730794626	2.7308423457019404	2.7304698168617914	0.016429072	0.01582687519508379	0.01555316630713843
620.333333333333	2.730463513	2.7309946836797856	2.730530214780979	0.016071204	0.015821844073527172	0.015553230485911692
620.666666666667	2.731338062	2.731143408310199	2.730589266398487	0.015735493	0.01581462992140372	0.01555227682975399
621.0	2.732480595	2.731287766052313	2.7306466581805027	0.016018888	0.015805276467284496	0.015550329297003838
621.333333333333	2.731991268	2.7314270248690504	2.7307020844657584	0.016166638	0.01579383679460498	0.015547416303924148
621.666666666667	2.73124519	2.7315604778486087	2.730755248925912	0.015992978	0.015780373184287065	0.01554357061478653
622.0	2.731345875	2.731687446692855	2.730805865984972	0.015555003	0.015764956918144706	0.01553882921224685
622.333333333333	2.732872325	2.731807285054647	2.7308536621910937	0.015289096	0.01574766804329672	0.015533233148525111
622.666666666667	2.734665753	2.731919381707074	2.7308983775343143	0.015648202	0.01572859509797181	0.015526827377987353
623.0	2.734423397	2.7320231635287304	2.7309397667039494	0.016270301	0.015707834799256498	0.015519660571809323
623.333333333333	2.73303165	2.7321180982902145	2.7309776002796444	0.016336768	0.015685491693505818	0.015511784915481464
623.666666666667	2.732158268	2.7322036972283574	2.731011665850342	0.015953138	0.015661677770308347	0.015503255889991562
624.0	2.73275848	2.7322795173959347	2.7310417690557145	0.015540194	0.01563651204107027	0.015494132037595278
624.333333333333	2.733593992	2.7323451637759835	2.7310677345449346	0.015527642	0.0156101200834574	0.015484474713155125
624.666666666667	2.73343918	2.732400291151268	2.7310894068480223	0.01582673	0.015582633553107426	0.015474347822095199
625.0	2.732496349	2.7324446057207954	2.731106651155358	0.015777042	0.015554189664197146	0.015463817546081822
625.333333333333	2.732414225	2.7324778664568363	2.731119354001377	0.015296522	0.015524930640619097	0.015452952057598855
625.666666666667	2.73365439	2.7324998861972767	2.7311274238488608	0.015076302	0.015495003139688714	0.015441821224640434
626.0	2.734726292	2.7325105324696297	2.7311307915707035	0.015385536	0.015464557650465376	0.015430496306793441
626.333333333333	2.734450099	2.7325097280445028	2.731129410826483	0.015806636	0.0154337478689276	0.01541904964402629
626.666666666667	2.733148833	2.7324974512177054	2.7311232583316496	0.015826212	0.01540273005239281	0.015407554339539841
627.0	2.732489184	2.732473735821634	2.7311123340176398	0.015487522	0.015371662355715202	0.015396083938069956
627.333333333333	2.732611337	2.7324386709679116	2.7310966610817533	0.015228517	0.015340704151929258	0.015384712101059161
627.666666666667	2.732814156	2.7323924005246005	2.7310762859261097	0.015122174	0.015310015340131405	0.015373512280137135
628.0	2.732956767	2.732335122332561	2.731051277985581	0.015126788	0.015279755643506324	0.015362557390365543
628.333333333333	2.732861248	2.732267087166789	2.731021729445091	0.015056222	0.015250083900507212	0.015351919484712656
628.666666666667	2.733056812	2.7321885974496753	2.7309877548472437	0.015042946	0.015221157352289766	0.015341669431226364
629.0	2.733444775	2.7321000057242553	2.7309494905917573	0.015122479	0.015193130929577065	0.015331876594370956
629.333333333333	2.732989914	2.7320017128965355	2.7309070943287344	0.015330722	0.015166156542196652	0.015322608521983219
629.666666666667	2.73221981	2.731894166256925	2.7308607442483304	0.015407916	0.01514038237458067	0.015313930639286665
630.0	2.731261274	2.731777857291685	2.73081063826989	0.015189385	0.015115952190554624	0.015305905951379416
630.333333333333	2.731328698	2.7316533192961137	2.730756993134163	0.014797864	0.015093004650759552	0.01529859475558106
630.666666666667	2.73177871	2.731521124801905	2.7307000434026736	0.014707171	0.015071672646055304	0.015292054364987021
631.0	2.731735381	2.7313818828317737	2.7306400403688422	0.014783194	0.015052082650238774	0.01528633884453536
631.333333333333	2.73199768	2.731236235995011	2.7305772508858634	0.014770678	0.015034354095380297	0.015281498760840949
631.666666666667	2.732054841	2.7310848574381374	2.7305119561168407	0.014828434	0.01501859877303295	0.015277580946995448
632.0	2.731753735	2.730928447665266	2.730444450213049	0.014979143	0.015004920264503976	0.015274628283468882
632.333333333333	2.731356865	2.73076773124312	2.730375038926591	0.015081569	0.014993413403294326	0.015272679496179923
632.666666666667	2.730554185	2.7306034534059838	2.7303040381640717	0.015087658	0.01498416377271137	0.015271768972727733
633.0	2.730048408	2.730436376576051	2.7302317724882306	0.014929189	0.014977247241541694	0.015271926597698486
633.333333333333	2.729786275	2.730267276814851	2.7301585735747436	0.014742527	0.014972729540535051	0.015273177607874885
633.666666666667	2.729972838	2.7300969402214963	2.730084778631676	0.014645083	0.014970665882297372	0.015275542468087744
634.0	2.730190161	2.729926159293583	2.730010728789248	0.014756494	0.014971100627020575	0.01527903676835501
634.333333333333	2.729760762	2.729755729266546	2.729936767467765	0.014789119	0.01497406699628951	0.015283671142856265
634.666666666667	2.729663313	2.729586444447255	2.7298632387316655	0.014645137	0.014979586837003123	0.01528945121119016
635.0	2.730037508	2.7294190945574814	2.72979048563775	0.014716382	0.01498767043722765	0.015296377542258785
635.333333333333	2.729784255	2.72925446110279	2.7297188485856654	0.014987052	0.014998316395565897	0.015304445641017388
635.666666666667	2.729001664	2.7290933137821627	2.7296486636787356	0.01514435	0.015011511545378765	0.01531364595822052
636.0	2.727933952	2.728936406953464	2.7295802611031683	0.015105487	0.015027230934934348	0.015323963923187304
636.333333333333	2.727480532	2.7287844761695683	2.729513963533594	0.01468063	0.015045437864287374	0.015335379999499596
636.666666666667	2.728440017	2.7286382347996745	2.7294500845727288	0.014455674	0.015066083979408408	0.015347869763437806
637.0	2.72919986	2.7284983707499597	2.729388927232821	0.014805859	0.015089109423789892	0.015361404004851118
637.333333333333	2.728815346	2.728365543297368	2.7293307824662874	0.015214958	0.015114443047455732	0.015375948850051526
637.666666666667	2.727508283	2.728240380049855	2.7292759277527026	0.015338336	0.015142002672994488	0.015391465906216073
638.0	2.726527112	2.7281234740459914	2.7292246257490307	0.014972923	0.015171695417924874	0.01540791242667866
638.333333333333	2.727182537	2.7280153810062853	2.729177123009621	0.014706503	0.0152034180723884	0.015425241496392817
638.666666666667	2.727582092	2.7279166167480686	2.729133648782175	0.014983231	0.015237057530849403	0.015443402236750165
639.0	2.727267119	2.727827654775172	2.72909441388545	0.015230151	0.015272491276169154	0.015462340028846784
639.333333333333	2.726356016	2.7277489240530324	2.7290596096740862	0.015313253	0.015309587914110806	0.015481996754201217
639.666666666667	2.725954216	2.727680806979168	2.7290294070954664	0.015079748	0.015348207756026694	0.015502311051844613
640.0	2.726844965	2.72762363755828	2.729003955843055	0.014931829	0.015388203447182473	0.015523218590625196
640.333333333333	2.727426154	2.727577699790473	2.7289833836101773	0.015297659	0.015429420637884871	0.015544652355496692
640.666666666667	2.727025779	2.727543226280308	2.728967795447684	0.015564047	0.015471698694304042	0.015566542946493773
641.0	2.726523339	2.727520397073563	2.7289572732284153	0.015627409	0.015514871445619754	0.015588818889037147
641.333333333333	2.726016626	2.727509338727692	2.7289518752208677	0.015555765	0.015558767963875014	0.015611406954157045
641.666666666667	2.726431639	2.727510123621101	2.728951635773891	0.015361464	0.015603213372693105	0.01563423248717681
642.0	2.726939099	2.7275227695053603	2.728956565113722	0.015541205	0.015648029680807078	0.015657219743357924
642.333333333333	2.726948016	2.7275472393035085	2.7289666492541014	0.015764648	0.015693036636165482	0.01568029222897476
642.666666666667	2.726516695	2.7275834411565962	2.72898185001966	0.015758309	0.015738052596216964	0.015703373046261286
643.0	2.726644547	2.7276312287195177	2.7290021051822477	0.015682995	0.01578289540984035	0.015726385240653104
643.333333333333	2.727192928	2.727690401706156	2.7290273287092934	0.015667105	0.015827383306277386	0.015749252148736723
643.666666666667	2.727549745	2.7277607066827048	2.7290574111228043	0.015933543	0.015871335786344285	0.01577189774531355
644.0	2.727397287	2.727841838106934	2.7290922199670633	0.016183852	0.015914574511145564	0.015794246987988984
644.333333333333	2.726902469	2.7279334396100094	2.729131600382591	0.016189189	0.015956924183491088	0.015816226157706968
644.666666666667	2.726662336	2.728035105516337	2.7291753757834596	0.0160844	0.015998213417224978	0.0158377631936674
645.0	2.726985789	2.728146382595728	2.7292233486345827	0.015987157	0.01603827558971331	0.015858788021087634
645.333333333333	2.727816659	2.7282667720410356	2.729275301325134	0.016082214	0.01607694967280692	0.015879232870300092
645.666666666667	2.728075081	2.728395731663282	2.7293309971338724	0.016284457	0.016114081037695918	0.015899032585715255
646.0	2.72800442	2.7285326782951445	2.7293901812816963	0.016356367	0.016149522229202677	0.015918124923222986
646.333333333333	2.728020336	2.7286769903925734	2.72945258206644	0.016251636	0.016183133705220308	0.015936450834655058
646.666666666667	2.728848551	2.728828010823258	2.729517912074519	0.016294696	0.01621478453719162	0.01595395473798759
647.0	2.729241957	2.728985049829594	2.7295858694637634	0.016520682	0.01624435306773966	0.01597058477202383
647.333333333333	2.728656543	2.7291473881528487	2.7296561393114516	0.016672359	0.016271727521802018	0.015986293034364645
647.666666666667	2.72849574	2.729314280304266	2.7297283950213296	0.016690975	0.01629680656788674	0.016001035801546586
648.0	2.728698944	2.729484957968008	2.72980229978314	0.016602129	0.016319499826355593	0.01601477373030461
648.333333333333	2.728859483	2.7296586335200166	2.7298775080780193	0.016452858	0.016339728321948195	0.016027472038998396
648.666666666667	2.729653197	2.7298345036461664	2.7299536672229143	0.016366444	0.016357424878086852	0.01603910066832773
649.0	2.730355209	2.730011753042442	2.7300304189470643	0.016462657	0.016372534450842982	0.016049634420552555
649.333333333333	2.730651798	2.7301895581793416	2.730107400993471	0.016598826	0.016385014400800507	0.016059053076527597
649.666666666667	2.730767856	2.730367091112228	2.7301842487381958	0.016666846	0.01639483470141567	0.016067341489958815
650.0	2.730406315	2.730543523319038	2.730260596820286	0.016788297	0.016401978082844396	0.0160744896583896
650.333333333333	2.730381078	2.7307180295464866	2.73033608077511	0.016745925	0.016406440110584487	0.01608049277052781
650.666666666667	2.730595379	2.7308897916457977	2.7304103386638827	0.016582154	0.016408229198657573	0.016085351229630316
651.0	2.731105825	2.731058002378932	2.7304830126922135	0.016552966	0.016407366557432707	0.016089070652769207
651.333333333333	2.731712408	2.7312218691764123	2.730553750810573	0.016552501	0.016403886076566277	0.016091661845912868
651.666666666667	2.732019418	2.731380617828025	2.730622208289651	0.016657947	0.01639783414389978	0.01609314075486517
652.0	2.731864224	2.7315334960879927	2.7306880492637364	0.016619541	0.01638926940151418	0.016093528392216963
652.333333333333	2.731775553	2.73167977717666	2.730750948235348	0.016382813	0.016378262440485788	0.016092850740575065
652.666666666667	2.732740648	2.7318187631612276	2.730810591534563	0.016179707	0.01636489543622044	0.016091138632444785
653.0	2.733595887	2.7319497881987833	2.7308666787266485	0.016415251	0.01634926172655892	0.016088427607252164
653.333333333333	2.733269097	2.73207222162553	2.7309189239618505	0.016766712	0.016331465335144683	0.0160847577461012
653.666666666667	2.732453057	2.7321854708770332	2.730967057261417	0.016785716	0.016311620442823232	0.016080173484968433
654.0	2.732118644	2.7322889842251965	2.7310108257342107	0.016530506	0.016289850810099673	0.016074723407142565
654.333333333333	2.732884802	2.732382253318683	2.7310499947185374	0.016259704	0.016266289153915515	0.01606846001581905
654.666666666667	2.733507493	2.732464815514629	2.731084348844149	0.016230166	0.01624107648221713	0.01606143948785881
655.0	2.733690586	2.7325362559906115	2.731113693009681	0.016289605	0.016214361389975084	0.01605372140981565
655.333333333333	2.733646147	2.732596209627062	2.731137853271135	0.016338107	0.016186299320475692	0.01604536849742806
655.666666666667	2.733135903	2.732644362651604	2.731156677637407	0.016164356	0.016157051795842755	0.01603644629985738
656.0	2.733610811	2.7326804540380745	2.731170036769194	0.015864472	0.01612678562085852	0.016027022890035252
656.333333333333	2.734346439	2.7327042766543324	2.731177824578063	0.015950207	0.016095672064239376	0.01601716854255853
656.666666666667	2.734239726	2.7327156781543263	2.7311799587228305	0.016098368	0.016063886021582752	0.016006955400638387
657.0	2.734447964	2.732714561611252	2.73117638100086	0.016251612	0.016031605164238637	0.015996457133672464
657.333333333333	2.73386814	2.732700885890008	2.7311670576323044	0.016501328	0.015999009078372414	0.01598574858706355
657.666666666667	2.732521327	2.732674665758507	2.7311519794357806	0.016288265	0.01596627839847585	0.01597490542595528
658.0	2.732372257	2.7326359717387634	2.731131161894412	0.015803695	0.015933593939552092	0.01596400377459418
658.333333333333	2.732919667	2.7325849296999696	2.731104645111663	0.015508878	0.015901135832148357	0.015953119853058067
658.666666666667	2.733824141	2.7325217201970715	2.731072493656837	0.015602613	0.015869082664338965	0.01594232961311235
659.0	2.73320543	2.732446577559575	2.7310347963006203	0.015861629	0.01583761063467165	0.015931708374968725
659.333333333333	2.732160189	2.732359788736511	2.7309916656415156	0.015595119	0.015806892719983867	0.015921330466724178
659.666666666667	2.732645566	2.732261691904599	2.7309432376245124	0.015229987	0.015777097861873805	0.015911268868252528
660.0	2.733924163	2.732152674847723	2.730889670953815	0.015159071	0.015748390175475073	0.01590159486130546
660.333333333333	2.734999999	2.7320331731168164	2.7308311464019464	0.015876702	0.015720928184035116	0.015892377687555265
660.666666666667	2.732901467	2.7319036679801787	2.73076786601801	0.016396471	0.015694864082637656	0.015883684216277415
661.0	2.731092013	2.731764684175096	2.7307000522383893	0.015899298	0.01567034303423946	0.015875578623327564
661.333333333333	2.731217834	2.7316167874723902	2.730627946903601	0.015396287	0.01564750250101301	0.01586812208301498
661.666666666667	2.731474682	2.731460582066224	2.730551810185499	0.01514444	0.015626471613800652	0.015861372474412692
662.0	2.732139935	2.731296707802083	2.730471919429444	0.01524283	0.01560737058229332	0.01585538410357452
662.333333333333	2.73155538	2.7311258372564016	2.730388567916493	0.015444264	0.015590310148348531	0.01585020744305051
662.666666666667	2.731186644	2.7309486726817154	2.7303020635510618	0.015255622	0.015575391084659765	0.015845888890005932
663.0	2.731277701	2.730765942831633	2.730212727479897	0.015274216	0.015562703740782426	0.015842470544155243
663.333333333333	2.731461508	2.7305783996801756	2.7301208926485634	0.01546174	0.01555232763831136	0.015839990006621785
663.666666666667	2.730723683	2.730386815050299	2.730026902301965	0.015630457	0.015544331116792305	0.015838480200727045
664.0	2.7297325	2.7301919771665237	2.729931108435761	0.015510743	0.015538771031734662	0.015837969215601013
664.333333333333	2.729499371	2.7299946871467373	2.7298338702057756	0.01514999	0.015535692505876591	0.01583848017338758
664.666666666667	2.730007112	2.729795755448224	2.729735552302779	0.015144213	0.015535128734635455	0.015840031120697512
665.0	2.729907482	2.729595998282988	2.7296365233001834	0.015332123	0.015537100846458153	0.01584263494483638
665.333333333333	2.729609096	2.729396234017324	2.7295371539824234	0.015518744	0.015541617818565924	0.01584629931520714
665.666666666667	2.728840819	2.729197279570509	2.7294378156618744	0.015563242	0.015548676448368217	0.015851026650157432
666.0	2.728553753	2.7289999468272876	2.7293388784922894	0.015484979	0.01555826138059941	0.015856814109410963
666.333333333333	2.728431584	2.7288050390786323	2.7292407097867697	0.015473145	0.015570345190011662	0.015863653612091286
666.666666666667	2.728342925	2.7286133475050316	2.7291436723483176	0.015494889	0.015584888519236178	0.015871531880215825
667.0	2.727704032	2.728425647716274	2.72904812282096	0.015450716	0.015601840271205062	0.015880430507408737
667.333333333333	2.727561471	2.7282426963613964	2.7289544100693908	0.0152922	0.015621137855305708	0.015890326052453985
667.666666666667	2.727614292	2.7280652278221633	2.72886287359494	0.015356196	0.015642707486220712	0.01590119015718571
668.0	2.727294392	2.7278939510030606	2.728773841995534	0.015459344	0.015666464534188716	0.015912989688091985
668.333333333333	2.727094506	2.7277295462304547	2.728687631477108	0.015480591	0.015692313925205287	0.015925686900891394
668.666666666667	2.727073918	2.727572662273146	2.7286045444236766	0.015621148	0.015720150589469357	0.015939239627229956
669.0	2.726987665	2.7274239134961586	2.7285248680330283	0.015724367	0.01574985995617006	0.01595360148253936
669.333333333333	2.726747398	2.727283877159152	2.7284488730246257	0.015883803	0.015781318492501573	0.015968722093996867
669.666666666667	2.726091675	2.7271530908704142	2.7283768124260073	0.015881546	0.0158143942845917	0.015984547347433077
670.0	2.72567671	2.727032050206906	2.728308920443539	0.015648642	0.01584894765783276	0.01600101965194621
670.333333333333	2.726185539	2.7269212065103092	2.7282454114229755	0.015530496	0.01588483183391328	0.01601807822090153
670.666666666667	2.726521613	2.726820964868546	2.7281864789048274	0.015594908	0.015921893621666457	0.01603565936792161
671.0	2.726455062	2.7267316822916507	2.728132294779038	0.015910556	0.015959974138677575	0.01605369681640832
671.333333333333	2.725830478	2.7266536660903036	2.7280830085429915	0.01605398	0.015998909560429105	0.016072122021080174
671.666666666667	2.72545975	2.7265871724647157	2.72803874666634	0.01594616	0.016038531893609695	0.016090864499959865
672.0	2.725873773	2.726532405310914	2.7279996120655743	0.015873029	0.01607866977007357	0.016109852175205695
672.333333333333	2.726437139	2.7264895152507664	2.7279656836907518	0.016027723	0.016119149257810907	0.01612901172114806
672.666666666667	2.726372628	2.72645859889139	2.727937016226169	0.016326143	0.016159794685179165	0.016148268917867383
673.0	2.725694957	2.726439698318763	2.72791363990625	0.016392377	0.016200429474551355	0.01616754900863338
673.333333333333	2.725084191	2.726432800829616	2.727895560447288	0.016214097	0.01624087698146044	0.01618677705951681
673.666666666667	2.725605552	2.726437838904757	2.727882759095143	0.016095597	0.016280961335261312	0.016205878319484064
674.0	2.726093503	2.7264546904261215	2.7278751927883937	0.016204836	0.016320508277293637	0.01622477857929146
674.333333333333	2.726138574	2.726483179138871	2.7278727944358834	0.016457508	0.016359345992511418	0.016243404527510334
674.666666666667	2.725895967	2.7265230753588963	2.727875473307043	0.016626204	0.016397305930549215	0.016261684102034987
675.0	2.725655675	2.726574096925016	2.727883115532812	0.016588695	0.016434223612220644	0.01627954683545371
675.333333333333	2.725388627	2.7266359103941333	2.7278955847144735	0.016445616	0.016469939417493244	0.0162969241926975
675.666666666667	2.726535358	2.726708132476474	2.727912722637173	0.016490757	0.01650429935105457	0.016313749899422074
676.0	2.726470762	2.7267903317069067	2.7279343500844404	0.016690171	0.016537155781677856	0.016329960259625496
676.333333333333	2.726258199	2.726882030347202	2.727960267749522	0.01679984	0.01656836815171186	0.016345494461056365
676.666666666667	2.72605819	2.726982706512873	2.7279902572389267	0.016810307	0.016597803653157432	0.01636029486702529
677.0	2.726236224	2.727091796517094	2.728024082163158	0.016746175	0.01662533786695355	0.016374307293295386
677.333333333333	2.726440642	2.7272086974229577	2.728061489309214	0.016826545	0.01665085536227597	0.01638748126879541
677.666666666667	2.726615376	2.7273327697941787	2.728102209889097	0.016928595	0.016674250252852314	0.016399770278971198
678.0	2.726568596	2.727463340633149	2.7281459608582432	0.016993783	0.016695426707516607	0.016411131990667783
678.333333333333	2.726800305	2.7275997064941224	2.7281924462974865	0.016848013	0.016714299412462066	0.01642152845751487
678.666666666667	2.727466582	2.727741136758162	2.728241358851935	0.016809388	0.016730793982903055	0.01643092630487255
679.0	2.727752628	2.7278868770554343	2.7282923812198887	0.016932758	0.016744847322122235	0.016439296893481628
679.333333333333	2.72771768	2.728036152819396	2.7283451876847566	0.016977324	0.016756407926156455	0.016446616461053765
679.666666666667	2.727536317	2.728188172956472	2.7283994456827636	0.016959766	0.01676543613266189	0.01645286624113024
680.0	2.727898164	2.728342133613941	2.7284548173991308	0.016844346	0.01677190431279422	0.016458032558634456
680.333333333333	2.728604417	2.7284972220279373	2.7285109613852985	0.016946221	0.01677579700523999	0.01646210690164224
680.666666666667	2.728863722	2.7286526204327957	2.728567534189737	0.017178035	0.016777110991839997	0.01646508596899481
681.0	2.728663177	2.728807510012344	2.728624191994837	0.017345369	0.016775855314550694	0.016466971693482255
681.333333333333	2.728105434	2.7289610748732684	2.728680592252403	0.017211776	0.01677205123379444	0.016467771240430074
681.666666666667	2.72825811	2.7291125060202974	2.7287363953102957	0.016744392	0.01676573212855053	0.016467496981627045
682.0	2.729385411	2.7292610053126944	2.728791266022845	0.016673317	0.016756943338835276	0.016466166444640124
682.333333333333	2.730004601	2.7294057893814565	2.7288448753377508	0.016723793	0.016745741951507964	0.01646380223766972
682.666666666667	2.73046621	2.729546093486578	2.7288969018523295	0.016932354	0.01673219653061941	0.01646043195020726
683.0	2.730068552	2.7296811752939174	2.728947033332078	0.016992834	0.016716386793788344	0.01645608802986544
683.333333333333	2.730453245	2.729810318551478	2.7289949681847667	0.01684652	0.016698403236346623	0.016450807635859856
683.666666666667	2.731106299	2.7299328366453275	2.7290404168834153	0.016853421	0.016678346705236165	0.01644463246972851
684.0	2.731399642	2.7300480760159225	2.7290831033317895	0.017004291	0.016656327924866945	0.016437608583982292
684.333333333333	2.730727882	2.7301554194162954	2.7291227661662703	0.017116446	0.016632466977355813	0.01642978616948473
684.666666666667	2.729898173	2.7302542889943795	2.729159159988247	0.016783479	0.016606892739758874	0.016421219322462672
685.0	2.730537453	2.730344149182651	2.7291920565214784	0.016245475	0.01657974228108564	0.016411965792150353
685.333333333333	2.73177833	2.7304245093793336	2.7292212456891827	0.016200798	0.016551160222040177	0.016402086710167227
685.666666666667	2.732347683	2.7304949264065694	2.729246536605958	0.016423144	0.016521298060573484	0.01639164630282448
686.0	2.732297838	2.7305550067321587	2.7292677584800042	0.016760889	0.016490313466451703	0.01638071158764551
686.333333333333	2.731416587	2.7306044084429053	2.729284761421468	0.016685725	0.01645836954814699	0.016369352055471742
686.666666666667	2.731920054	2.7306428429588956	2.729297417153177	0.016363348	0.016425634095442072	0.016357639339605833
687.0	2.732575785	2.7306700764796337	2.7293056196203844	0.016493743	0.016392278801206542	0.016345646873519543
687.333333333333	2.732042061	2.7306859311544143	2.7293092854966168	0.01666118	0.016358478465853005	0.01633344953872251
687.666666666667	2.730924365	2.730690285970922	2.729308354583141	0.016512564	0.0163244101880158	0.016321123304450288
688.0	2.73039725	2.7306830773576545	2.7293027901000344	0.016016279	0.01629025254501403	0.016308744860884877
688.333333333333	2.731677145	2.7306642994973642	2.729292578867286	0.015634791	0.01625618476666598	0.01629639124766811
688.666666666667	2.732650183	2.730634004350376	2.729277731374885	0.015892837	0.01622238590601394	0.01628413947950688
689.0	2.732605454	2.7305923013882105	2.7292582817412727	0.016230471	0.016189034010498433	0.01627206617069949
689.333333333333	2.73183764	2.730539357039592	2.7292342875601125	0.016348885	0.016156305297089966	0.016260247160433016
689.666666666667	2.731466211	2.7304753938524366	2.7292058296357533	0.016155193	0.016124373334844646	0.016248757140713343
690.0	2.731968464	2.730400689376968	2.7291730116083377	0.016027375	0.016093408238299887	0.01623766928879101
690.333333333333	2.731298997	2.730315574776594	2.729135959469976	0.01631691	0.016063575875067262	0.016227054905937836
690.666666666667	2.729990509	2.7302204331745386	2.72909482097392	0.016210595	0.01603503709091342	0.016216983064410637
691.0	2.729123206	2.7301156977456333	2.7290497649392074	0.015728176	0.016007946955546686	0.016207520264409903
691.333333333333	2.729939956	2.7300018495638847	2.7290009804536983	0.015268741	0.015982454032247382	0.016198730102802015
691.666666666667	2.731380764	2.7298794152176447	2.7289486759789754	0.015481814	0.01595869967439438	0.016190672955324545
692.0	2.731039923	2.7297489642053105	2.7288930783610277	0.016134875	0.015936817351849323	0.016183405673934757
692.333333333333	2.729548308	2.729611106125466	2.728834431751123	0.016328091	0.015916932010063473	0.01617698130089229
692.666666666667	2.72846884	2.7294664876763175	2.7287729964417253	0.015873777	0.015899159464669858	0.016171448801088246
693.0	2.729183806	2.7293157894800575	2.7287090476227673	0.015302481	0.01588360583421613	0.016166852814044837
693.333333333333	2.73057715	2.729159722748535	2.728642874063989	0.015510372	0.0158703670135798	0.016163233426913105
693.666666666667	2.729867573	2.7289990258072203	2.728574776729442	0.016043454	0.015859528190488314	0.016160625969691186
694.0	2.728179349	2.7288344604949595	2.728505067330659	0.016091339	0.015851163407439903	0.016159060833773033
694.333333333333	2.726998023	2.7286668084574623	2.7284340668252844	0.015653318	0.015845335171187934	0.016158563314818047
694.666666666667	2.727596525	2.7284968673527796	2.7283621038682915	0.015082094	0.015842094111809986	0.016159153480806224
695.0	2.729342561	2.7283254469872706	2.7282895132231797	0.015241528	0.01584147869323319	0.016160846066012244
695.333333333333	2.729420911	2.7281533654007006	2.7282166341407765	0.015901282	0.015843514976928316	0.016163650391496177
695.666666666667	2.728061226	2.7279814449191995	2.7281438087134586	0.01625123	0.015848216440316348	0.016167570312568744
696.0	2.726581159	2.727810508194738	2.7280713802127816	0.015964222	0.015855583851251888	0.016172604193546797
696.333333333333	2.726525432	2.727641374249755	2.727999691418593	0.015358448	0.0158656051997573	0.016178744909970073
696.666666666667	2.727890352	2.7274748545453167	2.7279290829478073	0.015328863	0.015878255687980007	0.016185979878305064
697.0	2.727921429	2.727311749091016	2.727859891591007	0.015698839	0.015893497779131613	0.01619429111301617
697.333333333333	2.727120167	2.727152842614443	2.727792448665061	0.016043415	0.015911281305942535	0.016203655310739813
697.666666666667	2.725758752	2.7269989008077444	2.727727078389854	0.016022802	0.015931543638927733	0.01621404396115427
698.0	2.72526199	2.7268506666682897	2.7276640962971186	0.01555413	0.015954209914510343	0.016225423483997813
698.333333333333	2.726471615	2.72670885695002	2.7276038076792313	0.015423802	0.01597919332278855	0.016237755391551215
698.666666666667	2.727267859	2.726574158741462	2.7275465060856074	0.015756866	0.01600639545445974	0.016250996475768408
699.0	2.726905719	2.72644722618581	2.72749247187411	0.016125226	0.016035706706133728	0.016265099019112054
699.333333333333	2.725809201	2.7263286773578224	2.727441970824608	0.016204679	0.016067006742975867	0.016280011028029714
699.666666666667	2.72505784	2.726219091311549	2.7273952528214926	0.015866863	0.01610016501732218	0.016295676487891785
700.0	2.725594119	2.7261190053122024	2.727352550611609	0.015661011	0.01613504134160367	0.01631203563810503
700.333333333333	2.726153454	2.7260289122646273	2.727314078643676	0.015792294	0.016171486513608026	0.016329025266016046
700.666666666667	2.726193462	2.7259492583500395	2.727280031994838	0.016206588	0.016209342991795897	0.01634657901812725
701.0	2.725311558	2.7258804408817765	2.7272505853895423	0.016504836	0.016248445618077468	0.016364627727065862
701.333333333333	2.724394283	2.7258228063898975	2.727225892315467	0.016313619	0.016288622385146296	0.016383099752673103
701.666666666667	2.724952523	2.7257766489434654	2.727206084240706	0.01606167	0.016329695245163152	0.016401921335516562
702.0	2.725402839	2.7257422087183896	2.7271912699359206	0.016156645	0.016371480956287272	0.016421016961073568
702.333333333333	2.72535837	2.725719670817581	2.7271815349046165	0.016354347	0.01641379196326526	0.016440309732788084
702.666666666667	2.724932096	2.725709164349147	2.727176940924165	0.016506583	0.016456437308014913	0.016459721752167467
703.0	2.723987662	2.7257107617671905	2.7271775256996245	0.016427226	0.016499223565884555	0.016479174504059276
703.333333333333	2.724399402	2.7257244784786456	2.7271833026318744	0.01631616	0.01654195580303136	0.016498589245231315
703.666666666667	2.724873032	2.7257502727183547	2.727194260700981	0.016452705	0.016584438550146907	0.016517887394370843
704.0	2.725096945	2.725788045693438	2.7272103644651744	0.016699186	0.01662647678756789	0.016536990921620597
704.333333333333	2.724653513	2.7258376419967125	2.7272315541752574	0.016884519	0.016667876936646387	0.016555822735780167
704.666666666667	2.724365296	2.725898850287693	2.727257746003698	0.016802383	0.016708447852120153	0.016574307067320916
705.0	2.724798662	2.7259714042384457	2.7272888323871336	0.016710802	0.01674800181012147	0.016592369845390482
705.333333333333	2.725004251	2.7260549837402674	2.7273246824804867	0.016822426	0.016786355486394292	0.01660993906701912
705.666666666667	2.725141064	2.7261492163659233	2.7273651427203607	0.016899249	0.016823330919256616	0.01662694515678386
706.0	2.725178802	2.726253679080879	2.727410037494922	0.017014625	0.01685875645184836	0.016643321315237547
706.333333333333	2.724970397	2.726367900195741	2.727459169916973	0.016959293	0.016892467648246416	0.016659003854467835
706.666666666667	2.725838702	2.726491361550863	2.7275123226964695	0.017000353	0.016924308178108388	0.016673932519215805
707.0	2.726148321	2.7266235009229107	2.7275692591083387	0.017133349	0.016954130664625235	0.016688050792054376
707.333333333333	2.726387208	2.7267637146419834	2.7276297240509964	0.017171321	0.01698179749072039	0.01670130618120312
707.666666666667	2.726499174	2.7269113604068043	2.7276934451906274	0.017249694	0.0170071815586283	0.016713650489637674
708.0	2.726708147	2.7270657602844275	2.72776013418592	0.017152373	0.01703016699821821	0.016725040064238417
708.333333333333	2.727395211	2.7272262038799155	2.727829487987614	0.01729773	0.017050649819697578	0.016735436023814332
708.666666666667	2.726767328	2.7273919516605236	2.727901190206937	0.017471826	0.017068538506632584	0.016744804464932893
709.0	2.726725462	2.727562238418105	2.727974912546675	0.017357872	0.017083754545558095	0.016753116644605506
709.333333333333	2.726730064	2.72773627685267	2.7280503162884653	0.017461425	0.017096232888814344	0.01676034913894269
709.666666666667	2.727062547	2.7279132612594204	2.728127053829705	0.017199356	0.017105922347639232	0.01676648397700632
710.0	2.728702618	2.728092371300994	2.7282047702632095	0.01741495	0.017112785912960823	0.016771508749200473
710.333333333333	2.72841959	2.728272775846299	2.728283104992624	0.017648922	0.01711680100173952	0.01677541668965786
710.666666666667	2.728534421	2.728453636856814	2.7283616933764274	0.017488505	0.017117959627230055	0.016778206732195333
711.0	2.728837432	2.728634113301112	2.7284401683932678	0.017305364	0.017116268491981317	0.01677988353952918
711.333333333333	2.729454654	2.7288133650782176	2.728518162321273	0.017096212	0.01711174900285484	0.016780457505558944
711.666666666667	2.730325891	2.7289905569305226	2.7285953084239454	0.017426524	0.017104437207814835	0.016779944730646965
712.0	2.729337796	2.7291648623270732	2.7286712426352024	0.017644831	0.017094383654720234	0.016778366969939666
712.333333333333	2.728840478	2.7293354672983368	2.728745605236153	0.01747443	0.017081653172826516	0.016775751554895628
712.666666666667	2.728849815	2.7295015742039026	2.7288180425162007	0.017219416	0.01706632457817829	0.016772131288304355
713.0	2.730311246	2.7296624054150818	2.7288882084111403	0.016739821	0.01704849030453849	0.01676754431319831
713.333333333333	2.732096981	2.729817206894912	2.7289557661109853	0.017193586	0.01702825596195158	0.016762033956178722
713.666666666667	2.731393331	2.729965251658826	2.7290203896303793	0.017542742	0.017005739825473345	0.016755648545792954
714.0	2.730463691	2.730105843099941	2.729081765334554	0.017381928	0.01698107225701411	0.01674844120671676
714.333333333333	2.73008895	2.7302383181638827	2.7291395934139926	0.016990175	0.016954395063632898	0.01674046963060923
714.666666666667	2.731048404	2.7303620503589454	2.7291935893011003	0.016578435	0.016925860795983926	0.01673179582461997
715.0	2.732255841	2.7304764525884373	2.729243485022416	0.01692842	0.01689563199095153	0.01672248583863773
715.333333333333	2.731939902	2.7305809797931366	2.7292890304801296	0.017383168	0.016863880362812826	0.016712609472475926
715.666666666667	2.73040111	2.730675131392915	2.7293299946569247	0.017441293	0.01683078594753741	0.016702239964293174
716.0	2.729052656	2.7307584535177503	2.7293661667384543	0.016871088	0.01679653620506916	0.016691453661645546
716.333333333333	2.731386719	2.730830541019557	2.729397357148068	0.015823875	0.01676132508463553	0.016680329676660603
716.666666666667	2.734275863	2.7308910392574757	2.7294233984887457	0.016433557	0.016725352058294306	0.016668949526911732
717.0	2.733461895	2.730939645650471	2.7294441463875634	0.017211163	0.016688821128056405	0.016657396763652958
717.333333333333	2.731441602	2.7309761109923265	2.7294594802407	0.017301088	0.016651939812015494	0.01664575658845497
717.666666666667	2.730037194	2.7310002405252995	2.7294693038509994	0.016712441	0.016614918114972482	0.016634115461252506
718.0	2.731198889	2.731011894769906	2.7294735459552197	0.015712562	0.016577967489065135	0.01662256070151806
718.333333333333	2.733760178	2.731010990109427	2.72947216063846	0.016110477	0.016541299789902267	0.0166111800843458
718.666666666667	2.733084632	2.7309974991256953	2.7294651276336532	0.017017161	0.01650512623481653	0.016600061433290264
719.0	2.730767265	2.730971450693242	2.7294524525044315	0.017160108	0.01646965636636473	0.016589292211854404
719.333333333333	2.729222604	2.730932929832222	2.7294341667101274	0.016352467	0.016435097026793723	0.01657895911556134
719.666666666667	2.731273327	2.7308820773218265	2.729410327552124	0.01524614	0.016401651348971365	0.016569147666572057
720.0	2.73421038	2.730819089077053	2.729381018001268	0.015929022	0.016369517769046934	0.016559941812827196
720.333333333333	2.732482003	2.7307442152928365	2.72934634640657	0.016870904	0.01633888906585637	0.016551423533694105
720.666666666667	2.730336592	2.730657759360459	2.7293064460859298	0.016574748	0.016309951431826644	0.016543672454090864
721.0	2.729786786	2.7305600765621105	2.7292614748001762	0.015855311	0.01628288357986332	0.016536765469034983
721.333333333333	2.731536846	2.7304515725502188	2.72921161411225	0.01524292	0.016257855890427497	0.01653077638052725
721.666666666667	2.733146124	2.7303327016188916	2.729157068633919	0.015982246	0.016235029602725243	0.016525775548630658
722.0	2.73153155	2.7302039647754293	2.729098065162973	0.016810104	0.016214556053645034	0.016521829558540653
722.333333333333	2.729023301	2.730065907620434	2.729034851714383	0.016555904	0.01619657596778903	0.016519000905366097
722.666666666667	2.728468598	2.7299191180455007	2.7289676964494904	0.015751482	0.016181218801651943	0.01651734769825105
723.0	2.730446997	2.729764223757928	2.7288968865077865	0.015429106	0.016168602144709388	0.01651692338536585
723.333333333333	2.731001445	2.7296018896422645	2.7288227267463934	0.015980443	0.016158831179885196	0.0165177765011831
723.666666666667	2.729686517	2.729432814968842	2.728745538392851	0.01627059	0.016151998205575453	0.016519950437330275
724.0	2.728298841	2.729257730459773	2.728665657617286	0.015812022	0.016148182221116112	0.016523483238177306
724.333333333333	2.72918387	2.7290773952231677	2.7285834340304755	0.015462607	0.016147448577290707	0.01652840742217508
724.666666666667	2.730499071	2.7288925935666186	2.728499229114765	0.015764617	0.016149848693185805	0.01653474982981066
725.0	2.729760232	2.728704131701262	2.7284134145951326	0.016340746	0.016155419840413084	0.016542531498888603
725.333333333333	2.728389418	2.728512834347995	2.7283263707580643	0.016462458	0.01616418499542942	0.016551767567685737
725.666666666667	2.72742003	2.7283195412577106	2.7282384846315133	0.016165721	0.016176152760398684	0.01656246723107281
726.0	2.727499593	2.7281251036576633	2.7281501482763404	0.015950832	0.01619131735275179	0.01657463368738313
726.333333333333	2.727714975	2.727930380636398	2.728061757039106	0.015913502	0.016209658663314176	0.01658826411612525
726.666666666667	2.727054611	2.7277362354799566	2.727973707775459	0.015874311	0.016231142382582164	0.01660334968635739
727.0	2.727127491	2.7275435321111012	2.727886397053588	0.015671467	0.01625572015274575	0.016619875595333615
727.333333333333	2.728049858	2.727353131259922	2.727800219347287	0.015660185	0.016283329858572764	0.016637821136832813
727.666666666667	2.728319175	2.7271658866600212	2.7277155652282525	0.016186144	0.016313895974561333	0.016657159798392638
728.0	2.727635169	2.7269826412788714	2.7276328195671686	0.016621501	0.016347329967882625	0.016677859386492338
728.333333333333	2.726190083	2.7268042235914978	2.72755235975302	0.016606413	0.01638353075636545	0.01669988217856261
728.666666666667	2.726087304	2.7266314439072232	2.7274745539398912	0.01634015	0.016422385220481093	0.01672318510054744
729.0	2.726165836	2.7264650907598686	2.7273997593302997	0.016394885	0.01646376876797417	0.016747719928584186
729.333333333333	2.725354889	2.7263059273724566	2.727328320503701	0.016490176	0.016507545949457313	0.016773433513280603
729.666666666667	2.724957621	2.7261546882080645	2.727260567798423	0.016277046	0.016553571122947617	0.01680026802495008
730.0	2.724997984	2.7260120756191144	2.7271968157549074	0.015978105	0.016601689164975418	0.01682816121806528
730.333333333333	2.726354127	2.725878756607894	2.7271373616276398	0.015948171	0.016651736225545066	0.016857046713106488
730.666666666667	2.727285823	2.725755359711595	2.7270824839726684	0.016628166	0.016703540523877205	0.016886854293913442
731.0	2.726150944	2.7256424720255183	2.7270324413170313	0.017204418	0.016756923181517214	0.016917510218598813
731.333333333333	2.724707575	2.725540636378372	2.7269874709158555	0.017256182	0.016811699089059336	0.016948937542046783
731.666666666667	2.723673753	2.725450348673725	2.7269477876022594	0.016822458	0.0168676778024145	0.016981056448001557
732.0	2.724601363	2.725372055411699	2.726913582734579	0.016582081	0.01692466446424691	0.017013784588747003
732.333333333333	2.724819633	2.7253061514048147	2.72688502324477	0.017106895	0.016982460745923553	0.017047037430389718
732.666666666667	2.723662517	2.7252529777016488	2.72686225079122	0.017268462	0.017040865805066502	0.017080728601782627
733.0	2.722611406	2.7252128197314684	2.726845381018513	0.016984267	0.01709967725357358	0.017114770245163904
733.333333333333	2.723191184	2.725185905682403	2.7268345029260757	0.016564327	0.017158692130781965	0.017149073366635924
733.666666666667	2.725346218	2.7251724051249084	2.7268296783469603	0.016615537	0.01721770787629532	0.01718354818466949
734.0	2.726220674	2.7251724278913327	2.726830945274935	0.017399966	0.01727652329688048	0.017218103602106568
734.333333333333	2.725179725	2.7251860232212515	2.7268383125367266	0.017886679	0.017334939521767657	0.01725264869456623
734.666666666667	2.723688203	2.725213179181	2.726851759725142	0.017845629	0.017392760940660373	0.017287093025519003
735.0	2.723167975	2.7252538223643517	2.7268712372504305	0.017362244	0.01744979611877969	0.01732134694923082
735.333333333333	2.72429618	2.7253078122000565	2.7268966665050205	0.017268983	0.01750586016603729	0.017355321900903768
735.666666666667	2.724662394	2.7253749500825295	2.726927940136534	0.017800208	0.017560773326156503	0.01738893067341781
736.0	2.723772567	2.7254549792836587	2.7269649224238335	0.018013803	0.01761436192959631	0.017422087680153176
736.333333333333	2.72324852	2.72554758520077	2.7270074497507206	0.017787995	0.017666459298564093	0.01745470920344735
736.666666666667	2.723656435	2.7256523959452195	2.7270553311717864	0.017351028	0.017716906596867657	0.017486713628312164
737.0	2.725727182	2.7257689832723893	2.727108349064877	0.017381293	0.01776555361800843	0.017518021661105724
737.333333333333	2.726567772	2.7258968638502576	2.7271662598622344	0.017938496	0.017812259505604996	0.017548556533615155
737.666666666667	2.725841822	2.7260355008602817	2.72722879485883	0.018375656	0.017856893400954293	0.017578244191167026
738.0	2.724831928	2.726184305921003	2.727295661091688	0.018416607	0.01789933501328141	0.017607013464797393
738.333333333333	2.724680796	2.7263426413216685	2.72736654228414	0.018120925	0.017939475108992294	0.0176347962275509
738.666666666667	2.725678484	2.726509822550219	2.727441099849105	0.0180795	0.01797721591702119	0.017661527535012433
739.0	2.726380582	2.726685121097316	2.7275189739455943	0.018397985	0.018012471448149756	0.017687145750205233
739.333333333333	2.725997677	2.726867767515561	2.7275997845828384	0.018595987	0.018045167726962203	0.017711592653016705
739.666666666667	2.725847087	2.727056954710873	2.727683132766571	0.018401721	0.01807524293588343	0.01773481353433785
740.0	2.726592627	2.727251841441011	2.727768601682185	0.018024887	0.01810264747151931	0.01775675727512484
740.333333333333	2.727819969	2.7274515559945476	2.727855757909631	0.018063797	0.018127343914273637	0.017777376410611948
740.666666666667	2.728119879	2.727655200022232	2.727944152665096	0.01842919	0.018149306912948863	0.017796627179924338
741.0	2.727538995	2.7278618524915426	2.7280333230646727	0.018667777	0.018168522986741625	0.017814469561357852
741.333333333333	2.72697665	2.728070573734469	2.7281227934053622	0.018679943	0.018184990247714024	0.017830867293610518
741.666666666667	2.727114875	2.7282804095580366	2.72821207645893	0.018499165	0.018198718047451958	0.01784578788326838
742.0	2.727973841	2.728490395386902	2.7283006747742444	0.018387442	0.018209726552207994	0.017859202598865812
742.333333333333	2.728846965	2.7286995604074384	2.7283879375325926	0.018436677	0.018218046251363414	0.017871117164163897
742.666666666667	2.7295507	2.728906931683116	2.728473370029575	0.01853016	0.018223717404528855	0.01788150702568063
743.0	2.729664726	2.7291115382116597	2.7285564718766486	0.018489881	0.018226789433030625	0.017890350977306974
743.333333333333	2.729883243	2.7293124148953734	2.728636737928118	0.018264945	0.018227320261898963	0.017897631186068942
743.666666666667	2.730205871	2.72950883064729	2.7287136592351517	0.018285473	0.018225323251800065	0.01790333320167024
744.0	2.729924982	2.7296997661672733	2.728786724022743	0.018505609	0.0182208877686959	0.017907445949821188
744.333333333333	2.729613901	2.7298842265280774	2.728855418685348	0.018367314	0.01821410843445719	0.01790996170945267
744.666666666667	2.729812676	2.730061245083941	2.728919228796761	0.018257144	0.018205084115894672	0.01791087607400838
745.0	2.730230933	2.7302298869766655	2.7289776401296715	0.01817646	0.01819391694079015	0.017910187897103632
745.333333333333	2.731187049	2.730389252238789	2.729030139680207	0.017993213	0.01818071134627186	0.017907899222933392
745.666666666667	2.73224363	2.7305384784957085	2.729076216787348	0.017934499	0.01816557316452061	0.017904015177194085
746.0	2.732638523	2.7306767432708754	2.7291153641001693	0.018038035	0.018148608750402306	0.0178985438815201
746.333333333333	2.732323441	2.7308032659003803	2.729147078546546	0.01815916	0.01812992415520278	0.017891496352038145
746.666666666667	2.731636836	2.730917309065341	2.729170862297733	0.018210576	0.018109624350196	0.017882886382838182
747.0	2.731151929	2.7310181799525446	2.729186223723127	0.018029487	0.018087812503311484	0.017872730415279998
747.333333333333	2.731165322	2.7311052310557056	2.7291926783295373	0.017915785	0.018064589311685055	0.017861047394165056
747.666666666667	2.731509018	2.7311778606314743	2.7291897496793047	0.017738386	0.018040052392383488	0.017847858611901156
748.0	2.732149133	2.731235512826012	2.7291769702817477	0.017686283	0.01801429573309299	0.0178331875418745
748.333333333333	2.732620051	2.731277677489405	2.7291538824525414	0.017786533	0.017987409204057295	0.017817059662317516
748.666666666667	2.732861596	2.731303889696578	2.7291200391358728	0.017737461	0.017959478132049136	0.017799502272022556
749.0	2.733390052	2.7313137289944844	2.729075004684465	0.017755871	0.017930582936662415	0.017780544299299716
749.333333333333	2.733224583	2.7313068183964035	2.729018355592862	0.017804708	0.017900798828725892	0.01776021610561275
749.666666666667	2.732844571	2.7312828231449218	2.7289496811797322	0.017900566	0.017870195570167217	0.01773854928534898
750.0	2.731721062	2.7312414492658603	2.72886858421531	0.017905051	0.017838837294201774	0.017715576463188682
