Frequency/GHz	real_ε	real_ε_SG_filtered	real_ε_SG_filtered+RA	loss_T	loss_T_SG_filtered	loss_T_SG_filtered+RA
500.0	2.743743522	2.7417477638639185	2.7394474876180523	0.013676823	0.013878444327573144	0.013761710425452711
500.333333333333	2.744568367	2.7418323371332374	2.7395459332034124	0.013613835	0.01386095926845684	0.013752023583669592
500.66666666666697	2.743107931	2.7419014156160713	2.739630765424508	0.013709373	0.01384248827941841	0.013741987598964786
501.0	2.741712273	2.7419549745855165	2.739702186995921	0.013852368	0.01382308688729574	0.01373165159467189
501.333333333333	2.742684452	2.7419930014426996	2.739760417274544	0.013865839	0.013802816713503889	0.01372106558265111
501.66666666666697	2.741766209	2.7420154979484175	2.7398056925951426	0.014392872	0.013781745513156111	0.013710280322698854
502.0	2.740902343	2.7420224825389594	2.739838266537781	0.014475002	0.013759947170097323	0.01369934717668714
502.333333333333	2.741255286	2.74201399270958	2.739858410123202	0.013781005	0.013737501645543434	0.013688317958306282
502.66666666666697	2.74174748	2.741990087447491	2.7398664119327063	0.012955744	0.013714494878241952	0.0136772447793276
503.0	2.744678075	2.741950849694678	2.739862578149535	0.012842579	0.013691018634312126	0.013666179893339138
503.333333333333	2.745394855	2.741896388819446	2.7398472325192653	0.013528661	0.013667170305184948	0.013655175537936059
503.66666666666697	2.744662343	2.741826843074268	2.739820716227272	0.014144198	0.013643052652343312	0.013644283776367791
504.0	2.741791011	2.741742382016348	2.739783387691859	0.014218876	0.01361877349785901	0.013633556339656065
504.333333333333	2.741047016	2.7416432088662774	2.739735622272261	0.013632078	0.013594445360033819	0.01362304447020088
504.66666666666697	2.742309508	2.7415295627793035	2.739677811891315	0.013448797	0.013570185033775245	0.013612798767885105
505.0	2.742031099	2.741401721003027	2.739610364573221	0.01406013	0.013546113115670994	0.013602869039672309
505.333333333333	2.740601732	2.741260000894836	2.739533703897429	0.01385126	0.013522353474067661	0.013593304153666582
505.66666666666697	2.740244182	2.741104761772073	2.7394482683703303	0.013212119	0.013499032664806582	0.013584151898567006
506.0	2.74084667	2.7409364065678057	2.7393545107170367	0.012635894	0.013476279293619574	0.013575458849403255
506.333333333333	2.74405663	2.7407553832651472	2.739252897137118	0.012467544	0.013454223326538024	0.013567270206466002
506.66666666666697	2.744784692	2.7405621860834017	2.739143906457861	0.013543169	0.013432995350016736	0.013559629660660872
507.0	2.742752613	2.7403573563897727	2.739028029217083	0.014403101	0.01341272578281686	0.013552579265325602
507.333333333333	2.739420228	2.7401415230042483	2.7389057666793617	0.014255273	0.01339348360263783	0.013546159315201593
507.66666666666697	2.7388	2.739915322931033	2.738777629790048	0.013283991	0.013375380075821964	0.013540408233211721
508.0	2.740479067	2.7396794375397784	2.738644138071841	0.013056676	0.013358523277344448	0.01353536246565292
508.333333333333	2.739619615	2.739434591646455	2.7385058184691142	0.013515987	0.013343017459986374	0.01353105638636563
508.66666666666697	2.738134402	2.7391815522523806	2.738363204145559	0.013141074	0.013328962434916995	0.013527522210392643
509.0	2.738537537	2.7389211269391502	2.738216828199873	0.012709873	0.013316452968417701	0.013524819905419877
509.333333333333	2.739087061	2.7386541619201465	2.7380672370971966	0.012455751	0.013305578199446947	0.01352297970319899
509.66666666666697	2.741251411	2.7383815397521465	2.737914980624984	0.012270421	0.013296421082672417	0.013522029028944671
510.0	2.741786403	2.7381041767135614	2.7377606105209735	0.013625878	0.013289057861483308	0.013521992368155097
510.333333333333	2.739059391	2.737823019858765	2.737604679059592	0.014319811	0.01328355757534126	0.013522891141023239
510.66666666666697	2.736143406	2.737539043760907	2.737447737601448	0.014005703	0.013279981605633527	0.013524743585117913
511.0	2.734963355	2.737253246958543	2.7372903351108495	0.013150844	0.01327838326395654	0.01352756464700736
511.333333333333	2.73641232	2.7369666481241834	2.7371330166464345	0.012687658	0.013278807426482638	0.013531365883491239
511.66666666666697	2.736170479	2.7366802819756484	2.736976321830236	0.013061119	0.013281290217748543	0.01353615537309886
512.0	2.735472828	2.7363951949536873	2.7368207833006695	0.013034295	0.013285858746851745	0.013541937638502846
512.333333333333	2.735420715	2.7361124406917736	2.7366669251550957	0.012727978	0.013292530898652398	0.013548713580487629
512.666666666667	2.735885432	2.7358330753063114	2.7365152613877717	0.012478699	0.013301315182154605	0.013556480424101779
513.0	2.738293287	2.7355581525375294	2.7363662943291276	0.012788257	0.013312210637784929	0.013565231677611573
513.333333333333	2.737646547	2.7352887187732193	2.736220513092427	0.013937827	0.01332520680479942	0.013574957104860742
513.666666666667	2.733972778	2.7350258079891234	2.736078392033994	0.014189822	0.013340283749536243	0.01358564271162758
514.0	2.732291187	2.7347704366411048	2.73594038923324	0.013617512	0.01335741215469183	0.013597270746555666
514.333333333333	2.732206973	2.734523598545339	2.735806944998846	0.012984303	0.013376553469237778	0.013609819717217827
514.666666666667	2.733926235	2.7342862597835556	2.735678480407474	0.012630794	0.013397660118016432	0.013623264421854658
515.0	2.734193916	2.73405935367082	2.7355553958835617	0.013086812	0.013420675769459047	0.013637575996161992
515.333333333333	2.733678159	2.733843775823516	2.73543806982565	0.013248854	0.013445535659265305	0.013652721976041992
515.666666666667	2.733311334	2.733640379364988	2.73532685728585	0.013221009	0.013472166967270289	0.013668666376617618
516.0	2.732864045	2.7334499727625237	2.7352220887090413	0.01298158	0.013500487209134146	0.013685369787768412
516.333333333333	2.73460011	2.7332733136794074	2.735124068738323	0.013385029	0.013530405821754328	0.013702789486402472
516.666666666667	2.733247231	2.7331111047472647	2.7350330750931717	0.014210909	0.013561824551056909	0.013720879565634619
517.0	2.730805558	2.7329639895717777	2.734949357526656	0.014094463	0.013594637881262382	0.01373959108099455
517.333333333333	2.729983762	2.732832548999364	2.734873136867913	0.013747921	0.013628733503258644	0.013758872213740963
517.666666666667	2.73006379	2.7327172976709004	2.7348046034944233	0.013261082	0.013663992819489521	0.013778669458631659
518.0	2.731400228	2.732618680886851	2.7347439172274273	0.013065012	0.01370029148256571	0.013798927085355529
518.333333333333	2.732051337	2.7325370718062616	2.7346912067262195	0.013409941	0.013737499964627182	0.01381958735971046
518.666666666667	2.731803893	2.732472769000049	2.734646568998938	0.013778335	0.01377548415433457	0.013840590776298563
519.0	2.731562321	2.7324259943768268	2.734610069034247	0.013797343	0.013814105978242024	0.013861876301811992
519.333333333333	2.730885992	2.7323968914971717	2.734581739557744	0.013600192	0.013853224043207737	0.013883381627912817
519.666666666667	2.731870033	2.732385524289852	2.7345615809163397	0.01387786	0.01389269429643038	0.01390504343264411
520.0	2.731678452	2.732391876180993	2.734549561093251	0.014153553	0.013932370699661781	0.013926797649247218
520.333333333333	2.731040659	2.732415849644594	2.7345456158555512	0.014332933	0.013972105914137195	0.013948579741202416
520.666666666667	2.730389324	2.732457266180172	2.7345496490355887	0.014259931	0.01401175199278525	0.013970324982257176
521.0	2.730094178	2.7325158667206297	2.734561532946827	0.01392055	0.01405116107632843	0.013991968740158733
521.333333333333	2.731110386	2.7325913124708	2.7345811089339676	0.013706628	0.014090186089961298	0.014013446762765796
521.666666666667	2.731682058	2.732683186174398	2.7346081880564586	0.013855598	0.01412868143739523	0.01403469546517857
522.0	2.732349183	2.7327909938045116	2.734642551903727	0.014225046	0.014166503689184186	0.014055652216497412
522.333333333333	2.731933474	2.7329141666701533	2.7346839535397316	0.014448675	0.014203512262392361	0.014076255624798552
522.666666666667	2.731352824	2.7330520639288283	2.7347321185736564	0.014291182	0.014239570088829773	0.014096445818901304
523.0	2.73201961	2.7332039754926907	2.7347867463528166	0.014385082	0.014274544269262347	0.014116164725495097
523.333333333333	2.732407063	2.733369125313454	2.734847511273093	0.014357169	0.014308306711195182	0.01413535634019739
523.666666666667	2.732852497	2.733546675029021	2.7349140642015874	0.014475863	0.014340734748028355	0.014153966991086262
524.0	2.732513643	2.733735727952704	2.734986034005454	0.014705853	0.014371711737588567	0.014171945593279929
524.333333333333	2.732325777	2.733935333383956	2.7350630291801883	0.014425362	0.014401127638243838	0.014189243893156225
524.666666666667	2.733255148	2.7341444913445874	2.735144639570028	0.014424714	0.014428879492215194	0.01420581670083485
525.0	2.733596676	2.734362157528319	2.735230438172534	0.014420109	0.014454871908471032	0.01422162210958409
525.333333333333	2.734319458	2.7345872485068323	2.735319983018843	0.014559518	0.01447901750860523	0.014236621700862262
525.666666666667	2.7342892	2.7348186471635425	2.7354128191206155	0.014720049	0.01450123733385426	0.01425078073376268
526.0	2.734785289	2.7350552083247015	2.7355084804742114	0.014556362	0.014521461211663091	0.014264068317699602
526.333333333333	2.735583965	2.7352957645561045	2.73560649207132	0.014819777	0.014539628080466842	0.014276457601168238
526.666666666667	2.735209934	2.73553913209242	2.7357063719757724	0.014795831	0.014555686271612685	0.014287925923120197
527.0	2.735704157	2.735784116865207	2.735807633428182	0.014876907	0.014569593747601526	0.014298454946708972
527.333333333333	2.735338256	2.736029520594876	2.73590978696849	0.015092318	0.014581318296079676	0.014308030774533824
527.666666666667	2.735340239	2.73627414691128	2.736012342566447	0.014812919	0.014590837679254225	0.014316644044576561
528.0	2.737375385	2.736516807467289	2.736114811750014	0.015003621	0.014598139738640334	0.014324290006097473
528.333333333333	2.737277024	2.7367563280095735	2.736216709721723	0.015122498	0.014603222455272482	0.014330968574833739
528.666666666667	2.737788767	2.7369915543709444	2.736317557453127	0.015073521	0.014606093965722764	0.01433668436692615
529.0	2.738372335	2.7372213583489327	2.736416883747622	0.014769548	0.014606772534467224	0.01434144671108749
529.333333333333	2.739256396	2.7374446434359068	2.736514227262128	0.014300609	0.014605286483324424	0.014345269638618598
529.666666666667	2.739949058	2.7376603503667987	2.7366091384783626	0.014427191	0.014601674078858895	0.014348171850975276
530.0	2.73958702	2.7378674624515993	2.736701181614758	0.014664499	0.014595983378795224	0.014350176664690874
530.333333333333	2.738917544	2.738065010661014	2.7367899364704074	0.014819779	0.01458827203862682	0.014351311933565007
530.666666666667	2.737669709	2.738252078435173	2.73687500019282	0.014876088	0.014578607079727005	0.01435160994813796
531.0	2.737250978	2.7384278061869938	2.7369559889616935	0.014426767	0.014567064620380269	0.0143511073125826
531.333333333333	2.739482962	2.738591395473657	2.737032539581367	0.014166305	0.014553729571249164	0.014349844799260289
531.666666666667	2.741026153	2.7387421128117593	2.7371043109751154	0.01464815	0.01453869529687902	0.014347867181303887
532.0	2.741122679	2.738879293113951	2.737170985574962	0.01504392	0.014522063244920178	0.01434522304370889
532.333333333333	2.740116639	2.739002342727266	2.7372322706012207	0.014731465	0.014503942544817508	0.014341964573530767
532.666666666667	2.740345308	2.7391107420559293	2.737287899226558	0.014436666	0.014484449577782154	0.014338147329903746
533.0	2.740988594	2.739204047754098	2.737337631619916	0.014295871	0.01446370751992245	0.014333829994711755
533.333333333333	2.741015609	2.739281894482884	2.7373812558662536	0.014375507	0.014441845858131797	0.0143290741048558
533.666666666667	2.740614377	2.739343996221125	2.7374185887586298	0.01463116	0.014418999881156237	0.014323943767172205
534.0	2.739894797	2.739390147125142	2.7374494764597648	0.014479523	0.014395310147269559	0.014318505357162451
534.333333333333	2.740532577	2.7394202219357484	2.737473795030822	0.014263363	0.014370921929955337	0.014312827202796818
534.666666666667	2.741361056	2.7394341759339036	2.737491450825716	0.014183384	0.014345984642970783	0.014306979254749797
535.0	2.742027098	2.739432044449377	2.7375023807477703	0.014414342	0.01432065124614941	0.014301032745661026
535.333333333333	2.741217266	2.739413941929849	2.7375065523692097	0.014662128	0.014295077633290364	0.014295059839534618
535.666666666667	2.739835665	2.7393800605807583	2.737503963913433	0.014497781	0.01426942200348558	0.014289133273053313
536.0	2.739965878	2.739330668589033	2.7374946441005537	0.014025284	0.014243844217252359	0.014283325990662865
536.333333333333	2.740525451	2.7392661079465643	2.7374786518572933	0.013833986	0.014218505138871823	0.014277710775349697
536.666666666667	2.74121888	2.7391867918918016	2.737456075892865	0.013924795	0.014193565966383399	0.014272359877090959
537.0	2.740525039	2.7390932019902445	2.7374270341430527	0.014235637	0.014169187550753456	0.014267344640999522
537.333333333333	2.739731967	2.738985884876799	2.737391673085209	0.014271659	0.014145529705822932	0.014262735137216515
537.666666666667	2.73918362	2.738865448684943	2.737350166927447	0.013950196	0.014122750510744238	0.014258599794620292
538.0	2.739628461	2.738732559189394	2.737302716675809	0.01396268	0.014101005606741787	0.014255005040422668
538.333333333333	2.739311704	2.73858793569049	2.737249549083694	0.014144605	0.014080447490171752	0.014252014947710518
538.666666666667	2.738533951	2.7384323466697644	2.7371909154883105	0.01428828	0.014061224804014907	0.014249690892963419
539.0	2.737746355	2.7382666052471833	2.7371270905393916	0.014220926	0.014043481630108542	0.01424809122553567
539.333333333333	2.737259968	2.7380915644712394	2.7370583708258667	0.013749125	0.014027356784608412	0.014247270951033987
539.666666666667	2.738922022	2.7379081124735736	2.7369850734065935	0.013491865	0.014012983119366326	0.014247281430450821
540.0	2.739612712	2.7377171675199534	2.7369075342516935	0.013761289	0.014000486832109738	0.014248170096827644
540.333333333333	2.738700096	2.7375196729893645	2.736826106601409	0.014147694	0.013989986788514324	0.01424998019112376
540.666666666667	2.737269268	2.737316592312585	2.7367411592497626	0.014205526	0.013981593859463697	0.014252750518854348
541.0	2.736102227	2.737108903901025	2.7366530747606683	0.013842712	0.01397541027698971	0.014256515228937918
541.333333333333	2.736460955	2.736897596095711	2.736562247624429	0.013819678	0.013971529012577248	0.014261303616058468
541.666666666667	2.735773312	2.7366836621651847	2.7364690823628885	0.013933396	0.013970033181695313	0.014267139947703044
542.0	2.735503129	2.736468095380059	2.736373991591734	0.013960797	0.013970995478496964	0.014274043316881693
542.333333333333	2.735255679	2.736251884190378	2.736277394048716	0.014015236	0.013974477644771048	0.014282027521375572
542.666666666667	2.735079093	2.7360360075303167	2.7361797125967318	0.013630754	0.013980529977310228	0.014291100970191345
543.0	2.736582424	2.735821430272956	2.7360813722109047	0.013418364	0.01398919087790511	0.014301266617727255
543.333333333333	2.737135832	2.735609098855985	2.7359827979589326	0.013790729	0.014000486450179532	0.014312521925979815
543.666666666667	2.735619561	2.7353999370971396	2.7358844129839692	0.014156576	0.014014430147443085	0.014324858854980372
544.0	2.734122212	2.7351948422161274	2.7357866364993995	0.014158355	0.014031022475650653	0.014338263881463968
544.333333333333	2.733271642	2.7349946810776276	2.7356898818048796	0.013892774	0.014050250755422378	0.014352718045604264
544.666666666667	2.733180091	2.734800286667818	2.7355945543329567	0.013928531	0.014072088946889052	0.014368197025482997
545.0	2.73315471	2.734612454814681	2.7355010497355314	0.01394991	0.01409649754088648	0.01438467123880178
545.333333333333	2.733721473	2.734431941160247	2.735409752019262	0.013903338	0.014123423519726952	0.014402105971189537
545.666666666667	2.733804468	2.7342594583907927	2.7353210317388714	0.013978687	0.014152800390427444	0.014420461530311197
546.0	2.734047548	2.7340956737290383	2.7352352442570744	0.013798739	0.014184548292872978	0.01443969342484419
546.333333333333	2.734413132	2.7339412066904174	2.7351527280795818	0.014036346	0.014218574184942587	0.014459752567258836
546.666666666667	2.733549577	2.733796627103707	2.735073803273342	0.0142492	0.014254772106126508	0.014480585499218622
547.0	2.732172834	2.733662453394584	2.734998769975791	0.014230136	0.01429302352062105	0.014502134638306487
547.333333333333	2.731402623	2.7335391511291416	2.734927907002514	0.014164969	0.014333197740306324	0.014524338544684691
547.666666666667	2.731146434	2.733427131812999	2.734861470560227	0.014194487	0.014375152427396726	0.014547132206208537
548.0	2.731040484	2.7333267519403837	2.734799693071561	0.014221492	0.01441873417591127	0.01457044734043881
548.333333333333	2.731400729	2.7332383122865362	2.7347427821175176	0.014228457	0.014463779170446642	0.014594212711933962
548.666666666667	2.732037824	2.7331620574358424	2.734690919502976	0.014209256	0.014510113920057778	0.014618354463151082
549.0	2.732445873	2.73309817553745	2.7346442604499623	0.014177201	0.014557556064366319	0.01464279645724413
549.333333333333	2.732821821	2.733046798279501	2.734602932922785	0.014095844	0.014605915248334413	0.01466746063101861
549.666666666667	2.733065783	2.7330080010728044	2.7345670370884707	0.014275946	0.014654994061468368	0.014692267356283227
550.0	2.732586613	2.732981803434505	2.7345366449152277	0.014432633	0.014704589036562077	0.014717135807830739
550.333333333333	2.732285771	2.732968169562257	2.7345117999109623	0.01455451	0.01475449170246213	0.01474198433628138
550.666666666667	2.731950688	2.7329670090895095	2.7344925170031433	0.014639668	0.014804489684741122	0.014766730844032306
551.0	2.731952407	2.732978178012655	2.7344787825605574	0.014696971	0.01485436784761328	0.014791293162574638
551.333333333333	2.732435855	2.7330014797812074	2.734470554556748	0.014782793	0.014903909469923836	0.01481558942946513
551.666666666667	2.7330252	2.733036666542491	2.7344677628742082	0.014852754	0.014952897447597945	0.014839538463271344
552.0	2.733060011	2.7330834405328894	2.734470309747605	0.014928053	0.015001115514552849	0.014863060134846555
552.333333333333	2.733133263	2.7331414556082043	2.7344780703435996	0.014971841	0.015048349473763949	0.014886075733334161
552.666666666667	2.733208338	2.7332103189062966	2.734490893474102	0.01502527	0.015094388429936743	0.014908508325348551
553.0	2.73313388	2.7332895926357708	2.734508602439061	0.015142031	0.01513902601507608	0.01493028310583037
553.333333333333	2.73310668	2.733378795985072	2.73453099599423	0.015297188	0.015182061598165266	0.014951327739127846
553.666666666667	2.733304748	2.7334774071469696	2.7345578494386773	0.015448544	0.015223301470171964	0.014971572688912199
554.0	2.7333852	2.7335848654539294	2.7345889158161674	0.015506168	0.015262559995687352	0.01499095153559309
554.333333333333	2.733837569	2.733700573620387	2.7346239272239794	0.015494473	0.015299660722679208	0.015009401279959677
554.666666666667	2.734404336	2.733823900088368	2.734662596222146	0.015534512	0.015334437442097924	0.015026862631833532
555.0	2.734577559	2.73395418147321	2.7347046173356016	0.015551743	0.015366735189414667	0.015043280282581083
555.333333333333	2.73452827	2.7340907251064355	2.7347496686412707	0.015628404	0.015396411180590007	0.015058603160395652
555.666666666667	2.73452157	2.7342328116729084	2.7347974134317115	0.015775062	0.015423335675465128	0.015072784667322025
556.0	2.734436607	2.7343796979394774	2.7348475019465694	0.015953478	0.015447392762131154	0.015085782897060031
556.333333333333	2.734479502	2.734530619572166	2.7348995731627976	0.016175119	0.015468481056458915	0.015097560832648209
556.666666666667	2.734124611	2.734684794038804	2.7349532566343506	0.016296721	0.015486514311655385	0.015108086523193771
557.0	2.733947945	2.7348414235935854	2.7350081743718637	0.016237256	0.015501421933445688	0.015117333238881914
557.333333333333	2.73428957	2.734999698339617	2.735063942752694	0.016162476	0.015513149397253697	0.015125279603565356
557.666666666667	2.734676678	2.7351587993649416	2.7351201744516374	0.016077139	0.015521658564560621	0.015131909704305124
558.0	2.734834484	2.7353179019467837	2.73517648038259	0.016059039	0.015526927896450932	0.015137213177305457
558.333333333333	2.734446872	2.7354761788180144	2.7352324716414795	0.016032356	0.015528952563198925	0.015141185269760464
558.666666666667	2.734273819	2.7356328034889414	2.735287761440864	0.01584004	0.015527744449597819	0.015143826877207545
559.0	2.734724344	2.735786953616556	2.735341967026754	0.015623981	0.015523332056577311	0.01514514455606327
559.333333333333	2.735456159	2.7359378144123774	2.7353947115683845	0.015621588	0.015515760300485366	0.01514515051110166
559.666666666667	2.736128057	2.7360845820789534	2.7354456260119258	0.01586395	0.015505090212216997	0.015143862557722666
560.0	2.736247689	2.7362264672640304	2.735494350889376	0.016041675	0.0154913985391483	0.015141304058950509
560.333333333333	2.735452968	2.7363626985202703	2.735540538074234	0.015839252	0.015474777253569971	0.015137503837197539
560.666666666667	2.735806532	2.7364925257573836	2.735583852475892	0.015383595	0.015455332972003567	0.015132496060929099
561.0	2.736920874	2.736615223672463	2.735623973665089	0.015228945	0.01543318629041928	0.015126320106468942
561.333333333333	2.737232083	2.7367300951433493	2.7356605974232044	0.015518937	0.015408471040949985	0.01511902039529258
561.666666666667	2.736578812	2.736836474568969	2.7356934372086164	0.015727016	0.015381333476207945	0.015110646207267318
562.0	2.736175808	2.736933731139742	2.73572222553383	0.015507675	0.015351931387753292	0.015101251470412354
562.333333333333	2.736904502	2.737021272020512	2.7357467152475796	0.015008707	0.015320433165634613	0.015090894527869608
562.666666666667	2.738836311	2.737098545427841	2.7357666807166328	0.014733771	0.015287016806219286	0.015079637882895331
563.0	2.739841089	2.7371650435831403	2.7357819189025374	0.015133658	0.015251868875753642	0.015067547922803305
563.333333333333	2.739399441	2.7372203055228157	2.735792250329095	0.015432954	0.015215183437240704	0.015054694622911726
563.666666666667	2.738162624	2.737263919746541	2.735797519936897	0.015331205	0.015177160948296398	0.015041151231666949
564.0	2.737808896	2.737295526684862	2.735797597821787	0.014882858	0.015138007137646022	0.015026993938236763
564.333333333333	2.738662208	2.737314820967617	2.735792379854666	0.014640205	0.015097931867853723	0.015012301523983251
564.666666666667	2.739349475	2.7373215534751343	2.735781788180615	0.01505945	0.015057147991742037	0.014997154999338989
565.0	2.738534105	2.7373155331548267	2.735765771595817	0.015350284	0.015015870209760784	0.014981637227719374
565.333333333333	2.737676076	2.737296628586696	2.735744305801324	0.015090563	0.014974313935309215	0.014965832538207189
565.666666666667	2.737764308	2.7372647692822665	2.7357173935332124	0.014614158	0.014932694174707902	0.014949826328841554
566.0	2.73906575	2.7372199467027487	2.7356850645691932	0.014219396	0.014891224428163518	0.014933704662431498
566.333333333333	2.740540052	2.7371622149836283	2.735647375612252	0.014477173	0.01485011561767642	0.014917553856892854
566.666666666667	2.739442137	2.737091691354462	2.7356044100523627	0.014944998	0.014809575047414956	0.014901460072175242
567.0	2.737937845	2.7370085562443847	2.7355562776078073	0.014937893	0.01476980540162764	0.014885508895902582
567.333333333333	2.737332143	2.7369130530657384	2.7355031138480936	0.014697659	0.01473100378469237	0.01486978492989452
567.666666666667	2.73736868	2.7368054876701784	2.7354450796009058	0.014473218	0.014693360807416681	0.01485437137976697
568.0	2.737882356	2.736686227473754	2.735382360245946	0.014502922	0.014657059723211777	0.014839349649826639
568.333333333333	2.737625523	2.7365557002496095	2.7353151648989646	0.014724325	0.014622275617271417	0.014824798945476397
568.666666666667	2.737233376	2.736414392589216	2.7352437254896365	0.014566449	0.01458917465140127	0.014810795885335189
569.0	2.737120694	2.7362628480353015	2.735168295737376	0.0142898	0.014557913366669898	0.014797414125247547
569.333333333333	2.73708539	2.7361016648919736	2.7350891500295074	0.014222557	0.014528638045594683	0.014784723996313564
569.666666666667	2.737668493	2.7359314937198165	2.7350065822065823	0.014249025	0.014501484135138914	0.014772792159010315
570.0	2.736802528	2.7357530345260073	2.7349209042599854	0.014435841	0.014476575731383924	0.01476168127540042
570.333333333333	2.735654885	2.735567033661725	2.7348324449472545	0.014518364	0.014454025126355718	0.014751449701333085
570.666666666667	2.735149705	2.7353742804413033	2.734741548330892	0.014456235	0.014433932417131713	0.014742151200438033
571.0	2.734918186	2.7351756034995853	2.734648572246696	0.014440186	0.014416385177031563	0.01473383468159375
571.333333333333	2.734499496	2.734971866905957	2.734553886707952	0.014329763	0.01440145818840809	0.014726543961419685
571.666666666667	2.734605345	2.7347639660553065	2.7344578722520305	0.014169036	0.014389213236300054	0.014720317553197684
572.0	2.734906549	2.734552823357866	2.7343609182362294	0.014053012	0.01437969896198809	0.014715188483473009
572.333333333333	2.734916991	2.734339383751399	2.734263421089887	0.0139967	0.014372950775307453	0.01471118413742025
572.666666666667	2.734710855	2.734124610060535	2.73416578252999	0.014147644	0.014368990824415053	0.01470832613388597
573.0	2.734172975	2.7339094782292217	2.734068407747704	0.014291474	0.0143678280215814	0.014706630230839587
573.333333333333	2.733471704	2.7336949724532227	2.73397170357339	0.014266159	0.014369458123478682	0.014706106261777806
573.666666666667	2.733055704	2.73348208024035	2.7338760766278183	0.014224834	0.014373863864360736	0.014706758103438028
574.0	2.732801553	2.7332717874266725	2.733781931467394	0.0141987	0.01438101514047665	0.014708583674983606
574.333333333333	2.732831527	2.7330650731773085	2.733689668731308	0.014312389	0.014390869244023401	0.014711574968630582
574.666666666667	2.732724326	2.732862905000499	2.733599683298571	0.014336129	0.014403371144921127	0.014715718111492982
575.0	2.731964044	2.7326662338036556	2.733512362462929	0.014357694	0.01441845381868348	0.01472099345823371
575.333333333333	2.731484232	2.732475989019719	2.7334280841336596	0.014252343	0.014436038618651831	0.014727375713921674
575.666666666667	2.731506202	2.7322930738317597	2.733347215070218	0.014050535	0.014456035690861943	0.014734834086315056
576.0	2.731621484	2.732118360523024	2.733270109158634	0.014181472	0.014478344429812433	0.014743332466616525
576.333333333333	2.731416116	2.7319526859788037	2.733197105737494	0.014343472	0.014502853973402145	0.014752829637580256
576.666666666667	2.731154554	2.7317968473654624	2.7331285279811577	0.014437727	0.01452944373529583	0.01476327950769412
577.0	2.730942819	2.7316515980107705	2.7330646813477717	0.014503504	0.014557983972962006	0.014774631370014195
577.333333333333	2.730816362	2.7315176435083273	2.73300585209938	0.014489619	0.014588336389600639	0.01478683018409424
577.666666666667	2.730586459	2.7313956380674025	2.7329523059012173	0.014549323	0.014620354768140716	0.014799816879330234
578.0	2.730480851	2.731286181127882	2.7329042865070194	0.0145325	0.014653885635436526	0.014813528677930881
578.333333333333	2.730058025	2.7311898142583284	2.732862014536841	0.014585584	0.01468876895472649	0.014827899435629085
578.666666666667	2.729557305	2.7311070183533235	2.7328256863535634	0.014643429	0.01472483884433924	0.014842859998167621
579.0	2.729431075	2.7310382111443996	2.73279547304387	0.014512695	0.014761924320538333	0.014858338571524746
579.333333333333	2.729945213	2.7309837450369026	2.732771519509062	0.014592892	0.014799850062290476	0.0148742611037922
579.666666666667	2.730020036	2.730943905283146	2.7327539436706525	0.014764159	0.014838437195623258	0.014890551676579473
580.0	2.730064083	2.7309189085001813	2.7327428357951837	0.014829956	0.014877504095108306	0.014907132903793446
580.333333333333	2.730174852	2.7309089015384647	2.732738257942205	0.014911887	0.01491686719986663	0.014923926335632125
580.666666666667	2.73001665	2.7309139607056676	2.732740243538833	0.01497593	0.014956341841346704	0.014940852865634041
581.0	2.729845324	2.730934091347827	2.7327487970837225	0.015041512	0.014995743079975418	0.014957833138640934
581.333333333333	2.729797847	2.73096922778804	2.7327638939827303	0.015008686	0.01503488654762983	0.01497478795755983
581.666666666667	2.729797877	2.7310192336209287	2.7327854805179084	0.015045205	0.015073589292727516	0.014991638686850915
582.0	2.729956955	2.731083902359194	2.732813473950882	0.01514581	0.015111670624587658	0.015008307650718734
582.333333333333	2.730200609	2.7311629584266828	2.732847762761006	0.015162638	0.0151489529535779	0.015024718524045862
582.666666666667	2.730491894	2.73125605849068	2.7328882070180627	0.0153146	0.015185262623436266	0.015040796714178788
583.0	2.730314396	2.731362793124319	2.7329346388885916	0.015326511	0.015220430732046738	0.015056469731755085
583.333333333333	2.730805383	2.7314826887885015	2.732986863274324	0.015284825	0.015254293936854069	0.015071667548847542
583.666666666667	2.731099255	2.73161521012108	2.733044658580497	0.015326978	0.015286695241031253	0.015086322942794257
584.0	2.731293444	2.7317597625197076	2.733107777611204	0.015463338	0.015317484756464462	0.015100371824182605
584.333333333333	2.73102837	2.7319156950033947	2.7331759485882765	0.0157308	0.015346520439597734	0.015113753547558725
584.666666666667	2.730612886	2.7320823033366093	2.7332488762895775	0.01570328	0.015373668796185687	0.0151264112035417
585.0	2.730776563	2.7322588333986695	2.7333262433019527	0.015551748	0.01539880555103856	0.015138291891132348
585.333333333333	2.731480669	2.7324444847801628	2.7334077113835145	0.015394743	0.015421816278912162	0.015149346969119282
585.666666666667	2.732997152	2.7326384145872975	2.733492922929335	0.015482307	0.015442596992795996	0.01515953228559953
586.0	2.733307862	2.7328397414343097	2.733581502534098	0.015877299	0.01546105468598747	0.015168808384746029
586.333333333333	2.732766645	2.733047549603419	2.7336730586447278	0.015938561	0.015477107824508137	0.015177140690069918
586.666666666667	2.732272929	2.7332608933513365	2.7337671852955485	0.015822821	0.015490686786619539	0.015184499663540579
587.0	2.732383672	2.7334788013408806	2.733863463918042	0.015611972	0.015501734246430341	0.015190860940040542
587.333333333333	2.733312062	2.7337002811759925	2.7339614652169035	0.015534332	0.015510205498852046	0.015196205436745292
587.666666666667	2.733811982	2.7339243240182722	2.7340607511036903	0.015818221	0.015516068723455574	0.015200519437129276
588.0	2.733740055	2.734149909263038	2.7341608766790486	0.015986504	0.015519305185103912	0.015203794649408527
588.333333333333	2.733684356	2.7343760092529834	2.7342613922542096	0.01582493	0.015519909369583682	0.015206028239337411
588.666666666667	2.734133887	2.7346015940076054	2.734361845402214	0.015416645	0.015517889052828662	0.015207222837381514
589.0	2.735663393	2.734825635946813	2.734461783029134	0.015246868	0.015513265302717287	0.015207386520390722
589.333333333333	2.736447746	2.7350471145874233	2.73456075345542	0.015640917	0.015506072412831026	0.015206532767995743
589.666666666667	2.736095578	2.7352650211916694	2.734658308497399	0.015859988	0.015496357767977169	0.015204680394047982
590.0	2.735690224	2.7354783633472914	2.7347540055389343	0.015962052	0.015484181641704689	0.01520185345351633
590.333333333333	2.735529058	2.7356861694593806	2.734847409583237	0.01576434	0.015469616926470761	0.015198081125345406
590.666666666667	2.736270996	2.7358874931347135	2.734938095274898	0.01553947	0.015452748797545181	0.01519339757186778
591.0	2.737071152	2.7360814174400523	2.735025648882322	0.015743052	0.0154336743121654	0.015187841775448211
591.333333333333	2.73717593	2.7362670590166127	2.7351096702308904	0.015782179	0.015412501945873104	0.015181457353120187
591.666666666667	2.736797322	2.7364435720336977	2.7351897745774054	0.01567604	0.015389351068369259	0.015174292350055045
592.0	2.737040592	2.7366101519653485	2.7352655944166244	0.015285145	0.015364351361615729	0.015166399012780784
592.333333333333	2.737890651	2.73676603917478	2.7353367812109886	0.014889808	0.015337642183282985	0.015157833543141947
592.666666666667	2.739081207	2.736910522292273	2.7354030070350173	0.015260205	0.015309371878992867	0.015148655834063347
593.0	2.738545942	2.7370429413731663	2.7354639661262232	0.01538835	0.015279697047128853	0.01513892918824893
593.333333333333	2.738628466	2.7371626908236166	2.735519376334848	0.01546399	0.01524878176028157	0.015128720021012636
593.666666666667	2.738611753	2.7372692220827624	2.735568980465192	0.015466989	0.015216796747661672	0.015118097548500568
594.0	2.739006022	2.737362046051034	2.7356125475018302	0.015434619	0.01518391854304375	0.015107133462623126
594.333333333333	2.739063728	2.737440735255344	2.735649873714554	0.015850506	0.015150328603002021	0.015095901594071497
594.666666666667	2.737277364	2.7375049257430195	2.7356807836364667	0.015807726	0.01511621240035985	0.015084477564845284
595.0	2.736557977	2.7375543186973768	2.7357051309102647	0.015132088	0.015081758497899622	0.015072938431766313
595.333333333333	2.737018155	2.737588681768957	2.7357227989983857	0.014438863	0.015047157607466787	0.01506136232249805
595.666666666667	2.738521878	2.737607850117498	2.7357337017533565	0.013842267	0.015012601639651794	0.015049828065629873
596.0	2.741151687	2.7376117271608424	2.735737783845369	0.0145479	0.014978282749245798	0.015038414816420525
596.333333333333	2.739846925	2.737600285028051	2.735735021044795	0.015166877	0.01494439238164189	0.015027201679825299
596.666666666667	2.738736116	2.737573564715075	2.735725420358078	0.015241309	0.01491112032529349	0.015016267332455945
597.0	2.738112129	2.737531675942451	2.7357090200161607	0.014973007	0.014878653775247039	0.015005689645141408
597.333333333333	2.73892529	2.7374747967155386	2.7356858893153064	0.014747136	0.014847176412639752	0.014995545307770138
597.666666666667	2.739473771	2.7374031725889028	2.7356561283109557	0.015365462	0.014816867504895772	0.01498590945810115
598.0	2.736636235	2.7373171156375267	2.7356198673659198	0.015477637	0.0147879010311694	0.014976855316230527
598.333333333333	2.735497237	2.737217003138581	2.7355772665550004	0.014608023	0.014760444837372759	0.014968453826392608
598.666666666667	2.735809275	2.7371032759685523	2.73552851492878	0.014084509	0.014734659824891763	0.014960773307760144
599.0	2.73677392	2.736976436721543	2.735473829640061	0.013292572	0.014710699176839558	0.014953879115885275
599.333333333333	2.739983869	2.73683704755565	2.7354134549371043	0.013889427	0.014688707625424728	0.01494783331639286
599.666666666667	2.73939493	2.7366857277752787	2.7353476610284715	0.014747284	0.014668820763724317	0.014942694372499376
600.0	2.73795731	2.7365231511583277	2.735276742824914	0.014979055	0.014651164404852717	0.014938516847884296
600.333333333333	2.736653708	2.7363500430381373	2.735201018564372	0.01479174	0.014635853991209185	0.01493535112638626
600.666666666667	2.736352948	2.736167177151119	2.735120828326703	0.014208798	0.014622994056172513	0.014933243149933866
601.0	2.737212903	2.735975372261917	2.7350365324453274	0.014403554	0.014612677740293928	0.014932234176050085
601.333333333333	2.736104918	2.7357754885789456	2.7349485098234476	0.014285315	0.014604986363721347	0.014932360556190885
601.666666666667	2.736236248	2.7355684239740627	2.734857156163016	0.014403537	0.014599989056271884	0.014933653536092243
602.0	2.734894342	2.7353551100210383	2.7347628821149947	0.014695339	0.01459774244625739	0.014936139079206158
602.333333333333	2.734286774	2.735136507868401	2.734666111359867	0.013853113	0.014598290408861826	0.014939837714205392
602.666666666667	2.736349147	2.73491360396304	2.734567278627669	0.014094999	0.0146016638745713	0.01494476440742934
603.0	2.735991133	2.7346874056418136	2.734466827667115	0.01469099	0.014607880697869046	0.014950928461029769
603.333333333333	2.734773674	2.734458936609145	2.7343652091735966	0.014852907	0.014616945586130095	0.014958333437455935
603.666666666667	2.733512075	2.734229232319357	2.734262878686036	0.014620176	0.014628850088384679	0.014966977110794347
604.0	2.733912636	2.7339993352831313	2.734160294462706	0.014103227	0.014643572643366775	0.014976851445349848
604.333333333333	2.733976457	2.7337702903181524	2.7340579153461917	0.014599387	0.01466107868602491	0.014987942601722449
604.666666666667	2.732928778	2.733543139764505	2.733956198627704	0.014520881	0.014681320811447365	0.015000230970499259
605.0	2.732715848	2.7333189186859324	2.7338555979209347	0.014497252	0.014704238994942938	0.015013691233543671
605.333333333333	2.732270715	2.7330986500784324	2.733756561055552	0.014288283	0.014729760866821432	0.015028292452725559
605.666666666667	2.733907903	2.7328833401080344	2.7336595280003158	0.014190324	0.014757802040235241	0.015043998185797405
606.0	2.734221276	2.7326739733998235	2.733564928825608	0.01511128	0.014788266490273847	0.01506076662898295
606.333333333333	2.732055272	2.732471508400437	2.7334731817149547	0.015340079	0.014821046982346882	0.015078550785707941
606.666666666667	2.730676261	2.7322768728362776	2.7333846910348285	0.015042306	0.014856025547747322	0.015097298660767743
607.0	2.730406703	2.7320909592896627	2.7332998454717257	0.014562776	0.014893074004154183	0.01511695347909498
607.333333333333	2.73116398	2.7319146209149174	2.733219016245131	0.014543949	0.014932054518712658	0.015137453928162535
607.666666666667	2.731022094	2.7317486673161318	2.733142555404598	0.014807918	0.014972820211218188	0.015158734422934337
608.0	2.730533488	2.7315938606078913	2.733070794218726	0.014884098	0.015015215794828802	0.015180725392159
608.333333333333	2.730152679	2.731450911679741	2.733004041663362	0.014916382	0.015059078251635835	0.015203353584690216
608.666666666667	2.730541317	2.73132047668446	2.73294258301583	0.014687711	0.015104237540336561	0.01522654239441379
609.0	2.731651985	2.7312031537694277	2.732886678561485	0.014892301	0.015150517333172365	0.015250212202264739
609.333333333333	2.731514608	2.731099480069433	2.7328365624183073	0.0154107	0.015197735779222099	0.015274280733729655
609.666666666667	2.730428732	2.7310099289782053	2.7327924414847073	0.015635573	0.015245706291072286	0.015298663430150097
610.0	2.729368399	2.7309349077147536	2.732754494515083	0.015611379	0.01529423835182258	0.015323273832072439
610.333333333333	2.728632269	2.7308747551993027	2.73272287132708	0.01536616	0.015343138339327048	0.015348023972828967
610.666666666667	2.728898415	2.7308297402521515	2.7326976921438884	0.015216986	0.015392210364518367	0.015372824780484158
611.0	2.729128096	2.7308000601272653	2.7326790470742357	0.015219398	0.015441257120613365	0.015397586486239293
611.333333333333	2.729491552	2.730785839390726	2.7326669957321603	0.015315603	0.015490080739954691	0.015422219037358182
611.666666666667	2.729597384	2.730787129152443	2.732661566997948	0.015417028	0.015538483655204152	0.015446632512656494
612.0	2.729914601	2.7308039066576604	2.7326627589210046	0.015498693	0.015586269461569659	0.015470737538587333
612.333333333333	2.730075822	2.7308360752429075	2.7326705387647947	0.015658103	0.01563324377671982	0.015494445703956071
612.666666666667	2.730022863	2.7308834646590436	2.732684843193325	0.0157964	0.01567921509501866	0.015517669971307777
613.0	2.729717526	2.730945831762026	2.7327055785980505	0.015886911	0.015723995632698877	0.015540325083050914
613.333333333333	2.729514621	2.731022861569973	2.73273262156344	0.015971459	0.015767402160586304	0.015562327960410684
613.666666666667	2.729718113	2.731114168682993	2.732765819468847	0.015939335	0.01580925682099168	0.01558359809334458
614.0	2.729903986	2.731219299060183	2.732804991223743	0.016004975	0.01584938792539977	0.015604057919600478
614.333333333333	2.729833271	2.7313377321460806	2.7328499281327905	0.016027905	0.015887630729610618	0.01562363319115406
614.666666666667	2.730067424	2.7314688833368517	2.732900394886683	0.015943201	0.015923828183024628	0.015642253326326457
615.0	2.730345411	2.731612106774409	2.7329561306741414	0.015838241	0.0159578316488129	0.0156598517459549
615.333333333333	2.731282213	2.731766698454776	2.733016850409955	0.015826733	0.015989501591777543	0.015676366192067612
615.666666666667	2.731779265	2.7319318996350566	2.733082246073435	0.016040774	0.01601870823078455	0.015691739027599287
616.0	2.731784652	2.732106900521629	2.73315198815123	0.01633669	0.016045332152745104	0.01570591751577424
616.333333333333	2.731605292	2.732290844220466	2.733225727177969	0.016491974	0.016069264885229976	0.015718854077880304
616.666666666667	2.731179149	2.73248283092891	2.7333030953678037	0.016446825	0.016090409424927798	0.015730506528257367
617.0	2.731538809	2.7326819223467984	2.733383708329545	0.016297548	0.016108680719300304	0.015740838285429055
617.333333333333	2.732533897	2.7328871462835416	2.7334671668577117	0.016313622	0.016124006098947916	0.015749818558414667
617.666666666667	2.732876488	2.7330975014365784	2.733553058791503	0.01649243	0.01613632565837558	0.015757422507369542
618.0	2.732522099	2.733311962315673	2.733640960933397	0.016563652	0.016145592583042337	0.015763631377816074
618.333333333333	2.732506478	2.73352948428669	2.7337304410188232	0.016235669	0.01615177342078717	0.01576843260784341
618.666666666667	2.733325631	2.7337490087078375	2.733821059728122	0.015977349	0.016154848295948626	0.015771819907770917
619.0	2.734894124	2.7339694681308915	2.733912372731801	0.015939031	0.01615481106473459	0.015773793311889186
619.333333333333	2.736038996	2.734189791539652	2.7340039327599617	0.016403052	0.016151669410651253	0.015774359202011035
619.666666666667	2.735545524	2.7344089095977795	2.734095291686596	0.016819876	0.0161454448790648	0.015773530302684222
620.0	2.734705259	2.7346257598782016	2.7341860026194142	0.016811175	0.01613617285024456	0.015771325648036526
620.333333333333	2.734521864	2.734839292046613	2.734275621985763	0.016439803	0.016123902450520613	0.015767770520342395
620.666666666667	2.735424788	2.735048472971952	2.734363711605217	0.01612123	0.01610869640148056	0.015762896360517774
621.0	2.736578926	2.7352522917374014	2.7344498407394133	0.016391366	0.016090630807427307	0.015756740650866338
621.333333333333	2.736040807	2.7354497645261993	2.7345335881097834	0.016537833	0.016069794881620025	0.015749346770515135
621.666666666667	2.735442838	2.7356399393574806	2.7346145438739216	0.016327709	0.016046290612122215	0.015740763824090932
622.0	2.735499143	2.7358219006484275	2.734692311551469	0.015869792	0.01602023236838157	0.015731046444299627
622.333333333333	2.73717699	2.7359947735802206	2.7347665098905862	0.015584853	0.01599174644996429	0.015720254569180046
622.666666666667	2.739004279	2.7361577282465843	2.7348367746662783	0.01593048	0.015960970579159524	0.015708453194909745
623.0	2.738947413	2.736309983565176	2.7349027604021168	0.016525076	0.015928053339455288	0.015695712105143957
623.333333333333	2.737589552	2.7364508109335555	2.7349641420072013	0.016572981	0.015893153562163687	0.0156821055779695
623.666666666667	2.736875248	2.7365795376131135	2.7350206163205235	0.016180906	0.01585643966373863	0.015667712071652556
624.0	2.737400372	2.736695549825982	2.7350719035552937	0.015754306	0.01581808893658163	0.0156526138904529
624.333333333333	2.738184877	2.736798295551687	2.735117748636195	0.015727794	0.015778286796368828	0.015636896831867173
624.666666666667	2.73804724	2.736887287012061	2.7351579224229825	0.016006264	0.01573722598915397	0.015620649816749068
625.0	2.736965755	2.7369621028347204	2.735192222814337	0.015921287	0.015695105761705627	0.015603964503835967
625.333333333333	2.736914373	2.7370223898872177	2.735220475726406	0.015411206	0.015652130998722025	0.015586934890287492
625.666666666667	2.738289621	2.7370678647757556	2.735242535941013	0.015162737	0.015608511330732325	0.015569656899913088
626.0	2.739416985	2.7370983150041575	2.735258287819119	0.01545288	0.015564460216637788	0.01555222796083133
626.333333333333	2.73920725	2.7371135997905265	2.7352676458757093	0.01584597	0.015520194004970433	0.015534746574363727
626.666666666667	2.738035565	2.7371136505407443	2.735270555212947	0.015826465	0.015475930978048783	0.015517311877019494
627.0	2.737488008	2.7370984709796597	2.735266991809077	0.015482195	0.015431890383291038	0.015500023197474908
627.333333333333	2.737671355	2.7370681369423915	2.7352569626612597	0.015226383	0.015388291456004866	0.015482979610491037
627.666666666667	2.737955541	2.7370227958297817	2.735240505781208	0.015116343	0.015345352438010358	0.01546627948974636
628.0	2.738059494	2.736962665733485	2.7352176900432132	0.015110375	0.01530328959646891	0.015450020061585778
628.333333333333	2.737874006	2.736888034237617	2.735188614884874	0.015042461	0.015262316247286132	0.015434296961704298
628.666666666667	2.737971518	2.7367992569052175	2.735153409861562	0.01501226	0.015222641787432706	0.015419203796792008
629.0	2.738193737	2.736696755459065	2.7351122340563934	0.01505818	0.015184470740483397	0.015404831713166365
629.333333333333	2.737765563	2.736581015667531	2.7350652753481897	0.015224494	0.015148001819613163	0.015391268974408128
629.666666666667	2.736897051	2.7364525849472883	2.7350127495406555	0.015254442	0.015113427012210651	0.015378600549998131
630.0	2.736110564	2.736312069695684	2.7349548993566697	0.015008877	0.015080930690174722	0.015366907716923266
630.333333333333	2.736170834	2.7361601323665314	2.7348919933023135	0.01465533	0.015050688749849828	0.015356267676181416
630.666666666667	2.736618274	2.7359974883039286	2.7348243244059085	0.014606575	0.015022867785432138	0.015346753186066505
631.0	2.736346103	2.7358249023494774	2.734752208837997	0.014715351	0.014997624299541174	0.015338432214056154
631.333333333333	2.736544552	2.7356431852389766	2.734675984418798	0.014696827	0.014975103954502402	0.015331367609055731
631.666666666667	2.736469664	2.7354531898053014	2.7345960090202808	0.014725881	0.01495544086772582	0.01532561679567402
632.0	2.736035622	2.7352558070047244	2.7345126588705333	0.014843761	0.014938756954395054	0.015321231492117194
632.333333333333	2.735586062	2.7350519617844236	2.7344263267686	0.014930993	0.014925161320501687	0.015318257453189732
632.666666666667	2.734721223	2.734842608809365	2.734337420218469	0.014921524	0.014914749709071319	0.015316734239783613
633.0	2.734238104	2.7346287280670936	2.734246359491256	0.014744968	0.014907604002231645	0.015316695016120745
633.333333333333	2.734067372	2.7344113203692917	2.7341535756250486	0.01457504	0.014903791781569429	0.01531816637588896
633.666666666667	2.734308279	2.734191402769206	2.734059508372167	0.014536165	0.014903365949012575	0.015321168198279212
634.0	2.734414302	2.733970003914266	2.7339646041038748	0.014707838	0.014906364410255855	0.01532571353479168
634.333333333333	2.733719023	2.7337481593533264	2.7338693136827743	0.01475452	0.014912809822524463	0.015331808527531968
634.666666666667	2.733440469	2.733526906818121	2.7337740903132888	0.014582588	0.014922709408238595	0.01533945235956624
635.0	2.733717177	2.733307281498519	2.733679387380721	0.014606964	0.01493605483590445	0.015348637237746734
635.333333333333	2.733442675	2.7330903113312153	2.733585656289422	0.014845086	0.014952822169313238	0.015359348408257699
635.666666666667	2.732744844	2.732877012321424	2.733493344310584	0.015004864	0.01497297188587901	0.015371564204967126
636.0	2.731741643	2.732668383917058	2.7334028924501044	0.014988774	0.014996448964688994	0.015385256130502888
636.333333333333	2.73126457	2.7324654044547256	2.7333147333468224	0.014605648	0.01502318304457606	0.015400388969804018
636.666666666667	2.732128884	2.7322690266967062	2.7332292892112657	0.014447035	0.015053088652252628	0.015416920935729756
637.0	2.732741146	2.732080173477767	2.7331469698147908	0.01485507	0.015086065500267977	0.015434803846142129
637.333333333333	2.732177619	2.7318997334804322	2.7330681705387136	0.015276737	0.015121998854267307	0.015453983331712638
637.666666666667	2.730786709	2.731728557156884	2.7329932704926936	0.015390519	0.015160759968740653	0.015474399073542113
638.0	2.729777598	2.731567452815319	2.7329226307112533	0.015007063	0.015202206590153554	0.015495985069524907
638.333333333333	2.73040119	2.7314171828879896	2.732856592436872	0.014693111	0.015246183526049764	0.015518669928236384
638.666666666667	2.730730611	2.731278460397683	2.732795475497645	0.014937841	0.01529252327840999	0.015542377188976551
639.0	2.730547113	2.7311519456386866	2.732739576786987	0.015205832	0.01534104673924042	0.015567025666463733
639.333333333333	2.729733212	2.7310382430876134	2.7326891688523047	0.015339845	0.01539156394605155	0.015592529818541525
639.666666666667	2.729443735	2.7309378985586323	2.7326444985990377	0.015182706	0.015443874894572811	0.015618800135140424
640.0	2.730151968	2.730851396616815	2.7326057861158235	0.015092852	0.015497770405733422	0.01564574354662361
640.333333333333	2.730599436	2.730779158262335	2.7325732236259666	0.015496649	0.015553033043626029	0.01567326384954471
640.666666666667	2.730072096	2.7307215388972446	2.732546974569748	0.015758347	0.015609438080859505	0.015701262147754982
641.0	2.729404199	2.7306788265854336	2.732527172821448	0.01581334	0.01566675450740193	0.01572963730671846
641.333333333333	2.728748404	2.730651240615199	2.7325139220443244	0.015712123	0.01572474607871741	0.015758286418826758
641.666666666667	2.729087059	2.7306389303726055	2.732507295186107	0.015483009	0.01578317239871258	0.01578710527745086
642.0	2.729580689	2.730641974532462	2.7325073341169026	0.015644746	0.015841790032733952	0.015815988857425425
642.333333333333	2.729760728	2.7306603805723633	2.7325140494107503	0.015900893	0.015900353645597186	0.01584483179963219
642.666666666667	2.729356013	2.7306940846137864	2.732527420271382	0.015944017	0.015958617159387387	0.015873528897332907
643.0	2.729539225	2.730742951592711	2.73254739460212	0.015925371	0.016016334925548176	0.015901975581898913
643.333333333333	2.730038924	2.7308067757606804	2.7325738892191445	0.015943813	0.016073262905578815	0.01593006840559392
643.666666666667	2.730475568	2.7308852815155946	2.7326067902067943	0.016239378	0.01612915985448668	0.015957705519088233
644.0	2.730092687	2.7309781245599556	2.7326459534128884	0.016509206	0.01618378850099894	0.015984787141416653
644.333333333333	2.729597947	2.731084893382553	2.7326912050814793	0.01652702	0.016236916718425087	0.01601121602013809
644.666666666667	2.729344988	2.7312051110579945	2.732742342619871	0.016393638	0.016288318679983607	0.016036897879511784
645.0	2.729752916	2.7313382373567747	2.7327991354961503	0.016252159	0.01633777599236355	0.01606174185457291
645.333333333333	2.730641279	2.731483671156965	2.7328613262629617	0.016352634	0.016385078801287548	0.016085660909068485
645.666666666667	2.731056123	2.731640753146969	2.7329286317027317	0.016573667	0.016430026862878068	0.016108572235301856
646.0	2.731117546	2.7318087688072157	2.7330007440890487	0.016685295	0.01647243057470549	0.016130397634030905
646.333333333333	2.731145362	2.7319869516571322	2.733077332558463	0.0166126	0.016512111960515028	0.0161510638726696
646.666666666667	2.732057225	2.732174486752263	2.7331580445865096	0.016685422	0.016548905602791018	0.01617050302015496
647.0	2.732424499	2.732370514415016	2.733242507561364	0.016935281	0.016582659517521522	0.016188652756960447
647.333333333333	2.731796856	2.7325741341812058	2.7333303304481573	0.017104974	0.01661323596577342	0.016205456658861767
647.666666666667	2.731750454	2.732784408943352	2.7334211055366087	0.017128211	0.016640512196977954	0.016220864453191427
648.0	2.731946601	2.7330003692705858	2.7335144102643505	0.017025314	0.016664381119157568	0.016234832246452904
648.333333333333	2.732134578	2.7332210178840364	2.7336098091079686	0.016852779	0.016684751891696156	0.01624732272230406
648.666666666667	2.73313579	2.7334453342657135	2.7337068555335824	0.016761138	0.016701550436663673	0.016258305309060563
649.0	2.73394684	2.73367227937815	2.7338050939985	0.016879129	0.01671471986515084	0.016267756316014157
649.333333333333	2.734397342	2.7339008004715097	2.733904061995322	0.017025718	0.016724220815547138	0.016275659038005805
649.666666666667	2.734674086	2.7341298359543913	2.7340032921296658	0.017115127	0.01673003170120179	0.016282003827840164
650.0	2.734443003	2.7343583203042767	2.7341023142225613	0.017249566	0.016732148865440645	0.016286788136274422
650.333333333333	2.734244689	2.734585188993416	2.734200657428446	0.017197551	0.016730586642466235	0.01629001651946106
650.666666666667	2.734565482	2.7348093834059313	2.734297852359614	0.017032382	0.01672537732324093	0.0162917006138693
651.0	2.735107033	2.7350298557220833	2.7343934332079214	0.016967051	0.016716571026039084	0.01629185907885448
651.333333333333	2.73586677	2.735245573745928	2.734486939854541	0.016932802	0.016704235471948405	0.016290517507186547
651.666666666667	2.736334128	2.7354555256530433	2.7345779199585616	0.017030248	0.016688455666199697	0.016287708303988714
652.0	2.736320459	2.735658724635545	2.7346659310153054	0.016992535	0.016669333486801104	0.01628347053467452
652.333333333333	2.736286922	2.735854213422376	2.734750542375274	0.016756226	0.016646987182544506	0.016277849742605065
652.666666666667	2.737372711	2.736041068653616	2.7348313372148003	0.016559119	0.016621550783031718	0.016270897737318362
653.0	2.738200886	2.736218405088553	2.7349079144495865	0.016799071	0.01659317342393227	0.016262672354308925
653.333333333333	2.737818476	2.7363853796282958	2.7349798905825313	0.01712523	0.01656201859122806	0.016253237187457203
653.666666666667	2.736934339	2.73654119513484	2.7350469014774395	0.017107166	0.01652826328871776	0.016242661295325547
654.0	2.736548009	2.7366851040297355	2.7351086040504717	0.016801984	0.016492097133542206	0.016231018882649155
654.333333333333	2.737397575	2.736816411656828	2.7351646778714884	0.016467583	0.016453721384945868	0.016218388958456998
654.666666666667	2.738207406	2.7369344793948662	2.735214826667751	0.016408621	0.01641334791190629	0.016204854972358365
655.0	2.738598828	2.737038727507226	2.7352587797228156	0.016458405	0.016371198105638824	0.016190504430625516
655.333333333333	2.738670036	2.7371286377174058	2.7352962931638354	0.016502199	0.01632750174331558	0.016175428493791204
655.666666666667	2.738112227	2.737203755500448	2.7353271511309356	0.016328087	0.01628249580962199	0.016159721557561683
656.0	2.738407138	2.737263692081913	2.735351166822768	0.016025667	0.01623642328301064	0.016143480818920548
656.333333333333	2.739007633	2.737308126137516	2.7353681834128625	0.016093079	0.01618953189369769	0.016126805829366365
656.666666666667	2.73880757	2.737336805188004	2.7353780748319183	0.016189702	0.016142072860581724	0.016109798037287057
657.0	2.739052419	2.7373495466853264	2.7353807464117277	0.016287384	0.0160942996143474	0.01609256032152608
657.333333333333	2.73842142	2.7373462387875502	2.7353761353870363	0.016467935	0.016046466514046672	0.016075196518239653
657.666666666667	2.737392488	2.7373268408213707	2.7353642112522345	0.016190571	0.01599882756442935	0.01605781094317965
658.0	2.737410996	2.7372913834324106	2.7353449759704405	0.015687756	0.015951635141222813	0.01604050791156402
658.333333333333	2.737842856	2.7372399684248014	2.735318464033179	0.015426378	0.01590513873143994	0.016023391257714268
658.666666666667	2.738742387	2.7371727682927514	2.7352847423695676	0.015523398	0.01585958369562573	0.01600656385664863
659.0	2.738034381	2.7370900254480097	2.7352439101046113	0.01579045	0.015815210058739475	0.015990127149818845
659.333333333333	2.736839116	2.736992051148238	2.7351960981669197	0.01551777	0.015772251336112837	0.01597418067716828
659.666666666667	2.737197791	2.7368792241323527	2.7351414687469098	0.015143642	0.015730933400628516	0.015958821617669424
660.0	2.738383174	2.7367519889698975	2.7350802146072613	0.015044054	0.015691473396931523	0.015944144340468886
660.333333333333	2.739496199	2.73661085413242	2.735012558248166	0.015688403	0.01565407870812031	0.015930239968728586
660.666666666667	2.737353335	2.736456389795716	2.7349387509306045	0.016121891	0.015618945979970617	0.015917195958202183
661.0	2.735703126	2.7362892253825764	2.734859071561658	0.015581565	0.015586260207325847	0.015905095692526426
661.333333333333	2.736015593	2.7361100468564636	2.734773825446546	0.015091185	0.015556193886847381	0.015894018097137873
661.666666666667	2.736375247	2.735919593777223	2.7346833429128115	0.014883773	0.015528906239861126	0.015884037273646522
662.0	2.736890477	2.7357186561305933	2.7345879778127458	0.015016036	0.015504542508566485	0.01587522215640959
662.333333333333	2.736217	2.735508070943913	2.7344881059108066	0.015256628	0.015483233328394908	0.015867636192951153
662.666666666667	2.735809251	2.7352887187009496	2.7343841231634256	0.015096062	0.015465094178821106	0.01586133704976699
663.0	2.735806899	2.735061519569421	2.7342764438991916	0.015119515	0.015450224914444977	0.015856376344939256
663.333333333333	2.735786885	2.7348274294551604	2.734165498907957	0.015307692	0.015438709377679476	0.0158527994088628
663.666666666667	2.73505769	2.7345874358975153	2.7340517334479406	0.015459377	0.015430615093903251	0.015850645074254884
664.0	2.734022632	2.73434255382095	2.7339356051803674	0.01530771	0.015425993049469405	0.015849945496483057
664.333333333333	2.733744243	2.734093821158335	2.7338175820416173	0.01492104	0.01542487755250709	0.015850726005102837
664.666666666667	2.734265293	2.733842294361867	2.733698140063215	0.014913492	0.01542728617601267	0.01585300498734842
665.0	2.734135113	2.733589043817963	2.7335777611503245	0.015131584	0.015433219782304957	0.01585679380416634
665.333333333333	2.73368312	2.7333351491829694	2.7334569308296506	0.015344453	0.015442662627516313	0.015862096739225114
665.666666666667	2.732847668	2.733081694656905	2.7333361359778623	0.015429116	0.015455582544409834	0.01586891098117395
666.0	2.732482741	2.7328297642129122	2.7332158625417824	0.015406117	0.015471931201454592	0.015877226639261426
666.333333333333	2.732298844	2.7325804368004682	2.7330965932616413	0.015410035	0.015491644435756393	0.015887026792262057
666.666666666667	2.732146653	2.732334781540828	2.732978805408729	0.015431567	0.015514642657132607	0.015898287570495193
667.0	2.731506235	2.732093852933527	2.732862968548695	0.015382648	0.015540831320335765	0.015910978270557954
667.333333333333	2.731237856	2.7318586860931244	2.732749542341623	0.015235015	0.015570101462173408	0.015925061502233155
667.666666666667	2.731254609	2.731630292035702	2.732638974389845	0.015310617	0.015602330300040067	0.01594049336687463
668.0	2.730847939	2.7314096530348753	2.732531698144165	0.015425985	0.015637381888172316	0.015957223666417848
668.333333333333	2.730593731	2.731197718067369	2.7324281308788967	0.015472995	0.015675107827758	0.015975196142013218
668.666666666667	2.730467383	2.730995398368325	2.732328671745711	0.015643769	0.015715348026876512	0.01599434874113478
669.0	2.730261006	2.730803563116666	2.7322336999158856	0.015776303	0.01575793150611704	0.016014613911877987
669.333333333333	2.730055593	2.7306230352708787	2.7321435728200654	0.015946538	0.015802677245615744	0.016035918923028712
669.666666666667	2.729297073	2.730454587575506	2.732058624494096	0.015933846	0.015849395069169502	0.016058186208361403
670.0	2.728938366	2.7302989387585566	2.731979164038944	0.015713394	0.015897886561022617	0.01608133373350852
670.333333333333	2.729439063	2.730156749939739	2.7319054742020765	0.015626388	0.015947946010882	0.016105275383636722
670.666666666667	2.729670262	2.730028621269123	2.7318378100870335	0.015686185	0.015999361382695556	0.01612992137006789
671.0	2.729444507	2.729915088815347	2.7317763979972303	0.01601936	0.016051915302725955	0.016155178653895808
671.333333333333	2.728752565	2.7298166217218784	2.7317214344193195	0.016196165	0.016105386062467374	0.016180951384572238
671.666666666667	2.728114047	2.7297336196491067	2.731673085150694	0.016114466	0.016159548631983822	0.016207141351369886
672.0	2.728608785	2.7296664105191897	2.7316314845749674	0.016066801	0.01621417567929478	0.016233648445574272
672.333333333333	2.729040608	2.7296152485795253	2.7315967350884978	0.01623196	0.016269038591494703	0.016260371131211888
672.666666666667	2.72902054	2.7295803127995795	2.7315689066802284	0.016510128	0.016323908493367623	0.016287206922089004
673.0	2.728447444	2.729561705614475	2.7315480366663625	0.016553565	0.016378557259344916	0.01631405286289283
673.333333333333	2.727926264	2.7295594520272957	2.731534129580595	0.016396739	0.01643275851475319	0.0163408060120959
673.666666666667	2.728349037	2.729573499080454	2.7315271572198525	0.016318493	0.01648628862240801	0.01636736392440393
674.0	2.728809688	2.7296037157047266	2.7315270588447387	0.01646004	0.016538927650729035	0.01639362513049799
674.333333333333	2.728822218	2.7296498929527084	2.7315337415331298	0.016729048	0.016590460319680846	0.016419489611842433
674.666666666667	2.728550707	2.7297117446214254	2.731547080684644	0.016913904	0.01664067692098136	0.01644485926836134
675.0	2.728328555	2.7297889082667597	2.731566920672981	0.016894049	0.01668937420916557	0.016469638376826676
675.333333333333	2.728109739	2.729880946610137	2.7315930756424835	0.016768546	0.01673635626024584	0.016493734037851784
675.666666666667	2.729095227	2.729987349335651	2.7316253304445945	0.016798851	0.01678143529487035	0.016517056609443016
676.0	2.729094945	2.730107535273448	2.7316634417092582	0.016967314	0.01682443246304857	0.01653952012513
676.333333333333	2.729036425	2.730240854962806	2.731707139045761	0.017063713	0.016865178587685766	0.01656104269477102
676.666666666667	2.728952447	2.730386593585927	2.7317561263669066	0.017088266	0.01690351486434753	0.016581546886213383
677.0	2.729238602	2.7305439742610176	2.7318100833299535	0.017071721	0.016939293514859337	0.016600960086079346
677.333333333333	2.729463903	2.7307121616808523	2.7318686668872245	0.017197446	0.0169723783925352	0.01661921483804539
677.666666666667	2.729663106	2.7308902660805843	2.7319315129388944	0.017315831	0.01700264553702228	0.016636249157086124
678.0	2.729728104	2.731077347516314	2.7319982380800245	0.017375719	0.01702998367694524	0.016652006818263034
678.333333333333	2.730131018	2.7312724204336316	2.732068441433598	0.017229558	0.017054294678733668	0.016666437618752798
678.666666666667	2.730930539	2.7314744585032464	2.732141706560952	0.017197371	0.017075493940217946	0.016679497611928572
679.0	2.731450845	2.7316823996987973	2.732217603440743	0.017306691	0.017093510727783028	0.016691149312431167
679.333333333333	2.731386676	2.7318951515900816	2.732295690507341	0.017341264	0.017108288456074327	0.01670136187129383
679.666666666667	2.731393508	2.732111596823229	2.7323755167393378	0.01733693	0.01711978490945553	0.016710111220314846
680.0	2.731897791	2.732330598757842	2.7324566237887065	0.017243293	0.01712797240462358	0.01671738018500539
680.333333333333	2.732720115	2.7325510072298336	2.7325385481410076	0.017374928	0.01713283789399058	0.016723158565575925
680.666666666667	2.73307912	2.732771664407544	2.7326208232969638	0.017617784	0.0171343830096457	0.016727443185562192
681.0	2.732872826	2.732991410707926	2.7327029819656725	0.017765576	0.017132624047911358	0.01673023790783153
681.333333333333	2.7324095	2.7332090907389004	2.732784558259699	0.017584181	0.01712759189470642	0.01673155361785089
681.666666666667	2.732789457	2.7334235592336427	2.732865089882327	0.017074838	0.01711933189212413	0.016731408174239727
682.0	2.734143893	2.7336336869424196	2.732944120297288	0.016980373	0.017107903646823762	0.016729826326772935
682.333333333333	2.734999162	2.733838366447749	2.7330212008713786	0.017054875	0.017093380781021805	0.01672683960214118
682.666666666667	2.735503653	2.73403651786902	2.7330958929805047	0.017306138	0.017075850627050596	0.016722486157917615
683.0	2.735214751	2.7342270944233826	2.7331677700698234	0.017404245	0.017055413866629062	0.016716810605320927
683.333333333333	2.735501725	2.7344090878105947	2.733236419658866	0.017265035	0.017032184116161614	0.0167098638015041
683.666666666667	2.736221803	2.73458153339066	2.733301445282723	0.017276523	0.017006287459546604	0.016701702612236156
684.0	2.736500832	2.7347435151244612	2.7333624683606144	0.017394444	0.01697786193013596	0.016692389645979522
684.333333333333	2.735867423	2.7348941702491754	2.7334191299834703	0.017450851	0.016947056943641584	0.01668199296049846
684.666666666667	2.73515131	2.735032693662055	2.73347109261245	0.017060428	0.016914032683932736	0.01667058574326338
685.0	2.735846645	2.7351583419881393	2.733518041680638	0.016501114	0.016878959443811417	0.01665824596704122
685.333333333333	2.737290317	2.735270437309608	2.7335596870905787	0.016464381	0.016842016922990134	0.016645056022183392
685.666666666667	2.737932125	2.735368370536761	2.733595764600678	0.016716094	0.016803393485628936	0.016631102327238443
686.0	2.737779393	2.7354516044030683	2.7336260370939303	0.017080342	0.01676328537991587	0.016616474919627262
686.333333333333	2.736732972	2.7355196760692015	2.7336502957229234	0.017024525	0.016721895922298214	0.016601267028222465
686.666666666667	2.737214396	2.735572199323614	2.733668360925525	0.016694721	0.01667943464909025	0.01658557462977086
687.0	2.737745563	2.735608866369824	2.733680083306203	0.016787055	0.016636116438298564	0.01656949599118759
687.333333333333	2.737100363	2.7356294491933015	2.733685344378473	0.016905548	0.016592160604617347	0.016553131199831886
687.666666666667	2.735987706	2.735633800503503	2.7336840571645302	0.016681875	0.016547789970654918	0.01653658168394716
688.0	2.735579136	2.735621854249292	2.7336761666487357	0.016161554	0.016503229917558093	0.016519949725511587
688.333333333333	2.736921296	2.7355936257086038	2.7336616500822584	0.015799727	0.01645870741830438	0.016503337967798487
688.666666666667	2.737864594	2.7355492111557855	2.733640517136792	0.016103919	0.01641445005703213	0.016486848919989094
689.0	2.73766329	2.735488787112532	2.7336128099059827	0.016469383	0.01637068503787681	0.01647058446121189
689.333333333333	2.736769996	2.735412609190707	2.733578602753832	0.016595292	0.016327638186876586	0.016454645346403472
689.666666666667	2.73651675	2.7353210105376466	2.7335380020100977	0.016376979	0.016285532950602203	0.016439130716394378
690.0	2.736972663	2.735214399896612	2.733491145513385	0.016212892	0.016244589395254666	0.01642413761462003
690.333333333333	2.736275678	2.7350932592971158	2.733438202003385	0.016423621	0.01620502321005825	0.016409760512840887
690.666666666667	2.734989285	2.7349581413916417	2.7333793703644083	0.016258986	0.01616704471885592	0.016396090848227456
691.0	2.734149052	2.734809666456933	2.733314878723124	0.015754408	0.016130857903887526	0.01638321657412462
691.333333333333	2.734927828	2.73464851907956	2.7332449834041452	0.015313569	0.01609665944579745	0.01637122172675576
691.666666666667	2.736357339	2.734475444546751	2.733169967747797	0.015597167	0.01606463778397634	0.01636018601006066
692.0	2.735831969	2.734291244964649	2.7330901407951678	0.016306132	0.01603497220138945	0.016350184400781988
692.333333333333	2.734108833	2.7340967751270693	2.733005835846185	0.016513111	0.016007831938080867	0.016341286775824086
692.666666666667	2.732946716	2.7338929381586836	2.732917408897206	0.016027062	0.015983375337566292	0.01633355756380463
693.0	2.733507149	2.733680680957086	2.7328252369651955	0.015409035	0.015961749030335398	0.016327055422605298
693.333333333333	2.734809411	2.733460989458721	2.732729716306261	0.015553557	0.015943087158676594	0.01632183294460225
693.666666666667	2.733940834	2.733234883753879	2.7326312605368557	0.016016138	0.01592751064700987	0.016317936391122025
694.0	2.732310732	2.7330034130761205	2.73253029866654	0.016013346	0.015915126521865507	0.01631540545752342
694.333333333333	2.731145122	2.732767650691485	2.7324272730517083	0.015598178	0.015906027285575792	0.01631427307015282
694.666666666667	2.731660339	2.732528688712686	2.73232263728013	0.015092416	0.015900290347651825	0.016314565216259257
695.0	2.733312626	2.7322876328632355	2.732216853996599	0.015322072	0.015897977517695658	0.01631630080778793
695.333333333333	2.733245054	2.7320455972160733	2.732110392680324	0.016003961	0.015899134563548915	0.01631949157979742
695.666666666667	2.731691204	2.7318036989307926	2.7320037273849893	0.016338651	0.01590379083819971	0.01632414202406796
696.0	2.730146462	2.7315630530130224	2.731897334452698	0.016005855	0.01591195897876064	0.016330249358286596
696.333333333333	2.730033148	2.7313247671188674	2.7317916902131256	0.015350592	0.01592363468058947	0.016337803531011462
696.666666666667	2.731222954	2.731089936426624	2.731687268679384	0.015258177	0.015938796549351417	0.016346787262432237
697.0	2.731211766	2.730859638597253	2.731584539252112	0.015593366	0.015957406033516947	0.016357176120759157
697.333333333333	2.730528032	2.7306349288442755	2.731483964443298	0.015950138	0.015979407439451934	0.016368938633889076
697.666666666667	2.729163386	2.730416835132937	2.731385997631246	0.015960687	0.01600472803088771	0.016382036435815768
698.0	2.728621488	2.730206353527629	2.7312910808579725	0.015567679	0.016033278214159244	0.01639642444707364
698.333333333333	2.72965434	2.730004443705676	2.731199642680048	0.015501869	0.016064951810170036	0.016412051088330784
698.666666666667	2.730359494	2.7298120246546866	2.731112096083682	0.01586253	0.01609962641358593	0.01642885852607929
699.0	2.729828849	2.7296299705697673	2.7310288364744317	0.016214831	0.016137163839277834	0.01644678294920978
699.333333333333	2.728623651	2.729459106965983	2.7309502397515804	0.016266558	0.016177410655528524	0.016465754875103246
699.666666666667	2.727798295	2.7293002070204917	2.730876660476697	0.015878309	0.01622019880299466	0.016485699483727873
700.0	2.728247032	2.7291539881578704	2.7308084301454367	0.015606977	0.016265346297875058	0.016506536978092446
700.333333333333	2.728828875	2.729021108891202	2.7307458555710196	0.015717789	0.01631265801718476	0.01652818296928118
700.666666666667	2.728905967	2.7289021659305033	2.730689217387263	0.016180507	0.016361926563475362	0.016550548884178135
701.0	2.728071743	2.7287976915691674	2.730638768678348	0.016564548	0.0164129332057799	0.016573542393884914
701.333333333333	2.727137854	2.728708151358047	2.730594733741839	0.016445701	0.016465448893000487	0.016597067860741818
701.666666666667	2.727672104	2.7286339420758505	2.7305573069907383	0.01625031	0.016519235335403722	0.016621026801780465
702.0	2.728029864	2.728575390003492	2.730526651999634	0.016378115	0.01657404614934957	0.01664531836636503
702.333333333333	2.728038944	2.7285327495089784	2.7305029006992076	0.016572564	0.016629628059854643	0.016669839825720408
702.666666666667	2.727515822	2.7285062019483854	2.730486152722615	0.016690133	0.016685722155090496	0.016694487071998443
703.0	2.72654531	2.7284958548873317	2.730476474906453	0.01658586	0.01674206518644627	0.01671915512449836
703.333333333333	2.726985533	2.7285017416462702	2.730473900948233	0.016445878	0.016798390907348124	0.01674373864063407
703.666666666667	2.727514084	2.728523821171744	2.7304784312214894	0.016616634	0.016854431443630434	0.01676813242922946
704.0	2.727899328	2.728561978234536	2.730490032748882	0.0169479	0.01690991868789985	0.01679223196372252
704.333333333333	2.727526349	2.7286160239544595	2.730508639332847	0.017216974	0.01696458571002775	0.01681593389287013
704.666666666667	2.72721548	2.7286856966502286	2.7305341518426194	0.017193311	0.01701816817565314	0.016839136546566894
705.0	2.727587981	2.728770663011588	2.7305664386556914	0.017123692	0.01707040576438098	0.0168617404344236
705.333333333333	2.727684785	2.7288705195895573	2.7306053362510676	0.017238214	0.01712104357922234	0.016883648734792825
705.666666666667	2.727656678	2.728984794599289	2.7306506499509657	0.017297407	0.017169833538747185	0.01690476777198072
706.0	2.727575507	2.729112950028706	2.7307021548069725	0.017393103	0.017216535743407854	0.0169250074794444
706.333333333333	2.72740785	2.729254384044705	2.730759596626022	0.017308208	0.017260919807544774	0.016944281846843608
706.666666666667	2.728433446	2.729408433687325	2.7308226931309574	0.017366203	0.01730276614870542	0.0169625093488921
707.0	2.728879438	2.7295743778409474	2.7308911352499012	0.017569494	0.01734186722609373	0.016979613354039014
707.333333333333	2.729204276	2.7297514404702192	2.7309645885281117	0.017675379	0.017378028720218697	0.016995522511102132
707.666666666667	2.729404876	2.7299387941070608	2.7310426946555233	0.017799672	0.01741107064612745	0.017010171112073272
708.0	2.729596488	2.730135563573848	2.731125073102732	0.017737351	0.017440828392986635	0.017023499429420642
708.333333333333	2.730308385	2.730340829926596	2.731211322857765	0.017880688	0.01746715368321454	0.017035454026323244
708.666666666667	2.729555291	2.730553634600798	2.7313010242556106	0.018041444	0.017489915444861656	0.017045988038388384
709.0	2.729393493	2.7307729837414465	2.73139374089208	0.017889873	0.017509000591484677	0.01705506142555322
709.333333333333	2.729563037	2.730997852697735	2.731489021613416	0.01793438	0.017524314704354425	0.01706264119294003
709.666666666667	2.730136877	2.731227190661994	2.7315864025728005	0.017641743	0.01753578261247649	0.01706870157957547
710.0	2.732075793	2.7314599254315723	2.731685409344634	0.017906316	0.017543348866578524	0.017073224214027002
710.333333333333	2.731907944	2.7316949682717224	2.731785559087285	0.018197438	0.01754697810387569	0.017076198236154225
710.666666666667	2.732061007	2.7319312188567646	2.731886362744847	0.018057903	0.017546655301262683	0.01707762038431897
711.0	2.732419813	2.7321675702663755	2.7319873272783104	0.017887772	0.017542385915301766	0.017077495047545726
711.333333333333	2.733026662	2.7324029140135364	2.73208795791647	0.017703947	0.01753419590811622	0.017075834282273366
711.666666666667	2.733748616	2.7326361450804972	2.732187760416854	0.018024276	0.01752213165905039	0.017072657793489758
712.0	2.732686025	2.732866166939055	2.732286243326929	0.018226911	0.017506259762712046	0.017067992880192846
712.333333333333	2.73209643	2.7330918965315174	2.7323829202358616	0.018000368	0.017486666714762972	0.017061874345275018
712.666666666667	2.732332059	2.733312269188979	2.7324773120071564	0.017631403	0.017463458487561354	0.0170543443700817
713.0	2.734210773	2.733526243463846	2.7325689489825793	0.017140618	0.017436759998477956	0.017045452354050198
713.333333333333	2.736346304	2.7337328058541095	2.732657373147871	0.01763074	0.017406714474399745	0.01703525471999007
713.666666666667	2.735772643	2.733930975397445	2.732742140250899	0.017966708	0.017373482716593544	0.017023814685722068
714.0	2.734875577	2.734119808114031	2.7328228218630675	0.017778305	0.01733724227072222	0.017011202002947794
714.333333333333	2.734609221	2.7342984012778144	2.732899007374982	0.017390559	0.017298186507381626	0.016997492664376626
714.666666666667	2.735487678	2.7344658974970315	2.732970305917618	0.016992211	0.017256523619054123	0.016982768580289697
715.0	2.736841509	2.7346214885858053	2.733036348200467	0.017340708	0.01721247553984936	0.016967117225871554
715.333333333333	2.736373099	2.7347644192099363	2.7330967882584494	0.01777935	0.017166276794822348	0.016950631260788645
715.666666666667	2.734657348	2.734893990291216	2.7331513050996676	0.017786657	0.017118173286020513	0.01693340812263859
716.0	2.733560313	2.7350095621559776	2.7331996042464493	0.017129342	0.017068421022713245	0.01691554959603475
716.333333333333	2.736231082	2.7351105574149948	2.733241419162482	0.016054001	0.017017284803499032	0.01689716135922601
716.666666666667	2.739133562	2.7351964635632937	2.7332765125592813	0.016668365	0.016965036858166253	0.016878352510280907
717.0	2.73816758	2.735266835289885	2.7333046775756427	0.017388104	0.016911955457304	0.016859235074987374
717.333333333333	2.736356333	2.7353212964889444	2.7333257388273657	0.017438262	0.016858323497720477	0.016839923497696304
717.666666666667	2.734825701	2.735359541965433	2.7333395533163385	0.01683515	0.01680442707172971	0.016820534119278252
718.0	2.735906954	2.7353813388296206	2.733346011194949	0.015851242	0.016750554028315663	0.01680118464443886
718.333333333333	2.738457221	2.735386527576448	2.7333450363822513	0.016249971	0.016696992534078223	0.01678199360074877
718.666666666667	2.737627495	2.7353750228428035	2.733336587028775	0.017163517	0.01664402964347599	0.016763079791842446
719.0	2.735218339	2.7353468138499224	2.7333206558274408	0.017253404	0.01659194988248657	0.016744561747325935
719.333333333333	2.733825898	2.735301964529081	2.7332972701685287	0.016381901	0.016541033853654845	0.016726557172004785
719.666666666667	2.736142729	2.735240613330491	2.733266492137318	0.015282896	0.016491556870086396	0.01670918239709883
720.0	2.738889942	2.7351629727169144	2.7332284183535775	0.015952167	0.016443787625508615	0.016692551836149278
720.333333333333	2.737062038	2.7350693283449448	2.733183179652791	0.016848712	0.01639798690706951	0.016676777448344567
720.666666666667	2.734798785	2.734960037938311	2.7331309406096422	0.016529232	0.01635440635708058	0.016661968211994622
721.0	2.734200308	2.734835529858741	2.7330718989050338	0.015810238	0.016313287289438264	0.0166482296108659
721.333333333333	2.735876006	2.7346963013810788	2.7330062845385963	0.015208827	0.01627485956598406	0.016635663136052962
721.666666666667	2.737367933	2.7345429166803594	2.732934358889415	0.015942993	0.016239340537589193	0.016624365806006736
722.0	2.73564008	2.7343760045394405	2.732856413628429	0.01675109	0.016206934054279875	0.016614429707264587
722.333333333333	2.733270203	2.734196255786669	2.7327727694867154	0.016421341	0.01617782954825577	0.016605941558333122
722.666666666667	2.732770796	2.7340044204737626	2.7326837748846016	0.015589202	0.016152201193200277	0.01659898229906159
723.0	2.734807947	2.733801304804817	2.7325898044272985	0.015311039	0.016130207142838436	0.016593626707712625
723.333333333333	2.735193006	2.7335877678279736	2.7324912572734568	0.015875059	0.016111988851268126	0.016589943047788182
723.666666666667	2.733775168	2.7333647179018468	2.7323885553837384	0.016155555	0.01609767047717382	0.016587992746503664
724.0	2.73221433	2.733133108949418	2.7322821416571816	0.015712671	0.016087358373629772	0.016587830106622653
724.333333333333	2.732981256	2.732893936512594	2.7321724779637346	0.015385273	0.01608114066481196	0.016589502053170595
724.666666666667	2.734223592	2.7326482336211804	2.732060043081964	0.015662651	0.016079086910564488	0.016593047916339063
725.0	2.733443914	2.7323970664905315	2.731945330551451	0.016210066	0.01608124785940651	0.016598499251675027
725.333333333333	2.732013333	2.732141530062665	2.731828846449903	0.016311764	0.016087655290219157	0.016605879698423344
725.666666666667	2.731113497	2.731882743406155	2.7317111069763853	0.015982467	0.01609832194251684	0.016615204912977185
726.0	2.731242305	2.731621844990686	2.7315926361817153	0.015769256	0.01611324153488337	0.0166264824861238
726.333333333333	2.731487021	2.731359987852675	2.731473963640997	0.015756377	0.01613238887083849	0.016639711903022898
726.666666666667	2.730706307	2.731098334668993	2.731355622080655	0.015758818	0.01615572003109344	0.016654884545757042
727.0	2.730569891	2.730838052944318	2.731238144972653	0.015601481	0.016183172588629627	0.016671983737993414
727.333333333333	2.731340169	2.730580309808584	2.731122064108772	0.015631574	0.01621466601513564	0.016690984831007633
727.666666666667	2.731461493	2.7303262668237456	2.7310079071679185	0.016139069	0.016250102155763873	0.016711855330044947
728.0	2.730717851	2.730077074811939	2.730896195289414	0.016539729	0.016289365771581143	0.01673455505973387
728.333333333333	2.729238385	2.729833868718056	2.73078744066509	0.01653445	0.016332325148835106	0.016759036367023653
728.666666666667	2.728890238	2.72959776252072	2.730682144162802	0.016251313	0.016378832773871123	0.016785244359891507
729.0	2.728852289	2.729369844206733	2.7305807929937433	0.01626256	0.016428726072215703	0.016813117179829716
729.333333333333	2.728125452	2.7291511708250793	2.7304838584353703	0.016332537	0.016481828209996958	0.01684258630599444
729.666666666667	2.727828831	2.72894276363759	2.730391793621331	0.016175779	0.016537948955503593	0.016873576888722302
730.0	2.727787261	2.728745603384353	2.7303050314092436	0.015945011	0.01659688559829579	0.01690600810996987
730.333333333333	2.72893076	2.7285606256828125	2.730223982336565	0.01600753	0.016658423922878914	0.016939793568104343
730.666666666667	2.729744251	2.7283887165802683	2.7301490326741225	0.01671995	0.016722339233539343	0.016974841684371685
731.0	2.728478074	2.7282307082801185	2.7300805425861543	0.017294056	0.016788397426525496	0.01701105612829096
731.333333333333	2.727009121	2.7280873750626315	2.7300188444049307	0.01732099	0.01685635610534268	0.017048336259169943
731.666666666667	2.725921619	2.72795942942135	2.729964241027211	0.016858823	0.016925965734521528	0.017086577580907276
732.0	2.726762392	2.727847518436248	2.7299170044389567	0.016574112	0.01699697082682395	0.017125672207239137
732.333333333333	2.727029183	2.7277522204046893	2.7298773743738542	0.017053387	0.017069111158471217	0.017165509334603105
732.666666666667	2.725925884	2.7276740417508036	2.729845557110315	0.017226124	0.01714212300662342	0.017205975719827463
733.0	2.725109088	2.727613414233321	2.7298217244107645	0.017014432	0.017215740403011433	0.017246956159909014
733.333333333333	2.7256776	2.7275706924710437	2.7298060126061277	0.01670811	0.01728969639732856	0.017288333971215993
733.666666666667	2.727712131	2.7275461518040274	2.7297985218275715	0.016847237	0.01736372432373293	0.01732999146554237
734.0	2.728459667	2.727539986507198	2.7297993204985724	0.017665728	0.017437559063598815	0.017371809152440312
734.333333333333	2.727127288	2.727552308371552	2.729808437986648	0.018165449	0.017510938297489717	0.017413667869836343
734.666666666667	2.725456996	2.7275831456662587	2.729825864448388	0.018093784	0.01758360373921195	0.0174554492116802
735.0	2.724602528	2.7276324424929626	2.7298515508341463	0.0175309	0.017655302344748325	0.017497035937895266
735.333333333333	2.725733848	2.7277000507988687	2.729885409046033	0.017385469	0.017725789668052716	0.017538312365723376
735.666666666667	2.726455028	2.727785742611015	2.729927312242592	0.017891486	0.017794827674817465	0.01757916474167689
736.0	2.725718671	2.7278892097128793	2.7299770952833082	0.018128653	0.017862186036659167	0.017619481593429288
736.333333333333	2.725399886	2.728010063794477	2.7300345553059158	0.017984157	0.017927643367547673	0.0176591540610908
736.666666666667	2.7260389	2.728147837083156	2.730099452429333	0.017657075	0.017990988392348674	0.017698076207427818
737.0	2.728117177	2.7283019834570004	2.73017151057496	0.017780924	0.018052021038157222	0.017736145306691816
737.333333333333	2.728991239	2.728471880037755	2.730250418395866	0.018385435	0.018110553439959293	0.017773262112863116
737.666666666667	2.728124259	2.7286568292551823	2.7303358303120846	0.018823693	0.018166410853064828	0.017809331105375338
738.0	2.726945127	2.7288560613701414	2.7304273676438706	0.018838792	0.018219432465702776	0.017844260712495237
738.333333333333	2.726717738	2.7290687374391864	2.73052461983496	0.018512804	0.018269472106149418	0.017877963512590585
738.666666666667	2.727739019	2.7292939526993027	2.7306271457580342	0.018409289	0.01831639883976867	0.017910356413569122
739.0	2.728666477	2.729530740347536	2.7307344750947786	0.018740317	0.018360097452369856	0.01794136081081568
739.333333333333	2.728610621	2.729778075686713	2.7308461097831516	0.018969703	0.01840046881732638	0.01797090272399227
739.666666666667	2.728501918	2.7300348806052432	2.7309615255246578	0.018826267	0.018437430144940602	0.017998912913098557
740.0	2.729437613	2.7303000283562	2.7310801733446564	0.018505375	0.018470915113577034	0.01802532697421735
740.333333333333	2.730761307	2.730572348598402	2.731201481198936	0.018569599	0.01850087388311023	0.018050085415393373
740.666666666667	2.731116714	2.7308506326602364	2.731324855619994	0.018960286	0.018527272992237016	0.018073133713113056
741.0	2.730486576	2.7311336389853103	2.7314496833966664	0.019178371	0.018550095142177155	0.018094422349870132
741.333333333333	2.729784133	2.7314200987178667	2.7315753332809334	0.019161395	0.018569338870224057	0.018113906833316186
741.666666666667	2.730087216	2.731708721385109	2.731701157715926	0.018971789	0.018585018117500744	0.01813154769750845
742.0	2.731272587	2.731998200633272	2.7318264945793187	0.018852763	0.01859716169611821	0.018147310486778843
742.333333333333	2.732637345	2.7322872199743284	2.731950471011957	0.018915048	0.01860581266171711	0.018161209953283516
742.666666666667	2.733594117	2.7325744585007476	2.7320724274065697	0.019009815	0.01861102759809329	0.01817321686060319
743.0	2.733823969	2.7328585965266052	2.7321916957154846	0.018975828	0.01861287582125713	0.018183306367699256
743.333333333333	2.734087762	2.7331383211146143	2.7323076006950506	0.01873609	0.018611438510850925	0.018191458066337596
743.666666666667	2.734508473	2.7334126381619033	2.7324194611913053	0.018740164	0.018606731691050336	0.018197655997455858
744.0	2.73418638	2.7336801582339465	2.7325265914612817	0.018904836	0.018598881417391477	0.018201888646422394
744.333333333333	2.733928926	2.7339395242170133	2.7326283025241005	0.018791666	0.018588021175443364	0.01820414891724932
744.666666666667	2.734208344	2.7341894167666667	2.7327239035356983	0.018700414	0.01857429048346852	0.01820443408593937
745.0	2.734787089	2.734428559203721	2.732812703180858	0.018581917	0.018557833529093033	0.018202745733265153
745.333333333333	2.735798134	2.7346557218562046	2.732894011076003	0.018397166	0.018538797847430354	0.018199089657399574
745.666666666667	2.737056269	2.7348697258491494	2.732967139305102	0.018334335	0.018517333047660362	0.018193475730616304
746.0	2.737652154	2.7350694463471408	2.7330314037516734	0.018444284	0.01849358959457407	0.018185917792427484
746.333333333333	2.737271047	2.735253815257706	2.733086125436179	0.018531431	0.018467717651059742	0.01817643352115163
746.666666666667	2.736383698	2.7354218234065697	2.7331306318509117	0.018509114	0.018439865986933077	0.018165044284874445
747.0	2.735919024	2.735572522198693	2.7331642582843765	0.018282243	0.01841018095890774	0.018151774972933857
747.333333333333	2.736038675	2.7357050247817076	2.7331863491271102	0.018181062	0.01837880556586901	0.018136653809216214
747.666666666667	2.736485417	2.7358185067309124	2.7331962591509535	0.017986924	0.018345878582957924	0.018119712148691434
748.0	2.737277115	2.735912206277331	2.7331933547539182	0.017968937	0.018311533777301936	0.01810098425874092
748.333333333333	2.737724582	2.7359854241024792	2.733177015163001	0.018078249	0.018275899207547394	0.018080507086942293
748.666666666667	2.738041557	2.736037522725385	2.73314663358759	0.018021327	0.01823909660866433	0.01805832001706853
749.0	2.73847504	2.7360679255091167	2.7331016183164576	0.017977224	0.01820124086281132	0.01803446461513657
749.333333333333	2.738292979	2.7360761153154463	2.733041393751756	0.018022834	0.018162439556374206	0.018008984367399852
749.666666666667	2.737743599	2.736061632837499	2.732965401373927	0.018052948	0.01812279262263128	0.01798192441222227
750.0	2.736418241	2.7360240746411146	2.732873100631937	0.018023998	0.018082392068857034	0.017953331267795986
