Frequency/GHz	real_ε	real_ε_SG_filtered	real_ε_SG_filtered+RA	loss_T	loss_T_SG_filtered	loss_T_SG_filtered+RA
500.0	2.730884667	2.729921691264605	2.728022687627782	0.013654489	0.013749500500522184	0.013564460341931074
500.333333333333	2.731766501	2.7300646585083808	2.7281650044134667	0.013737853	0.013735838862499902	0.01355945666897038
500.66666666666697	2.730818115	2.7301953014084432	2.728295596286658	0.013608325	0.013720732788391355	0.013553716498170549
501.0	2.729563541	2.7303135050701495	2.728414560183661	0.013762025	0.013704241786740139	0.013547295359078608
501.333333333333	2.730820662	2.7304191551657992	2.7285220062334323	0.013860264	0.013686432055506377	0.013540250000571406
501.66666666666697	2.730428659	2.7305121398463865	2.7286180582858646	0.014230261	0.013667376547737748	0.013532638253315224
502.0	2.729277332	2.730592351800504	2.7287028543889087	0.014282968	0.013647154991087788	0.013524518886399994
502.333333333333	2.729595989	2.7306596904495084	2.728776547209711	0.013764171	0.01362585385865989	0.013515951458998534
502.66666666666697	2.730355594	2.730714064266234	2.7288393043952506	0.012900942	0.01360356628888899	0.013506996167941553
503.0	2.732756363	2.730755393202806	2.7288913088683353	0.012663098	0.0135803919524275	0.013497713692132115
503.333333333333	2.733773499	2.730783611211433	2.72893275905517	0.013562452	0.013556436864276258	0.013488165034748634
503.66666666666697	2.733178991	2.7307986688404604	2.7289638690411886	0.01415147	0.013531813139693158	0.013478411364202747
504.0	2.73067998	2.730800535886435	2.72898486865228	0.014177752	0.013506638692720153	0.013468513854826987
504.333333333333	2.730000109	2.730789204081575	2.7289960034590623	0.013619718	0.013481036876490472	0.013458533528267279
504.66666666666697	2.731849752	2.7307646897947415	2.728997534702379	0.01339405	0.013455136064810878	0.013448531096546045
505.0	2.731800652	2.7307270367228744	2.7289897391387568	0.013901002	0.013429069174855679	0.01343856680774339
505.333333333333	2.730312566	2.730676318548894	2.728972908805156	0.013701004	0.01340297313115724	0.013428700295215878
505.66666666666697	2.729712487	2.7306126415412075	2.7289473507029225	0.013056402	0.013376988271430105	0.013418990431235279
506.0	2.730428528	2.730536147069359	2.728913386401482	0.012462241	0.013351257695118806	0.01340949518588248
506.333333333333	2.733736981	2.730447014009834	2.728871351656502	0.012264069	0.013325926555911013	0.01340027145587322
506.66666666666697	2.734514608	2.7303454610158027	2.7288215958936743	0.013412404	0.013301141299804742	0.013391374919784569
507.0	2.732675915	2.7302317486244494	2.7287644816201606	0.014300466	0.013277048850658136	0.013382859898383745
507.333333333333	2.729596464	2.730106318034463	2.728700383765883	0.014205892	0.013253730965264478	0.013374779220701544
507.66666666666697	2.729036084	2.729969546279472	2.7286296889572914	0.013143121	0.013231315310779437	0.013367184096460556
508.0	2.73075724	2.7298218548082414	2.7285527947267045	0.012889349	0.013209926828034131	0.013360123995433537
508.333333333333	2.730155993	2.7296637097078484	2.7284701086606993	0.013344093	0.013189687076063588	0.013353646534271011
508.66666666666697	2.728773694	2.7294956216071125	2.7283820474914564	0.012934775	0.013170713587196183	0.013347797371298771
509.0	2.728737914	2.72931814525092	2.7282889813636433	0.012490954	0.013153119237506162	0.013342652382582247
509.333333333333	2.729559865	2.7291318787386243	2.7281913421922996	0.012244144	0.013137011637372084	0.013338255833995062
509.66666666666697	2.732154282	2.7289374624224054	2.7280895695930565	0.012106445	0.013122492546782867	0.013334649295362442
510.0	2.732595113	2.728735577464252	2.727984109900026	0.013359267	0.01310965731989077	0.013331871475173862
510.333333333333	2.729893188	2.7285269440530544	2.727875415133165	0.014150359	0.013098594383127382	0.013329958060964403
510.66666666666697	2.727215297	2.7283123192861756	2.7277639419178636	0.01384404	0.013089384750974889	0.013328941566137226
511.0	2.72599807	2.7280924947227803	2.7276501503597577	0.012871953	0.013082101583222327	0.013328851184015325
511.333333333333	2.727275929	2.7278682936190846	2.727534502877931	0.012384073	0.013076809787235678	0.013329712649925387
511.66666666666697	2.727120107	2.7276405678585385	2.7274174629999073	0.012886219	0.013073565668433764	0.0133315481121303
512.0	2.726553613	2.7274101945927924	2.727299494121979	0.012888803	0.013072416631790306	0.013334376012439125
512.333333333333	2.726327558	2.727178072612008	2.7271810582386538	0.012554023	0.013073400936778352	0.013338210977334099
512.666666666667	2.726994572	2.7269451184656925	2.727062614645112	0.012309939	0.013076547507738977	0.013343063720462924
513.0	2.729734565	2.7267122623577773	2.726944618616797	0.012521797	0.013081875801194055	0.013348940957351214
513.333333333333	2.729358557	2.726480443841971	2.726827520070365	0.013584528	0.013089395731136117	0.013355845333193856
513.666666666667	2.725637918	2.7262506073456474	2.7267117622104107	0.013920716	0.013099107652819183	0.013363775364585077
514.0	2.723714157	2.7260236975524985	2.726597780166499	0.013373684	0.013111002405046736	0.013372725396044609
514.333333333333	2.72366184	2.725800654675998	2.7264859996251856	0.012658206	0.01312506141040908	0.013382685572191287
514.666666666667	2.725285113	2.725582409657251	2.726376835461826	0.012326933	0.013141256832366204	0.013393641826405117
515.0	2.725462094	2.725369879322167	2.726270690380906	0.012963468	0.013159551787506761	0.01340557588559822
515.333333333333	2.725266629	2.725163961533907	2.7261679535683205	0.01313055	0.013179900610742083	0.013418465292334706
515.666666666667	2.724710443	2.7249655303773874	2.72606899936114	0.013023881	0.013202249170620111	0.013432283444895254
516.0	2.724279553	2.7247754370269046	2.7259741859405073	0.012715682	0.013226533065231222	0.013446999655836341
516.333333333333	2.726678822	2.7245945016840585	2.725883854053363	0.013039424	0.013252679206255865	0.013462579229543878
516.666666666667	2.725454718	2.724423509237063	2.7257983257687624	0.013866532	0.013280606125102342	0.013478983559226622
517.0	2.722636989	2.7242632050513866	2.7257179032745706	0.013766324	0.013310224317586087	0.013496170243736123
517.333333333333	2.721461845	2.7241142909188745	2.725642867720335	0.01347414	0.013341436625213685	0.013514093224537517
517.666666666667	2.721607252	2.7239774211915138	2.725573475831132	0.012975451	0.01337413865099623	0.013532704022759601
518.0	2.722862861	2.7238531991249086	2.7255099606879587	0.012820705	0.013408219207598982	0.013551951130345508
518.333333333333	2.723413335	2.723742173455178	2.725452530786237	0.013250559	0.013443560795538234	0.013571780216575045
518.666666666667	2.723151645	2.7236448352315934	2.725401369179559	0.013578588	0.013480040109061713	0.013592134349618297
519.0	2.722649976	2.723561614925596	2.7253566327146777	0.013457073	0.013517528567295385	0.01361295423227035
519.333333333333	2.722148081	2.7234928798351388	2.7253184513633864	0.013165801	0.01355589286820706	0.013634178450918607
519.666666666667	2.723507185	2.7234389318013976	2.7252869276565215	0.013459403	0.013594995562924705	0.01365574373669899
520.0	2.723082789	2.723400005252933	2.7252621362248752	0.01374028	0.013634695647954598	0.013677585237706142
520.333333333333	2.72218558	2.7233762655903155	2.7252441234513163	0.013991998	0.013674849172869265	0.013699636801036566
520.666666666667	2.721516646	2.7233678079220685	2.7252329072378827	0.014009188	0.013715309861077305	0.013721831263362953
521.0	2.721315168	2.7233746561605714	2.7252284768910338	0.013686252	0.013755929741343924	0.013744100748663847
521.333333333333	2.722220497	2.7233967624843314	2.7252307931276456	0.013516359	0.013796559787801099	0.013766376971665946
521.666666666667	2.722602058	2.7234340071707193	2.725239788203707	0.013668254	0.013837050566267316	0.013788591545497431
522.0	2.722944015	2.7234861988009733	2.7252553661669907	0.013942916	0.013877252884786256	0.013810676292000742
522.333333333333	2.722391489	2.723553074837017	2.7252774032342995	0.014047103	0.01391701844638938	0.013832563553112711
522.666666666667	2.721937985	2.7236343025673264	2.7253057482931644	0.0138689	0.01395620050218628	0.013854186501689743
523.0	2.722760894	2.7237294804168943	2.7253402235271618	0.013990188	0.013994654502986002	0.013875479450136506
523.333333333333	2.722958399	2.723838139614167	2.7253806251632677	0.014003942	0.014032238747749514	0.01389637815518886
523.666666666667	2.723344318	2.723959746205746	2.7254267243390817	0.014198793	0.014068815027265081	0.013916820117166205
524.0	2.723062398	2.7240937034076413	2.725478268086986	0.014453678	0.014104249261520915	0.01393674487203257
524.333333333333	2.722911118	2.7242393542800136	2.725534980431569	0.014178317	0.014138412129320304	0.013956094274625132
524.666666666667	2.723528364	2.724395984939557	2.725596563595993	0.014186861	0.014171179616397002	0.013974812771439842
525.0	2.723458146	2.724562827967727	2.7256626993122506	0.014178324	0.01420243357904483	0.013992847661407046
525.333333333333	2.723978542	2.7247390661180657	2.725733050229655	0.014267096	0.014232062284790199	0.014010149343145501
525.666666666667	2.723780799	2.7249238363032555	2.725807261415236	0.01439743	0.014259960927895247	0.014026671547251032
526.0	2.724116476	2.7251162338407022	2.7258849619391308	0.014270644	0.014286032117570974	0.014042371552256712
526.333333333333	2.725172102	2.7253153169337754	2.725965766443925	0.01457106	0.01431018633687573	0.014057210419096727
526.666666666667	2.724977744	2.7255201113642835	2.7260492768405458	0.014545058	0.014332342370374854	0.014071153187153433
527.0	2.725406307	2.725729615370309	2.7261350840625793	0.014567422	0.0143524276987418	0.014084169052777316
527.333333333333	2.725221043	2.725942804682289	2.7262227698709083	0.014710164	0.014370378858589513	0.014096231529274755
527.666666666667	2.725268729	2.7261586376890987	2.726311908700313	0.014316915	0.014386141765933714	0.014107318587439603
528.0	2.726745494	2.7263760607049488	2.7264020695394873	0.01441343	0.014399672001806372	0.014117412775791476
528.333333333333	2.726357661	2.726594013307151	2.7264928178357835	0.01460777	0.014410935058658791	0.014126501319775046
528.666666666667	2.726832902	2.7268114337142317	2.7265837174158944	0.014710299	0.014419906546319347	0.014134576199270955
529.0	2.727185937	2.727027264173467	2.7266743324136518	0.014620713	0.014426572356401619	0.014141634203869014
529.333333333333	2.727658062	2.7272404563267356	2.7267642291961085	0.014387829	0.014430928784194967	0.014147676965458206
529.666666666667	2.728888404	2.7274499765235998	2.726852978279133	0.014626416	0.014432982607211998	0.014152710967794722
530.0	2.729007399	2.727654811050712	2.7269401562238387	0.014827455	0.014432751119716331	0.01415674753281852
530.333333333333	2.728685878	2.7278539712470646	2.727025347505302	0.014865203	0.014430262122710586	0.01415980278360011
530.666666666667	2.727754584	2.7280464984752277	2.727108146345214	0.0148859	0.014425553869028529	0.014161897583911804
531.0	2.727374993	2.7282314689194758	2.7271881585003217	0.014409922	0.01441867496334822	0.01416305745453095
531.333333333333	2.729488278	2.7284079981827536	2.7272650029987755	0.014056942	0.014409684217124723	0.014163312466496197
531.666666666667	2.730544423	2.7285752456555747	2.727338313816778	0.014468614	0.014398650458632431	0.014162697111650857
532.0	2.730314145	2.7287324186313144	2.7274077414882623	0.014907342	0.014385652298508418	0.014161250150919635
532.333333333333	2.729507981	2.7288787761438993	2.7274729546406684	0.014668284	0.014370777851400325	0.014159014440874149
532.666666666667	2.729787142	2.729013632505552	2.7275336414502616	0.014377129	0.014354124414544705	0.014156036739249917
533.0	2.730401536	2.729136360524121	2.7275895110108452	0.014294023	0.014335798104335364	0.01415236749018146
533.333333333333	2.730688239	2.7292463943908363	2.7276402946101324	0.014368574	0.014315913449776766	0.014148060590022533
533.666666666667	2.730681113	2.7293432322198643	2.7276857469084748	0.014548078	0.014294592944801114	0.014143173134714372
534.0	2.730174732	2.7294264382275095	2.727725647015103	0.014401491	0.014271966560600544	0.014137765149756043
534.333333333333	2.730609704	2.729495644541421	2.7277597994575005	0.014202794	0.014248171219291615	0.014131899303916748
534.666666666667	2.731481271	2.7295505526327055	2.7277880350399957	0.014087003	0.014223350230398486	0.014125640607909848
535.0	2.732064618	2.7295909343664535	2.7278102115843197	0.014283606	0.01419765269181396	0.014119056100528087
535.333333333333	2.731345226	2.7296166326687774	2.7278262145507997	0.014532304	0.014171232857074022	0.014112214523167108
535.666666666667	2.729990969	2.72962756181105	2.727835957537304	0.014397262	0.014144249470960893	0.014105185984343911
536.0	2.730047639	2.729623707314558	2.727839382653561	0.013900492	0.01411686507563216	0.014098041615885
536.333333333333	2.730689673	2.729605125481308	2.7278364607689527	0.013738233	0.01408924528965811	0.014090853222518093
536.666666666667	2.731384423	2.7295719425590783	2.7278271916324126	0.013846461	0.014061558062535458	0.014083692926650702
537.0	2.731232832	2.729524353551131	2.7278116038635574	0.014147856	0.014033972907432283	0.014076632810158507
537.333333333333	2.730464706	2.729462620683147	2.7277897548147014	0.014191758	0.014006660115104564	0.014069744555035216
537.666666666667	2.7300491	2.729387071541984	2.7277617303039325	0.013878688	0.013979789952108551	0.014063099084773913
538.0	2.730598622	2.7292980969026797	2.7277276442199656	0.013829173	0.01395353184661331	0.014056766208356719
538.333333333333	2.730437686	2.7291961482618468	2.727687638000007	0.013956961	0.013928053565292788	0.014050814268725441
538.666666666667	2.729581435	2.7290817350970378	2.7276418799824227	0.01404367	0.01390352038494519	0.014045309797590022
539.0	2.728580819	2.728955421872978	2.7275905646365204	0.013989888	0.013880094262646948	0.014040317178404564
539.333333333333	2.728101793	2.728817824816607	2.72753391167231	0.013539722	0.013857933008398077	0.014035898319302019
539.666666666667	2.729716776	2.7286696084837345	2.72747216503364	0.01329693	0.01383718946435256	0.014032112337728954
540.0	2.730422891	2.7285114821407266	2.7274055917786435	0.013577925	0.013818010694849968	0.014029015258461053
540.333333333333	2.729912764	2.7283441959850303	2.7273344808519453	0.014017478	0.013800537191570867	0.014026659726608435
540.666666666667	2.72868486	2.72816853722855	2.7272591417536303	0.014111933	0.01378490209822617	0.014025094737138415
541.0	2.727633753	2.7279853260677895	2.7271799031104558	0.01371526	0.01377123045925869	0.01402436538235161
541.333333333333	2.727786654	2.7277954115644674	2.7270971111553224	0.013651003	0.013759638497080683	0.014024512618646737
541.666666666667	2.727134158	2.7275996674597898	2.7270111281214775	0.013683003	0.013750232922393975	0.014025573053799978
542.0	2.726678117	2.7273989879453353	2.7269223305584207	0.013602259	0.013743110282057144	0.014027578755867565
542.333333333333	2.726039484	2.7271942834125946	2.726831107576916	0.013645226	0.013738356348935409	0.014030557084695697
542.666666666667	2.72573787	2.7269864762023595	2.7267378590309588	0.013308972	0.013736045558078969	0.014034530546890984
543.0	2.727386035	2.726776496374145	2.7266429936449277	0.01311634	0.013736240493450435	0.014039516674968083
543.333333333333	2.728127915	2.7265652775146894	2.726546927094549	0.013494293	0.013738991429259745	0.014045527931249949
543.666666666667	2.727003892	2.7263537526034303	2.726450080050478	0.013957681	0.013744335929765398	0.014052571636990972
544.0	2.725740586	2.7261428499515263	2.72635287619363	0.013995872	0.013752298511163052	0.014060649927038272
544.333333333333	2.724915307	2.7259334892297207	2.7262557402116583	0.013643245	0.013762890368906353	0.01406975973020716
544.666666666667	2.724520186	2.7257265775989787	2.7261590957861404	0.013597653	0.013776109173491466	0.014079892775408316
545.0	2.724201017	2.7255230059565014	2.7260633635801783	0.013531903	0.013791938937386089	0.014091035623427277
545.333333333333	2.724427581	2.7253236453083547	2.7259689592362197	0.013437245	0.013810349955398244	0.014103169724122146
545.666666666667	2.724252506	2.725129343278681	2.725876291393939	0.013474558	0.013831298820360686	0.014116271498674327
546.0	2.724467668	2.7249409207641833	2.725785759737994	0.013353617	0.013854728515556466	0.014130312446399824
546.333333333333	2.725009019	2.7247591687413744	2.725697753085413	0.013688869	0.013880568584832338	0.014145259275506479
546.666666666667	2.724708626	2.7245848452329953	2.725612647522246	0.013968725	0.01390873538084305	0.014161074057065657
547.0	2.723692005	2.7244186724389436	2.725530804598902	0.01397882	0.013939132391344429	0.014177714401356418
547.333333333333	2.723247517	2.72426133403616	2.7254525695933904	0.013897744	0.013971650642911325	0.014195133655636122
547.666666666667	2.723153175	2.7241134726510614	2.7253782698513485	0.013830638	0.01400616918090212	0.014213281122294634
548.0	2.722641033	2.7239756875074397	2.725308213211428	0.013747322	0.014042555623929559	0.014232102296259768
548.333333333333	2.722717148	2.723848532252103	2.7252426865241612	0.013710092	0.014080666790533715	0.014251539120439981
548.666666666667	2.723051378	2.723732512960082	2.725181954271998	0.013793251	0.014120349395191953	0.014271530257916372
549.0	2.7231112	2.7236280863208298	2.7251262572977	0.013823035	0.014161440810248801	0.014292011379530282
549.333333333333	2.723357862	2.7235356580065733	2.7250758116476925	0.013733972	0.01420376988981123	0.014312915465454858
549.666666666667	2.723336894	2.7234555812238086	2.7250308075364225	0.013956852	0.014247157851137802	0.014334173119289103
550.0	2.723058546	2.723388155448823	2.7249914084370896	0.01419372	0.01429141920855926	0.014355712893170797
550.333333333333	2.722803687	2.723333625348132	2.7249577503034783	0.014323036	0.014336362754509344	0.014377461622370262
550.666666666667	2.722409822	2.723292179884767	2.7249299409269043	0.014381041	0.014381792581820286	0.014399344767799832
551.0	2.722157714	2.723263951611482	2.724908059431563	0.014384761	0.014427509141055847	0.014421286764853939
551.333333333333	2.722442018	2.7232490161520615	2.7248921559108217	0.014414335	0.014473310326319181	0.014443211376981438
551.666666666667	2.722732765	2.723247391872139	2.7248822512062385	0.014438578	0.01451899258268768	0.014465042052384988
552.0	2.722748259	2.72325903974105	2.7248783368303218	0.014491209	0.01456435202819634	0.014486702282241287
552.333333333333	2.722824624	2.723283863386463	2.7248803750332637	0.014535089	0.014609185583117424	0.014508115958842053
552.666666666667	2.72302742	2.723321709343664	2.724888299013103	0.014587761	0.014653292099170793	0.014529207732066568
553.0	2.722959432	2.723372367501438	2.7249020132680184	0.014700848	0.014696473481247247	0.014549903362613054
553.333333333333	2.722903807	2.7234355717465717	2.724921394088669	0.014875771	0.014738535794238148	0.014570130070437321
553.666666666667	2.722927054	2.7235110008089682	2.724946290187795	0.015028061	0.014779290347639204	0.014589816876873088
554.0	2.722749691	2.723598279309223	2.7249765234635404	0.015038948	0.01481855475073374	0.014608894938938782
554.333333333333	2.722945441	2.723696979010343	2.7250118898922855	0.015002154	0.014856153931361044	0.014627297874370076
554.666666666667	2.723417689	2.723806620274959	2.725052160546119	0.015047649	0.014891921111536057	0.014644962075956171
555.0	2.72364991	2.7239266737289602	2.7250970827294423	0.015033973	0.014925698733506068	0.014661827013800201
555.333333333333	2.723685488	2.724056562131959	2.7251463812286216	0.015065743	0.014957339330204808	0.014677835524170457
555.666666666667	2.723731745	2.724195662454319	2.7251997596680586	0.015184359	0.014986706334490882	0.014692934083659147
556.0	2.723965597	2.7243433081597126	2.7252569019655413	0.015370155	0.015013674822031456	0.014707073067419056
556.333333333333	2.724218068	2.7244987916912846	2.7253174738792976	0.01559999	0.015038132183208775	0.014720206990305844
556.666666666667	2.723987867	2.7246613671584616	2.7253811246387665	0.015725624	0.015059978719981042	0.014732294729814837
557.0	2.723774024	2.724830253220381	2.7254474886507345	0.015672032	0.015079128164214603	0.014743299729766004
557.333333333333	2.724109907	2.7250046361606346	2.7255161872722073	0.015606845	0.015095508114615259	0.014753190183759535
557.666666666667	2.724454191	2.7251836731467827	2.725586830641122	0.015517268	0.015109060390016667	0.01476193919749708
558.0	2.724616962	2.7253664956666563	2.725659019555801	0.015507162	0.01511974129742608	0.014769524929140361
558.333333333333	2.724405014	2.72555221313208	2.725732347393923	0.015503296	0.015127521813876266	0.01477593070695952
558.666666666667	2.724354094	2.7257399166391276	2.725806402061674	0.015352352	0.015132387681779725	0.014781145123608518
559.0	2.724813323	2.7259286828725426	2.7258807679637	0.015177447	0.01513433941812146	0.014785162106453769
559.333333333333	2.725726133	2.726117578140418	2.7259550279844733	0.015226196	0.01513339223845272	0.014787980963475512
559.666666666667	2.726407298	2.726305662523753	2.726028765471771	0.015487516	0.015129575897254232	0.014789606404358566
560.0	2.726457525	2.7264919941240384	2.7261015662129986	0.015665733	0.015122934446817922	0.014790048536490488
560.333333333333	2.725908767	2.726675633390596	2.7261730203952776	0.015501795	0.01511352591734515	0.014789322835690365
560.666666666667	2.726194732	2.7268556475080774	2.7262427245403567	0.015060172	0.015101421921472522	0.014787450091600233
561.0	2.727394207	2.7270311148233035	2.7263102834056405	0.014891678	0.015086707186908679	0.014784456327783508
561.333333333333	2.727788292	2.7272011292894702	2.7263753118428555	0.015165249	0.015069479021293578	0.014780372696690115
561.666666666667	2.727261638	2.7273648049047985	2.7264374366061617	0.015382558	0.015049846713771966	0.014775235349766108
562.0	2.726908669	2.7275212801218363	2.7264962981018313	0.015201195	0.015027930878103064	0.014769085283105823
562.333333333333	2.727537249	2.7276697222029798	2.7265515520719235	0.014780176	0.01500386274240631	0.014761968159166574
562.666666666667	2.729173974	2.72780933149726	2.7266028712047707	0.014591367	0.01497778339086819	0.01475393410518889
563.0	2.730400065	2.7279393456131777	2.7266499466654524	0.014954768	0.014949842962906398	0.0147450374890886
563.333333333333	2.729856652	2.7280590434622645	2.7266924895398317	0.015245759	0.014920199815405868	0.014735336673710128
563.666666666667	2.728813797	2.7281677491481435	2.726730232186146	0.015148789	0.014889019653706925	0.01472489375045209
564.0	2.728679596	2.7282648356762285	2.726762929488566	0.014673596	0.014856474637040602	0.014713774253396142
564.333333333333	2.729648383	2.7283497284597287	2.7267903600075942	0.014356529	0.01482274246407212	0.01470204685518674
564.666666666667	2.730412453	2.7284219085983743	2.7268123270225972	0.01475092	0.014788005444133289	0.014689783046022708
565.0	2.729780125	2.728480915907288	2.726828659462259	0.01509734	0.014752449559601444	0.014677056797229533
565.333333333333	2.729173647	2.7285263516745735	2.7268392127191863	0.014891974	0.014716263524719659	0.014663944210983961
565.666666666667	2.729084182	2.728557881127611	2.726843869345387	0.01445807	0.014679637845955181	0.014650523157858256
566.0	2.730367416	2.7285752355895783	2.7268425396258222	0.014109483	0.014642763888763745	0.01463687290393968
566.333333333333	2.731956815	2.7285782143095068	2.7268351620277143	0.014378514	0.014605832955371998	0.014623073729360492
566.666666666667	2.731055775	2.728566685951069	2.726821703523787	0.014786121	0.014569035377913098	0.014609206540144063
567.0	2.729552977	2.7285405897273485	2.7268021597881025	0.014737252	0.014532559630956196	0.014595352475332867
567.333333333333	2.728898814	2.728499936171031	2.726776555263674	0.01450499	0.014496591467164073	0.014581592511413234
567.666666666667	2.729095787	2.728444807531764	2.726744943101492	0.014259283	0.014461313079498961	0.014568007066089397
568.0	2.729678875	2.72837535779476	2.7267074049711506	0.014260291	0.014426902293079257	0.014554675603484708
568.333333333333	2.729424814	2.7282918123172197	2.7266640507437128	0.014527678	0.014393531789473519	0.014541676242860605
568.666666666667	2.729279055	2.7281944670815963	2.7266150180479953	0.014380789	0.01436136836590699	0.01452908537294349
569.0	2.72917541	2.728083687567233	2.72656047170191	0.014097941	0.014330572231553406	0.014516977273936056
569.333333333333	2.72903524	2.727959907244434	2.726500603021036	0.014022458	0.014301296342794357	0.014505423749262355
569.666666666667	2.729562196	2.727823625697479	2.7264356290070615	0.014069757	0.014273685779053146	0.014494493769055209
570.0	2.729178942	2.727675406385549	2.7263657914192407	0.014247753	0.01424787716055185	0.014484253127340517
570.333333333333	2.72803647	2.727515874052884	2.7262913557324917	0.014298893	0.014223998109101438	0.014474764114805671
570.666666666667	2.72758582	2.727345711801802	2.7262126099862423	0.014239357	0.014202166752816832	0.014466085208959308
571.0	2.727400261	2.727165657844354	2.726129863528604	0.014240274	0.01418249127545236	0.01445827078339697
571.333333333333	2.726930586	2.726976501950465	2.7260434456609124	0.014104012	0.01416506951087875	0.014451370837783216
571.666666666667	2.726901649	2.7267790816123263	2.725953704188134	0.013902937	0.014149988583070476	0.014445430750045255
572.0	2.727112475	2.726574277946562	2.7258610038810582	0.013791246	0.014137324591841473	0.014440491052147715
572.333333333333	2.727067408	2.7263630113572828	2.7257657248566423	0.013708769	0.014127142344456422	0.014436587230683223
572.666666666667	2.726728786	2.7261462369845786	2.7256682608832605	0.013832151	0.01411949513315339	0.014433749553370302
573.0	2.726186288	2.725924939964222	2.725569017617995	0.014017074	0.014114424558538773	0.014432002922399594
573.333333333333	2.725631338	2.725700130525404	2.7254684107834923	0.014047862	0.014111960398755997	0.014431366755412863
573.666666666667	2.72532221	2.7254728389541745	2.725366864292201	0.013993983	0.014112120524282172	0.014431854894737842
574.0	2.72512223	2.7252441104509004	2.725264808326171	0.013960138	0.014114910858169646	0.014433475545336746
574.333333333333	2.725274979	2.725014999910533	2.725162677380821	0.014091901	0.014120325381519179	0.014436231241758905
574.666666666667	2.72514429	2.7247865666546773	2.7250609082813653	0.014095537	0.01412834618394554	0.014440118844219222
575.0	2.724407973	2.7245598691445863	2.7249599381807834	0.014081578	0.014138943558771789	0.014445129563755784
575.333333333333	2.723630266	2.7243359597039896	2.7248602025483857	0.013935495	0.014152076142662541	0.014451249016252813
575.666666666667	2.723491893	2.7241158792804345	2.7247621331581775	0.013700739	0.014167691099376302	0.014458457304950888
576.0	2.723577354	2.7239006522732443	2.7246661560863012	0.013799115	0.014185724347280064	0.014466729130905782
576.333333333333	2.723115909	2.723691281455606	2.724572689726894	0.013980126	0.014206100830223108	0.01447603393070178
576.666666666667	2.722764609	2.7234887430174277	2.724482142835681	0.014159221	0.01422873483130935	0.014486336040575948
577.0	2.722578212	2.7232939817546695	2.7243949126106153	0.014272528	0.014253530329036573	0.014497594885967536
577.333333333333	2.722323595	2.723107906429733	2.724311382818741	0.014261152	0.014280381395184961	0.014509765195372316
577.666666666667	2.722209589	2.7229313853262664	2.7242319219783533	0.01430834	0.014309172633735453	0.014522797237256252
578.0	2.722055334	2.7227652420204045	2.724156881605318	0.014247391	0.01433977965997991	0.014536637078667014
578.333333333333	2.7217509	2.7226102513890167	2.7240865945321824	0.014252312	0.014372069618849275	0.014551226864076098
578.666666666667	2.7210684	2.722467135874006	2.7240213733084224	0.014266612	0.01440590174133368	0.014566505112889337
579.0	2.720871987	2.7223365620201045	2.7239615086898477	0.014117342	0.014441127937699421	0.01458240703397975
579.333333333333	2.721330913	2.722219137301955	2.723907268224792	0.014200872	0.014477593426024048	0.014598864855524194
579.666666666667	2.721344662	2.7221154072545093	2.723858894944298	0.01440759	0.014515137394372544	0.014615808168364462
580.0	2.721299	2.722025852919094	2.72381660616306	0.014528254	0.014553593694727255	0.014633164281064318
580.333333333333	2.721213511	2.7219508886156314	2.7237805923973326	0.014621473	0.01459279156656328	0.014650858584796454
580.666666666667	2.720885757	2.7218908600497684	2.723751016405531	0.014661962	0.014632556387732233	0.014668814926167445
581.0	2.720724144	2.7218460427618347	2.7237280123566157	0.014663329	0.01467271045008348	0.014686955986074097
581.333333333333	2.7206821	2.72181664092275	2.723711685130769	0.014570697	0.014713073757016016	0.014705203662680947
581.666666666667	2.720678041	2.721802786480238	2.7237021097562333	0.014588676	0.014753464839919558	0.014723479456615727
582.0	2.720646608	2.7218045386569054	2.7236993309854984	0.01471128	0.014793701590233518	0.014741704856496686
582.333333333333	2.720781692	2.7218218838000565	2.72370336301336	0.014751641	0.014833602103631065	0.014759801722932465
582.666666666667	2.721000025	2.7218547355813785	2.7237141893386467	0.014942415	0.014872985532625588	0.014777692669171066
583.0	2.720717812	2.721902935542995	2.72373176277073	0.015019704	0.014911672943702652	0.014795301436618707
583.333333333333	2.721077439	2.721966253984786	2.723756005581163	0.015022385	0.014949488174904607	0.014812553263501442
583.666666666667	2.72128042	2.7220443911863152	2.7237868098001203	0.015050496	0.014986258689641147	0.014829375245001528
584.0	2.721383297	2.7221369789552083	2.723824037656536	0.015123699	0.015021816422370052	0.01484569668326609
584.333333333333	2.721144612	2.7222435824924265	2.723867522160141	0.015311812	0.015055998611691268	0.014861449425756929
584.666666666667	2.720733954	2.7223637025634844	2.7239170678228835	0.015244722	0.015088648616327026	0.014876568190486586
585.0	2.721004835	2.722496777963417	2.7239724515165062	0.015097528	0.01511961670942316	0.014890990876766439
585.333333333333	2.721634491	2.7226421882620535	2.7240334234623846	0.015011471	0.015148760846604216	0.014904658860176891
585.666666666667	2.72302958	2.7227992568150587	2.7240997083490495	0.01517884	0.015175947403248836	0.01491751727055721
586.0	2.72330453	2.722967254025126	2.724171006572191	0.015631156	0.015201051876523448	0.014929515251902352
586.333333333333	2.722639154	2.7231454008367484	2.724246995591325	0.015728128	0.0152239595478221	0.014940606203145856
586.666666666667	2.722074311	2.7233328724471133	2.724327331396724	0.015652711	0.015244566101408528	0.014950747998901176
587.0	2.722037503	2.7235288022148674	2.7244116500796665	0.015443488	0.015262778195242962	0.014959903189327677
587.333333333333	2.722921338	2.723732285747772	2.7244995694985414	0.015286776	0.015278513980200154	0.014968039178382226
587.666666666667	2.723353246	2.7239423851496665	2.724590691032898	0.01550488	0.015291703564144696	0.014975128379811936
588.0	2.723391032	2.7241581334066085	2.7246846014170645	0.015676991	0.015302289417624279	0.01498114835033797
588.333333333333	2.72339385	2.7243785388916235	2.724780874644611	0.015548728	0.015310226718267842	0.014986081899574523
588.666666666667	2.723985626	2.724602589967129	2.7248790739345568	0.015199769	0.015315483631331771	0.014989917176320228
589.0	2.725400268	2.724829259663847	2.72497875374995	0.015104708	0.015318041524220075	0.014992647730951747
589.333333333333	2.726251472	2.7250575104148345	2.7250794618591945	0.01550552	0.015317895113210498	0.014994272553740752
589.666666666667	2.726004228	2.7252862988231783	2.7251807414302807	0.015757913	0.015315052541044427	0.014994796089005728
590.0	2.725477503	2.7255145804419163	2.7252821331479558	0.015872987	0.015309535384479973	0.014994228225099228
590.333333333333	2.725089344	2.725741314544818	2.7253831773437325	0.01567319	0.015301378591361032	0.014992584260318994
590.666666666667	2.725939571	2.72596546886687	2.725483416128617	0.015413739	0.015290630347215934	0.01498988484491795
591.0	2.726801498	2.7261860242935443	2.7255823955183853	0.015598854	0.015277351871863262	0.014986155899473486
591.333333333333	2.726807224	2.726401979478306	2.7256796675413346	0.01563938	0.01526161714696552	0.01498142850996035
591.666666666667	2.726543028	2.726612355368251	2.725774792318479	0.01554139	0.015243512575928068	0.014975738799954463
592.0	2.726904212	2.7268161996182365	2.725867340106323	0.015198604	0.015223136577988296	0.014969127780476358
592.333333333333	2.727905129	2.72701259087452	2.7259568932925275	0.014822241	0.015200599118772409	0.014961641178063393
592.666666666667	2.729216902	2.727200642909539	2.7260430483350016	0.015197649	0.0151760211800118	0.014953329241738832
593.0	2.728705327	2.7273795085901975	2.726125417635236	0.015322949	0.01514953417150295	0.014944246529623674
593.333333333333	2.728967561	2.7275483836628704	2.7262036313370035	0.015408755	0.015121279288761195	0.01493445167601348
593.666666666667	2.728983394	2.727706510339134	2.7262773390419195	0.01541179	0.015091406820155862	0.014924007139817222
594.0	2.729420345	2.7278531806672084	2.7263462114337185	0.015347199	0.015060075407619956	0.014912978935328707
594.333333333333	2.729654994	2.727987739675046	2.726409941803585	0.015750215	0.015027451265298737	0.014901436346372494
594.666666666667	2.728045472	2.728109588272027	2.7264682474692896	0.015698594	0.014993707360736633	0.014889451624936005
595.0	2.727372003	2.7282181858972945	2.7265208710814264	0.015042305	0.014959022563398833	0.014877099675467095
595.333333333333	2.727674573	2.728313052903887	2.7265675818105546	0.014327815	0.01492358076548182	0.014864457726081326
595.666666666667	2.72926916	2.7283937726689174	2.7266081764096084	0.013750092	0.014887569980084713	0.014851604987985819
596.0	2.73202893	2.728459993421292	2.726642480146545	0.014507436	0.014851181421890404	0.014838622304485793
596.333333333333	2.730736799	2.7285114297795854	2.726670347602779	0.01508796	0.014814608575542286	0.014825591790996039
596.666666666667	2.729808737	2.728547863993953	2.7266916633336202	0.015155441	0.014778046256899222	0.014812596467531745
597.0	2.729238235	2.7285691468871667	2.7267063423875455	0.014947328	0.014741689672309698	0.014799719885201203
597.333333333333	2.730076538	2.728575198491105	2.7267143306818338	0.014671206	0.014705733480967497	0.014787045748266276
597.666666666667	2.730681499	2.7285660083762764	2.7267156052327426	0.015174972	0.014670370865297443	0.014774657533374964
598.0	2.728054546	2.728541635673205	2.7267101742391215	0.01532304	0.014635792614173122	0.014762638107603188
598.333333333333	2.726973353	2.7285022087857436	2.726698077019016	0.014495665	0.014602186223591565	0.014751069346969774
598.666666666667	2.727191987	2.7284479247976234	2.726679383799564	0.013899548	0.014569735019224924	0.014740031757109202
599.0	2.728296536	2.7283790485747694	2.726654195361132	0.01309076	0.014538617305039653	0.014729604097800164
599.333333333333	2.731537368	2.7282959115671352	2.726622642537377	0.013738711	0.01450900554192254	0.014719863013054451
599.666666666667	2.731121424	2.728198910314981	2.726584885573582	0.014610242	0.01448106555998261	0.014710882668469415
600.0	2.729864996	2.728088504665734	2.726541113346307	0.014841484	0.014454955807913122	0.014702734397537975
600.333333333333	2.728456501	2.727965215708673	2.726491542448069	0.01468576	0.01443082664250077	0.014695486358592759
600.666666666667	2.728059581	2.727829623435859	2.7264364161413925	0.01405923	0.01440881966106433	0.0146892032040348
601.0	2.72923856	2.7276823641387975	2.726376003187236	0.014122499	0.014389067079295374	0.014683945763462656
601.333333333333	2.728368211	2.727524127551404	2.726310596553375	0.013971045	0.014371691156662782	0.014679770742274166
601.666666666667	2.728316802	2.7273556537508936	2.7262405120089372	0.01410207	0.014356803671233303	0.014676730437260612
602.0	2.726825404	2.727177729829198	2.7261660866118125	0.014440084	0.01434450544545559	0.01467487247065172
602.333333333333	2.726193166	2.726991186348502	2.7260876770961877	0.013559424	0.014334885924157265	0.014674239543999688
602.666666666667	2.72842888	2.7267968935953997	2.726005658167963	0.013797283	0.014328022805716278	0.014674869213211646
603.0	2.728118239	2.726595757649072	2.7259204207162164	0.014487285	0.014323981727090858	0.014676793685952544
603.333333333333	2.726925234	2.7263887162797213	2.725832369949326	0.014730529	0.014322816003129128	0.014680039642545122
603.666666666667	2.725580528	2.726176734694282	2.7257419234647036	0.014428366	0.01432456642033035	0.014684628081390403
604.0	2.726021462	2.7259608011471927	2.7256495092614226	0.013786655	0.014329261084997175	0.014690574189821781
604.333333333333	2.726188042	2.7257419224346866	2.7255555637052895	0.014284827	0.014336915325502061	0.014697887241188581
604.666666666667	2.725215113	2.7255211192917033	2.7254605294561385	0.014154861	0.014347531648192356	0.01470657051884178
605.0	2.724959243	2.725299421711092	2.72536485336731	0.014086752	0.014361099746277035	0.014716621267565878
605.333333333333	2.724246473	2.725077864205312	2.725268984367372	0.013851079	0.01437759656087378	0.014728030672867532
605.666666666667	2.725955028	2.724857481031249	2.725173371334259	0.013769678	0.01439698639324729	0.01474078386839429
606.0	2.72631923	2.724639301399181	2.7250784609719845	0.014793064	0.014419221067138154	0.014754859971616359
606.333333333333	2.723995382	2.7244243446871965	2.724984695700073	0.01508465	0.014444240139964539	0.014770232147761792
606.666666666667	2.722499057	2.7242136156826255	2.72489251156578	0.01472572	0.014471971161575942	0.014786867701851563
607.0	2.722298593	2.7240080998721523	2.724802336189013	0.014175223	0.014502329979147303	0.014804728198536834
607.333333333333	2.723197042	2.7238087588023516	2.724714586749717	0.014110527	0.014535221086721587	0.01482376960929695
607.666666666667	2.723086349	2.7236165255323668	2.7246296680272217	0.014315469	0.014570538017838044	0.01484394248641474
608.0	2.72270415	2.7234323002002725	2.7245479705008027	0.014356686	0.014608163779619444	0.014865192163005919
608.333333333333	2.722314427	2.723256945724489	2.7244698685203463	0.01439424	0.014647971326633546	0.014887458978243213
608.666666666667	2.722715517	2.7230912836612293	2.7243957185556877	0.01419719	0.014689824072789456	0.014910678526783901
609.0	2.723781053	2.7229360902385644	2.7243258575327363	0.014465499	0.014733576439477336	0.01493478193128255
609.333333333333	2.723391021	2.722792092587107	2.7242606012640977	0.01504748	0.0147790744381082	0.014959696136750038
609.666666666667	2.722040922	2.7226599651866907	2.724200242981378	0.015268763	0.014826156285158177	0.014985344225405789
610.0	2.721026408	2.722540326547628	2.724145051975884	0.015182962	0.01487465304776705	0.015011645750563575
610.333333333333	2.720220356	2.7224337361442488	2.7240952723538583	0.014889135	0.014924389317883454	0.01503851708799282
610.666666666667	2.720382621	2.7223406916174535	2.7240511219118244	0.014693007	0.014975183912887295	0.015065871803107558
611.0	2.720777874	2.722261626261879	2.724012791137038	0.014652657	0.01502685060055386	0.015093621032254761
611.333333333333	2.721238135	2.7221969068120715	2.723980442337419	0.014759835	0.015079198846152324	0.01512167387630294
611.666666666667	2.721472426	2.7221468315407433	2.7239542089046886	0.014908155	0.01513203457939441	0.015149937804671082
612.0	2.721696445	2.72211162868077	2.723934194713856	0.015072795	0.01518516097886638	0.015178319067887639
612.333333333333	2.721711175	2.7220914551810464	2.723920473661473	0.015297224	0.015238379271489945	0.015206723116729149
612.666666666667	2.721461772	2.7220863958047383	2.7239130893444803	0.015429033	0.015291489544465742	0.015235055025958826
613.0	2.720999897	2.72209646257676	2.7239120548807874	0.015487909	0.015344291567057541	0.015263219920666642
613.333333333333	2.720705402	2.7221215945855297	2.723917352872068	0.015535244	0.015396585619478027	0.015291123403204215
613.666666666667	2.720709311	2.7221616581422703	2.723928935508614	0.01548208	0.015448173326038542	0.015318671978710315
614.0	2.720773244	2.7222164472991968	2.7239467248154394	0.015512452	0.015498858489627992	0.01534577347723508
614.333333333333	2.720709653	2.7222856847260264	2.72397061303819	0.0155324	0.01554844792449074	0.015372337470493897
614.666666666667	2.720873969	2.722369022942299	2.724000463166804	0.015487311	0.015596752284182518	0.015398275681314067
615.0	2.721106669	2.722466045901016	2.724036109594237	0.015459436	0.015643586881498084	0.015423502383878919
615.333333333333	2.721843926	2.722576270917126	2.724077358907011	0.015510985	0.015688772497087278	0.015447934792924656
615.666666666667	2.722361265	2.7226991509324434	2.724123990803746	0.015755492	0.015732136173408857	0.015471493440104052
616.0	2.722181823	2.7228340771066257	2.724175759137298	0.016055383	0.015773511990616277	0.015494102535798018
616.333333333333	2.721895087	2.7229803817219715	2.724232393075617	0.016212017	0.01581274182092865	0.015515690314730293
616.666666666667	2.721450295	2.7231373413879143	2.724293598375894	0.016167277	0.015849676058015412	0.015536189363821673
617.0	2.721804586	2.72330418052938	2.724359058766156	0.016012449	0.015884174317916694	0.015555536930807589
617.333333333333	2.722809712	2.72348007514144	2.724428437427964	0.016026365	0.015916106108034973	0.015573675212236009
617.666666666667	2.723133447	2.7236641567911315	2.724501378573483	0.016193455	0.015945351460768087	0.0155905516195609
618.0	2.722929925	2.723855516845825	2.7245775091097975	0.016272433	0.015971801528410857	0.01560611902214942
618.333333333333	2.722838461	2.724053210906195	2.7246564403829914	0.016017027	0.015995359136032783	0.01562033596612781
618.666666666667	2.72346003	2.7242562634205676	2.724737769994167	0.015843122	0.016015939289143778	0.01563316686810137
619.0	2.724873285	2.724463672456439	2.724821083679317	0.015852521	0.01603346963308897	0.015644582182897066
619.333333333333	2.725750933	2.7246744146039443	2.7249059572446543	0.0163346	0.016047890861267636	0.015654558544593144
619.666666666667	2.725233018	2.7248874499853706	2.7249919585488254	0.016784184	0.016059157069449864	0.01566307888021748
620.0	2.724449268	2.72510172734418	2.7250786495231876	0.016791918	0.016067236053667805	0.015670132495615635
620.333333333333	2.724400585	2.725316189186618	2.725165588221202	0.016413576	0.01607210954938492	0.015675715133109468
620.666666666667	2.725337829	2.72552977694874	2.725252330887842	0.016080232	0.016073773409896557	0.015679829000687744
621.0	2.726705476	2.7257414361616115	2.725338434039829	0.01634316	0.01607223772218603	0.015682482772590937
621.333333333333	2.726402191	2.7259501215876036	2.725423456547453	0.016487901	0.016067526858751405	0.015683691561272885
621.666666666667	2.725988591	2.7261548023009423	2.7255069617086876	0.01631702	0.016059679464226713	0.01568347686084191
622.0	2.726098811	2.726354466686188	2.7255885193063336	0.015927837	0.01604874837594616	0.015681866462202834
622.333333333333	2.727725291	2.7265481273289383	2.725667707638968	0.015725378	0.016034800477938035	0.015678894340239287
622.666666666667	2.729427804	2.726734825773832	2.725744115516534	0.016106705	0.016017916488184993	0.015674600513491503
623.0	2.729193068	2.7269136371259144	2.7258173442115496	0.016689386	0.015998190679345426	0.015669030876899376
623.333333333333	2.727869616	2.727083674472482	2.725887009357039	0.016765717	0.015975730533495158	0.015662237008292456
623.666666666667	2.727206783	2.7272440931037822	2.725952742782477	0.016393421	0.01595065633181605	0.01565427594941831
624.0	2.727852345	2.727394094512261	2.7260141942792786	0.015909182	0.015923100680526256	0.015645209962407577
624.333333333333	2.728795024	2.7275329301515177	2.72607103328759	0.015841289	0.015893207974712293	0.01563510626267785
624.666666666667	2.728844882	2.7276599049376835	2.7261229504964692	0.016153272	0.015861133802083472	0.01562403672937918
625.0	2.728043788	2.727774380477534	2.7261696593498193	0.016115023	0.015827044289021215	0.015612077594580696
625.333333333333	2.728086161	2.7278757780093708	2.7262108974508643	0.015624176	0.015791115391637557	0.015599309112490942
625.666666666667	2.729331495	2.727963581044422	2.726246427858304	0.015420757	0.015753532134885253	0.01558581521009302
626.0	2.730387679	2.7280373376982947	2.726276040267735	0.015762059	0.015714487803074655	0.015571683120659817
626.333333333333	2.730287631	2.7280966627038157	2.726299552072406	0.016154449	0.015674183085447355	0.01555700300169361
626.666666666667	2.729223798	2.7281412390983624	2.726316809297842	0.01609549	0.015632825180730996	0.015541867538908283
627.0	2.728575337	2.7281708195806265	2.7263276874054325	0.015716887	0.015590626864852446	0.015526371537940458
627.333333333333	2.728837962	2.728185227533464	2.7263320919606158	0.015445502	0.015547805526215026	0.01551061150553824
627.666666666667	2.729257664	2.728184357711258	2.726329959161894	0.015308788	0.015504582173149217	0.015494685222031861
628.0	2.729323946	2.728168176591895	2.7263212562275125	0.015277414	0.015461180418322965	0.0154786913069398
628.333333333333	2.729098408	2.728136722395067	2.726305981637295	0.015228523	0.015417825445046981	0.015462728779605861
628.666666666667	2.729387395	2.7280901047702018	2.726284165227758	0.015242061	0.015374742960531368	0.015446896616797151
629.0	2.729641075	2.7280285041587993	2.726255868139335	0.015307316	0.015332158141242011	0.015431293309219798
629.333333333333	2.729209018	2.727952170837364	2.7262211826152125	0.015466942	0.015290294575568256	0.01541601641892774
629.666666666667	2.728387432	2.7278614236484424	2.726180231651994	0.015521001	0.015249373209047505	0.01540116213961026
630.0	2.727639859	2.7277566484285116	2.7261331685031385	0.015243124	0.01520961129739709	0.015386824861745415
630.333333333333	2.727949606	2.7276382961426155	2.7260801760368123	0.014803762	0.015171221372580028	0.01537309674459927
630.666666666667	2.728458191	2.7275068807366716	2.726021465950544	0.014692268	0.015134410227078768	0.015360067297034317
631.0	2.728206585	2.727362976719328	2.725957277845782	0.014804666	0.0150993779214709	0.015347822969064836
631.333333333333	2.728468962	2.7272072164861356	2.7258878781661706	0.014797153	0.015066316820293572	0.015336446756061873
631.666666666667	2.72843264	2.7270402873995256	2.7258135590040626	0.01481585	0.015035410661050026	0.015326017817466127
632.0	2.727899449	2.726862928638808	2.725734636780487	0.01494191	0.015006833661053591	0.015316611111813158
632.333333333333	2.727228713	2.7266759278349877	2.725651450804441	0.015059117	0.014980749666622923	0.015308297049812236
632.666666666667	2.726372169	2.7264801175057074	2.725564361718052	0.015039031	0.014957311348938082	0.015301141167147814
633.0	2.725832546	2.7262763713061196	2.725473749834742	0.014815696	0.014936659450642278	0.01529520381859135
633.333333333333	2.725617856	2.7260656001118178	2.725380013378133	0.014575538	0.014918922087029383	0.015290539894921212
633.666666666667	2.725834069	2.725848747950333	2.72528356662998	0.014481126	0.01490421410539445	0.01528719856404998
634.0	2.726183949	2.7256267877979417	2.725184837995924	0.014634555	0.014892636505844416	0.01528522303765222
634.333333333333	2.725771035	2.725400717258757	2.7250842679983265	0.014653146	0.014884275926570425	0.015284650364471885
634.666666666667	2.725582912	2.725171554143286	2.7249823072058543	0.014482457	0.014879204196273525	0.015285511251367661
635.0	2.725833737	2.72494033196373	2.724879414109874	0.014541577	0.014877477956112837	0.015287829913027443
635.333333333333	2.725429693	2.724708095363479	2.724776052958	0.014814518	0.01487913835321201	0.015291623951150034
635.666666666667	2.724556762	2.724475895498314	2.7246726915554196	0.014958111	0.01488421080741663	0.015296904263754272
636.0	2.723345967	2.7242447853868885	2.7245697990448083	0.014922987	0.014892704852643978	0.015303674985133308
636.333333333333	2.722744855	2.7240158152481464	2.724467843675783	0.014500375	0.014904614053808846	0.015311933456826077
636.666666666667	2.723620253	2.72379002784335	2.7243672905749317	0.014260495	0.014919915999946047	0.015321670229829226
637.0	2.72432796	2.7235684538403917	2.724268599527453	0.014616306	0.014938572373783637	0.015332869098122488
637.333333333333	2.723823319	2.7233521072181066	2.7241722227814167	0.015027243	0.014960529097652074	0.015345507163428857
637.666666666667	2.722357966	2.7231419807282458	2.724078602885524	0.015140318	0.014985716555244511	0.015359554930979435
638.0	2.721394613	2.7229390414327597	2.723988170571087	0.014759354	0.015014049888374471	0.015374976435901792
638.333333333333	2.722092596	2.722744226333984	2.7239013426887095	0.014442477	0.015045429367510221	0.015391729399701447
638.666666666667	2.722342012	2.7225584381152115	2.7238185202098726	0.014702721	0.015079740834502614	0.015409765416159248
639.0	2.721985934	2.7223825410090585	2.723740086303253	0.014997515	0.015116856215565607	0.015429030165823853
639.333333333333	2.721105349	2.7222173568108494	2.723666404495239	0.015145311	0.015156634102218739	0.015449463658139073
639.666666666667	2.720717437	2.722063661054057	2.7235978169236073	0.014924328	0.01519892039755908	0.015471000500111465
640.0	2.721484774	2.7219221793646056	2.7235346426928704	0.014796917	0.015243549024899087	0.015493570190294431
640.333333333333	2.721868761	2.721793584010514	2.723477176339214	0.015183537	0.015290342695487836	0.015517097436742759
640.666666666667	2.7213272	2.72167849066303	2.723425686412381	0.015424365	0.015339113731727676	0.015541502497475771
641.0	2.720681821	2.721577455384924	2.7233804141812272	0.015444875	0.015389664942008219	0.015566701541879328
641.333333333333	2.71992104	2.721490971861136	2.723341572469005	0.015334437	0.015441790543006617	0.015592607031376918
641.666666666667	2.720186647	2.7214194688863556	2.7233093446237606	0.015124356	0.015495277125048619	0.01561912811760875
642.0	2.720564798	2.7213633081234163	2.723283883628512	0.015320057	0.015549904655890841	0.015646171056275342
642.333333333333	2.720509393	2.7213227821456254	2.723265311355151	0.015588445	0.01560544751807268	0.015673639634729047
642.666666666667	2.720002695	2.7212981127752447	2.7232537179652643	0.015639122	0.015661675574797293	0.0157014356113335
643.0	2.720095708	2.7212894497293587	2.723249161460335	0.015641798	0.015718355259137114	0.015729459164557345
643.333333333333	2.720631856	2.721296869583282	2.7232516673830025	0.015659016	0.015775250681221157	0.015757609349724783
643.666666666667	2.720835123	2.721320375060442	2.723261228670347	0.015903621	0.015832124747950534	0.015785784561312077
644.0	2.720455531	2.721359894656397	2.7232778056593667	0.016127714	0.015888740289706126	0.015813882998655375
644.333333333333	2.720059973	2.7214152826032008	2.723301326244127	0.016120988	0.01594486118845893	0.015841803132921824
644.666666666667	2.719839866	2.7214863191788727	2.7233316861832835	0.015989803	0.016000253501670336	0.015869444173192512
645.0	2.720039285	2.7215727113650905	2.7233687495560277	0.015894689	0.016054686576376768	0.01589670652951198
645.333333333333	2.720663471	2.72167409385456	2.7234123493637594	0.016053936	0.016107934147891675	0.01592349227077533
645.666666666667	2.720973341	2.721790030407741	2.7234622882741752	0.016320089	0.01615977541762745	0.015949705575349412
646.0	2.720850578	2.721920015556796	2.7235183395037916	0.016418185	0.01620999610464076	0.015975253172359448
646.333333333333	2.720831317	2.7220634766527088	2.7235802478343287	0.016356587	0.01625838946563637	0.016000044771616335
646.666666666667	2.721448657	2.7222197762496214	2.7236477307578104	0.016428462	0.016304757278326597	0.016023993480212363
647.0	2.721825671	2.722388214818455	2.7237204797446726	0.016622091	0.01634891078323459	0.016047016203873953
647.333333333333	2.721387733	2.722568033779916	2.723798161628698	0.016743674	0.01639067157924979	0.016069034031228953
647.666666666667	2.721237744	2.7227584188450127	2.723880420102085	0.016775379	0.016429872468490585	0.016089972599222645
648.0	2.721373528	2.722958503649259	2.723966877313577	0.01673831	0.016466358246302264	0.016109762438000406
648.333333333333	2.721705268	2.7231673736648303	2.7240571355621186	0.016633373	0.01649998643251519	0.01612833929366579
648.666666666667	2.722554726	2.7233840703730654	2.72415077907823	0.016587643	0.016530627940407445	0.016145644427420204
649.0	2.723246459	2.723607595677947	2.7242473758848873	0.016730999	0.016558167680155302	0.016161624889693547
649.333333333333	2.723691032	2.7238369165394665	2.7243464797294954	0.01689003	0.016582505093911782	0.016176233767984775
649.666666666667	2.723963372	2.7240709698042185	2.7244476320782436	0.016936872	0.016603554620025537	0.016189430407245332
650.0	2.723774816	2.7243086672091	2.7245503641639646	0.017029098	0.016621246084296715	0.016201180601758305
650.333333333333	2.723776969	2.7245489005326524	2.724654199078438	0.017004738	0.01663552501656073	0.016211456757589695
650.666666666667	2.724186361	2.724790546867466	2.7247586538999538	0.016882461	0.016646352891292147	0.016220238024816352
651.0	2.724726793	2.7250324739860052	2.7248632418468524	0.016865486	0.016653707291326356	0.016227510398866662
651.333333333333	2.725471657	2.7252735457714667	2.724967474447713	0.016902415	0.016657581994203596	0.016233266790445008
651.666666666667	2.725850544	2.7255126276846156	2.7250708637188206	0.017046977	0.01665798698104551	0.01623750706364839
652.0	2.725828416	2.7257485922371325	2.725172924339556	0.017032487	0.016654948368275718	0.016240238042023725
652.333333333333	2.72593741	2.725980324441816	2.7252731758164037	0.016785132	0.016648508262890282	0.016241473482455894
652.666666666667	2.727057702	2.7262067272099206	2.7253711446263114	0.016557222	0.016638724542368637	0.01624123401691981
653.0	2.728046503	2.726426726666186	2.7254663663302865	0.016738224	0.016625670560688543	0.01623954706227358
653.333333333333	2.728058019	2.726639277352468	2.7255583876481895	0.017051207	0.01660943478226716	0.016236446698414227
653.666666666667	2.727366556	2.72684336729155	2.725646768485894	0.017066601	0.01659012034599224	0.01623197351526146
654.0	2.7272387	2.7270380228835225	2.72573108390613	0.01683755	0.016567844561831493	0.01622617442917818
654.333333333333	2.727987109	2.7272223136081575	2.7258109260345793	0.016597409	0.016542738342811624	0.016219102469578656
654.666666666667	2.728741758	2.7273953565079196	2.72588590589301	0.016613352	0.016514945575441514	0.016210816536615106
655.0	2.729125536	2.727556320427637	2.725955655151519	0.01669674	0.01648462243191393	0.01620138113097106
655.333333333333	2.729144276	2.7277044299884428	2.726019827792262	0.016741086	0.016451936627656937	0.016190866056924432
655.666666666667	2.72867969	2.7278389692752847	2.7260781016773468	0.016544623	0.016417066628018687	0.016179346099973523
656.0	2.729105021	2.727959285219135	2.7261301800139606	0.016212005	0.016380200808057237	0.016166900680445608
656.333333333333	2.729893601	2.728064790657033	2.7261757927101358	0.016248707	0.016341536569570648	0.01615361348462861
656.666666666667	2.729940086	2.7281549670551057	2.7262146976150112	0.016326286	0.016301279419641365	0.016139572075081668
657.0	2.730297298	2.728229366881877	2.72624668163784	0.016455193	0.016259642015083633	0.01612486748188917
657.333333333333	2.729789179	2.7282876156213667	2.7262715617404845	0.016706011	0.016216843177273673	0.016109593776724457
657.666666666667	2.728800402	2.7283294134177076	2.7262891857986022	0.016498262	0.016173106881910048	0.016093847631683374
658.0	2.728821625	2.72835453634529	2.7262994333272506	0.01600979	0.016128661228297786	0.016077727864933115
658.333333333333	2.729351986	2.7283628373006583	2.726302216067173	0.015753008	0.016083737392774695	0.016061334975298498
658.666666666667	2.73017185	2.728354246514664	2.726297478428571	0.01586768	0.01603856857090341	0.01604477066797436
659.0	2.729570701	2.7283287716855384	2.7262851977897795	0.016094219	0.015993388913039114	0.016028137373609492
659.333333333333	2.728481715	2.7282864977357213	2.7262653846488205	0.015789519	0.015948432457852154	0.016011537763053547
659.666666666667	2.72899611	2.7282275861973124	2.726238082626489	0.015413881	0.015903932068337616	0.015995074260092907
660.0	2.730295371	2.728152274233037	2.7262033683202054	0.01532245	0.015860118374782604	0.015978848554524912
660.333333333333	2.731440141	2.7280608733014553	2.7261613510085647	0.016001774	0.015817218729086965	0.01596296111793113
660.666666666667	2.729216819	2.7279537674769387	2.7261121722071726	0.016447719	0.015775456174746384	0.01594751072450942
661.0	2.727426101	2.7278314114365623	2.726056005077025	0.015926059	0.01573504843670903	0.015932593979311415
661.333333333333	2.727615964	2.727694328127582	2.7259930536873855	0.015424102	0.015696206935209588	0.01591830485620637
661.666666666667	2.727922462	2.72754310613054	2.725923552135811	0.015152684	0.015659135827568577	0.015904734247854057
662.0	2.728419326	2.727378396734259	2.7258477635286416	0.015234621	0.01562403108182103	0.01589196952991864
662.333333333333	2.727783785	2.727200910740095	2.725765978825997	0.015443274	0.015591079585907568	0.015880094141692686
662.666666666667	2.727380898	2.727011415013719	2.725678515555977	0.015265995	0.015560458296023361	0.015869187185224978
663.0	2.727735983	2.7268107288035464	2.7255857164034287	0.015281201	0.015532333427576168	0.015859323044959163
663.333333333333	2.72777113	2.7265997198455345	2.7254879476793294	0.015467833	0.015506859692054882	0.015850571029791836
663.666666666667	2.727044296	2.726379300274609	2.7253855976774357	0.015627737	0.0154841795829537	0.015842995039349463
664.0	2.726002741	2.726150422363378	2.7252790749254805	0.015463783	0.015464422713734998	0.015836653256164103
664.333333333333	2.725718141	2.7259140741090238	2.7251688063387722	0.015026288	0.015447705210645783	0.015831597865298707
664.666666666667	2.726194749	2.725671274689432	2.7250552352846147	0.014960227	0.01543412916302773	0.015827874802834773
665.0	2.725981031	2.725423069809643	2.7249388195664515	0.015146199	0.015423782133579048	0.015825523534488992
665.333333333333	2.725460027	2.72517052695967	2.724820029337137	0.015331469	0.015416736730837032	0.015824576865472204
665.666666666667	2.724612727	2.7249147306045516	2.7246993449511505	0.015365264	0.015413050245952464	0.01582506078254432
666.0	2.724181846	2.7246567773273154	2.7245772547659386	0.015295813	0.015412764355620888	0.01582699432905403
666.333333333333	2.72402721	2.7243977709452283	2.7244542529029068	0.015287704	0.01541590489281995	0.015830389513582847
666.666666666667	2.724007741	2.724138817619366	2.724330836978838	0.015309412	0.01542248168677661	0.01583525125264058
667.0	2.723282284	2.7238810209771334	2.724207505818742	0.015220878	0.015432488473351992	0.015841577347684935
667.333333333333	2.723045642	2.7236254772669612	2.7240847571612608	0.015033536	0.015445902876784627	0.015849358496562008
667.666666666667	2.723118241	2.723373270563932	2.7239630853678722	0.015090327	0.015462686463475078	0.01585857833928905
668.0	2.722732522	2.7231254680445898	2.723842979147129	0.015171147	0.015482784868225432	0.01586921353792626
668.333333333333	2.722384932	2.7228831153487456	2.7237249193051514	0.015186669	0.015506127993066715	0.015881233890111895
668.666666666667	2.722162347	2.7226472320455257	2.7236093765334615	0.015345152	0.015532630278515503	0.015894602475666045
669.0	2.722031067	2.7224188072204227	2.7234968092450953	0.015478827	0.015562191046798696	0.015909275835503094
669.333333333333	2.721816413	2.722198795199605	2.723387661469678	0.015629118	0.015594694916273197	0.0159252041819333
669.666666666667	2.721028438	2.721988111427183	2.723282360817855	0.015609815	0.015630012285945873	0.015942331639279904
670.0	2.720567875	2.721787628510646	2.72318131652511	0.015383579	0.015667999888669924	0.015960596513591226
670.333333333333	2.720973764	2.721598172449121	2.723084917584587	0.01526261	0.015708501411258013	0.015979931590087874
670.666666666667	2.721238437	2.7214205190585967	2.7229935309780444	0.015302306	0.01575134817941179	0.016000264456854107
671.0	2.720921103	2.721255390607688	2.722907500013571	0.015614473	0.01579635990502393	0.01602151785316034
671.333333333333	2.7200922	2.721103452676984	2.7228271427780846	0.015783527	0.015843345493064525	0.016043610040691145
671.666666666667	2.719546738	2.720965311254412	2.7227527507120413	0.015692514	0.015892103904920574	0.016066455195850437
672.0	2.719909771	2.72084151007848	2.7226845873131174	0.015645043	0.015942425074718554	0.01608996382122325
672.333333333333	2.72032243	2.7207325282405987	2.7226228869749156	0.015831997	0.015994090874827775	0.016114043174191715
672.666666666667	2.72027003	2.7206387780570225	2.722567853966049	0.016135005	0.016046876126419772	0.016138597710631926
673.0	2.719661017	2.7205606032202394	2.7225196615541893	0.016209747	0.01610054965064893	0.016163529541558565
673.333333333333	2.719151826	2.720498277238856	2.722478451278891	0.016034631	0.016154875355724786	0.01618873890053499
673.666666666667	2.719485866	2.720452002174208	2.7224443323762415	0.015926708	0.016209613354870585	0.01621412461962879
674.0	2.71984545	2.7204219076810525	2.7224173813575727	0.016066788	0.01626452110990766	0.01623958461166552
674.333333333333	2.719747258	2.72040805035872	2.7223976417436777	0.016344808	0.016319354594975546	0.016265016356517323
674.666666666667	2.719351031	2.7204104134181013	2.722385123955196	0.016528412	0.016373869474694762	0.016290317389157087
675.0	2.718991362	2.720428906668762	2.7223798053590142	0.016527201	0.016427822290906592	0.01631538578721374
675.333333333333	2.718882591	2.720463366829263	2.7223816304697794	0.01642893	0.0164809716519839	0.016340120655778483
675.666666666667	2.719781641	2.7205135581625868	2.722390511304844	0.016493124	0.016533079418601503	0.01636442260723627
676.0	2.719948385	2.720579173437195	2.7224063278902197	0.016699611	0.016583911879786015	0.016388194233930245
676.333333333333	2.719764346	2.720659835212913	2.7224289289144163	0.016823501	0.01663324091303471	0.016411340571509277
676.666666666667	2.719530965	2.7207550974493384	2.72245813252633	0.0168438	0.016680845122302675	0.016433769550859737
677.0	2.719688337	2.7208644474330175	2.7224937272727057	0.016825354	0.01672651094770792	0.016455392436581583
677.333333333333	2.719862631	2.720987308018044	2.722535473170058	0.016941189	0.016770033740896372	0.01647612425003547
677.666666666667	2.720104064	2.721123040173132	2.7225831029053693	0.017083649	0.016811218800142417	0.016495884175061582
678.0	2.72000872	2.7212709458266326	2.7226363231593056	0.017165194	0.016849882359436026	0.01651459594455136
678.333333333333	2.720249814	2.7214302709992637	2.7226948160452	0.017057735	0.016885852526023676	0.01653218820614051
678.666666666667	2.720948492	2.721600209212694	2.7227582406565904	0.017063681	0.016918970161126295	0.016548594865384667
679.0	2.72124644	2.721779905160498	2.722826234715646	0.017205511	0.01694908969885153	0.01656375540487764
679.333333333333	2.721142264	2.721968458626331	2.7228984163144614	0.017268106	0.016976079898648404	0.0165776151778761
679.666666666667	2.720989966	2.7221649286326346	2.7229743857408386	0.017289242	0.01699982452701692	0.016590125675103106
680.0	2.721306352	2.7223683378016323	2.723053727379893	0.017202801	0.017020222964581392	0.016601244763516248
680.333333333333	2.72207806	2.7225776769089087	2.7231360116825436	0.017307946	0.017037190735060947	0.016610936895943264
680.666666666667	2.722491018	2.722791909608533	2.7232207971917597	0.017552085	0.017050659953120516	0.016619173290609447
681.0	2.722525044	2.7230099773073544	2.7233076326172396	0.017722173	0.017060579688557304	0.016625932079705613
681.333333333333	2.722123837	2.7232308041650124	2.723396058949081	0.017579739	0.017066916244767066	0.016631198426273586
681.666666666667	2.722513912	2.7234533021951033	2.723485611600901	0.017106711	0.017069653349937448	0.01663496460881689
682.0	2.723911036	2.7236763764421372	2.7235758225728115	0.017066029	0.017068792259928696	0.016637230073177904
682.333333333333	2.724638339	2.723898930208126	2.7236662226246215	0.017151182	0.01706435177232029	0.016638001451358565
682.666666666667	2.724859474	2.7241198703021268	2.7237563434496885	0.017386761	0.017056368151621655	0.016637292547099548
683.0	2.724442802	2.72433811228564	2.723845719839845	0.017468625	0.01704489496616189	0.01663512428817246
683.333333333333	2.724710378	2.7245525856865775	2.7239338918319547	0.017372204	0.017030002837682787	0.01663152464548028
683.666666666667	2.725404551	2.72476223915446	2.7240204068267277	0.017388713	0.017011779105157738	0.016626528519203418
684.0	2.725715208	2.724966045529697	2.7241048216706063	0.017490749	0.016990327404842902	0.016620177592371
684.333333333333	2.725248913	2.7251630068001256	2.7241867046916766	0.017563961	0.01696576716903166	0.016612520152379733
684.666666666667	2.724744251	2.7253521589185277	2.7242656376807965	0.017203108	0.016938233046426908	0.01660361088112512
685.0	2.725832183	2.7255325764555716	2.7243412178093402	0.016646655	0.016907874247463615	0.016593510614551353
685.333333333333	2.727271819	2.7257033770635175	2.7244130594752365	0.016631593	0.016874853818304357	0.016582286072566718
685.666666666667	2.728031843	2.7258637257270824	2.724480796069261	0.016844473	0.01683934784759092	0.016570009560409767
686.0	2.728132484	2.726012838779114	2.724544081653866	0.017194137	0.016801544610362807	0.01655675864268789
686.333333333333	2.727213618	2.7261499876600745	2.724602592547162	0.017112948	0.01676164365384764	0.016542615791442915
686.666666666667	2.727824402	2.7262745024018855	2.7246560288050556	0.01679048	0.01671985483008715	0.016527668009728092
687.0	2.728550565	2.7263857748182856	2.7247041155949208	0.016867466	0.016676397280585304	0.01651200643230579
687.333333333333	2.728055403	2.726483261385656	2.7247466044546296	0.016988345	0.016631498378351452	0.01649572590519564
687.666666666667	2.727117614	2.726566485800071	2.7247832744311884	0.016781897	0.01658539263286163	0.016478924545917067
688.0	2.726832841	2.7266350411982594	2.724813933093725	0.016246321	0.016538320563574373	0.016461703286378197
688.333333333333	2.728102871	2.7266885920321764	2.7248384174160547	0.01586404	0.016490527547716106	0.016444165400463777
688.666666666667	2.729043068	2.7267268755888603	2.7248565945245846	0.01614329	0.01644226264809414	0.016426416018467446
689.0	2.728921168	2.726749703149319	2.7248683623078516	0.016491829	0.016393777426706193	0.016408561630597694
689.333333333333	2.728178296	2.726756960782255	2.724873649884573	0.016596689	0.01634532474989362	0.016390709581861448
689.666666666667	2.728019624	2.726748609770456	2.724872417927673	0.016382883	0.016297157590734204	0.01637296756069363
690.0	2.728719224	2.7267246866697086	2.7248646588423493	0.016207566	0.016249527834291042	0.016355443083754664
690.333333333333	2.728254123	2.726685303002088	2.7248503967968913	0.01643927	0.016202685091228995	0.016338242979360342
690.666666666667	2.727146597	2.7266306445873636	2.7248296876055966	0.016282139	0.016156875525181687	0.016321472872038487
691.0	2.726270854	2.726560970518153	2.724802618463788	0.015744416	0.01611234069910229	0.01630523667072495
691.333333333333	2.727264198	2.7264766117862274	2.7247693075356176	0.015239902	0.016069316445662812	0.016289636063116283
691.666666666667	2.728653065	2.7263779695690245	2.7247299033960166	0.015458711	0.016028031766581432	0.016274770018688222
692.0	2.728192715	2.7262655131870916	2.724684584328832	0.016166076	0.01598870776555805	0.016260734302867102
692.333333333333	2.726330687	2.7261397777445904	2.72463355748389	0.016381361	0.01595155661928701	0.016247621004806156
692.666666666667	2.725113509	2.7260013614664254	2.7245770578964135	0.015903208	0.015916780590794377	0.016235518081168934
693.0	2.72586873	2.7258509227468135	2.724515347372882	0.015282161	0.01588457108911803	0.016224508918259353
693.333333333333	2.727347124	2.7256891769252567	2.724448713248128	0.015444277	0.01585510777911314	0.0162146719147609
693.666666666667	2.726624986	2.725516892806909	2.7243774670191008	0.015965054	0.015828557744925517	0.016206080087257546
694.0	2.724925117	2.7253348889452673	2.7243019428613757	0.015977712	0.015805074710431685	0.01619880070060574
694.333333333333	2.723630861	2.7251440297059175	2.724222496035116	0.015499073	0.015784798319698597	0.016192894925111015
694.666666666667	2.724211886	2.7249452211307275	2.724139501187764	0.014890517	0.015767853480268823	0.016188417522335127
695.0	2.725973811	2.724739406622529	2.724053350561343	0.015063653	0.015754349771828463	0.01618541656122029
695.333333333333	2.726003373	2.7245275624707466	2.7239644521127357	0.015780718	0.015744380922566973	0.016183933166067428
695.666666666667	2.72448266	2.724310693238873	2.723873227555805	0.016166321	0.01573802435528877	0.016184001297745658
696.0	2.722980346	2.7240898270349616	2.723780110334704	0.015830335	0.015735340805087643	0.01618564756934195
696.333333333333	2.722923968	2.7238660106865105	2.723685543538059	0.015158345	0.015736374010145195	0.016188891097283536
696.666666666667	2.724302093	2.7236403048412727	2.723589977764102	0.015093145	0.01574115047696455	0.01619374338878274
697.0	2.724313753	2.723413779015553	2.723493868947122	0.015469	0.015749679321098952	0.01620020826626537
697.333333333333	2.723313532	2.72318750661156	2.723397676155805	0.015816564	0.01576195218418196	0.016208281829250812
697.666666666667	2.721872793	2.722962559925312	2.723301859374269	0.01577517	0.015777943227810204	0.016217952453955912
698.0	2.721318557	2.722740005166437	2.7232068772766658	0.015313822	0.015797609204570857	0.016229200830696823
698.333333333333	2.722496143	2.7225208975110586	2.7231131850063184	0.01521909	0.015820889606243775	0.016242000038964373
698.666666666667	2.723129137	2.722306276208691	2.7230212319703435	0.0155968	0.015847706888941226	0.01625631565985072
699.0	2.722650246	2.722097159763798	2.7229314596606313	0.015979001	0.01587796677467695	0.01627210592530911
699.333333333333	2.721465556	2.7218945412123334	2.7228442995119595	0.016049152	0.01591155862857904	0.016289321903535974
699.666666666667	2.720708646	2.7216993835132044	2.7227601708077835	0.015677015	0.015948355910679078	0.016307907719576378
700.0	2.721198385	2.7215126150741695	2.7226794786440367	0.015404855	0.015988216700922188	0.016327800810071146
700.333333333333	2.721595676	2.721335125431227	2.7226026119609292	0.015518245	0.01603098429574963	0.016348932210888383
700.666666666667	2.721498237	2.72116776110001	2.7225299416524082	0.015953922	0.016076487874308112	0.01637122687621303
701.0	2.720470096	2.7210113216171488	2.7224618187624774	0.016295972	0.01612454323203752	0.016394604027509935
701.333333333333	2.719385869	2.7208665557889438	2.7223985727771494	0.016136068	0.01617495357908317	0.016418977530626898
701.666666666667	2.719900683	2.7207341581639866	2.7223405100202513	0.015913562	0.016227510400670418	0.016444256299165204
702.0	2.720252625	2.7206147657456468	2.722287912160768	0.01605047	0.016281994376271897	0.016470344722117215
702.333333333333	2.720283168	2.7205089549595405	2.7222410348388117	0.016266455	0.016338176354087037	0.016497143113654345
702.666666666667	2.719712883	2.7204172388902212	2.722200106416656	0.016408954	0.016395818377046758	0.016524548182844802
703.0	2.718852904	2.720340064800392	2.7221653268606465	0.016323251	0.01645467475625457	0.016552453520989094
703.333333333333	2.719077374	2.720277811944942	2.7221368667590875	0.01618955	0.016514493187481695	0.016580750104183316
703.666666666667	2.719329473	2.720230789691003	2.722114866480524	0.016333823	0.01657501590604931	0.016609326808655275
704.0	2.719404148	2.720199235954071	2.722099435476092	0.016606946	0.01663598087515943	0.01663807093636719
704.333333333333	2.718867147	2.720183315958994	2.7220906517289203	0.016848595	0.016697123002478324	0.016666868748340856
704.666666666667	2.718358106	2.720183121333318	2.722088561352786	0.016818385	0.016758175379536777	0.01669560600313661
705.0	2.718779875	2.7201986695390783	2.7220931783415354	0.016743623	0.016818870538291765	0.016724168497906134
705.333333333333	2.71886808	2.720229903647691	2.722104484470012	0.016829597	0.01687894171899816	0.01675244260944088
705.666666666667	2.718861222	2.7202766924610553	2.722122429346532	0.016916176	0.016938124143368535	0.016780315832652153
706.0	2.718777653	2.7203388309803858	2.7221469306162263	0.017062507	0.016996156286857876	0.01680767731394536
706.333333333333	2.718515408	2.720416041222688	2.722177874313867	0.017024811	0.017052781143799853	0.016834418376989332
706.666666666667	2.719240692	2.720507973383052	2.722215115364119	0.017078764	0.017107747479045074	0.01686043303843101
707.0	2.719492633	2.720614207339269	2.722258478226503	0.017262309	0.017160811059711806	0.01688561851116623
707.333333333333	2.719729304	2.720734254493488	2.7223077576817096	0.017364105	0.017211735860657426	0.01690987569284747
707.666666666667	2.719823339	2.720867559943869	2.722362719755305	0.017500211	0.01726029523731626	0.016933109637389608
708.0	2.719955466	2.7210135049774533	2.72242310277429	0.017445365	0.01730627305962751	0.01695523000732333
708.333333333333	2.720672366	2.7211714098736617	2.7224886185514015	0.01758527	0.017349464800896896	0.016976151504943117
708.666666666667	2.720306616	2.7213405370061468	2.722558953691563	0.01773741	0.01738967857559737	0.016995794280301447
709.0	2.720357815	2.7215200942290014	2.7226337710142454	0.017647031	0.017426736120318243	0.017014084314241736
709.333333333333	2.720395695	2.7217092385317043	2.7227127110853	0.017758255	0.01746047371231774	0.017030953774724914
709.666666666667	2.720615257	2.721907079945608	2.722795393851327	0.017561637	0.017490743020420235	0.017046341344839514
710.0	2.722200611	2.7221126856832862	2.722881420369243	0.017824182	0.017517411883325375	0.017060192521023015
710.333333333333	2.721942785	2.722325084490823	2.722970374623291	0.01812366	0.017540365010707805	0.017072459880163395
710.666666666667	2.721892449	2.7225432711915305	2.723061825421432	0.018047681	0.017559504602995896	0.01708310331439333
711.0	2.722121214	2.7227662113984747	2.7231553283627163	0.017920095	0.01757475088612012	0.01709209023253529
711.333333333333	2.72292032	2.722992846372313	2.7232504278669896	0.017689243	0.017586042557961284	0.017099395727303804
711.666666666667	2.723934022	2.723222098000056	2.723346659258029	0.017979752	0.017593337143701992	0.017105002707520463
712.0	2.723206171	2.7234528738697126	2.723443550891041	0.018207522	0.01759661125778593	0.017108901994748384
712.333333333333	2.722864982	2.7236840724152436	2.723540626315257	0.018088688	0.01759586077071429	0.01711109238390512
712.666666666667	2.722875904	2.7239145881058366	2.7236374064622475	0.017837476	0.01759110087945185	0.017111580667566142
713.0	2.724554347	2.7241433166533104	2.723733411850475	0.017416719	0.017582366080771482	0.017110381623825232
713.333333333333	2.726415637	2.7243691602114346	2.723828164796523	0.017914735	0.017569710047430666	0.01710751796773262
713.666666666667	2.725781247	2.724591032541012	2.7239211916234236	0.018271796	0.017553205407640354	0.017103020266486656
714.0	2.724936633	2.7248078641149367	2.724012024856474	0.018105874	0.017532943428851755	0.017096926818709644
714.333333333333	2.724773714	2.725018607137854	2.724100205396964	0.017686844	0.01750903360744379	0.01708928349829279
714.666666666667	2.725895223	2.7252222404556896	2.7241852846642964	0.017247354	0.017481603166440093	0.017080143563449328
715.0	2.727524762	2.725417774331118	2.7242668266970536	0.017587253	0.01745079646391327	0.017069567431767137
715.333333333333	2.727250717	2.7256042550619553	2.724344410203682	0.018058088	0.01741677431524335	0.017057622422203746
715.666666666667	2.725696908	2.725780769420545	2.72441763055362	0.018148639	0.017379713232881355	0.01704438246511528
716.0	2.724433577	2.725946448893393	2.724486101699868	0.017564005	0.017339804587725858	0.017029927781557874
716.333333333333	2.726994891	2.726100473701636	2.7245494580242156	0.016520701	0.017297253696646094	0.017014344533243162
716.666666666667	2.730014227	2.726242076584316	2.7246073560965955	0.017124959	0.017252278841077665	0.01699772444466917
717.0	2.729122102	2.7263705463279364	2.7246594763403054	0.017851264	0.017205110221973356	0.016980164399083193
717.333333333333	2.727055601	2.7264852310273175	2.7247055245995853	0.017906552	0.017155988856710217	0.01696176600909994
717.666666666667	2.725660156	2.7265855410643836	2.7247452335942297	0.017281502	0.017105165423833557	0.016942635165546862
718.0	2.727103296	2.7266709517931345	2.7247783642551004	0.016275303	0.017052899061757883	0.016922881566369428
718.333333333333	2.729894883	2.7267410059207378	2.7248047069346777	0.016680997	0.016999456127743645	0.016902618227560107
718.666666666667	2.729258641	2.7267953155696367	2.7248240824871246	0.017613857	0.016945108925358478	0.0168819609781991
719.0	2.726868188	2.726833564027051	2.7248363432127136	0.017735433	0.016890134403667764	0.016861027941810013
719.333333333333	2.725504025	2.726855507173996	2.7248413736618864	0.016828134	0.016834812835454953	0.016839939006339198
719.666666666667	2.727920227	2.7268609745881607	2.7248390912946836	0.015648201	0.016779426481689078	0.0168188152851614
720.0	2.730978153	2.726849870317039	2.7248294469917895	0.016317233	0.016724258249345238	0.016797778571596127
720.333333333333	2.729128053	2.726822173319666	2.7248124254140063	0.017242673	0.01666959034954557	0.0167769507894871
720.666666666667	2.726881105	2.7267779375771064	2.7247880452075455	0.016902918	0.016615702962825763	0.01675645344245159
721.0	2.726281296	2.7267172918735367	2.7247563590532	0.01612293	0.016562872918148536	0.016736407064443508
721.333333333333	2.728213045	2.7266404392513	2.7247174535581093	0.015505704	0.016511372392082585	0.016716930674295683
721.666666666667	2.729799756	2.7265476561447	2.724671448989559	0.016260538	0.016461467634345667	0.016698141236911664
722.0	2.72799353	2.7264392911985955	2.72461849885099	0.017087937	0.016413417725676033	0.01668015313376569
722.333333333333	2.725478904	2.7263157637789917	2.7245587893011574	0.016732757	0.01636747337374847	0.01666307764534006
722.666666666667	2.725078817	2.7261775621838495	2.724492538418167	0.015796767	0.01632387575259208	0.016647022448082537
723.0	2.727239809	2.7260252415632666	2.724419995310895	0.01544554	0.016282855390697622	0.016632091128401968
723.333333333333	2.72775845	2.725859421558999	2.7243414390811265	0.016032341	0.016244631112724093	0.01661838271613856
723.666666666667	2.726234216	2.725680783674018	2.724257177640509	0.016310279	0.016209409039428378	0.016605991239846477
724.0	2.724662847	2.7254900683834635	2.724167546387271	0.015795055	0.016177381650148384	0.01659500530611086
724.333333333333	2.72549127	2.7252880719989556	2.724072906748364	0.015431208	0.016148726911870415	0.016585507704990177
724.666666666667	2.726835696	2.7250756432987555	2.7239736445935194	0.015735875	0.016123607478605577	0.016577575043528435
725.0	2.726027053	2.7248536799367833	2.7238701685283826	0.016311344	0.01610216996448806	0.016571277409121347
725.333333333333	2.724554299	2.724623124643974	2.723762908074641	0.016367952	0.016084544293690058	0.016566678064347487
725.666666666667	2.723569587	2.7243849612359305	2.7236523115767493	0.015961916	0.01607084312992437	0.016563833206861073
726.0	2.723813468	2.7241402104412558	2.723538844274577	0.015649176	0.016061161387975097	0.016562791714658884
726.333333333333	2.724173835	2.723889925565446	2.7234229862722996	0.015590175	0.016055575829360312	0.016563594929291457
726.666666666667	2.723376395	2.7236351880056566	2.7233052304146836	0.015584639	0.0160541447438868	0.01656627647782396
727.0	2.723217173	2.7233771028960714	2.7231860800826024	0.015413893	0.016056907660716456	0.01657086213407954
727.333333333333	2.724008219	2.723116794172158	2.723066046920167	0.015423741	0.01606388524747268	0.01657736971942849
727.666666666667	2.724104046	2.722855399596114	2.72294564850627	0.015951761	0.016075079286670013	0.016585809043122124
728.0	2.723269411	2.722594065752088	2.722825405983671	0.016368948	0.016090472731068325	0.016596181881912506
728.333333333333	2.721737625	2.722333943020466	2.7227058416589585	0.016319506	0.016110029839236508	0.01660848199844983
728.666666666667	2.721554391	2.7220761805414786	2.7225874765868157	0.015963242	0.01613369639225235	0.016622695197710206
729.0	2.721611656	2.7218219211793753	2.722470828152112	0.015911595	0.016161399992069284	0.01663879942045003
729.333333333333	2.720835758	2.7215722964995273	2.722356407663021	0.015922116	0.01619305044164976	0.016656764872524762
729.666666666667	2.720635949	2.72132842177199	2.7222447179681746	0.015752793	0.016228540206503834	0.01667655418869906
730.0	2.72055311	2.721091391016265	2.7221362511106046	0.015549486	0.01626774495678391	0.01669812262938246
730.333333333333	2.721773981	2.7208622721031572	2.7220314860308386	0.015571065	0.016310524188577136	0.016721418308550003
730.666666666667	2.722413468	2.7206421019308076	2.721930886331051	0.016298538	0.01635672192251106	0.016746382450951572
731.0	2.72096351	2.7204318816930595	2.7218348981116223	0.016899523	0.01640616747725051	0.016772949676577716
731.333333333333	2.719284647	2.720232572259311	2.7217439478908405	0.016906361	0.01645867631492024	0.016801048310233446
731.666666666667	2.718229635	2.720045089685896	2.7216584406177793	0.016395917	0.016514050954943522	0.01683060071397521
732.0	2.71918557	2.7198703008797622	2.7215787577876465	0.016088148	0.016572081952248133	0.016861523640089894
732.333333333333	2.719270339	2.7197090194358036	2.721505255668102	0.01652301	0.016632548935262996	0.016893728602237992
732.666666666667	2.718162634	2.71956200166955	2.721438263644198	0.01665894	0.016695221698617552	0.016927122262345842
733.0	2.717401486	2.7194299428671362	2.721378082688742	0.01644481	0.016759861344967	0.016961606830812947
733.333333333333	2.717825637	2.719313473774409	2.7213249839639913	0.01613417	0.016826221469905638	0.016997080477600228
733.666666666667	2.719661106	2.7192131573467284	2.721279207559676	0.016277756	0.01689404938350322	0.017033437751781504
734.0	2.720296605	2.7191294857805635	2.721240967745608	0.017119416	0.016963087361610944	0.017070568931102023
734.333333333333	2.718901507	2.719062877847144	2.721210443481594	0.017618639	0.01703307391973928	0.017108361856159316
734.666666666667	2.717208954	2.7190136765474655	2.7211877777660325	0.017538224	0.01710374510201488	0.017146702345142626
735.0	2.716411288	2.718982147106666	2.7211730771512816	0.016992475	0.017174835777481495	0.017185474602565105
735.333333333333	2.717386341	2.7189684651884134	2.721166411420969	0.016846777	0.017246082866058658	0.01722456162071778
735.666666666667	2.717624288	2.718972731290208	2.721167813424032	0.017324797	0.017317223700750107	0.017263845572660152
736.0	2.716826019	2.7189949687567765	2.7211772790598405	0.017534731	0.017387997465680153	0.017303208195650035
736.333333333333	2.716278173	2.719035122244658	2.721194767408481	0.017419261	0.01745814660859625	0.017342531164002438
736.666666666667	2.716745212	2.719093056659437	2.72122020099994	0.017149552	0.017527418216412474	0.017381696450454637
737.0	2.718519055	2.7191685565818244	2.7212534662157433	0.017253909	0.017595565342910294	0.017420586675200196
737.333333333333	2.719501958	2.7192613261934966	2.7212944138119446	0.017817415	0.017662348278328303	0.017459085442801704
737.666666666667	2.718713615	2.7193709897084353	2.721342859564412	0.018242722	0.017727535751256362	0.01749707766464859
738.0	2.717707766	2.719497092310398	2.7213985850284454	0.018271339	0.017790906053997475	0.017534449866561296
738.333333333333	2.717287819	2.7196391015921644	2.721461338404844	0.017972413	0.01785224808336601	0.01757109048119623
738.666666666667	2.718169044	2.7197964094874356	2.72153083550467	0.017900436	0.017911362289748104	0.01760689012495428
739.0	2.718863187	2.7199683346815906	2.721606760805078	0.018253025	0.017968061528151676	0.017641741859139543
739.333333333333	2.718476646	2.7201541254831936	2.7216887685887374	0.018529882	0.018022171805912666	0.017675541435154526
739.666666666667	2.718302157	2.7203529631339576	2.7217764841595664	0.018444432	0.01807353292269318	0.017708187523553905
740.0	2.71900677	2.7205639655310923	2.721869505127684	0.018177669	0.018121998999397912	0.017739581926811798
740.333333333333	2.720321527	2.720786191332407	2.721967402756681	0.018234993	0.018167438893639667	0.017769629775687065
740.666666666667	2.720750079	2.721018644411383	2.7220697233665287	0.018580152	0.018209736500394338	0.01779823970909883
741.0	2.720415175	2.721260278626619	2.722175989785639	0.018784714	0.018248790937492376	0.017825324037450147
741.333333333333	2.719977568	2.721510002867606	2.72228570284581	0.018789518	0.01828451661658852	0.017850798889362102
741.666666666667	2.720192009	2.721766686336747	2.7223983429139853	0.01863847	0.01831684320122649	0.01787458434180428
742.0	2.72120981	2.7220291640259373	2.722513371454942	0.018578801	0.018345715454562206	0.017896604533631146
742.333333333333	2.722388322	2.722296242344747	2.722629994662472	0.018710968	0.018371092980219366	0.01791682380494559
742.666666666667	2.723062374	2.7225667048565114	2.7227476707369247	0.018870192	0.018392949860618294	0.01793517124905747
743.0	2.723199441	2.722839318078215	2.722865845273391	0.018898135	0.01841127419793443	0.017951579796032822
743.333333333333	2.723650792	2.7231128373000937	2.7229839522788595	0.01868427	0.018426067563600653	0.017965986357560096
743.666666666667	2.724202107	2.7233863948299213	2.7231014152478883	0.018637124	0.018437279798659514	0.017978331952067834
744.0	2.724075145	2.7236586125425934	2.7232176482924455	0.018741841	0.01844495715358608	0.01798856180948343
744.333333333333	2.723935609	2.7239281290652926	2.7233320573212265	0.018659476	0.018449156250868858	0.01799662545513673
744.666666666667	2.724154167	2.72419360641367	2.7234440412634027	0.01864363	0.018449942923954663	0.018002476772432434
745.0	2.724460745	2.724453736118061	2.7235529933314666	0.018582863	0.01844739105364832	0.01800607404403979
745.333333333333	2.725372636	2.7247072448277456	2.7236583023174883	0.018440986	0.018441581410232367	0.0180073799714773
745.666666666667	2.726483546	2.724952899384461	2.723759354085812	0.018449105	0.018432600509317325	0.018006361640931497
746.0	2.727136237	2.7251895113596345	2.7238555328258234	0.018615811	0.018420539489119352	0.01800299051637217
746.333333333333	2.727197046	2.725415941053043	2.723946222337828	0.01866169	0.01840549301649236	0.01799724240870038
746.666666666667	2.726598905	2.725631100953844	2.7240308073445236	0.018559835	0.01838755822862034	0.017989097421354714
747.0	2.726337445	2.725833958668124	2.7241086748201813	0.018311734	0.018366833716806696	0.017978539872991875
747.333333333333	2.726567071	2.726023539320223	2.724179215329394	0.018182684	0.0183434185582858	0.017965558198038873
747.666666666667	2.727016665	2.7261989274381055	2.72424182436706	0.017992423	0.018317411401432643	0.0179501448260854
748.0	2.727587228	2.726359268335976	2.7242959036911762	0.018009988	0.018288909609164405	0.017932296041244643
748.333333333333	2.72775606	2.7265037690100455	2.7243408626400134	0.018169375	0.018258008464719384	0.0179120118227581
748.666666666667	2.728006459	2.726631698565978	2.7243761194252922	0.018172878	0.01822480044336831	0.017889295668253667
749.0	2.728685929	2.726742388198927	2.724401102393175	0.018129654	0.018189374552968065	0.01786415440118616
749.333333333333	2.728621948	2.7268352307492583	2.7244152512450666	0.018113389	0.01815181574561257	0.017836597964093582
749.666666666667	2.728452199	2.726909679859041	2.7244180182105615	0.018116729	0.018112204401977562	0.017806639199391665
750.0	2.727572972	2.7269652487561107	2.7244088691652264	0.018041641	0.018070615889299722	0.017774293619501797
