Frequency/GHz	real_ε	real_ε_SG_filtered	real_ε_SG_filtered+RA	loss_T	loss_T_SG_filtered	loss_T_SG_filtered+RA
500.0	2.731218169	2.730343257623178	2.728290921883122	0.01370902	0.013812829120072218	0.013632084902256697
500.333333333333	2.731710353	2.730501188890805	2.7284493354754824	0.013880973	0.013799678010591634	0.013627569226976709
500.66666666666697	2.73139014	2.7306457853576163	2.728595161965974	0.01399228	0.013785115240166266	0.013622341020243288
501.0	2.730829543	2.7307769319624398	2.728728512429962	0.01391474	0.013769200709638035	0.013616454880166082
501.333333333333	2.731812587	2.730894515370188	2.7288495120408345	0.013798768	0.01375200094988873	0.013609966548169199
501.66666666666697	2.7311659	2.73099842604493	2.7289583005894773	0.014251542	0.013733589173452035	0.013602932771266412
502.0	2.730078132	2.7310885604698654	2.7290550329476995	0.01423003	0.013714045279625425	0.013595411158952082
502.333333333333	2.730051151	2.731164823501502	2.7291398794708424	0.013636272	0.013693455810698902	0.013587460035565168
502.66666666666697	2.730584957	2.731227130843524	2.7292130263351586	0.013006774	0.013671913857158267	0.013579138289020309
503.0	2.733560778	2.7312754116240407	2.729274675805961	0.012880431	0.01364951890998159	0.013570505216829284
503.333333333333	2.734710369	2.7313096110582205	2.7293250464329626	0.013674502	0.013626376658426635	0.013561620370357819
503.66666666666697	2.733955555	2.7313296931767104	2.7293643731696995	0.014275544	0.013602598732002202	0.01355254339827617
504.0	2.731762096	2.731335643598763	2.7293929074144696	0.014328555	0.013578302385626212	0.01354333389016707
504.333333333333	2.731184778	2.7313274723276257	2.7294109169707244	0.013631666	0.013553610127295012	0.013534051221251137
504.66666666666697	2.732579311	2.73130521654456	2.729418685925436	0.013338783	0.013528649287920214	0.01352475439917719
505.0	2.732414948	2.7312689433767536	2.72941651444455	0.013905173	0.013503551533328488	0.013515501913803457
505.333333333333	2.730858041	2.7312187526135547	2.7294047184852483	0.013746118	0.01347845231876389	0.013506351590864734
505.66666666666697	2.730540637	2.7311547793446858	2.7293836294253495	0.013166773	0.013453490286578867	0.013497360450380453
506.0	2.731086036	2.731077196493611	2.729353593610828	0.012562835	0.013428806608146097	0.01348858457060915
506.333333333333	2.734333544	2.7309862172188772	2.7293149719210033	0.012379898	0.013404544271366753	0.013480078921617789
506.66666666666697	2.73520597	2.730882097156117	2.7292681391955687	0.013524666	0.013380847315487856	0.013471897225846378
507.0	2.733349877	2.7307651364734746	2.729213483588922	0.014356462	0.013357860015270792	0.013464091823957915
507.333333333333	2.730026021	2.7306358218198965	2.7291514058543735	0.014214226	0.01333566056925202	0.013456713546585352
507.66666666666697	2.729188171	2.7304945748165745	2.729082318561257	0.013210969	0.0133143734159115	0.013449811592554676
508.0	2.730950934	2.730341863525876	2.729006645248378	0.012911688	0.013294120057209606	0.013443433414128519
508.333333333333	2.7302292	2.730178202484876	2.7289248195176383	0.01340896	0.013275018415296687	0.01343762460977835
508.66666666666697	2.728870242	2.7300041523992546	2.7288372840720645	0.013067864	0.0132571822018249	0.013432428824955536
509.0	2.729210432	2.729820319489815	2.728744435057197	0.012573951	0.01324072030457625	0.013427920122238547
509.333333333333	2.729864557	2.7296273544867113	2.728646730519782	0.01224876	0.013225736196040871	0.01342414076512144
509.66666666666697	2.732149172	2.729425951269311	2.728544636075078	0.012170053	0.013212327368459523	0.013421130335837994
510.0	2.732997553	2.729216845152571	2.728438623873247	0.013471855	0.013200584799683925	0.013418925575847302
510.333333333333	2.730366269	2.729000810823819	2.7283291715155693	0.014257674	0.013190592454008882	0.013417560232053236
510.66666666666697	2.72743821	2.7287786599367765	2.7282167609233055	0.013942633	0.013182426821891883	0.013417064909520411
511.0	2.726303076	2.7285512383727233	2.728101877162224	0.013049891	0.013176156502200227	0.013417466931464898
511.333333333333	2.728060082	2.7283194231816026	2.727985007225976	0.012580993	0.013171841830314198	0.013418790207312542
511.66666666666697	2.728089546	2.7280841192188037	2.7278666387817436	0.013008946	0.013169534555069078	0.013421055109631033
512.0	2.727177572	2.727846255496178	2.727747258881727	0.012942627	0.013169277567140506	0.013424278360753753
512.333333333333	2.726929122	2.7276067812685327	2.72762735264424	0.012611586	0.013171104681069159	0.013428472929923406
512.666666666667	2.727568807	2.7273666618794685	2.7275074019083663	0.012320192	0.013175040472684032	0.013433647941791435
513.0	2.729946081	2.7271268743928023	2.727387883866277	0.012539669	0.013181100173221603	0.013439808597114791
513.333333333333	2.729575473	2.7268884030381386	2.727269269677502	0.013765843	0.013189289620953233	0.013446956106494396
513.666666666667	2.725794215	2.726652234501139	2.7271520230695865	0.014158058	0.0131996052706284	0.013455087637999403
514.0	2.72390728	2.7264193530909555	2.7270365989297307	0.01353475	0.013212034260519605	0.01346419627951766
514.333333333333	2.72378699	2.7261907358188244	2.7269234418921675	0.01280972	0.013226554536319109	0.01347427101666508
514.666666666667	2.725680636	2.7259673474232624	2.7268129849261484	0.012476362	0.01324313503059128	0.01348529672707491
515.0	2.726003284	2.7257501353783287	2.7267056479336715	0.012995427	0.01326173589593034	0.01349725419063754
515.333333333333	2.725685138	2.7255400249222768	2.7266018363603504	0.013130889	0.013282308789414823	0.013510120116919912
515.666666666667	2.725016957	2.725337914144434	2.726501939825163	0.013068192	0.01330479720539013	0.013523867190332583
516.0	2.724805639	2.7251446750455512	2.7264063307748927	0.012762246	0.013329134652362556	0.013538464133565157
516.333333333333	2.726804143	2.724961145248026	2.7263153631691837	0.013120176	0.013355246272714599	0.013553875789759216
516.666666666667	2.72565532	2.724788123634086	2.726229371202204	0.014122277	0.013383049159825588	0.013570063223832174
517.0	2.723037965	2.724626366138571	2.7261486680669638	0.014026398	0.013412452711892947	0.013586983843305851
517.333333333333	2.721966548	2.7244765817228447	2.7260735447683433	0.013605319	0.013443359020498627	0.013604591538930316
517.666666666667	2.721941663	2.724339428555144	2.7260042666558113	0.013059115	0.013475663291841224	0.013622837936120341
518.0	2.723312494	2.7242155104213768	2.725941074235479	0.012879036	0.013509254298451002	0.013641671779466149
518.333333333333	2.723898566	2.724105373388877	2.7258841822134463	0.013249586	0.013544014859121916	0.013661039141232307
518.666666666667	2.723565155	2.7240095027440474	2.725833778628761	0.013610163	0.013579822344732493	0.0136808836443071
519.0	2.723100996	2.723928320223007	2.7257900240822375	0.013571982	0.013616549207584965	0.013701146698721777
519.333333333333	2.722680014	2.7238621815525517	2.725753051066973	0.013306214	0.013654063531869294	0.013721767750763447
519.666666666667	2.723819251	2.7238113743167545	2.7257229634060116	0.013626537	0.01369222960285504	0.013742684543613569
520.0	2.723289038	2.723776116162485	2.7256998358020894	0.013951527	0.01373090849242829	0.013763833388356623
520.333333333333	2.72256423	2.723756553355014	2.7256837135038965	0.014123891	0.0137699586586221	0.013785149444121257
520.666666666667	2.721884923	2.7237527596927027	2.7256746120927136	0.014054415	0.01380923655683548	0.013806567006040127
521.0	2.721504958	2.7237647357875656	2.725672517392679	0.013719038	0.013848597260496608	0.01382801979964507
521.333333333333	2.722457516	2.7237924087162724	2.725677385507291	0.013554475	0.013887895088998223	0.01384944128025242
521.666666666667	2.722809012	2.7238356320439143	2.7256891429840846	0.013690664	0.013926984240815251	0.013870764935839535
522.0	2.723200686	2.7238941862206363	2.725707687108678	0.014015195	0.013965719429804511	0.013891924591868866
522.333333333333	2.72273955	2.7239677793490507	2.7257328863287063	0.014179247	0.014003956522780671	0.013912854716480816
522.666666666667	2.722326445	2.7240560483181726	2.7257645808073425	0.013980071	0.014041553176559703	0.013933490724451917
523.0	2.723061602	2.72415856029756	2.7258025831053776	0.014056195	0.014078369472757805	0.013953769278300996
523.333333333333	2.723131232	2.724274814583273	2.7258466789900186	0.014055795	0.014114268548727164	0.013973628584923726
523.666666666667	2.723698274	2.724404244785391	2.7258966283679724	0.014228227	0.014149117223097623	0.013993008686104296
524.0	2.723408684	2.7245462213449527	2.725952166339516	0.01447583	0.014182786614471483	0.01401185174128272
524.333333333333	2.723056684	2.7247000543665174	2.7260130043695363	0.014265186	0.014215152751884761	0.014030102300979988
524.666666666667	2.723895811	2.7248649969959216	2.726078831570784	0.014299142	0.014246097101677964	0.014047707569319003
525.0	2.724101152	2.7250402489774723	2.726149316093837	0.014275862	0.014275507110270815	0.014064617654126142
525.333333333333	2.724664207	2.725224960502327	2.726224106617629	0.01437116	0.014303276723524147	0.014080785803157683
525.666666666667	2.724599361	2.7254182363284727	2.7263028339337043	0.014499117	0.014329306880533325	0.014096168625066352
526.0	2.724970494	2.7256191401510406	2.7263851126167293	0.014294303	0.014353505979789703	0.01411072629380669
526.333333333333	2.725863498	2.7258266992001143	2.726470542675274	0.014566492	0.014375790315744128	0.014124422771951499
526.666666666667	2.725609507	2.726039909041704	2.7265587113323404	0.014591021	0.01439608448390852	0.014137225995119447
527.0	2.726003733	2.7262577385562747	2.7266491948639358	0.01466361	0.01441432175273873	0.014149108038846581
527.333333333333	2.725701312	2.7264791350679634	2.7267415604870613	0.0148312	0.014430444400653443	0.014160045266958235
527.666666666667	2.725538002	2.7267030295966235	2.7268353682882416	0.01451622	0.014444404016660006	0.014170018460578797
528.0	2.727388844	2.7269283422038932	2.7269301731835225	0.014696279	0.014456161763178984	0.01417901292700245
528.333333333333	2.72745934	2.7271539874038027	2.7270255269007624	0.01480266	0.014465688599784232	0.01418701858773836
528.666666666667	2.727687388	2.727378879607824	2.727120979974943	0.014786055	0.014472965466705623	0.014194030045138204
529.0	2.727879655	2.727601938573935	2.7272160837472086	0.014628994	0.01447798342707644	0.01420004662711204
529.333333333333	2.728474414	2.7278220948290257	2.727310392358384	0.014320687	0.014480743767048259	0.014205072409539807
529.666666666667	2.729615245	2.728038295033988	2.7274034647277916	0.014499522	0.014481258053042687	0.014209116216089775
530.0	2.72935048	2.728249507260997	2.7274948665083065	0.014765447	0.014479548145562066	0.014212191595261494
530.333333333333	2.729156768	2.7284547261528354	2.7275841720087968	0.014893313	0.014475646169141116	0.014214316774578762
530.666666666667	2.728171122	2.7286529779346793	2.7276709660752743	0.014901961	0.014469594438188382	0.014215514591967203
531.0	2.727729151	2.7288433252495103	2.727754845922371	0.014397238	0.014461445338641209	0.01421581240446075
531.333333333333	2.729938933	2.7290248717891905	2.7278354229070447	0.014097749	0.014451261165541214	0.01421524197449112
531.666666666667	2.731255902	2.7291967666944017	2.727912324236746	0.014522309	0.014439113916828925	0.014213839334123663
532.0	2.731067579	2.7293582086978634	2.7279851946046434	0.014896965	0.014425085043857434	0.014211644627711288
532.333333333333	2.730099164	2.729508449986715	2.728053697744915	0.014672743	0.014409265159335246	0.014208701933543478
532.666666666667	2.730328378	2.7296467997615497	2.7281175179015067	0.014452894	0.014391753703628813	0.014205059065170894
533.0	2.731054012	2.729772627471301	2.728176361204237	0.014343581	0.014372658570585181	0.014200767353186185
533.333333333333	2.731340278	2.7298853657153757	2.728229956946569	0.014389146	0.01435209569178763	0.014195881408338327
533.666666666667	2.731232068	2.729984512793706	2.7282780587598467	0.014595575	0.014330188581333761	0.014190458866950162
534.0	2.730688938	2.7300696348922178	2.7283204456793153	0.014442319	0.014307067842355836	0.014184560119696465
534.333333333333	2.731125064	2.730140367893679	2.728356923097702	0.01418254	0.0142828706366599	0.014178248024882333
534.666666666667	2.731994139	2.7301964188064103	2.728387323602692	0.014062085	0.014257740119019558	0.01417158760743849
535.0	2.732780329	2.7302375668058785	2.7284115076910203	0.014308823	0.014231824837822782	0.014164645746154643
535.333333333333	2.732106117	2.7302636638867948	2.7284293643582656	0.014591221	0.014205278103935076	0.014157490850056572
535.666666666667	2.730809764	2.7302746351259133	2.728440811561759	0.014469614	0.014178257329810325	0.014150192525524305
536.0	2.730815001	2.7302704785582566	2.728445796554539	0.014009586	0.014150923341051008	0.014142821235814316
536.333333333333	2.731497298	2.7302512646720145	2.728444296088817	0.013831021	0.014123439662791679	0.014135447954705097
536.666666666667	2.732150278	2.730217135529781	2.728436316487927	0.013872221	0.014095971783453586	0.014128143816032453
537.0	2.731748976	2.730168303526115	2.7284218935862725	0.014157441	0.014068686398592078	0.014120979760917899
537.333333333333	2.730939521	2.7301050497936443	2.7284010925373194	0.014194547	0.014041750637732353	0.014114026184519948
537.666666666667	2.730623491	2.730027722272003	2.728374007490206	0.013857622	0.014015331277260505	0.014107352584153902
538.0	2.731128948	2.7299367334558124	2.7283407611360975	0.013815926	0.013989593942605605	0.014101027210630225
538.333333333333	2.730987778	2.729832557839713	2.728301504125931	0.014010738	0.013964702303112466	0.014095116724654992
538.666666666667	2.730368654	2.729715729079957	2.728256414361747	0.014160291	0.013940817263162604	0.01408968586011769
539.0	2.729513633	2.7295868368935428	2.728205696164332	0.014089707	0.013918096153251076	0.014084797096062196
539.333333333333	2.729004644	2.729446523716966	2.7281495793204305	0.013595532	0.013896691924867397	0.014080510339095742
539.666666666667	2.73058819	2.729295481147659	2.7280883180133184	0.013328274	0.013876752353158115	0.014076882617938598
540.0	2.73135513	2.729134446191925	2.7280221896410413	0.013605775	0.01385841925146435	0.014073967791754084
540.333333333333	2.730605337	2.7289641973436636	2.727951493527154	0.013998176	0.013841827701928598	0.014071816273824735
540.666666666667	2.729122369	2.7287855505185057	2.7278765495292734	0.0140654	0.013827105306448338	0.014070474772056512
541.0	2.727989038	2.7285993548679897	2.7277976965513004	0.01371254	0.013814371462318797	0.01406998604769927
541.333333333333	2.728364566	2.7284064884983157	2.727715290965591	0.013665766	0.013803736666950927	0.014070388693568699
541.666666666667	2.727634427	2.7282078541177848	2.7276297049518714	0.013760283	0.013795301856072622	0.014071716932943708
542.0	2.727217633	2.72800437463693	2.7275413247601166	0.013738309	0.01378915777973589	0.01407400044019381
542.333333333333	2.726794301	2.7277969887445472	2.727450548905044	0.013767097	0.013785384420425638	0.014077264184064905
542.666666666667	2.726498709	2.7275866464820258	2.727357786300282	0.013350089	0.013784050457477156	0.014081528294419188
543.0	2.727979939	2.727374304837456	2.7272634543406538	0.013129978	0.013785212781886321	0.014086807953087064
543.333333333333	2.72873089	2.7271609233799574	2.7271679769413644	0.013523062	0.01378891606543727	0.01409311330934629
543.666666666667	2.727481012	2.726947459953486	2.7270717825430233	0.013964657	0.013795192387875863	0.014100449420439058
544.0	2.726043971	2.7267348664481688	2.726975302091778	0.013974759	0.013804060925623527	0.014108816217381347
544.333333333333	2.725326745	2.726524084665901	2.726878967004014	0.013675466	0.013815527705254106	0.014118208496179816
544.666666666667	2.725179881	2.7263160422956085	2.7267832071252647	0.013696939	0.013829585424647307	0.014128615934433117
545.0	2.724906912	2.726111649012207	2.726688448693084	0.013628228	0.013846213344386524	0.01414002313315809
545.333333333333	2.7251662	2.7259117927119205	2.7265951123137055	0.013552101	0.013865377251588025	0.01415240968354787
545.666666666667	2.725123293	2.725717335895272	2.726503610962318	0.013624901	0.013887029497934002	0.014165750258238966
546.0	2.725330577	2.725529112207727	2.7264143480167715	0.013451171	0.01391110911323654	0.014180014726539108
546.333333333333	2.72577655	2.7253479231467086	2.7263277153344254	0.013715793	0.013937541995385603	0.014195168292947747
546.666666666667	2.725157551	2.7251745349424503	2.7262440913817088	0.013964759	0.013966241177035208	0.014211171658186897
547.0	2.723997037	2.7250096756190736	2.726163839425764	0.013985744	0.013997107168861678	0.014227981201852685
547.333333333333	2.723330643	2.724854032241151	2.7260873057972956	0.013896019	0.014030028378690626	0.014245549185697488
547.666666666667	2.723209774	2.7247082483501086	2.726014818233428	0.013884877	0.014064881605239462	0.01426382397645974
548.0	2.72299698	2.7245729215939125	2.725946684309018	0.013871016	0.014101532604664993	0.014282750287073345
548.333333333333	2.723260707	2.724448601552779	2.725883189964465	0.013843289	0.014139836727546179	0.014302269435011793
548.666666666667	2.723542495	2.7243357877629157	2.7258245981375593	0.013871313	0.014179639623375992	0.01432231961645334
549.0	2.723520899	2.72423492793984	2.725771147506447	0.013904431	0.014220778009089082	0.014342836194893111
549.333333333333	2.723779305	2.724146416402283	2.7257230513501853	0.013860596	0.01426308049761961	0.014363752002776165
549.666666666667	2.723980238	2.724070592697406	2.7256804965327857	0.014063353	0.0143063684819719	0.014384997654681321
550.0	2.723810959	2.7240077404277283	2.7256436426160033	0.014228822	0.01435045706980107	0.014406501870550049
550.333333333333	2.723460689	2.723958086280026	2.725612621105444	0.014318688	0.014395156063047865	0.014428191807426306
550.666666666667	2.723094342	2.7239217992562996	2.725587534833875	0.014376426	0.014440270976753747	0.01444999339815291
551.0	2.722919986	2.723898990106918	2.7255684574848837	0.014384911	0.014485604090806958	0.014471831695456355
551.333333333333	2.723074483	2.723889710965998	2.725555433259304	0.0144375	0.014530955528041739	0.014493631219845482
551.666666666667	2.72339162	2.7238939551891144	2.725548476686041	0.014509472	0.01457612435183511	0.014515316309748737
552.0	2.723474867	2.7239116573935114	2.725547572578186	0.014601453	0.014620909676123	0.014536811472320504
552.333333333333	2.723482292	2.7239426937010136	2.7255526761345155	0.014633546	0.014665111780592302	0.014558041733358892
552.666666666667	2.723500274	2.7239868821838846	2.7255637131857093	0.014688802	0.01470853322370134	0.01457893298479462
553.0	2.723626451	2.724043983513904	2.725580580583834	0.014789289	0.014750979946138908	0.014599412328232569
553.333333333333	2.723607905	2.7241137018149133	2.7256031467329054	0.014916618	0.014792262357353644	0.014619408413054247
553.666666666667	2.723584463	2.724195685719	2.72563125225759	0.015035109	0.014832196397870968	0.01463885176762038
554.0	2.723581412	2.7242895296263665	2.7256647108063863	0.0150487	0.014870604570264083	0.014657675122147778
554.333333333333	2.723820517	2.7243947751687014	2.7257033099849384	0.01503325	0.014907316931857867	0.014675813721873375
554.666666666667	2.724170943	2.724510912875603	2.7257468124144726	0.015085566	0.014942172042517946	0.014693205629160511
555.0	2.724345417	2.724637384043183	2.725794956909717	0.01513876	0.01497501786120976	0.014709792013248232
555.333333333333	2.724510254	2.724773582803529	2.725847459770084	0.01520408	0.015005712585400725	0.014725517426393194
555.666666666667	2.724721062	2.7249188583931074	2.7259040161773322	0.015308011	0.01503412542781887	0.01474033006520571
556.0	2.724851486	2.725072517617488	2.725964301692434	0.015439676	0.015060137325569338	0.014754182016036656
556.333333333333	2.725005605	2.725233827509012	2.7260279738439186	0.015624233	0.015083641577140712	0.014767029483329981
556.666666666667	2.724712178	2.725402018173111	2.726094673799542	0.015724196	0.015104544403400786	0.014778832999917025
557.0	2.724484161	2.7255762858180193	2.7261640281127923	0.015654607	0.015122765429280352	0.014789557618293018
557.333333333333	2.724724854	2.7257557959615473	2.7262356505354206	0.015602789	0.015138238083467431	0.014799173081984088
557.666666666667	2.725081104	2.725939686807439	2.7263091438869393	0.015567342	0.01515090991407668	0.014807653976183721
558.0	2.725334139	2.7261270727826195	2.7263841019718362	0.015584071	0.015160742818912745	0.014814979856912306
558.333333333333	2.725189236	2.7263170482253813	2.726460111535082	0.015576769	0.015167713189605138	0.014821135358030977
558.666666666667	2.725196871	2.7265086912132315	2.7265367542464345	0.015409051	0.015171811969549004	0.014826110275522527
559.0	2.725766788	2.7267010675178187	2.726613608703983	0.015215621	0.015173044626234086	0.01482989962853715
559.333333333333	2.726591516	2.7268932346729886	2.726690252447367	0.015226556	0.015171431039176897	0.014832503696789403
559.666666666667	2.727162756	2.727084246140721	2.726766263971182	0.015456972	0.015167005305281776	0.014833928033985129
560.0	2.727178536	2.7272731555583816	2.726841224729145	0.015663257	0.015159815464039814	0.014834183457052902
560.333333333333	2.726560089	2.727459021049495	2.726914721119751	0.015514409	0.015149923145524595	0.014833286011053924
560.666666666667	2.726802821	2.7276409095790406	2.7269863464443254	0.015114659	0.01513740314465525	0.014831256909746935
561.0	2.728140445	2.727817901333209	2.7270557028285882	0.014978527	0.015122342925666346	0.014828122451890398
561.333333333333	2.728635337	2.7279890941025333	2.727122403099114	0.015252122	0.015104842061146323	0.014823913913472835
561.666666666667	2.728249349	2.7281536076464685	2.7271860726063317	0.01543541	0.0150850116103786	0.014818667416173128
562.0	2.727847127	2.7283105880167366	2.72724635098606	0.015215154	0.015062973442039109	0.014812423772465718
562.333333333333	2.728523752	2.728459211816183	2.727302893851882	0.014743264	0.01503885950656935	0.014805228307900133
562.666666666667	2.730186456	2.728598690369472	2.7273553744110672	0.014533017	0.01501281106375413	0.014797130661199896
563.0	2.73119213	2.7287282737817167	2.7274034849971214	0.01495889	0.014984977871186975	0.0147881845629417
563.333333333333	2.730612841	2.7288472548610425	2.7274469385124553	0.015277313	0.014955517339405111	0.014778447593691285
563.666666666667	2.729512372	2.728954972881287	2.7274854697751163	0.015198275	0.014924593659519826	0.014767980922586913
564.0	2.729384107	2.729050817161308	2.727518836763957	0.014766872	0.01489237690915939	0.014756849027473786
564.333333333333	2.730366777	2.729134230437925	2.727546821757075	0.014472922	0.014859042142482199	0.01474511939780264
564.666666666667	2.731327132	2.7292047120102745	2.727569232358844	0.014827052	0.014824768469910599	0.014732862221611822
565.0	2.730636468	2.7292618206342425	2.7275859024113327	0.015097919	0.014789738133084207	0.014720150058013888
565.333333333333	2.729843901	2.729305177146807	2.727596692786392	0.014866063	0.01475413558033914	0.014707057496703941
565.666666666667	2.729947832	2.7293344668013826	2.727601492055209	0.014437585	0.014718146547790644	0.014693660806096836
566.0	2.731071861	2.7293494412967956	2.727600217032614	0.014087786	0.01468195715083618	0.014680037571783135
566.333333333333	2.732516526	2.7293499204841245	2.7275928131939353	0.014378112	0.01464575299060802	0.014666266327068122
566.666666666667	2.731767181	2.7293357937374862	2.7275792549627353	0.014874816	0.014609718279594949	0.014652426177424
567.0	2.730387668	2.729307020976754	2.7275595458682402	0.014839507	0.014574034990325774	0.014638596420741277
567.333333333333	2.729777756	2.7292636333322875	2.7275337185718187	0.014559987	0.014538882030668665	0.01462485616531076
567.666666666667	2.730033697	2.7292057334439126	2.7275018347623794	0.014305919	0.014504434448954613	0.014611283947502234
568.0	2.730644731	2.7291334953886444	2.7274639849210676	0.01428779	0.01447086267178518	0.014597957351128416
568.333333333333	2.730359462	2.72904716423396	2.7274202879561598	0.01448175	0.014438331777039154	0.014584952630493671
568.666666666667	2.729798321	2.7289470552158015	2.7273708907095875	0.01436419	0.014407000804253344	0.014572344339124974
569.0	2.729704395	2.728833552542875	2.727315967337006	0.014147448	0.014377022104224334	0.014560204966168172
569.333333333333	2.729745129	2.7287071078311915	2.727255718563866	0.014075772	0.014348540729363231	0.014548604582405027
569.666666666667	2.730164048	2.7285682381751863	2.7271903708204177	0.014127659	0.014321693866038245	0.014537610497806249
570.0	2.729658344	2.7284175238640875	2.727120175259114	0.014338905	0.014296610309862397	0.01452728693248246
570.333333333333	2.72871789	2.72825560575446	2.7270454066583323	0.014395357	0.01427340998462847	0.014517694702829351
570.666666666667	2.728328275	2.72808318231209	2.7269663622168547	0.014281899	0.014252203505361558	0.014508890924585155
571.0	2.72813976	2.7279010063384654	2.726883360243994	0.014242781	0.01423309178575314	0.014500928734428816
571.333333333333	2.727659862	2.7277098813990945	2.7267967387507257	0.014123957	0.01421616569005937	0.01449385703164613
571.666666666667	2.727588872	2.7275106579727937	2.7267068539476345	0.013944402	0.014201505729390513	0.014487720241279563
572.0	2.727749843	2.7273042293428036	2.7266140786559214	0.013836942	0.014189181802187914	0.014482558100056034
572.333333333333	2.727714712	2.7270915272521545	2.7265188006381136	0.013824629	0.014179252978578093	0.014478405466256903
572.666666666667	2.727544581	2.7268735173471303	2.7264214208555377	0.013996307	0.01417176732820949	0.01447529215455606
573.0	2.727026373	2.7266511944339187	2.7263223516599813	0.014122949	0.014166761791114067	0.01447324279670734
573.333333333333	2.726397525	2.726425577574594	2.7262220149273033	0.014108718	0.014164262091091293	0.014472276728811635
573.666666666667	2.72612499	2.7261977050494512	2.7261208401410997	0.01404954	0.01416428269108336	0.014472407905738937
574.0	2.725974596	2.7259686292134373	2.7260192624347965	0.013989792	0.014166826789995268	0.014473644843121889
574.333333333333	2.726027896	2.7257394112748514	2.725917720600831	0.014095981	0.014171886360408812	0.01447599058717678
574.666666666667	2.725641964	2.7255111160248995	2.72581665507578	0.014126027	0.014179442226641994	0.014479442712446102
575.0	2.724888737	2.725284806546734	2.725716505910501	0.014153089	0.014189464182612804	0.014483993347395595
575.333333333333	2.72430149	2.725061538932585	2.7256177107345025	0.014029332	0.014201911148974539	0.014489629227638847
575.666666666667	2.72418879	2.724842357037377	2.725520702723864	0.013809165	0.014216731368996803	0.014496331776405408
576.0	2.724336015	2.7246282872967678	2.725425908582099	0.0139303	0.014233862642668434	0.014504077211715318
576.333333333333	2.72410421	2.724420333637025	2.7253337465433765	0.014102888	0.014253232598493593	0.014512836679574648
576.666666666667	2.723697459	2.7242194725033912	2.7252446244075035	0.014205788	0.014274759002437269	0.014522576412364534
577.0	2.723445309	2.7240266480327313	2.7251589376159893	0.014275146	0.014298350103449394	0.014533257911461017
577.333333333333	2.723177901	2.7238427673952206	2.72507706737841	0.01425732	0.014323905014955809	0.014544838152995626
577.666666666667	2.722960379	2.723668696328714	2.7249993788581337	0.014306043	0.014351314131647665	0.014557269815548017
578.0	2.722617577	2.723505254888157	2.7249262194262314	0.014249736	0.014380459580827997	0.014570501528452594
578.333333333333	2.722367413	2.723353213431027	2.7248579169921796	0.014300339	0.014411215707483355	0.01458447813930167
578.666666666667	2.721827205	2.723213288858368	2.7247947784196183	0.014344518	0.014443449592140858	0.014599140999138718
579.0	2.72165899	2.7230861411294	2.7247370880350994	0.014193419	0.01447702160044543	0.014614428263756992
579.333333333333	2.722197798	2.722972370066102	2.7246851062373643	0.014278632	0.014511785963250135	0.014630275209451786
579.666666666667	2.722115995	2.7228725124624726	2.7246390682142216	0.014463377	0.014547591385854496	0.014646614561518473
580.0	2.721969865	2.72278703951147	2.7245991827736686	0.014535033	0.014584281684853312	0.014663376833744045
580.333333333333	2.721891259	2.7227163545608595	2.724565631295311	0.014612152	0.014621696450872804	0.014680490677106217
580.666666666667	2.721582016	2.7226607912074106	2.724538566807638	0.014669537	0.01465967173527486	0.014697883235872023
581.0	2.721368517	2.7226206117370895	2.7245181131960883	0.014689136	0.01469804075870529	0.01471548050927623
581.333333333333	2.721347083	2.7225960059170857	2.724504364546212	0.014628196	0.014736634639152141	0.014733207716958959
581.666666666667	2.721412629	2.722587090143687	2.7244973846256237	0.014655951	0.01477528313696706	0.014750989666351159
582.0	2.721502242	2.7225939069482377	2.724497206507718	0.014757322	0.01481381541409119	0.014768751120215319
582.333333333333	2.721621663	2.7226164248616405	2.7245038323394697	0.014791418	0.014852060804518683	0.014786417162576854
582.666666666667	2.721812838	2.7226545386360925	2.7245172332549084	0.014981926	0.014889849592830927	0.014803913561318131
583.0	2.721549635	2.7227080698210595	2.7245373494351415	0.015019518	0.014927013797444813	0.01482116712575154
583.333333333333	2.721781467	2.722776767688793	2.7245640903150816	0.014986038	0.014963387955043135	0.014838106057539864
583.666666666667	2.722007038	2.7228603105030893	2.724597334936286	0.015035263	0.014998809902497034	0.014854660293390446
584.0	2.722182761	2.7229583071233945	2.724636932444611	0.015130149	0.015033121552452837	0.014870761838014106
584.333333333333	2.721931468	2.723070298934864	2.7246827027306244	0.015325766	0.01506616965864142	0.014886345085909188
584.666666666667	2.721558401	2.7231957620935314	2.7247344372100413	0.015261454	0.015097806566880267	0.014901347130605305
585.0	2.721822908	2.7233341100743362	2.7247918997407203	0.01511386	0.015127890947679249	0.014915708060079347
585.333333333333	2.722543721	2.7234846965085007	2.7248548276720777	0.015012997	0.015156288506332759	0.014929371237137624
585.666666666667	2.723775193	2.723646818295461	2.724922933022125	0.015150391	0.015182872666385286	0.014942283563641905
586.0	2.723993881	2.723819718973455	2.72499590377667	0.015589194	0.015207525222395954	0.014954395727543156
586.333333333333	2.723445006	2.724002592331756	2.7250734053046415	0.015715038	0.015230136958001213	0.014965662431774381
586.666666666667	2.72292588	2.724194586246615	2.7251550818829	0.015634503	0.015250608225383953	0.014976042604142299
587.0	2.722892486	2.7243948067220276	2.725240558323331	0.015424867	0.015268849482402388	0.014985499587447042
587.333333333333	2.723791958	2.7246023221156936	2.725329441694563	0.015287791	0.01528478178381209	0.014994001309148085
587.666666666667	2.724281564	2.724816167529779	2.7254213231301163	0.015510811	0.01529833722322912	0.015001520429983928
588.0	2.724144376	2.7250353493455357	2.725515779714414	0.015646556	0.015309459322729814	0.015008034471041586
588.333333333333	2.72423028	2.7252588498802597	2.7256123764376667	0.015515088	0.015318103367261944	0.015013525918860073
588.666666666667	2.724707116	2.7254856321447076	2.7257106682103234	0.015204097	0.015324236681349928	0.015017982308238871
589.0	2.726228178	2.725714644678726	2.725810201927476	0.015098639	0.015327838845911834	0.015021396282508571
589.333333333333	2.727150823	2.7259448264426647	2.725910518573369	0.015513179	0.015328901853364522	0.015023765631105489
589.666666666667	2.727022618	2.7261751117420054	2.7260111553559554	0.015765982	0.015327430199572513	0.015025093304375707
590.0	2.726600166	2.7264044351626096	2.7261116478613205	0.015874504	0.015323440911592715	0.015025387405616151
590.333333333333	2.726341872	2.7266317364941095	2.7262115322176603	0.015670454	0.015316963510576969	0.015024661160441146
590.666666666667	2.7270762	2.7268559656190705	2.726310347258488	0.015404631	0.015308039909613892	0.015022932863642565
591.0	2.727876921	2.7270760873459023	2.726407636674726	0.015569838	0.015296724246716836	0.015020225803789885
591.333333333333	2.727958032	2.727291086163795	2.7265029511453998	0.015609918	0.015283082653591372	0.015016568165893427
591.666666666667	2.727603709	2.7274999708984486	2.7265958504367585	0.015549661	0.015267192961240118	0.015011992912530015
592.0	2.727699927	2.727701779247918	2.7266859054597705	0.015207962	0.015249144343880082	0.015006537643904734
592.333333333333	2.728811992	2.727895582178467	2.726772700276189	0.014857911	0.015229036903054615	0.01500024443739611
592.666666666667	2.73008696	2.728080488161117	2.7268558340435742	0.015257406	0.015206981194214117	0.014993159667204358
593.0	2.729727481	2.7282556472302946	2.7269349228899844	0.015369035	0.015183097698413455	0.01498533380479359
593.333333333333	2.72987915	2.7284202548468923	2.7270096017093732	0.015437396	0.015157516242126225	0.014976821200888992
593.666666666667	2.729839335	2.7285735555489543	2.72707952586909	0.015436334	0.015130375368502978	0.014967679849858943
594.0	2.730192618	2.7287148463742303	2.727144372821334	0.015357622	0.015101821663700164	0.014957971137379612
594.333333333333	2.730332481	2.7288434800398647	2.7272038436108166	0.01577365	0.015072009042175764	0.014947759572345851
594.666666666667	2.728576966	2.728958867865627	2.7272576642714297	0.015767827	0.015041097995084633	0.014937112504056946
595.0	2.727849573	2.729060482428211	2.7273055871052065	0.015144769	0.015009254806109507	0.014926099825768667
595.333333333333	2.728362909	2.7291478599354	2.727347391837438	0.014443507	0.01497665073923117	0.014914793665764203
595.666666666667	2.730154863	2.7292206023100376	2.727382886642387	0.013839146	0.014943461203072094	0.01490326806715534
596.0	2.732984292	2.729278378975117	2.7274119090346676	0.014560776	0.01490986489654182	0.01489159865768147
596.333333333333	2.731795924	2.729320928332516	2.7274343266219776	0.015147528	0.014876042940568638	0.014879862310827614
596.666666666667	2.730863766	2.7293480589292765	2.7274500377155517	0.015201071	0.014842178000721858	0.014868136799632715
597.0	2.730226648	2.7293596503066424	2.727458971795367	0.014949403	0.014808453405512147	0.014856500444606272
597.333333333333	2.730983352	2.729355653528417	2.7274610898278366	0.014709071	0.014775052265106168	0.014845031757213826
597.666666666667	2.731533694	2.7293360913865627	2.727456384434424	0.015308253	0.014742156595107178	0.014833809080430123
598.0	2.728735242	2.7293010582833146	2.7274448799103315	0.01547407	0.01470994644993721	0.014822910227891976
598.333333333333	2.727480258	2.7292507197904303	2.727426632093137	0.014629258	0.014678599070211382	0.014812412123210843
598.666666666667	2.727818778	2.729185311887548	2.727401728081973	0.014047127	0.014648288048322826	0.01480239044102729
599.0	2.729098588	2.729105139882942	2.7273702858085573	0.013209242	0.014619182516260366	0.01479291925140548
599.333333333333	2.732508596	2.7290105770212962	2.7273324534621266	0.013782784	0.014591446359463335	0.01478407066917515
599.666666666667	2.732039376	2.7289020627843894	2.7272884087709905	0.014624293	0.014565237460281124	0.014775914509830842
600.0	2.730653726	2.7287801008918655	2.7272383581441613	0.014875571	0.014540706974352906	0.01476851795359308
600.333333333333	2.729243537	2.728645257010512	2.7271825356771697	0.014724704	0.014517998642958054	0.014761945219223404
600.666666666667	2.728667522	2.7284981561816672	2.727121202026848	0.014118734	0.014497248144113939	0.01475625724916435
601.0	2.729682357	2.7283394799775658	2.727054643160499	0.014247928	0.014478582484917894	0.01475151140754657
601.333333333333	2.72885125	2.7281699633985803	2.726983168985483	0.014165201	0.01446211943734746	0.014747761192567764
601.666666666667	2.728927448	2.727990391524414	2.7269071118658372	0.014289919	0.014447967019450133	0.014745055964702429
602.0	2.727509092	2.7278015959333537	2.726826825033105	0.014558161	0.014436223023573773	0.01474344069214677
602.333333333333	2.726883028	2.7276044509047406	2.7267426808990383	0.013662019	0.014426974593013685	0.014742955714840392
602.666666666667	2.729170655	2.7273998694207218	2.7266550692783666	0.013884467	0.014420297848184773	0.014743636528334943
603.0	2.728803046	2.7271887989843453	2.726564395530195	0.014534086	0.014416257563168855	0.014745513588700273
603.333333333333	2.727459204	2.7269722172718325	2.7264710786270574	0.014754152	0.014414906893240162	0.014748612139571144
603.666666666667	2.725995164	2.7267511276377268	2.7263755491609403	0.014501747	0.014416287153737085	0.014752952062342246
604.0	2.726531289	2.726526554492354	2.7262782472959346	0.013894688	0.014420427650427354	0.014758547750416835
604.333333333333	2.726709037	2.7262995385716544	2.726179620677397	0.014397862	0.014427345561307175	0.014765408008305
604.666666666667	2.725682583	2.726071132120141	2.7260801223077205	0.014298632	0.014437045869583384	0.014773535976252172
605.0	2.725470528	2.725842394008197	2.725980208398948	0.014225084	0.01444952134741147	0.014782929080957385
605.333333333333	2.724901523	2.7256143848054504	2.725880336212574	0.013976417	0.014464752589800955	0.014793579012814806
605.666666666667	2.726624488	2.7253881618323113	2.725780961896906	0.013866492	0.014482708097953222	0.014805471729981864
606.0	2.726739057	2.725164774212072	2.7256825383323666	0.014871224	0.01450334441116447	0.014818587489443733
606.333333333333	2.724365498	2.724945257946197	2.7255855129950364	0.015143637	0.01452660628630728	0.014832900905107615
606.666666666667	2.722818991	2.7247306310355297	2.7254903258486247	0.014783317	0.014552426923797336	0.014848381032822522
607.0	2.722572422	2.724521888670197	2.725397407274916	0.014230829	0.01458072823885564	0.01486499148208131
607.333333333333	2.723482481	2.7243199985109188	2.7253071760524787	0.014185097	0.01461142117678993	0.014882690554023196
607.666666666667	2.72345167	2.7241258960842263	2.7252200373931927	0.014420043	0.01464440607094032	0.01490143140521723
608.0	2.723110079	2.723940480313892	2.72513638104583	0.01444895	0.014679573041861831	0.014921162236571518
608.333333333333	2.722854686	2.723764609210387	2.725056579475559	0.014476032	0.014716802436248766	0.014941826506579992
608.666666666667	2.723238357	2.723599095739792	2.724980986127852	0.014269825	0.01475596530404135	0.014963363167989375
609.0	2.724292815	2.7234447038928864	2.7249099337848306	0.014524893	0.01479692391209202	0.014985706926844273
609.333333333333	2.723852096	2.7233021449744848	2.72484373302162	0.015089785	0.01483953229270598	0.015008788522749157
609.666666666667	2.72261561	2.723172074132235	2.724782670769749	0.015321976	0.01488363682530685	0.015032535029072812
610.0	2.721390445	2.723055087143112	2.72472700899411	0.015236815	0.014929076849412108	0.01505687017171469
610.333333333333	2.720745314	2.7229517174748237	2.7246769834894295	0.014939219	0.014975685307033838	0.015081714664954081
610.666666666667	2.720974521	2.7228624336381473	2.7246328028015787	0.014754008	0.01502328941254688	0.015106986562812503
611.0	2.72129001	2.722787636844926	2.7245946472784692	0.014703251	0.015071711347988587	0.015132601624278125
611.333333333333	2.721696159	2.7227276589850766	2.7245626682546273	0.014803088	0.015120768981671322	0.015158473690668608
611.666666666667	2.721867203	2.722682760934468	2.7245369873729066	0.014950896	0.015170276607900515	0.0151845150733458
612.0	2.722056098	2.7226531312039532	2.724517696046132	0.015090611	0.015220045705497441	0.015210636949942886
612.333333333333	2.72208715	2.7226388849381484	2.724504855060814	0.01529649	0.015269885712727716	0.015236749767221648
612.666666666667	2.721857105	2.722640063270835	2.724498494324401	0.015446038	0.015319604816133932	0.015262763648645008
613.0	2.721468917	2.7226566330420257	2.724498612756864	0.015516281	0.015369010750665633	0.015288588804727849
613.333333333333	2.721246404	2.722688486879864	2.7245051783267624	0.015557088	0.01541791160839239	0.01531413594421723
613.666666666667	2.721381222	2.722735443648608	2.7245181282312516	0.015501843	0.01546611665297833	0.01533931668415157
614.0	2.721504014	2.722797249261994	2.7245373692188797	0.01553958	0.015513437136990028	0.015364043956856924
614.333333333333	2.721511006	2.722873577859278	2.7245627780533415	0.015560958	0.015559687119006085	0.015388232411956979
614.666666666667	2.721567334	2.72296403333928	2.7245942021157727	0.015505775	0.015604684277397406	0.015411798811501431
615.0	2.721801661	2.7230681512457386	2.7246314601425294	0.015466917	0.015648250717554678	0.01543466241635489
615.333333333333	2.72257445	2.7231854009953245	2.7246743430948284	0.015523449	0.0156902137692548	0.015456745362034664
615.666666666667	2.722992961	2.723315188437719	2.7247226151560446	0.015760169	0.015730406770784133	0.015477973022240632
616.0	2.722853045	2.7234568587352626	2.724776014851916	0.016033786	0.01576866983637479	0.015498274358383196
616.333333333333	2.722466291	2.723609699547813	2.724834256288402	0.016180676	0.015804850603463084	0.015517582253485599
616.666666666667	2.722069784	2.723772944506761	2.724897030501415	0.016126563	0.015838804956249165	0.015535833828914295
617.0	2.722416485	2.723945776960391	2.7249640069122107	0.015973265	0.01587039772202518	0.015552970742474732
617.333333333333	2.723335979	2.724127333971264	2.725034834881755	0.015994561	0.015899503336748187	0.015568939466499723
617.666666666667	2.723724338	2.724316710544823	2.7251091453569924	0.016177336	0.015926006476364486	0.0155836915446525
618.0	2.723492804	2.724512964067066	2.7251865526015537	0.016277291	0.015949802650445745	0.01559718382626654
618.333333333333	2.723531951	2.7247151189279726	2.7252666560031003	0.016024394	0.015970798754774234	0.015609378677148122
618.666666666667	2.724163278	2.7249221713062792	2.7253490419491655	0.015831953	0.015988913579616706	0.01562024416587555
619.0	2.725587801	2.725133094090333	2.725433285763106	0.015826291	0.01600407827055357	0.01562975422473973
619.333333333333	2.726629116	2.725346841909001	2.725518953691485	0.016279416	0.016016236738882528	0.015637888784584497
619.666666666667	2.72617459	2.725562356246051	2.7256056049340276	0.016678013	0.016025346018793754	0.015644633882920762
620.0	2.725364148	2.7257785706110345	2.725692793707086	0.016683475	0.01603137656871641	0.01564998174480593
620.333333333333	2.725123542	2.725994415739469	2.7257800713314118	0.016338437	0.01603431251446335	0.01565393083609878
620.666666666667	2.726163524	2.7262088247950875	2.7258669883349245	0.01603002	0.016034151832051372	0.015656485888819342
621.0	2.727346357	2.7264207385470507	2.7259530965610863	0.016314585	0.016030906468346817	0.015657657898463097
621.333333333333	2.727053027	2.7266291104953324	2.7260379512734447	0.016491236	0.016024602397979024	0.015657464093238708
621.666666666667	2.726594781	2.7268329119179393	2.7261211132469216	0.016338495	0.01601527961527538	0.015655927875317752
622.0	2.726815829	2.7270311368143045	2.7262021508364342	0.015928312	0.0160029920602994	0.01565307873430361
622.333333333333	2.728493107	2.7272228067199547	2.7262806420135197	0.015679825	0.01598780747841516	0.01564895213324428
622.666666666667	2.730300135	2.7274069753685186	2.726356176361737	0.016014403	0.015969807213155218	0.01564358936762987
623.0	2.730073334	2.7275827331782168	2.7264283570217596	0.016603709	0.01594908593253183	0.01563703739793007
623.333333333333	2.728724083	2.727749211541197	2.7264968025772487	0.016678303	0.01592575128930062	0.0156293486563393
623.666666666667	2.727897152	2.727905586895399	2.72656114887283	0.016295003	0.015899923516058404	0.01562058082850714
624.0	2.728515044	2.7280510845600605	2.726621050755727	0.01587205	0.01587173495643054	0.015610796611139224
624.333333333333	2.729457396	2.728184982317519	2.7266761837329128	0.01584329	0.015841329533974276	0.015600063446458158
624.666666666667	2.729497746	2.7283066137255556	2.7267262455359584	0.016135072	0.015808862160790943	0.015588453234615178
625.0	2.72860219	2.7284153711461663	2.7267709575861288	0.016078471	0.015774498088197923	0.015576042025240908
625.333333333333	2.728682698	2.7285107084783977	2.72681006635266	0.015600296	0.015738412202159085	0.015562909689417237
625.666666666667	2.730029529	2.7285921435845997	2.7268433445976012	0.015363191	0.015700788266506942	0.015549139573441747
626.0	2.731148801	2.728659260401211	2.7268705925010583	0.015642974	0.01566181811730869	0.015534818135840952
626.333333333333	2.730953353	2.728711710726985	2.7268916386611846	0.016040565	0.015621700812029052	0.015520034569168546
626.666666666667	2.729797998	2.7287492156832864	2.7269063409637853	0.016042531	0.015580641737423667	0.015504880408199397
627.0	2.729219773	2.7287715668428567	2.726914587316978	0.015685428	0.015538851680354926	0.015489449126198937
627.333333333333	2.729373238	2.7287786270251417	2.7269162962469142	0.015415	0.015496545865956628	0.015473835721010498
627.666666666667	2.729698828	2.7287703307579303	2.7269114173512135	0.015290644	0.015453942967782684	0.015458136292759482
628.0	2.729827781	2.728746684406662	2.7268999316073734	0.015279503	0.015411264094756835	0.015442447615022845
628.333333333333	2.729694127	2.7287077659743124	2.7268818515340936	0.015205575	0.015368731759894382	0.015426866701354796
628.666666666667	2.729832092	2.7286537245762186	2.7268572212041158	0.015172061	0.015326568835892044	0.015411490369094314
629.0	2.730136674	2.728584779595631	2.7268261161079015	0.015239359	0.015284997502778161	0.015396414802407055
629.333333333333	2.729725019	2.7285012195270584	2.726788642868137	0.015408001	0.015244238192881858	0.015381735116532793
629.666666666667	2.728902613	2.7284034005157354	2.7267449388058083	0.015443369	0.0152045085384169	0.015367544925219625
630.0	2.728069191	2.728291744602644	2.726695171359287	0.015175693	0.01516602232698326	0.015353935913327404
630.333333333333	2.728239196	2.728166737685597	2.726639537358591	0.014770324	0.015128988470267491	0.015340997416574968
630.666666666667	2.728740905	2.7280289272078306	2.7265782621577204	0.014670111	0.015093609991172164	0.015328816010388645
631.0	2.728580345	2.7278789195864364	2.726511598628659	0.014737026	0.015060083034525258	0.015317475109782907
631.333333333333	2.728815183	2.7277173773937053	2.72643982602136	0.014717238	0.01502859590641376	0.015307054582167927
631.666666666667	2.728835835	2.727545016305222	2.7263632486947	0.014763772	0.014999328147052123	0.015297630374933032
632.0	2.728493056	2.7273626018290806	2.7262821947240763	0.014906443	0.014972449641937793	0.01528927415959985
632.333333333333	2.727918268	2.727170945831201	2.726197014391952	0.015013677	0.014948119775862943	0.015282052994274039
632.666666666667	2.726980922	2.72697090287216	2.7261080785682887	0.015002435	0.014926486634146011	0.015276029006050428
633.0	2.726441375	2.7267633663713653	2.7260157769883775	0.014793428	0.014907686255219436	0.01527125909494304
633.333333333333	2.726196559	2.726549264614749	2.7259205164361564	0.014570023	0.014891841938462673	0.015267794660819416
633.666666666667	2.726383961	2.726329556622439	2.7258227188415862	0.014477546	0.014879063610903425	0.015265681354717852
634.0	2.726596273	2.726105227893126	2.7257228193011565	0.014604656	0.014869447256126166	0.015264958855817624
634.333333333333	2.726038493	2.7258772860420217	2.725621264031003	0.01463089	0.014863074408427268	0.015265660675215703
634.666666666667	2.725844253	2.7256467563495024	2.725518508262498	0.014457082	0.014860011714941163	0.015267813987540303
635.0	2.726263332	2.7254146772376147	2.7254150140905025	0.014507071	0.014860310568134453	0.015271439491301645
635.333333333333	2.725929259	2.7251820956917925	2.725311248284735	0.014785491	0.014864006810725344	0.015276551298744856
635.666666666667	2.725169398	2.7249500626451484	2.7252076800749325	0.014934294	0.01487112051473642	0.015283156855829365
636.0	2.724031733	2.7247196283428274	2.7251047789206315	0.014904292	0.014881655836030513	0.015291256892814346
636.333333333333	2.723458999	2.7244918377038982	2.7250030122764883	0.014481057	0.014895600945314075	0.015300845405781556
636.666666666667	2.724249576	2.724267725698327	2.724902843364117	0.01425475	0.014912928036221528	0.015311909669276197
637.0	2.724891239	2.724048312756555	2.7248047289613613	0.014632958	0.014933593410718907	0.015324430280093924
637.333333333333	2.724312668	2.7238346002292113	2.724709117219885	0.015068932	0.014957537641687163	0.015338381232088978
637.666666666667	2.722806773	2.723627565914435	2.7246164455217654	0.015182776	0.014984685812166334	0.015353730021725227
638.0	2.72173813	2.7234281596702465	2.724527138385623	0.014776905	0.015014947830362842	0.01537043778393993
638.333333333333	2.722387745	2.7232372991293268	2.724441605432525	0.014465082	0.01504821881914532	0.01538845945773985
638.666666666667	2.722765946	2.7230558655334174	2.7243602394215984	0.014732804	0.015084379578381114	0.015407743980802201
639.0	2.72249249	2.7228846997044482	2.7242834143649217	0.014993563	0.015123297118097762	0.01542823451220921
639.333333333333	2.721597675	2.722724598169287	2.7242114837308393	0.01510441	0.015164825260092512	0.015449868682306248
639.666666666667	2.721147995	2.722576309454753	2.72414477874437	0.014888844	0.015208805305260538	0.015472578868539803
640.0	2.721938378	2.722440530569279	2.72408360679288	0.014801034	0.015255066763570194	0.015496292496004043
640.333333333333	2.722236767	2.722317903687222	2.724028249944615	0.015198928	0.015303428143283917	0.01552093236130407
640.666666666667	2.721648936	2.7222090130514207	2.723978963587123	0.01545999	0.015353697795707206	0.015546416978230757
641.0	2.720937812	2.7221143821091176	2.7239359751919467	0.015493599	0.015405674811447927	0.01557266094363688
641.333333333333	2.720317977	2.722034470895747	2.7238994832113135	0.015395236	0.015459149963885274	0.015599575321807684
641.666666666667	2.720607487	2.721969673680514	2.72386965611189	0.015163623	0.015513906695284444	0.01562706804553155
642.0	2.721026901	2.721920316886853	2.7238466315499443	0.015345341	0.01556972214075085	0.015655044331998373
642.333333333333	2.72104523	2.721886657300124	2.7238305156915477	0.015597101	0.015626368184998476	0.01568340711158477
642.666666666667	2.720706819	2.7218688805738602	2.723821382680731	0.015633977	0.015683612546712074	0.015712057467527223
643.0	2.720770416	2.7218671000449572	2.7238192742577536	0.015641198	0.01574121988511421	0.01574089508443587
643.333333333333	2.721219482	2.7218813558669854	2.723824199528919	0.015667702	0.01579895292320684	0.015769818703563844
643.666666666667	2.721471175	2.72191161446962	2.7238361348886313	0.015931363	0.015856573582044665	0.015798726582719688
644.0	2.721062259	2.721957768350854	2.723855024093643	0.016155836	0.015913844120315337	0.015827516958692892
644.333333333333	2.720562054	2.7220196362072295	2.7238807784887364	0.016150041	0.015970528273450357	0.015856088510055762
644.666666666667	2.720355486	2.7220969634058165	2.7239132773823616	0.016034466	0.016026392386471387	0.015884340818207776
645.0	2.720678477	2.722189422800104	2.723952368570052	0.015936015	0.01608120653479049	0.015912174824541554
645.333333333333	2.721383026	2.722296615890258	2.7239978690027913	0.016068115	0.01613474562722967	0.015939493281632237
645.666666666667	2.721657919	2.7224180743265145	2.724049565596821	0.016316116	0.016186790485605847	0.015966201196383995
646.0	2.721572346	2.7225532617526524	2.7241072161807733	0.016438656	0.01623712889534136	0.015992206263108467
646.333333333333	2.721508191	2.7227015759846758	2.7241705505754137	0.016386327	0.016285556621707404	0.01601741928455981
646.666666666667	2.722101648	2.722862351517962	2.724239271800696	0.016460898	0.016331878386487295	0.01604175457900915
647.0	2.72249643	2.723034862354252	2.724313057404315	0.016669109	0.016375908800058202	0.016065130371507336
647.333333333333	2.722151892	2.7232183251379594	2.7243915609054254	0.016804085	0.016417473244131658	0.01608746916755876
647.666666666667	2.722164537	2.7234119025894143	2.724474413346727	0.016827819	0.0164564087006647	0.016108698107509773
648.0	2.722360043	2.7236147072207952	2.724561224947693	0.016777781	0.016492564522752128	0.0161287493000429
648.333333333333	2.722566445	2.723825805318709	2.7246515868513113	0.016661038	0.016525803143635494	0.016147560133262004
648.666666666667	2.723386791	2.724044221175622	2.7247450729563556	0.016612024	0.016556000720312516	0.016165073561953378
649.0	2.724043293	2.7242689415506853	2.7248412418268733	0.016762741	0.016583047708600467	0.016181238369713087
649.333333333333	2.724287588	2.7244989203389274	2.7249396386703	0.01692885	0.016606849366895212	0.01619600940474111
649.666666666667	2.724606495	2.7247330834262966	2.7250397973753606	0.016994145	0.016627326186271232	0.016209347788217837
650.0	2.724383741	2.724970333706721	2.725141242600694	0.017091727	0.01664441424498485	0.016221221094297602
650.333333333333	2.724406896	2.725209556236118	2.7252434919049886	0.017053334	0.016658065485868845	0.01623160350087683
650.666666666667	2.724870303	2.7254496234972523	2.725346057909252	0.01691541	0.01666824791553952	0.016240475910420573
651.0	2.725451734	2.7256894007484314	2.7254484504817595	0.016874002	0.016674945724773294	0.016247826040260507
651.333333333333	2.726162065	2.7259277514282965	2.725550178936139	0.016890841	0.016678159329845992	0.016253648481909137
651.666666666667	2.726516043	2.726163542588452	2.72565075423304	0.017034248	0.01667790533506132	0.01625794472906882
652.0	2.726491635	2.726395650325292	2.7257496911758237	0.017024638	0.016674216417121468	0.01626072317414985
652.333333333333	2.726518231	2.7266229651822194	2.7258465105907517	0.016812972	0.01666714113241037	0.01626199907324859
652.666666666667	2.727611137	2.7268443974935175	2.725940741482232	0.016599167	0.016656743648664728	0.016261794479674473
653.0	2.728709122	2.727058882641304	2.726031923153764	0.016796678	0.016643103402897885	0.016260138146252674
653.333333333333	2.728598501	2.7272653861974776	2.726119607285395	0.017105414	0.01662631468781324	0.016257065396767408
653.666666666667	2.727940534	2.7274629089231333	2.7262033599586277	0.017099395	0.016606486169295692	0.01625261796704831
654.0	2.727711058	2.7276504915987623	2.726282763619965	0.016850125	0.0165837403378985	0.016246843816338903
654.333333333333	2.728487437	2.727827219659507	2.726357418974468	0.016582961	0.016558212897548025	0.016239796909721195
654.666666666667	2.729270983	2.727992227610919	2.726426946801006	0.016572704	0.016530052094967794	0.01623153697250346
655.0	2.729669304	2.728144703201973	2.726490989681139	0.016653563	0.016499417993575582	0.016222129217608686
655.333333333333	2.72970275	2.7282838913335583	2.7265492136339318	0.016725883	0.0164664816958308	0.016211644047128566
655.666666666667	2.729294955	2.7284090976822992	2.726601309649323	0.016540016	0.016431424518204677	0.01620015672933143
656.0	2.729874713	2.7285196920212402	2.7266469951130827	0.016220358	0.016394437123111304	0.016187747052531995
656.333333333333	2.730621685	2.728615111220826	2.7266860151168015	0.016278999	0.016355718612274427	0.0161744989573452
656.666666666667	2.730701573	2.7286948619154896	2.726718143646792	0.016352119	0.016315475586112543	0.01616050014895528
657.0	2.730969825	2.7287585228231905	2.7267431846462693	0.01647456	0.016273921173804336	0.016145841691134293
657.333333333333	2.730307725	2.7288057467073084	2.7267609729456685	0.016693608	0.016231274038748075	0.016130617583840125
657.666666666667	2.72925728	2.728836261972386	2.726771375056495	0.016476981	0.016187757364153996	0.016114924326313076
658.0	2.729148232	2.7288498738873512	2.7267742898246485	0.016009291	0.0161435978235088	0.016098860467670697
658.333333333333	2.72963667	2.728846465431979	2.726769648939752	0.015746701	0.01609902454062767	0.016082526147073017
658.666666666667	2.730549334	2.728825997764465	2.72675741729761	0.015848498	0.016054268043963812	0.016066022625593326
659.0	2.729889722	2.728788510310078	2.7267375932135454	0.016098923	0.01600955921977923	0.01604945181198341
659.333333333333	2.729002932	2.728734120472918	2.726710208485023	0.015814143	0.015965128268696054	0.016032915784565314
659.666666666667	2.72958755	2.72866302297476	2.726675328302599	0.015425103	0.015921203670046492	0.016016516311514663
660.0	2.730886324	2.7285754888269427	2.726633051008946	0.015324374	0.01587801115832387	0.016000354371822338
660.333333333333	2.731830847	2.7284718639430445	2.726583507706371	0.016011446	0.015835772715908494	0.01598452967923173
660.666666666667	2.729598992	2.7283525674018665	2.7265268617139427	0.016481252	0.015794705586103318	0.01596914021144751
661.0	2.727775057	2.7282180893718766	2.7264633078760605	0.015950193	0.015755021310365658	0.015954281746898974
661.333333333333	2.727961256	2.72806898870981	2.7263930717249933	0.015409127	0.015716924793466296	0.01594004741131583
661.666666666667	2.728260385	2.727905890247528	2.7263164085006353	0.015150399	0.015680613400146114	0.015926527236337164
662.0	2.728879569	2.727729481782562	2.726233602031404	0.015254807	0.01564627608667525	0.015913807732325206
662.333333333333	2.728344683	2.7275405107889186	2.7261449634809427	0.015466821	0.015614092570551488	0.015901971477494357
662.666666666667	2.727911391	2.7273397808657975	2.7260508299659176	0.015283998	0.015584232541404161	0.015891096725393024
663.0	2.728111254	2.727128147942792	2.7259515630509057	0.015304368	0.015556854915998262	0.015881257032691467
663.333333333333	2.727946638	2.726906516260964	2.725847547126995	0.015501583	0.01553210714006095	0.015872520909133398
663.666666666667	2.727198898	2.7266758341498503	2.725739187681339	0.015653184	0.015510124539480235	0.0158649514914029
664.0	2.726036167	2.726437089621045	2.725626909465487	0.015483964	0.015491029723252892	0.01585860624254207
664.333333333333	2.725690376	2.726191305799476	2.725511154570891	0.015050106	0.01547493204038619	0.01585353667842896
664.666666666667	2.726296224	2.725939536213805	2.7253923804204723	0.015003973	0.015461927092785082	0.01584978812269101
665.0	2.726334462	2.7256828599676837	2.72527105768563	0.015179996	0.015452096305983223	0.015847399491286544
665.333333333333	2.725967086	2.7254223768137216	2.7251476681384914	0.015364843	0.015445506559401344	0.0158464031078373
665.666666666667	2.725141473	2.7251592021521005	2.725022702449592	0.015404382	0.015442209877639888	0.015846824550638964
666.0	2.724612339	2.72489446197578	2.7248966579414815	0.015337233	0.015442243184133533	0.015848682532115476
666.333333333333	2.724328924	2.7246292877841154	2.7247700363090486	0.015337855	0.015445628118312462	0.01585198881131726
666.666666666667	2.724064182	2.7243648114866033	2.7246433413175497	0.015343791	0.015452370917228049	0.015856748139894704
667.0	2.723299962	2.724102160318213	2.7245170764894926	0.015286173	0.01546246236240816	0.015862958241807074
667.333333333333	2.723031219	2.7238424517875366	2.724391742791623	0.015091632	0.015475877792508641	0.015870609826854953
667.666666666667	2.723220804	2.7235867886786185	2.724267836333271	0.01514644	0.015492577182121993	0.015879686637951685
668.0	2.722857337	2.723336254127013	2.7241458460873083	0.015237182	0.015512505286891057	0.015890165531878237
668.333333333333	2.722770742	2.723091906790164	2.724026251644852	0.015248702	0.015535591854854132	0.015902016593096365
668.666666666667	2.722591832	2.7228547761317756	2.7239095210146993	0.015396972	0.015561751903717759	0.015915203280028777
669.0	2.722398225	2.7226258578393385	2.7237961084782487	0.01551681	0.015590886063514615	0.015929682603052765
669.333333333333	2.722008655	2.7224061093934675	2.723686452510386	0.015675649	0.015622880983855957	0.015945405333296508
669.666666666667	2.721216357	2.7221964458071266	2.7235809737764725	0.01565385	0.01565760980473199	0.015962316241176007
670.0	2.720653211	2.721997735552225	2.723480073215168	0.015421484	0.01569493268954839	0.015980354363465867
670.333333333333	2.720993725	2.7218107966904195	2.723384130216357	0.015303028	0.01573469741881548	0.01599945329756018
670.666666666667	2.72123592	2.721636393224309	2.7232935009029804	0.015342772	0.015776740042627403	0.01601954152145082
671.0	2.721124807	2.7214752316844324	2.7232085165249615	0.015671256	0.01582088558978471	0.016040542737830312
671.333333333333	2.720306396	2.7213279579667695	2.723129481972885	0.015817004	0.015866948831125972	0.01606237624061596
671.666666666667	2.719763133	2.721195154434587	2.7230566744183946	0.0157129	0.015914735094343813	0.01608495730209084
672.0	2.720141345	2.7210773372976265	2.7229903420876416	0.015658701	0.015964041127270553	0.016108197578766796
672.333333333333	2.720548232	2.720974954280702	2.7229307031734007	0.015839563	0.016014656006330376	0.016132005533994465
672.666666666667	2.720375517	2.720888382592795	2.722877944890735	0.016147304	0.016066362086571338	0.01615628687527586
673.0	2.719695178	2.720817927206687	2.722832222680369	0.016226883	0.01611893598941366	0.016180945004176744
673.333333333333	2.71918454	2.7207638194580883	2.7227936595631252	0.01606386	0.01617214962398346	0.0162058814766882
673.666666666667	2.719617742	2.720726215972023	2.7227623456480514	0.015949553	0.01622577123764589	0.016230996471850397
674.0	2.720161077	2.720705197923027	2.7227383377960472	0.016085993	0.016279566491111962	0.016256189266425462
674.333333333333	2.720081292	2.7207007706343904	2.7227216594400385	0.016360221	0.01633329955327104	0.016281358713391376
674.666666666667	2.719627556	2.7207128635203475	2.722712300561963	0.01653139	0.016386734210699836	0.01630640372202398
675.0	2.719246075	2.720741330373661	2.722710217826063	0.016500632	0.0164396349866208	0.016331223737339758
675.333333333333	2.719199445	2.7207859499995912	2.72271533486723	0.016411665	0.016491768263930534	0.016355719216687357
675.666666666667	2.720074719	2.720846427195687	2.722727542732389	0.016487919	0.016542903406795456	0.016379792101300836
676.0	2.720044566	2.7209223940752727	2.722746700472221	0.016701053	0.01659281387521856	0.016403346280661694
676.333333333333	2.719830775	2.7210134117308606	2.7227726358797892	0.016827831	0.016641278326920875	0.016426288047559676
676.666666666667	2.71963508	2.7211189722320794	2.7228051463720058	0.0168621	0.016688081700854923	0.01644852654179357
677.0	2.719880808	2.7212385009510145	2.7228440000092093	0.016835004	0.016733016276677046	0.016469974180512485
677.333333333333	2.720258362	2.7213713592061777	2.722888936647522	0.016945728	0.016775882704551947	0.016490547073264698
677.666666666667	2.720456171	2.721516847214617	2.722939669218108	0.017062452	0.016816490999747146	0.016510165419895036
678.0	2.720453102	2.72167420734	2.7229958851268816	0.017141631	0.016854661496596517	0.016528753889512016
678.333333333333	2.72074588	2.7218426276228387	2.7230572477677497	0.017023524	0.01689022575657245	0.01654624197883274
678.666666666667	2.72148324	2.7220212455774027	2.7231233981420075	0.017041011	0.01692302742540292	0.01656256434830577
679.0	2.721801711	2.722209152238294	2.7231939565760657	0.017191626	0.01695292303440387	0.0165776611345102
679.333333333333	2.721705261	2.7224053964381407	2.7232685245293484	0.017268077	0.016979782741466	0.01659147823743182
679.666666666667	2.721565548	2.722608989296451	2.7233466864838336	0.017287147	0.01700349100743801	0.016603967581324895
680.0	2.721873028	2.7228189088983137	2.7234280119064183	0.017191574	0.017023947203982797	0.01661508734797982
680.333333333333	2.722776627	2.7230341051404188	2.7235120572750464	0.017294471	0.017041066149346674	0.016624802181332627
680.666666666667	2.723095946	2.7232535047207467	2.7235983681593052	0.017531706	0.017054778568872848	0.01663308336247198
681.0	2.723020811	2.7234760162472944	2.723686481346026	0.017706318	0.017065031477504638	0.016639908954221752
681.333333333333	2.722606044	2.723700535440381	2.7237759270002946	0.017582228	0.017071788481959047	0.01664526391460345
681.666666666667	2.72305767	2.723925950402363	2.72386623085216	0.017132918	0.01707503000070362	0.01664914017861108
682.0	2.724453235	2.724151146928087	2.723956916399294	0.01708998	0.017074753400335266	0.016651536707862326
682.333333333333	2.725207351	2.724375013829018	2.7240475071157917	0.017171143	0.017070973047435323	0.016652459507822945
682.666666666667	2.72570512	2.724596448243824	2.7241375286573635	0.017401273	0.017063720275457068	0.01665192161243663
683.0	2.725332108	2.7248143609081557	2.724226511053167	0.017472429	0.0170530432666857	0.016649943036129065
683.333333333333	2.725533337	2.7250276813565333	2.72431399087465	0.017336255	0.017039006849792798	0.01664655069329293
683.666666666667	2.726151871	2.7252353630296047	2.724399513371847	0.017352214	0.017021692213984172	0.016641778285499342
684.0	2.726516921	2.725436388260521	2.7244826345677726	0.017471739	0.01700119654120763	0.016635666156820616
684.333333333333	2.72602111	2.7256297731149273	2.7245629233016952	0.017564103	0.01697763255834245	0.016628261117788545
684.666666666667	2.725407504	2.7258145720598264	2.7246399632122964	0.017221019	0.016951128011731733	0.0166196162386517
685.0	2.726278117	2.725989882437692	2.724713354651989	0.016689182	0.01692182506683913	0.016609790612733405
685.333333333333	2.727781469	2.7261548487232874	2.72478271652392	0.016649457	0.016889879636210026	0.01659884909082941
685.666666666667	2.728528688	2.7263086665419918	2.7248476880335017	0.016875391	0.016855460639291418	0.016586861987719272
686.0	2.72848036	2.726450586429851	2.7249079303466575	0.017208049	0.016818749198012406	0.016573904761998774
686.333333333333	2.72757322	2.7265799173171335	2.7249631281473357	0.017118382	0.016779937772346147	0.016560057670570352
686.666666666667	2.728097903	2.7266960297187923	2.7250129910872447	0.016796581	0.01673922924036289	0.01654540539925524
687.0	2.728843019	2.7267983586170015	2.7250572551211936	0.016887345	0.016696835927541082	0.016530036671112927
687.333333333333	2.728365969	2.7268864060227016	2.72509568372188	0.017044586	0.016652978590328892	0.016514043834171023
687.666666666667	2.727401189	2.726959743205	2.725128068968457	0.016840893	0.016607885359140928	0.01649752243037999
688.0	2.727124311	2.727018012579133	2.725154232503728	0.016310859	0.016561790646134434	0.016480570747712687
688.333333333333	2.728439114	2.727060929245625	2.725174026355355	0.015934444	0.016514934023235936	0.016463289357426657
688.666666666667	2.729450359	2.7270882821752584	2.7251873336170314	0.016170996	0.016467559075983407	0.01644578063859758
689.0	2.729321718	2.7270999350363194	2.725194068986185	0.016508184	0.01641991223881171	0.01642814829211402
689.333333333333	2.728471324	2.7270958266625707	2.725194179155357	0.016602149	0.01637224161744069	0.016410496846396293
689.666666666667	2.728123065	2.727075971162209	2.7251876430550683	0.016381765	0.01632479580402731	0.01639293115716485
690.0	2.728727114	2.727040457669922	2.7251744719466315	0.016237764	0.016277822690716964	0.016375555903635663
690.333333333333	2.728228739	2.72698944974593	2.7251547093640274	0.016493968	0.01623156828717654	0.016358475083561006
690.666666666667	2.727097135	2.7269231844275557	2.7251284309046677	0.016362363	0.016186275547613725	0.016341791509563122
691.0	2.726395123	2.7268419709405327	2.725095743869562	0.015821473	0.016142183212686487	0.016325606309225214
691.333333333333	2.727407436	2.7267461890787508	2.725056786754089	0.01531509	0.01609952467158401	0.016310018431408422
691.666666666667	2.728852037	2.72663628726261	2.725011728591323	0.015507206	0.01605852684941851	0.016295124161254542
692.0	2.728471083	2.726512780287476	2.7249607681505337	0.016180116	0.016019409124907662	0.01628101664631238
692.333333333333	2.726658293	2.7263762467749784	2.7249041329942285	0.016377661	0.015982382283151467	0.016267785436189793
692.666666666667	2.725382996	2.7262273263410535	2.724842078397765	0.015900009	0.0159476475081175	0.016255516038084578
693.0	2.726007038	2.726066716495635	2.724774886136297	0.01529274	0.015915395419245484	0.016244289490484544
693.333333333333	2.727477331	2.7258951692898776	2.724702863144455	0.015478112	0.015885805156368255	0.016234181957251032
693.666666666667	2.726724906	2.725713487727599	2.7246263400548423	0.016024434	0.015859043516922213	0.016225264344210844
694.0	2.725049504	2.7255225219583856	2.7245456696220507	0.016045064	0.0158352641491878	0.016217601940279415
694.333333333333	2.723905472	2.7253231652704577	2.724461225039507	0.015556419	0.015814606805060128	0.016211254085023538
694.666666666667	2.724491381	2.7251163499019215	2.724373398157027	0.014931768	0.015797196655602367	0.016206273864445533
695.0	2.726345391	2.724903042689533	2.7242825976075045	0.015064536	0.015783143672380994	0.016202707836633204
695.333333333333	2.726373145	2.724684240574484	2.72418924685163	0.015772473	0.01577254207732244	0.016200595788771872
695.666666666667	2.724825953	2.724460965985016	2.724093782150015	0.016152894	0.015765469863565452	0.01619997052685707
696.0	2.723279106	2.724234262115957	2.72399665047247	0.015839849	0.015761988389513287	0.01620085769928018
696.333333333333	2.723153198	2.7240051881254113	2.7238983073545637	0.015193796	0.015762142048013975	0.01620327565528522
696.666666666667	2.724455604	2.7237748142690155	2.7237992147118537	0.015142001	0.015765958012316277	0.01620723533911424
697.0	2.724444084	2.7235442169921784	2.723699838622457	0.015524484	0.01577344606016273	0.01621274022047284
697.333333333333	2.723526983	2.7233144740008024	2.7236006470887735	0.015850904	0.015784598477089972	0.016219786261756707
697.666666666667	2.722078885	2.7230866593309146	2.7235021077893227	0.015800407	0.015799390039708955	0.016228361922286674
698.0	2.721433933	2.722861838437594	2.72340468583171	0.015310934	0.015817778079434925	0.016238448199604565
698.333333333333	2.722592775	2.722641063323429	2.723308841517718	0.015183293	0.015839702626827858	0.016250018707686137
698.666666666667	2.723214899	2.722425367726616	2.723215028131479	0.015561049	0.01586508663638921	0.016263039791732475
699.0	2.722672983	2.7222157623885925	2.723123689761551	0.015979153	0.015893836291340138	0.016277470679008026
699.333333333333	2.721438818	2.722013230420844	2.723035259167524	0.016062958	0.015925841387579343	0.016293263665003655
699.666666666667	2.720646692	2.7218187227902573	2.722950155701549	0.015702574	0.015960975795686883	0.0163103643340177
700.0	2.721135976	2.7216331539420433	2.7228687832948832	0.015446795	0.015999097999503428	0.01632871181306816
700.333333333333	2.721651536	2.7214573975788654	2.722791528519166	0.015555301	0.0160400517094736	0.016348239057876315
700.666666666667	2.721631347	2.7212922826143844	2.722718758731763	0.015981112	0.01608366654859857	0.016368873169495642
701.0	2.720581509	2.7211385893189224	2.7226508203140245	0.016295474	0.016129758808496868	0.01639053574000467
701.333333333333	2.719479042	2.7209970456743933	2.7225880370108206	0.016092919	0.016178132272726305	0.016413143225535685
701.666666666667	2.719977013	2.7208683239550333	2.722530708379149	0.01587202	0.016228579104173933	0.016436607344775027
702.0	2.720298275	2.7207530375497564	2.7224791083530473	0.016039209	0.01628088079298008	0.016460835500945206
702.333333333333	2.720211712	2.72065173804121	2.7224334839314026	0.016270773	0.016334809161122447	0.016485731225165324
702.666666666667	2.719653441	2.720564912555748	2.722394053994631	0.016435414	0.01639012741945504	0.016511194638984483
703.0	2.718836791	2.7204929813976335	2.722361008255499	0.01634855	0.016446591272674914	0.016537122933794127
703.333333333333	2.719116657	2.7204362959797668	2.7223345063487034	0.016209428	0.016503950067381395	0.016563410864749
703.666666666667	2.719417739	2.720395137062111	2.722314677063088	0.016333303	0.016561947978098467	0.01658995125676388
704.0	2.719540514	2.7203697133078713	2.7223016177196837	0.016593144	0.0166203252258551	0.016616635520103715
704.333333333333	2.719001706	2.7203601601661487	2.7222953936980248	0.016811922	0.01667881932366217	0.01664335417304885
704.666666666667	2.718550588	2.7203665390884795	2.7222960381124723	0.016749792	0.016737166342992015	0.016669997369094285
705.0	2.719072899	2.7203888370852383	2.7223035516395555	0.016692462	0.016795102195159083	0.0166964554261323
705.333333333333	2.719219865	2.720426966626365	2.7223179024966213	0.016832925	0.0168523639213218	0.01672261935507112
705.666666666667	2.719187719	2.720480765889313	2.7223390265713903	0.016936122	0.016908690984678308	0.016748381385358044
706.0	2.719202612	2.7205499993554625	2.7223668277013053	0.017069372	0.016963826558314788	0.016773635484903533
706.333333333333	2.718927959	2.7206343587545594	2.722401178100905	0.017031503	0.01701751880208735	0.016798277871942335
706.666666666667	2.719514914	2.720733464354993	2.7224419189347926	0.017074492	0.017069522121878945	0.01682220751641868
707.0	2.719746675	2.7208468665959487	2.7224888610331215	0.017231802	0.01711959840457293	0.016845326628544207
707.333333333333	2.719906107	2.7209740480556706	2.7225417857459484	0.01731657	0.017167518222126938	0.016867541132248667
707.666666666667	2.719956995	2.7211144257482536	2.7226004459321853	0.017425591	0.017213061998214384	0.016888761121325084
708.0	2.720214478	2.7212673537395946	2.7226645670783474	0.017366541	0.01725602113102873	0.016908901296160628
708.333333333333	2.721003881	2.721432126071292	2.7227338485417736	0.017541091	0.01729619906601613	0.016927881379043202
708.666666666667	2.720539711	2.7216079799795883	2.7228079649124926	0.017732112	0.017333412312516457	0.016945626506139618
709.0	2.72053079	2.7217940993946783	2.722886567487322	0.017640801	0.017367491398549668	0.016962067594382037
709.333333333333	2.720578338	2.7219896187040886	2.7229692858496133	0.017723518	0.017398281758283174	0.016977141681565555
709.666666666667	2.720928229	2.7221936267622473	2.723055729547578	0.017522082	0.017425644547055162	0.01699079223809544
710.0	2.722413398	2.7224051711268906	2.7231454898637444	0.017771938	0.017449457379206196	0.017002969448961548
710.333333333333	2.722210663	2.7226232625017386	2.723238141667728	0.018027537	0.017469614984336183	0.017013630464659375
710.666666666667	2.722172646	2.722846879363257	2.7233332453441625	0.017919913	0.017486029778155422	0.017022739619921894
711.0	2.722652645	2.723074972748288	2.7234303487873706	0.017796408	0.01749863234454738	0.017030268619273214
711.333333333333	2.723460153	2.723306471178463	2.723528989454083	0.017607586	0.017507371825944383	0.017036196688564053
711.666666666667	2.724535215	2.723540285696489	2.723628696465316	0.017941268	0.017512216219629437	0.017040510691799633
712.0	2.723784653	2.7237753149888158	2.7237289927483332	0.018161687	0.017513152578114578	0.017043205212722765
712.333333333333	2.723391959	2.724010450568671	2.7238293972094643	0.018008981	0.01751018711230108	0.01704428260076798
712.666666666667	2.723370004	2.7242445819931542	2.7239294269284433	0.017733268	0.01750334519669612	0.017043752981157158
713.0	2.724858202	2.72447660208791	2.72402859936484	0.0173058	0.017492671276537867	0.01704163422906144
713.333333333333	2.726614486	2.724705412152948	2.724126434567117	0.017783934	0.01747822867726098	0.017037951907910184
713.666666666667	2.725942772	2.7249299271233283	2.7242224573748004	0.018135233	0.01746009931731223	0.017032739172082475
714.0	2.725179592	2.7251490806588428	2.7243161996042753	0.01797828	0.01743838332589594	0.017026036634372282
714.333333333333	2.725066152	2.725361830137318	2.7244072022087447	0.017600947	0.017413198567786222	0.0170178921987726
714.666666666667	2.726180335	2.7255671615268975	2.7244950174029627	0.017176962	0.01738468007788333	0.017008360859277535
715.0	2.727798496	2.7257640941134955	2.7245792107434412	0.017539785	0.01735297940871016	0.016997504465553346
715.333333333333	2.727597023	2.7259516850606165	2.724659363154972	0.017983184	0.017318263894538003	0.016985391456479666
715.666666666667	2.726210242	2.726129033779901	2.724735072894442	0.018021771	0.01728071583629486	0.016972096562709777
716.0	2.724934148	2.7262952860919816	2.724805957443147	0.017431196	0.017240531611841192	0.016957700479543685
716.333333333333	2.727354129	2.726449638158651	2.724871655318991	0.016406822	0.01719792071659503	0.01694228951154879
716.666666666667	2.730206384	2.7265913401687523	2.7249318278002677	0.017013281	0.01715310473984754	0.016925955190499966
717.0	2.72943617	2.7267196997618135	2.724986160552972	0.017732948	0.017106316282430364	0.016908793868342754
717.333333333333	2.727548985	2.7268340851749975	2.725034365158561	0.017793624	0.017057797821674995	0.016890906286080982
717.666666666667	2.726235288	2.7269339281006237	2.7250761805267225	0.017176667	0.017007800529841584	0.016872397122141718
718.0	2.72764268	2.727018726243197	2.7251113741873008	0.016167775	0.016956583052389305	0.016853374522090528
718.333333333333	2.730386765	2.727088045566553	2.725139743455791	0.016564584	0.01690441025261288	0.016833949611695993
718.666666666667	2.729691256	2.727141522216381	2.7251611164671687	0.017461258	0.016851551930934443	0.01681423599545999
719.0	2.727285909	2.7271788641260715	2.7251753530731833	0.017577008	0.016798281522351126	0.016794349242839027
719.333333333333	2.725724094	2.7271998522987078	2.7251823455986615	0.016701884	0.016744874779372403	0.016774406364479914
719.666666666667	2.72797944	2.727204341760245	2.7251820194528276	0.015545173	0.016691608447653362	0.01675452528087932
720.0	2.730914195	2.7271922621810485	2.7251743335921597	0.016207085	0.016638758941373132	0.016734824285950526
720.333333333333	2.729201505	2.7271636181649574	2.7251592808318437	0.017135992	0.016586601025224808	0.016715421508040014
720.666666666667	2.72703746	2.7271184892068803	2.7251368880034588	0.016822747	0.01653540650967779	0.016696434370982376
721.0	2.726568429	2.7270570293216383	2.7251072159572	0.01604756	0.016485442965947124	0.016677979057810245
721.333333333333	2.728482573	2.726979466348354	2.7250703594075585	0.015415321	0.01643697246686132	0.01666016997974854
721.666666666667	2.730100036	2.7268861009360785	2.725026446622116	0.016160222	0.01639025035956147	0.01664311925311834
722.0	2.728428533	2.726777305217651	2.724975638953815	0.016976507	0.01634552407569343	0.01662693618675499
722.333333333333	2.725897692	2.7266535211799283	2.7249181302178216	0.016635763	0.016303031984472856	0.01661172678250701
722.666666666667	2.725461829	2.7265152587395445	2.7248541459148545	0.015752476	0.016263002293712026	0.01659759325132717
723.0	2.727419254	2.726363093534261	2.724783942303632	0.015404585	0.016225652003599374	0.016584633547394454
723.333333333333	2.727977056	2.7261976644407864	2.724707805325883	0.015993424	0.016191185917718814	0.01657294092261618
723.666666666667	2.726587676	2.726019670830606	2.7246260493881276	0.016275762	0.016159795715487018	0.016562603503753447
724.0	2.72510986	2.7258298695760352	2.724539016005234	0.015762316	0.016131659089874257	0.016553703894290832
724.333333333333	2.726034936	2.725629071819204	2.7244470723115026	0.015387329	0.016106938953958108	0.016546318803033994
724.666666666667	2.727404451	2.7254181395172075	2.7243506094457697	0.015684686	0.016085782719540698	0.01654051870126712
725.0	2.726556606	2.725197981777071	2.7242500408177706	0.016267199	0.016068321650738362	0.016536367510137238
725.333333333333	2.725008107	2.7249695509946035	2.7241458002636247	0.016332059	0.01605467029512865	0.016533922319755433
725.666666666667	2.724029035	2.724733838811584	2.724038339923782	0.015951146	0.01604492599471264	0.01653323317255653
726.0	2.724191619	2.7244918719060913	2.723928128298567	0.015666946	0.016039168478620865	0.01653434283340947
726.333333333333	2.724495155	2.724244707631155	2.7238156482014992	0.015620597	0.016037459539158153	0.01653728659749236
726.666666666667	2.723709195	2.72399342951728	2.7237013946215516	0.015597909	0.01603984279244612	0.016542092136604562
727.0	2.723563109	2.7237391429312776	2.723585872506091	0.015402879	0.016046343468866766	0.016548779384318882
727.333333333333	2.724373776	2.723482970145374	2.7234695944768625	0.015396752	0.016056968385771003	0.01655736046011114
727.666666666667	2.724612499	2.723226045382949	2.7233530784917823	0.015931482	0.01607170599514308	0.016567839632344965
728.0	2.723753477	2.7229695098489914	2.7232368454656113	0.01635451	0.01609052650735654	0.016580213319737233
728.333333333333	2.722087593	2.722714506753955	2.7231214168628384	0.016332281	0.01611338209185583	0.0165944701306866
728.666666666667	2.721840806	2.7224621763404837	2.7230073122761556	0.016001008	0.01614020715525895	0.016610590939615373
729.0	2.721960692	2.722213650923356	2.72289504700405	0.01599651	0.016170918697002667	0.01662854899922741
729.333333333333	2.721147322	2.7219700499540336	2.72278512964068	0.016026958	0.01620541674224748	0.01664831008743168
729.666666666667	2.720823482	2.721732475122208	2.722678059691049	0.015806778	0.016243584851327562	0.01666983268747959
730.0	2.720845591	2.721502005507892	2.722574325224215	0.015553423	0.01628529070457554	0.01669306819968048
730.333333333333	2.722071975	2.721279692798658	2.7224744005769095	0.015557985	0.016330386760877797	0.01671796118289439
730.666666666667	2.722740302	2.721066556587749	2.722378744119493	0.016274019	0.01637871098782758	0.016744449623855528
731.0	2.721327963	2.720863579769803	2.722287796095602	0.016882803	0.01643008766084516	0.016772465232253366
731.333333333333	2.719634545	2.7206717040518904	2.722201976546262	0.016921561	0.016484328228132464	0.016801933759391992
731.666666666667	2.718480976	2.720491825598425	2.7221216833285293	0.016433166	0.016541232237828316	0.01683277533816172
732.0	2.71934178	2.720324790829233	2.7220472902379753	0.016155807	0.016600588323235896	0.0168649048419902
732.333333333333	2.719516588	2.720171392390633	2.721979145243573	0.016635437	0.01666217524151083	0.016898232260393053
732.666666666667	2.718302181	2.7200323653198124	2.7219175688426547	0.016762239	0.016725762960732946	0.01693266308871566
733.0	2.717648323	2.7199083834229514	2.721862852542789	0.016499332	0.01679111378984133	0.016968098729648072
733.333333333333	2.718090581	2.7198000558876245	2.721815257476509	0.016159158	0.01685798354549703	0.017004436904102763
733.666666666667	2.720057913	2.719707924149743	2.7217750131539327	0.016286107	0.01692612274955543	0.017041572069069685
734.0	2.720782337	2.7196324590349104	2.7217423229245834	0.017124024	0.01699527785048574	0.017079394788562588
734.333333333333	2.719515583	2.719574058193383	2.7217173542527098	0.017627507	0.017065192461773834	0.01711779353251529
734.666666666667	2.717890895	2.71953304384693	2.721700238088245	0.017571628	0.017135608610090187	0.017156655085419633
735.0	2.717119663	2.7195096608647393	2.7216910684070394	0.017033019	0.0172062679858019	0.017195864947867335
735.333333333333	2.718133985	2.7195040646701174	2.7216899019154113	0.016898341	0.01727691506260388	0.017235307729773323
735.666666666667	2.718359599	2.7195163362669446	2.721696757913611	0.017399553	0.01734729548747132	0.01727486753414671
736.0	2.717625354	2.719546480267941	2.721711618312398	0.017587718	0.01741715745681432	0.01731442833036499
736.333333333333	2.717131759	2.7195944233617784	2.7217344277965974	0.017452419	0.017486253063327392	0.01735387431599641
736.666666666667	2.71759155	2.719660013241079	2.721765094129186	0.017170007	0.01755433960270672	0.017393090266304374
737.0	2.719178495	2.7197430180081548	2.721803488589233	0.017281186	0.01762118082996574	0.017431961870654697
737.333333333333	2.720077254	2.7198431260701748	2.7218494465321763	0.017853886	0.017686548155704557	0.01747037605606046
737.666666666667	2.719274797	2.7199599465303663	2.721902768073481	0.018269211	0.01775022177337772	0.017508221295649763
738.0	2.718317811	2.720093010076818	2.721963218887448	0.018325839	0.017811991709351244	0.01754538790171305
738.333333333333	2.718066056	2.7202417703655812	2.722030531113007	0.018017637	0.017871658788339347	0.017581768303041163
738.666666666667	2.719152578	2.7204056058900354	2.7221044043584413	0.017950719	0.01792903550765669	0.017617257306314367
739.0	2.719750813	2.72058382232388	2.7221845067971344	0.018289669	0.01798394681460707	0.017651752341347693
739.333333333333	2.719385797	2.7207756553208604	2.722270476346598	0.018535331	0.018036230782247132	0.01768515369003836
739.666666666667	2.719136058	2.720980273750177	2.722361921923221	0.018423313	0.018085739179706774	0.017717364698897838
740.0	2.719887753	2.7211967833427435	2.7224584247653754	0.018168015	0.018132337934207862	0.01774829197508452
740.333333333333	2.721003396	2.7214242307199537	2.722559539817743	0.018244247	0.01817590748289308	0.017777845565883202
740.666666666667	2.721520645	2.72166160777342	2.7226647971699394	0.018588119	0.018216343013548027	0.01780593912160593
741.0	2.721062889	2.721907856361295	2.7227737035427277	0.018815533	0.01825355459426466	0.017832490041914378
741.333333333333	2.720584819	2.72216187328435	2.7228857438153526	0.018817099	0.01828746719304481	0.01785741960558893
741.666666666667	2.720708737	2.722422515502835	2.723000382587737	0.018645248	0.018318020589270376	0.017880653083792927
742.0	2.721677467	2.722688605553505	2.723117065771504	0.018562959	0.018345169179864652	0.017902119836904103
742.333333333333	2.722695995	2.722958937124837	2.7232349781971363	0.018674237	0.018368881683829316	0.017921788823707697
742.666666666667	2.723222893	2.7232322807476033	2.723353563630601	0.018802892	0.01838914074965674	0.017939594377786194
743.0	2.72341505	2.7235073895574713	2.7234722535872464	0.018811251	0.01840594247088072	0.017955474666587427
743.333333333333	2.723912732	2.7237830050862035	2.723590468352319	0.018664749	0.018419295815734045	0.017969371819076912
743.666666666667	2.7244885	2.724058257069617	2.7237076180579365	0.018657699	0.01842915888506146	0.017981232033942474
744.0	2.724532781	2.724331749263634	2.7238231038122875	0.018769611	0.01843558372703632	0.017991005667841013
744.333333333333	2.724507701	2.7246021019513256	2.723936318876466	0.018676077	0.018438632128218634	0.017998647303288283
744.666666666667	2.724711427	2.724867958644863	2.724046649884061	0.018639239	0.01843837446640277	0.018004115795908614
745.0	2.725051286	2.7251279922793916	2.7241534780983	0.018527972	0.01843488856509757	0.0180073743008818
745.333333333333	2.725833797	2.725380910886589	2.7242561807012566	0.018345861	0.018428258557532	0.018008390278548222
745.666666666667	2.726987416	2.725625462738827	2.724354132284617	0.018366805	0.01841857376780931	0.018007135448019972
746.0	2.727635161	2.7258604409580256	2.7244467060899997	0.018519122	0.018405927616506237	0.018003585767626253
746.333333333333	2.727741363	2.726084687586478	2.724533275282149	0.018597042	0.018390416557635816	0.017997721392422762
746.666666666667	2.72727844	2.726297097120119	2.7246132142476616	0.018567679	0.018372139053465585	0.0179895266092536
747.0	2.727219467	2.7264966195078535	2.724685899911591	0.018339528	0.018351194593212838	0.017978989750034622
747.333333333333	2.72753377	2.7266822626236342	2.724750713063953	0.018190052	0.018327682761128856	0.017966103084098108
747.666666666667	2.728095639	2.726853094220988	2.7248070396879758	0.018017684	0.018301702358940356	0.017950862690599683
748.0	2.728691258	2.727008243382562	2.724854272281836	0.018017301	0.018273350587043387	0.01793326831213739
748.333333333333	2.728764834	2.727146901479998	2.724891811165572	0.018132941	0.018242722288248123	0.017913323190869846
748.666666666667	2.728957991	2.7272683226620407	2.724919065764959	0.018065966	0.01820990925725843	0.017891033888543746
749.0	2.729353628	2.7273718238911915	2.724935455864213	0.018082135	0.018174999618442492	0.017866410091950564
749.333333333333	2.729245212	2.7274567845514177	2.724940412819655	0.018067513	0.01813807727381649	0.017839464405426695
749.666666666667	2.728975854	2.727522645651448	2.724933380726711	0.018105407	0.018099221422528247	0.017810212132090927
750.0	2.728196102	2.7275689086499515	2.7249138175329883	0.018046989	0.018058506152496538	0.017778671045576545
