Frequency/GHz	real_ε	real_ε_SG_filtered	real_ε_SG_filtered+RA	loss_T	loss_T_SG_filtered	loss_T_SG_filtered+RA
140.0	2.719097677	2.715411968084238	2.7152103402444743	0.007483142	0.006667558819088933	0.006572030274212543
140.1	2.717198693	2.715454586148237	2.7152210210779684	0.007547796	0.006660820413796941	0.006576024958271362
140.2	2.716089283	2.7154963343572422	2.715231442262113	0.007824122	0.006654045994374619	0.006579544814547664
140.3	2.714069103	2.715537061221449	2.715241586314065	0.007748224	0.006647282861208947	0.006582600681079797
140.4	2.713055346	2.7155766177505942	2.7152514372425225	0.006591976	0.006640575055199285	0.006585203486250187
140.5	2.711983303	2.715614858266591	2.7152609804986847	0.006434618	0.0066339631101080265	0.006587364270939898
140.6	2.716198745	2.7156516412117173	2.715270202921027	0.005327402	0.006627483835651135	0.006589094209245519
140.7	2.717537003	2.7156868299457377	2.715279092674385	0.006631963	0.006621170133841651	0.006590404627656659
140.8	2.717793059	2.7157202935253295	2.7152876391838676	0.00742336	0.0066150508507889175	0.006591307022624404
140.9	2.715956811	2.7157519074590986	2.7152958330641424	0.008116718	0.00660915066581599	0.006591813076483388
141.0	2.713333914	2.715781554431542	2.7153036660454095	0.007968223	0.006603490019390783	0.006591934671153076
141.1	2.712238101	2.7158091249894096	2.715311130896323	0.007114714	0.006598085080976304	0.006591683899857288
141.2	2.71285012	2.7158345181840935	2.715318221344532	0.006333764	0.0065929477574960425	0.006591073076836966
141.3	2.713578584	2.7158576421639253	2.715324931995472	0.005976372	0.00658808574268579	0.006590114745054344
141.4	2.713775875	2.715878414710556	2.715331258250079	0.005422878	0.006583502607167356	0.006588821681908705
141.5	2.716567242	2.7158967637140172	2.7153371962220354	0.005327681	0.006579197928636799	0.006587206903004392
141.6	2.716259775	2.7159126275814627	2.7153427426551753	0.004463522	0.006575167461114625	0.0065852836640306
141.7	2.720520322	2.7159259555751585	2.7153478948416305	0.004952802	0.006571403341762266	0.00658306546082937
141.8	2.721827695	2.7159367080758643	2.7153526505412717	0.005984925	0.006567894333332836	0.006580566027743069
141.9	2.720774241	2.7159448567683944	2.7153570079029743	0.007268851	0.006564626099899383	0.006577799334345379
142.0	2.7185785	2.715950384746865	2.7153609653881827	0.007570472	0.006561581513095211	0.006574779580670277
142.1	2.7166523	2.7159532865379057	2.7153645216972246	0.007641919	0.006558740985712576	0.006571521191061596
142.2	2.714434846	2.7159535680409284	2.715367652829809	0.007497646	0.006556082829142555	0.006568052127598487
142.3	2.713907311	2.7159512463853823	2.7153703556643216	0.00692354	0.00655358363080338	0.006564388227778232
142.4	2.713655525	2.7159463497058445	2.715372627437208	0.006734461	0.00655121864740028	0.006560545303853144
142.5	2.715122172	2.7159389168366825	2.715374465753839	0.005781404	0.00654896220958924	0.006556539095144447
142.6	2.715129171	2.7159289969289686	2.7153758686072544	0.006345894	0.0065467881333820714	0.006552385218915365
142.7	2.718150759	2.71591664899326	2.715376834404614	0.00581983	0.006544670133432723	0.006548099120220085
142.8	2.717319451	2.715901943560854	2.7153773620010537	0.007112272	0.0065425807656998665	0.006543696021155773
142.9	2.716030635	2.715884960917365	2.715377450740609	0.007392071	0.006540492648032891	0.0065391908699520595
143.0	2.713953991	2.715865790601076	2.715377100503717	0.007140956	0.006538378766643503	0.006534598290336328
143.1	2.713329411	2.715844530847073	2.71537631176076	0.006779257	0.006536212769427872	0.006529932531614003
143.2	2.713423323	2.715821287981647	2.7153750856310115	0.006450326	0.00653396924335739	0.006525207419900878
143.3	2.713959397	2.7157961757718314	2.7153734239462697	0.006317011	0.00653162397339572	0.006520436310939479
143.4	2.714516602	2.715769314735308	2.7153713293183905	0.005824431	0.006529154180669566	0.006515632044923996
143.5	2.715075051	2.715740831416188	2.715368805209865	0.005602162	0.006526538737916894	0.006510806903748208
143.6	2.717728667	2.7157108576324767	2.7153658560065397	0.005831376	0.006523758360555227	0.0065059725710590955
143.7	2.717212937	2.715679529701112	2.7153624870915385	0.006057323	0.006520795772050134	0.006501140095488545
143.8	2.719122589	2.7156469876466813	2.715358704919384	0.006410784	0.00651763584261587	0.006496319857414712
143.9	2.718920182	2.7156133743999202	2.715354517089299	0.007216114	0.006514265700641847	0.006491521539581806
144.0	2.7159721	2.715578834992092	2.7153499324166406	0.007857711	0.006510674816605758	0.006486754101882171
144.1	2.714505711	2.715543515751297	2.7153449610014015	0.007176726	0.006506855059601814	0.006482025760578257
144.2	2.71456346	2.715507563506592	2.7153396142927275	0.006559146	0.006502800726976136	0.006477343972214386
144.3	2.715390083	2.715471124805618	2.7153339051483725	0.006204539	0.006498508547915678	0.006472715422439479
144.4	2.715888657	2.7154343451511758	2.7153278478880662	0.006166756	0.006493977662177333	0.006468146019932462
144.5	2.717053985	2.7153973682618413	2.715321458339755	0.006471169	0.006489209575465258	0.006463640895592091
144.6	2.717731701	2.7153603353613684	2.7153147538777382	0.006619054	0.006484208093262145	0.006459204407122724
144.7	2.716610618	2.715323384501178	2.715307753451739	0.007851931	0.006478979235190273	0.00645484014911748
144.8	2.713539173	2.71528664991978	2.715300476858428	0.007401499	0.006473531132216472	0.006450551435014449
144.9	2.713314314	2.7152502614424585	2.7152929452901944	0.007067491	0.006467873909218241	0.006446340972365812
145.0	2.712951919	2.7152143439239995	2.715285181324886	0.006592445	0.00646201955559258	0.006442210890903687
145.1	2.712886813	2.715179016736717	2.7152772089070996	0.005950017	0.006455981786711765	0.006438162773594275
145.2	2.713693674	2.7151443933053985	2.715269053320957	0.0054843	0.006449775899108233	0.006434197690336328
145.3	2.715318332	2.7151105806902462	2.715260741154417	0.005653205	0.006443418622301654	0.006430316233937008
145.4	2.715298958	2.7150776792890556	2.7152523002552416	0.006238447	0.006436927918926589	0.0064265185579791
145.5	2.714700321	2.715045782562946	2.7152437596788563	0.006480831	0.006430322806375236	0.006422804416178507
145.6	2.71484136	2.7150149768211644	2.71523514962841	0.006260892	0.006423623176188386	0.006419173202820124
145.7	2.715261619	2.7149853410647933	2.715226501387438	0.006603549	0.006416849613282434	0.006415623993853712
145.8	2.713658475	2.7149569468886328	2.715217847245624	0.006447909	0.006410023216991484	0.006412155588229121
145.9	2.714528275	2.7149298584399757	2.7152092204182083	0.006009847	0.006403165425771281	0.006408766549052539
146.0	2.714931478	2.714904132432483	2.715200654959685	0.00605842	0.006396297847258585	0.0064054552441519365
146.1	2.714365909	2.7148798182128826	2.715192185672492	0.005995738	0.006389442095209081	0.006402219885650893
146.2	2.715286314	2.714856957877781	2.715183848011431	0.005611063	0.006382619634652351	0.006399058568164567
146.3	2.716418328	2.7148355864374643	2.7151756779846417	0.00577058	0.006375851636407252	0.0063959693052503585
146.4	2.717145622	2.714815732023231	2.71516771205195	0.006334033	0.006369158841899201	0.006392950063768554
146.5	2.717019274	2.7147974161344957	2.715159987021482	0.006936071	0.0063625614390161525	0.006389998795834601
146.6	2.71528791	2.7147806539216512	2.715152539945413	0.007194232	0.00635607894953664	0.00638711346807443
146.7	2.715705403	2.714765454500506	2.715145408015766	0.007269869	0.006349730128465146	0.006384292087927363
146.8	2.712872393	2.714751821293958	2.7151386284611445	0.007621361	0.006343532875420897	0.00638153272677708
146.9	2.71130013	2.7147397523964867	2.7151322384452836	0.006803019	0.006337504158049424	0.006378833539729742
147.0	2.712221088	2.714729240957033	2.7151262749682856	0.005962576	0.006331659947264898	0.0063761927818993865
147.1	2.713069674	2.714720275575814	2.715120774771345	0.005732104	0.006326015163987555	0.006373608821103774
147.2	2.714829386	2.7147128407106957	2.715115774245756	0.005364473	0.0063205836369168485	0.006371080146918606
147.3	2.71528563	2.7147069170888645	2.715111309346912	0.005701765	0.006315378070778327	0.006368605376084264
147.4	2.716060272	2.714702482119624	2.7151074154896393	0.006024048	0.006310410024402227	0.0063661832706119375
147.5	2.715688192	2.7146995103043756	2.7151041274628147	0.00638149	0.006305689897935345	0.006363812743276457
147.6	2.715331531	2.7146979736399848	2.7151014793490624	0.00658905	0.00630122692845578	0.006361492860640838
147.7	2.714345213	2.7146978420120185	2.715099504449968	0.006312673	0.006297029193253249	0.006359222843737089
147.8	2.713911856	2.714699083574563	2.7150982352171833	0.006633394	0.006293103620055831	0.006357002066548887
147.9	2.713129183	2.714701665113598	2.715097703189738	0.006397809	0.006289456003526854	0.0063548300524601435
148.0	2.713965262	2.7147055523934935	2.7150979389377974	0.005872426	0.006286091025642116	0.006352706468848939
148.1	2.713862957	2.7147107104837915	2.7150989720130565	0.00582531	0.006283012279762093	0.006350631120018842
148.2	2.715371062	2.714717104064774	2.7151008309058686	0.005478773	0.006280222297514498	0.006348603938669043
148.3	2.717136448	2.7147246977107113	2.715103543009174	0.005937025	0.006277722577658844	0.006346624976110947
148.4	2.717192889	2.714733456150061	2.7151071345891964	0.006465512	0.006275513616174653	0.006344694391441916
148.5	2.716640505	2.7147433445022853	2.7151116307628316	0.00687493	0.006273594936897081	0.006342812439886717
148.6	2.715422041	2.7147543284913165	2.71511705548161	0.006871787	0.006271965122115856	0.0063409794605140115
148.7	2.714817815	2.7147663746360484	2.7151234315220125	0.006702259	0.006270621842653585	0.006339195863528959
148.8	2.71584383	2.7147794504185554	2.715130780481922	0.006763465	0.006269561887045499	0.006337462117333802
148.9	2.714355057	2.7147935244310353	2.7151391227829222	0.006546027	0.006268781189552043	0.006335778735536473
149.0	2.714385058	2.71480856650273	2.715148477678104	0.006206597	0.006268274856846058	0.006334146264072775
149.1	2.715339197	2.7148245478082935	2.715158863265036	0.00623802	0.006268037193324834	0.006332565268590949
149.2	2.715163683	2.7148414409592645	2.715170296503509	0.006459372	0.006268061725101927	0.0063310363222287315
149.3	2.715063116	2.714859220080414	2.71518279323764	0.006676737	0.006268341222831589	0.006329559993892441
149.4	2.713773746	2.714877860872853	2.7151963682219264	0.006809284	0.006268867723608041	0.006328136837125783
149.5	2.713217111	2.7148973406657997	2.7152110351508063	0.006712405	0.006269632552260952	0.006326767379633014
149.6	2.712418071	2.7149176384589224	2.7152268066913092	0.006570102	0.00627062634243588	0.006325452113497417
149.7	2.711937679	2.7149387349571255	2.715243694518359	0.006282169	0.006271839057902889	0.006324191486111987
149.8	2.7124295	2.714960612599548	2.715261709352323	0.00500225	0.0062732600145772865	0.006322985891815174
149.9	2.713997724	2.714983255584426	2.7152808609984085	0.00521982	0.0062748779037624875	0.006321835664200984
150.0	2.715680346	2.715006649891317	2.7153011583867395	0.005165096	0.006276680817136388	0.006320741069619315
150.1	2.71648267	2.715030783301959	2.7153226096130556	0.005186818	0.0062786562739991555	0.0063197023015789345
150.2	2.718180333	2.715055645420866	2.7153452219795797	0.005760076	0.006280791251282905	0.006318719476039906
150.3	2.718302248	2.7150812276964835	2.7153690020356467	0.006456122	0.00628307221679344	0.00631779262756983
150.4	2.716566446	2.7151075234434967	2.7153939556177034	0.006909547	0.006285485166113018	0.006316921706326955
150.5	2.715297459	2.715134527866619	2.7154200878883215	0.00700515	0.00628801566354291	0.006316106575823494
150.6	2.7144485	2.7151622380859943	2.715447403373911	0.006772297	0.006290648887345277	0.00631534701141429
150.7	2.714058749	2.7151906531640773	2.715475906000846	0.006489849	0.006293369679483431	0.006314642699449331
150.8	2.713479935	2.715219774133635	2.7155055991297607	0.006114194	0.006296162599970631	0.006313993237023774
150.9	2.714986332	2.7152496040262655	2.715536485587816	0.006212892	0.00629901198584363	0.0063133981322558656
151.0	2.715174867	2.7152801479006707	2.7155685676987784	0.005881071	0.006301902014679649	0.006312856805021588
151.1	2.716510786	2.7153114128696867	2.715601847310788	0.006050783	0.006304816772476539	0.006312368588074998
151.2	2.717324703	2.7153434081249483	2.7156363258217433	0.00659033	0.006307740325617196	0.006311932728484731
151.3	2.71626732	2.715376144957937	2.7156720042022644	0.006969142	0.006310656796542907	0.006311548389320306
151.4	2.715016259	2.7154096367760134	2.7157088830162395	0.007158296	0.00631355044266827	0.006311214651526102
151.5	2.713431859	2.7154438991120218	2.715746962438992	0.006970331	0.006316405737984183	0.006310930515926352
151.6	2.713709386	2.7154789496259717	2.715786242273147	0.00644921	0.0063192074567169475	0.006310694905310802
151.7	2.713524023	2.7155148080973093	2.7158267219622982	0.006204937	0.0063219407583419065	0.006310506666557765
151.8	2.71380672	2.7155514964063032	2.715868400602618	0.005837679	0.0063245912731903975	0.0063103645727587065
151.9	2.715678959	2.7155890385031354	2.715911276952566	0.005238637	0.006327145187839686	0.006310267325316315
152.0	2.716862813	2.71562746036337	2.7159553494408817	0.005618371	0.006329589329437931	0.006310213555995697
152.1	2.717552576	2.715666789928575	2.7160006161730714	0.005770547	0.006331911248090354	0.006310201828915851
152.2	2.717997017	2.715707057031048	2.7160470749365953	0.006288111	0.006334099296419161	0.006310230642475594
152.3	2.717330017	2.7157482933017354	2.7160947232049963	0.006696382	0.006336142705408917	0.006310298431214489
152.4	2.716484564	2.715790532060671	2.7161435581412046	0.006842788	0.006338031655661199	0.0063104035676146445
152.5	2.715837499	2.715833808189458	2.716193576600262	0.006729694	0.00633975734320809	0.006310544363853595
152.6	2.71553123	2.7158781579855926	2.7162447751316874	0.006616637	0.006341312039073255	0.0063107190735410875
152.7	2.715617587	2.715923618998644	2.7162971499817092	0.006460899	0.006342689141821556	0.006310925893470265
152.8	2.715437167	2.7159702298486277	2.716350697095568	0.006341055	0.006343883222403089	0.006311162965418736
152.9	2.715852647	2.7160180300271453	2.7164054121201	0.006274252	0.006344890060673888	0.006311428378038876
153.0	2.716626438	2.7160670596821492	2.716461290406767	0.006421053	0.006345706673062405	0.006311720168879659
153.1	2.716503519	2.716117359387471	2.7165183270153093	0.006595415	0.006346331330947032	0.0063120363265839734
153.2	2.716623918	2.7161689698984968	2.716576516718132	0.006648496	0.006346763569411875	0.0063123747933059625
153.3	2.71621233	2.716221931895647	2.716635854005556	0.006680958	0.0063470041861561225	0.006312733467392335
153.4	2.715672816	2.716276285717506	2.7166963330920058	0.00662888	0.006347055230444525	0.0063131102063697445
153.5	2.715492157	2.7163320710857235	2.7167579479231807	0.006538938	0.006346919982100999	0.00631350283027742
153.6	2.715178833	2.7163893268239137	2.7168206921842444	0.006322456	0.006346602920662491	0.006313909125380212
153.7	2.715446197	2.7164480905730004	2.7168845593090105	0.006090271	0.0063461096849241	0.006314326848291988
153.8	2.715716218	2.7165083985055403	2.716949542490097	0.005759086	0.006345447023217286	0.006314753730533459
153.9	2.717323599	2.716570285041655	2.717015634689971	0.005768886	0.006344622734869001	0.006315187483541361
154.0	2.718067442	2.716633782569244	2.717082828652798	0.006081105	0.006343645603388891	0.006315625804138568
154.1	2.717737045	2.716698921171188	2.7171511169169547	0.006419035	0.006342525322023123	0.006316066380466241
154.2	2.717375409	2.716765728362196	2.717220491828079	0.006524533	0.006341272412395062	0.006316506898370733
154.3	2.716909647	2.7168342288379215	2.7172909455524588	0.006458091	0.006339898137024438	0.006316945048228895
154.4	2.7166922	2.7169044442388532	2.7173624700906	0.006555629	0.006338414406576513	0.006317378532186588
154.5	2.716257143	2.7169763929313917	2.7174350572907318	0.006555782	0.006336833682740943	0.006317805071776203
154.6	2.715889687	2.717050089808336	2.7175086988620647	0.006427426	0.006335168877675819	0.006318222415870352
154.7	2.716122567	2.7171255461108434	2.717583386387547	0.006277459	0.006333433250975616	0.006318628348920602
154.8	2.716366422	2.7172027692737117	2.7176591113358968	0.006156802	0.006331640305132627	0.006319020699422385
154.9	2.717136347	2.7172817627955985	2.7177358650726786	0.006137849	0.006329803680459846	0.006319397348540149
155.0	2.717136904	2.7173625261355636	2.7178136388701932	0.006283438	0.006327937050430198	0.0063197562388205486
155.1	2.717665809	2.717445054637037	2.717892423915954	0.006419566	0.006326054018362756	0.006320095382916125
155.2	2.717660325	2.7175293394800706	2.717972211319544	0.006411522	0.00632416801635231	0.006320412872238151
155.3	2.717566209	2.7176153676624346	2.7180529921176566	0.006451374	0.006322292207295376	0.006320706885454625
155.4	2.717567649	2.7177031220098504	2.718134757277143	0.006268949	0.006320439390814332	0.006320975696747915
155.5	2.717380519	2.717792581215372	2.718217497695908	0.006229988	0.006318621913823011	0.006321217683746462
155.6	2.717277852	2.717883719907631	2.7183012042015298	0.006120375	0.006316851586412586	0.006321431335046207
155.7	2.717753856	2.717976508747406	2.7183858675474895	0.005976494	0.006315139603666898	0.006321615257239995
155.8	2.718588916	2.7180709145516952	2.718471478406947	0.006007269	0.006313496473942584	0.006321768181377176
155.9	2.71981494	2.718166900444209	2.718558027364012	0.00615156	0.00631193195407178	0.006321888968780873
156.0	2.719410949	2.7182644260309647	2.7186455049024976	0.006449911	0.006310454991865468	0.006321976616156846
156.1	2.719434116	2.7183634475994407	2.7187339013921825	0.006518017	0.006309073676214252	0.006322030259935493
156.2	2.718884434	2.718463918339499	2.7188232070726315	0.006572261	0.0063077951950015546	0.006322049179797142
156.3	2.718605265	2.718565788584158	2.7189134120346576	0.006526062	0.006306625800963096	0.006322032801340364
156.4	2.718870169	2.71866900606807	2.719004506199553	0.006616743	0.006305570785546695	0.006321980697863231
156.5	2.718194004	2.71877351620146	2.7190964792962227	0.006726229	0.006304634460749143	0.006321892591238388
156.6	2.717741603	2.7188792623571336	2.7191893208364157	0.006519651	0.006303820148832711	0.006321768351874071
156.7	2.717609198	2.718986186168103	2.719283020088241	0.006362909	0.006303130179753704	0.006321607997764754
156.8	2.717755524	2.719094227833289	2.719377566048211	0.006013053	0.006302565896069796	0.006321411692646851
156.9	2.719049452	2.7192033264287465	2.719472947412055	0.005849236	0.006302127665032501	0.006321179743286376
157.0	2.719551456	2.7193134202218285	2.719569152544577	0.006058946	0.006301814897516387	0.006320912595936914
157.1	2.719525928	2.7194244469857556	2.719666169448838	0.005940597	0.006301626073388163	0.006320610832017146
157.2	2.72022318	2.719536344312068	2.7197639857349682	0.006152791	0.0063015587728768455	0.0063202751630674955
157.3	2.720377578	2.7196490499185297	2.7198625885889007	0.006195281	0.006301609713471442	0.00631990642505507
157.4	2.72022427	2.7197625019501515	2.7199619647413464	0.006360195	0.006301774791845167	0.006319505572104706
157.5	2.719864545	2.719876639271091	2.720062100437319	0.006404152	0.006302049130285284	0.006319073669741542
157.6	2.719949473	2.719991401745338	2.7201629814065	0.00630305	0.006302427127094912	0.006318611887736858
157.7	2.719952604	2.720106730504232	2.720264592834761	0.006207154	0.006302902510427171	0.006318121492654024
157.8	2.720045785	2.7202225681990146	2.7203669193371147	0.006175669	0.006303468395012174	0.006317603840195041
157.9	2.721220618	2.720338859236792	2.720469944932363	0.006252223	0.006304117341242994	0.006317060367450289
158.0	2.72081519	2.720455549998447	2.7205736530197036	0.006556932	0.006304841416097149	0.0063164925851548264
158.1	2.72049324	2.720572589037243	2.7206780263575143	0.006526536	0.006305632255384913	0.0063159020700536425
158.2	2.720698365	2.7206899272570246	2.720783047044522	0.006518414	0.006306481126834118	0.00631529045747584
158.3	2.720535475	2.7208075180691207	2.720888696503536	0.006544688	0.006307378993542919	0.006314659434213768
158.4	2.720997009	2.7209253175272554	2.7209949554678867	0.006508372	0.0063083165773565805	0.006314010731797621
158.5	2.720596893	2.721043284439942	2.7211018039706922	0.006792973	0.006309284421751628	0.006313346120249094
158.6	2.71884438	2.7211613804600465	2.7212092213370402	0.006502818	0.006310272953840094	0.00631266740238946
158.7	2.719353776	2.7212795701513537	2.7213171861791268	0.005859101	0.006311272545137431	0.006311976408767945
158.8	2.721551615	2.721397821032196	2.7214256763943845	0.005561477	0.006312273570769683	0.00631127499326572
158.9	2.722333272	2.7215161035963145	2.7215346691665836	0.005901807	0.006313266466827861	0.006310565029419392
159.0	2.723266632	2.7216343913113357	2.7216441409698633	0.00619127	0.006314241785609769	0.006309848407495722
159.1	2.721589829	2.721752660595354	2.721754067575621	0.006445477	0.006315190248521661	0.0063091270323365764
159.2	2.723137678	2.7218708907723	2.7218644240621663	0.005811726	0.006316102796443424	0.0063084028219801405
159.3	2.723093751	2.721989064006849	2.7219751848270057	0.00629953	0.006316970637392131	0.006307677707051228
159.4	2.723117634	2.7221071652198243	2.722086323601615	0.006425376	0.0063177852913490025	0.006306953630900497
159.5	2.722866061	2.7222251819850913	2.7221978134685316	0.006912792	0.00631853863214479	0.006306232550459565
159.6	2.720652424	2.7223431044090867	2.7223096268805778	0.006678239	0.006319222926327671	0.006305516437766676
159.7	2.722038649	2.722460924994213	2.722421735682012	0.005830432	0.006319830868966101	0.006304807282105927
159.8	2.724030643	2.722578638487392	2.7225341111314028	0.005958718	0.006320355616366624	0.006304107092692208
159.9	2.724178418	2.7226962417151412	2.7226467239260015	0.006584505	0.006320790815712829	0.006303417901824181
160.0	2.723029029	2.7228137334066176	2.722759544227384	0.006669001	0.006321130631656753	0.00630274176841898
160.1	2.72321216	2.7229311140060624	2.722872541688146	0.006700053	0.006321369769917458	0.006302080781834863
160.2	2.72286614	2.7230483854761567	2.7229856854794194	0.00649389	0.006321503497963444	0.006301437065882121
160.3	2.723000207	2.7231655510937838	2.7230989443189895	0.006915465	0.006321527662875638	0.006300812782917944
160.4	2.721411482	2.7232826152397105	2.7232122864998094	0.006546406	0.006321438706505932	0.006300210137918042
160.5	2.722589613	2.7233995831836717	2.7233256799186982	0.006294674	0.006321233678062328	0.006299631382416337
160.6	2.720955486	2.7235164608663527	2.7234390921050444	0.006616903	0.006320910244265423	0.0062990788182043355
160.7	2.721444764	2.723633254679684	2.7235524902493315	0.005305746	0.006320466697231897	0.00629855480068352
160.8	2.724120121	2.723749971246863	2.7236658412313344	0.005382208	0.006319901960248418	0.006298061741767634
160.9	2.725237777	2.7238666172034396	2.723779111647846	0.00567924	0.006319215591603893	0.006297602112236587
161.0	2.725867644	2.7239831989807386	2.723892267839813	0.006064588	0.006318407786649222	0.006297178443450264
161.1	2.725154878	2.724099722592853	2.724005275918782	0.006615429	0.006317479378251908	0.006296793328338358
161.2	2.724843838	2.7242161934283375	2.724118101792581	0.006535899	0.00631643183580795	0.006296449421591521
161.3	2.725276177	2.7243326160476933	2.7242307111901725	0.006684759	0.00631526726296609	0.006296149438989398
161.4	2.724372459	2.724448993987622	2.724343069685655	0.006938464	0.00631398839420962	0.0062958961558125465
161.5	2.72362422	2.7245653295729872	2.72445514272138	0.006553909	0.006312598590429024	0.006295692404297347
161.6	2.723532103	2.7246816237373066	2.724566895630202	0.006520588	0.006311101833604749	0.006295541070105943
161.7	2.723809579	2.7247978758525324	2.724678293656881	0.005858882	0.006309502720703134	0.006295445087796682
161.8	2.726457947	2.7249140835687884	2.724789301978675	0.00586739	0.006307806456870382	0.00629540743529426
161.9	2.726250204	2.7250302426646447	2.724899885725181	0.006627027	0.00630601884798918	0.006295431127372712
162.0	2.725748766	2.7251463469084314	2.7250100099974905	0.006826322	0.0063041462926407615	0.006295519208178245
162.1	2.72487278	2.7252623879310076	2.725119639886744	0.006983862	0.006302195773492023	0.0062956747428325474
162.2	2.723999175	2.7253783551103137	2.7252287404921733	0.006837269	0.006300174848103348	0.006295900808170411
162.3	2.723989934	2.725494235467979	2.7253372769387316	0.006255765	0.006298091639128441	0.006296200482677953
162.4	2.723511414	2.725610013578152	2.7254452143944055	0.00590161	0.006295954823852986	0.006296576835709549
162.5	2.725106626	2.725725671488677	2.7255525180873255	0.005407318	0.006293773622994394	0.006297032916072196
162.6	2.725704622	2.725841188654636	2.7256591533227694	0.005771331	0.00629155778866016	0.006297571740075651
162.7	2.725811525	2.7259565418842535	2.725765085500171	0.005340924	0.006289317591337678	0.006298196279155011
162.8	2.727725037	2.7260717052970618	2.725870280130223	0.005455703	0.006287063805764085	0.006298909447179271
162.9	2.728858045	2.726186650294183	2.7259747028521777	0.006181281	0.006284807695501508	0.006299714087564915
163.0	2.729154762	2.72630134554057	2.726078319451419	0.006741598	0.0062825609960218435	0.006300612960317412
163.1	2.727393494	2.726415756958972	2.7261810958773953	0.007370536	0.006280335896086857	0.006301608729125849
163.2	2.725392544	2.7265298477354034	2.7262829982619645	0.00710964	0.006278145017194813	0.0063027039486364365
163.3	2.724890279	2.726643578335854	2.726383992938218	0.006560504	0.006276001390854907	0.006303901052029692
163.4	2.726188652	2.7267569065339923	2.7264840464598135	0.00631558	0.006273918433446112	0.006305202339023307
163.5	2.726473567	2.7268697874495884	2.7265831256208535	0.006116459	0.006271909918417894	0.0063066099644185315
163.6	2.727361506	2.7269821735974165	2.7266811974763248	0.006379228	0.006269989945596631	0.006308125927302086
163.7	2.726263777	2.7270940149463696	2.7267782293631	0.006543412	0.006268172907373472	0.0063097520610084935
163.8	2.72639884	2.7272052589885503	2.7268741889214927	0.006036891	0.006266473451566862	0.0063114900239393135
163.9	2.727700461	2.7273158508181226	2.7269690441173506	0.006011897	0.006264906440775951	0.0063133412913261725
164.0	2.728339456	2.7274257332197007	2.72706276326465	0.006235668	0.006263486908070199	0.006315307148014028
164.1	2.72769503	2.727534846766101	2.727155315048555	0.006563557	0.006262230008895392	0.006317388682329597
164.2	2.726506733	2.7276431299252786	2.7272466685488883	0.006620573	0.006261150969117517	0.0063195867810879125
164.3	2.725458922	2.7277505191763094	2.727336793263959	0.00609369	0.006260265029172984	0.006321902125777233
164.4	2.727016297	2.7278569491342832	2.7274256591346786	0.00555403	0.0062595873843462	0.006324335189949652
164.5	2.728624375	2.72796235268398	2.727513236568895	0.005560808	0.006259133121252578	0.0063268862378314476
164.6	2.728908967	2.7280666611222126	2.7275994964658796	0.006106101	0.0062589171506657595	0.0063295553241541425
164.7	2.728256188	2.7281698043087235	2.7276844102408706	0.006306629	0.006258954136891003	0.0063323422951941195
164.8	2.728591943	2.7282717108254775	2.727767949849618	0.006070493	0.006259258423951333	0.00633524679099601
164.9	2.729543422	2.728372308144223	2.7278500878128322	0.006396712	0.006259843958918435	0.006338268248742809
165.0	2.729175709	2.728471522802123	2.727930797240466	0.006876993	0.006260724212785207	0.006341405907224167
165.1	2.727891721	2.728569280585262	2.7280100518557533	0.006910463	0.006261912099340938	0.006344658812343439
165.2	2.726626633	2.7286655067197625	2.728087826018936	0.006334653	0.006263419892571882	0.006348025823594195
165.3	2.727439298	2.7287601260702203	2.7281640947505985	0.005625139	0.006265259143168781	0.006351505621427944
165.4	2.729827542	2.728853063345098	2.728238833754555	0.005433094	0.006267440594777495	0.006355096715427
165.5	2.731505419	2.728944243308666	2.7283120194402324	0.006078936	0.006269974100677773	0.00635879745318982
165.6	2.731293693	2.729033590998982	2.7283836289444836	0.006577149	0.0062728685416173395	0.0063626060298307575
165.7	2.730177294	2.7291210319513706	2.728453640152804	0.006805254	0.00627613174556261	0.006366520497992196
165.8	2.729584578	2.72920649242673	2.728522031719889	0.006852519	0.006279770410153221	0.0063705387782643265
165.9	2.729555161	2.729289899643974	2.728588783089521	0.006800639	0.006283790028664499	0.006374658669906617
166.0	2.728969914	2.729371182015796	2.7286538745137454	0.006984245	0.006288194820289955	0.006378877861765061
166.1	2.727137509	2.729450269386871	2.728717287071321	0.006924013	0.00629298766555462	0.006383193943280696
166.2	2.725325941	2.729527093273561	2.728779002685429	0.006083864	0.006298170047658936	0.006387604415487639
166.3	2.726438524	2.7296015871040753	2.728839004140634	0.004868257	0.006303742000532193	0.006392106701902684
166.4	2.730180186	2.7296736864579794	2.728897275099089	0.004556136	0.006309702064343049	0.006396698159213665
166.5	2.7326234	2.729743329303877	2.728953800115989	0.005327673	0.006316047249172638	0.00640137608767981
166.6	2.732972719	2.729810456234015	2.729008564654271	0.006078251	0.006322773007502548	0.006406137741164497
166.7	2.733362522	2.729875010694484	2.7290615550985717	0.006828596	0.006329873216105941	0.006410980336728688
166.8	2.731961348	2.7299369392096753	2.729112758768445	0.007510198	0.006337340167855869	0.006415901063722009
166.9	2.729526321	2.7299961915995645	2.729162163930852	0.007662353	0.006345164573881148	0.006420897092317725
167.0	2.727159891	2.730052721188408	2.729209759811921	0.007191858	0.00635333557640813	0.006425965581447412
167.1	2.726704005	2.7301064850033776	2.729255536607993	0.006449107	0.00636184077252728	0.006431103686101181
167.2	2.727198347	2.730157443961728	2.7292994854959516	0.005805858	0.006370666249017595	0.006436308563969229
167.3	2.729467703	2.7302055630450117	2.729341598642835	0.005224293	0.006379796628250771	0.006441577381410569
167.4	2.731900947	2.730250811458978	2.7293818692147247	0.005480255	0.006389215125081407	0.006446907318744634
167.5	2.73353275	2.730293162777796	2.7294202913849093	0.005913585	0.006398903614510907	0.0064522955748709965
167.6	2.73302281	2.730332595071315	2.729456860341305	0.006684368	0.0064088427097930625	0.0064577393712316735
167.7	2.732027119	2.730369091014184	2.7294915722931146	0.007119914	0.006419011850530395	0.006463235955139018
167.8	2.730681928	2.7304026379757667	2.7295244244767027	0.007380196	0.006429389400195013	0.006468782602500264
167.9	2.729005755	2.7304332280899057	2.729555415160659	0.007424488	0.0064399527523980515	0.006474376619976987
168.0	2.727479233	2.7304608583037626	2.7295845436500143	0.007091199	0.0064506784451296584	0.006480015346624063
168.1	2.726052117	2.730485530405111	2.7296118102895734	0.006452999	0.00646154228209845	0.006485696155058286
168.2	2.726579967	2.730507251027648	2.729637216466315	0.005314306	0.006472519460217101	0.0064914164522111495
168.3	2.729283156	2.730526031634055	2.729660764610825	0.004699679	0.0064835847022094925	0.0064971736797239926
168.4	2.732380042	2.7305418884767656	2.729682458197701	0.00459005	0.006494712393255919	0.006502965314046118
168.5	2.734939841	2.7305548425365282	2.7297023017448856	0.00522273	0.006505876720546067	0.00650878886629815
168.6	2.736024029	2.7305649194391033	2.72972030081187	0.006697939	0.0065170518145759694	0.006514641881963474
168.7	2.734275941	2.7305721493505977	2.7297364619967266	0.007609495	0.006528211891005104	0.006520521940470303
168.8	2.731926632	2.7305765668521222	2.7297507929319034	0.007865264	0.006539331391884315	0.006526426654725611
168.9	2.730483899	2.730578210794659	2.7297633022787475	0.007790199	0.006550385125074402	0.006532353670660033
169.0	2.728570458	2.7305771241351824	2.7297739997206953	0.007478271	0.0065613484006992115	0.0065383006668398
169.1	2.728138155	2.730573353755257	2.7297828959550965	0.006692037	0.006572197163515488	0.006544265354197889
169.2	2.729077749	2.7305669502634506	2.7297900026836257	0.0062371	0.006582908120133599	0.006550245475932008
169.3	2.730566685	2.7305579677830556	2.7297953326012516	0.006040138	0.006593458860087578	0.006556238807611718
169.4	2.731140929	2.7305464637267063	2.729798899383735	0.006433855	0.006603827969828088	0.006562243157531172
169.5	2.730832119	2.7305324985595627	2.7298007176736294	0.006649605	0.006613995138796755	0.006568256367337567
169.6	2.731604511	2.730516135552814	2.729800803064782	0.006721191	0.0066239412568335175	0.0065742763129587305
169.7	2.731091736	2.7304974405292826	2.729799172085318	0.006971197	0.0066336485022693145	0.006580300905846168
169.8	2.730384218	2.73047648160297	2.7297958421791213	0.007260915	0.006643100420163495	0.0065863280945426955
169.9	2.728333804	2.730453328914374	2.729790831685824	0.007399975	0.006652281990257676	0.006592355866576408
170.0	2.726374739	2.730428054363399	2.7297841598193195	0.00683688	0.0066611796843336814	0.006598382250675356
170.1	2.726426494	2.7304007313416685	2.7297758466448494	0.005417937	0.006669781512781299	0.006604405319290048
170.2	2.730650973	2.730371434465979	2.729765913054691	0.004625536	0.0066780770602996396	0.006610423191403805
170.3	2.734382559	2.7303402393145735	2.7297543807425155	0.005263349	0.0066860575107723415	0.006616434035604288
170.4	2.735159076	2.73030722216782	2.7297412721764736	0.006524826	0.006693715661469451	0.006622436073383215
170.5	2.733829345	2.7302724597547803	2.729726610571088	0.007513737	0.006701045926836182	0.006628427582625484
170.6	2.732453661	2.7302360290070333	2.729710419858041	0.007651946	0.0067080443322295544	0.006634406901243859
170.7	2.731544093	2.730198006820984	2.7296927246559557	0.007772961	0.00671470849805729	0.006640372430910752
170.8	2.730635254	2.7301584698297576	2.729673550239272	0.007960283	0.0067210376148585885	0.00664632264083504
170.9	2.728802995	2.730117494185636	2.729652922506338	0.008107194	0.006727032409942209	0.0066522560715286975
171.0	2.726995197	2.730075155353802	2.7296308679468377	0.00777653	0.006732695106262673	0.006658171338505957
171.1	2.725830211	2.7300315279180634	2.729607413608686	0.007022835	0.006738029374269142	0.006664067135856284
171.2	2.726772193	2.7299866853989587	2.729582587064525	0.006191816	0.006743040277502414	0.006669942239631927
171.3	2.728570995	2.729940700084596	2.729556416377968	0.006166945	0.006747734212742787	0.006675795510991274
171.4	2.728491623	2.729893642874316	2.7295289300697347	0.006322019	0.006752118845524768	0.0066816258990404125
171.5	2.728697091	2.7298455831351567	2.72950015708382	0.006029118	0.006756203041833609	0.006687432443317513
171.6	2.729599484	2.7297965885709528	2.7294701267538644	0.006000471	0.0067599967967845115	0.006693214275867551
171.7	2.73050305	2.72974672510375	2.729438868769854	0.006395696	0.006763511161058371	0.006698970622858724
171.8	2.729976743	2.729696056767112	2.729406413145317	0.006753179	0.006766758165829792	0.006704700805696315
171.9	2.728703576	2.7296446456107972	2.729372790185161	0.006536975	0.006769750746874191	0.006710404241595037
172.0	2.728340792	2.729592551616192	2.729338030454289	0.005857011	0.006772502668482783	0.00671608044357656
172.1	2.730787942	2.7295398326218345	2.729302164747139	0.005132147	0.006775028447747772	0.006721729019865361
172.2	2.733418264	2.7294865442583305	2.729265224058286	0.005835854	0.0067773432797070855	0.006727349672662843
172.3	2.734774357	2.7294327398919207	2.7292272395542194	0.006970834	0.006779462963759885	0.006732942196286947
172.4	2.733015493	2.729378470575994	2.7291882425464324	0.007854406	0.006781403831683108	0.0067385064746720855
172.5	2.730785038	2.729323785009864	2.729148264465917	0.008041443	0.0067831826774978005	0.006744042478232065
172.6	2.729615424	2.7292687295041627	2.729107336839174	0.007742494	0.006784816689354295	0.006749550260096624
172.7	2.728868516	2.7292133479522884	2.7290654912658203	0.007801253	0.00678632338352942	0.006755029951740214
172.8	2.727650313	2.7291576818074184	2.7290227593978758	0.007909789	0.006787720540558283	0.006760481758029481
172.9	2.725505884	2.7291017700647022	2.7289791729207793	0.007366365	0.00678902614345878	0.006765905951723704
173.0	2.725515215	2.729045649248311	2.7289347635361993	0.006510862	0.006790258317949302	0.006771302867469809
173.1	2.726686841	2.728989353403164	2.7288895629466565	0.005830545	0.006791435274509975	0.006776672895340682
173.2	2.729486655	2.7289329140912115	2.72884360284199	0.005775694	0.006792575252095201	0.006782016473972149
173.3	2.730340105	2.728876360392285	2.7287969148876647	0.006253921	0.006793696463271057	0.006787334083360119
173.4	2.730622435	2.7288197189095955	2.728749530714913	0.006760992	0.006794817040525214	0.006792626237384852
173.5	2.72990593	2.728763013780075	2.728701481912672	0.007300888	0.006795954983480525	0.006797893476134084
173.6	2.728534092	2.728706266689832	2.7286528000212886	0.007502686	0.00679712810673639	0.0068031363581007
173.7	2.726759577	2.7286494968950814	2.728603516527921	0.007522077	0.006798353988065014	0.006808355452333677
173.8	2.72515872	2.72859272124896	2.7285536628635567	0.006974582	0.006799649916702229	0.006813551330623031
173.9	2.724601585	2.728535954234725	2.7285032704015744	0.005970756	0.006801032841494055	0.006818724559800575
174.0	2.727069053	2.728479208005837	2.728452370457714	0.004982911	0.006802519318689915	0.006823875694238172
174.1	2.731378568	2.7284224924334852	2.728400994291366	0.005093625	0.006804125459210242	0.00682900526862407
174.2	2.73354977	2.7283658151621046	2.728349173108013	0.00632728	0.006805866875259335	0.0068341137910956085
174.3	2.733279821	2.7283091816734437	2.7282969380627073	0.007644154	0.0068077586262028904	0.006839201736803364
174.4	2.729822778	2.728252595359713	2.728244320264401	0.008240933	0.006809815163682886	0.006844269541977304
174.5	2.727795004	2.7281960576063327	2.728191350780981	0.008025066	0.0068120502760000605	0.006849317598560191
174.6	2.72649197	2.728139567884729	2.7281380606448167	0.007742013	0.00681447703185543	0.006854346249466996
174.7	2.725640843	2.7280831238555985	2.7280844808586533	0.00741922	0.006817107723606176	0.006859355784521758
174.8	2.725024445	2.7280267214829585	2.728030642401655	0.006911687	0.006819953810256502	0.006864346437115069
174.9	2.724857698	2.727970355159246	2.727976576235408	0.006192942	0.006823025860468825	0.00686931838161645
175.0	2.726333567	2.727914017841575	2.7279223133097017	0.005483941	0.006826333495943592	0.006874271731566215
175.1	2.729388899	2.727857701199195	2.7278678845678916	0.00549311	0.006829885335575108	0.006879206538661324
175.2	2.731115551	2.727801395772025	2.7278133209516664	0.006403857	0.00683368894084481	0.006884122792539267
175.3	2.730825816	2.7277450911400187	2.72775865340503	0.007099841	0.006837750762961243	0.0068890204213532015
175.4	2.730357334	2.727688776102971	2.7277039128773435	0.007780598	0.006842076092296522	0.006893899293120763
175.5	2.727648552	2.727632438870215	2.7276491303252497	0.008200192	0.00684666901070201	0.006898759217818087
175.6	2.725300342	2.7275760672595237	2.7275943367133397	0.007826126	0.006851532347310436	0.0069035999501798305
175.7	2.723933398	2.7275196489043823	2.7275395630134245	0.006981208	0.0068566676384471115	0.00690842119315555
175.8	2.725181845	2.72746317146862	2.7274848402022904	0.006065102	0.006862075092278409	0.006913222601962748
175.9	2.72760408	2.7274066228672735	2.727430199257834	0.005812339	0.006867753558820157	0.006918003788667453
176.0	2.72968549	2.7273499914924004	2.727375671153494	0.006228959	0.006873700505911669	0.006922764327214466
176.1	2.729895486	2.7272932664424125	2.7273212868509202	0.00721901	0.006879912001732732	0.006927503758821598
176.2	2.727833107	2.7272364377534277	2.72726707729083	0.007987445	0.006886382704400857	0.0069322215976454025
176.3	2.725024365	2.727179496630993	2.727213073382042	0.007767536	0.0068931058591358094	0.006936917336620257
176.4	2.72360622	2.727122435680466	2.7271593059886867	0.006982245	0.00690007330341845	0.006941590453368256
176.5	2.72439051	2.7270652491343146	2.7271058059156275	0.00637161	0.006907275480502935	0.006946240416074303
176.6	2.724519916	2.7270079330745074	2.7270526038921408	0.005776888	0.006914701461566419	0.0069508666892191436
176.7	2.726288661	2.7269504856482083	2.7269997305539393	0.005226289	0.006922338976699766	0.0069554687390629855
176.8	2.729212505	2.726892907274946	2.7269472164236372	0.005205705	0.0069301744548574615	0.006960046038773731
176.9	2.731276897	2.7268352008435155	2.72689509188979	0.005939987	0.006938193072796115	0.006964598073096812
177.0	2.731741983	2.7267773718968584	2.726843387184641	0.007120094	0.006946378812940108	0.006969124342468299
177.1	2.729962075	2.726719428803305	2.7267921323607753	0.007931506	0.006954714530021498	0.006973624366479011
177.2	2.728247731	2.7266613829126194	2.726741357266841	0.008178053	0.006963182026251054	0.006978097686605188
177.3	2.726645266	2.726603248695404	2.726691091522562	0.00824425	0.006971762134689631	0.006982543868130294
177.4	2.724422535	2.7265450438645664	2.7266413644932666	0.007845655	0.006980434810405479	0.006986962501193122
177.5	2.724475206	2.726486789477662	2.7265922052641605	0.006821486	0.0069891792289245675	0.006991353200909036
177.6	2.726688665	2.7264285100191072	2.7265436426146032	0.006956896	0.006997973891407906	0.006995715606523997
177.7	2.726065359	2.7263702334613713	2.7264957049926295	0.007440524	0.007006796735922436	0.007000049379574815
177.8	2.724732091	2.7263119913044367	2.7264484204899877	0.006972283	0.007015625254110299	0.007004354201043611
177.9	2.726630609	2.7262538185929546	2.726401816817947	0.00685559	0.007024436612505224	0.0070086297675097135
178.0	2.726351954	2.7261957539107113	2.7263559212841426	0.007290232	0.00703320777769474	0.0070128757863177765
178.1	2.72539039	2.7261378393521234	2.726310760770699	0.007587239	0.007041915644483388	0.007017091969796884
178.2	2.724151154	2.726080120470712	2.7262663617138956	0.007484872	0.007050537166175451	0.0070212780285812074
178.3	2.72304174	2.7260226462046067	2.726222750085586	0.006842162	0.00705904948606652	0.0070254336640984995
178.4	2.723948793	2.7259654687793216	2.72617995137661	0.006115144	0.007067430069211968	0.0070295585603079
178.5	2.726181185	2.7259086435882005	2.726137990582385	0.006002246	0.0070756568335274645	0.007033652374783087
178.6	2.727560167	2.7258522290510636	2.7260968921908564	0.006467816	0.007083708279272015	0.007037714729250401
178.7	2.72690729	2.725796286451756	2.726056680172965	0.006992036	0.007091563615967286	0.007041745199704136
178.8	2.726025394	2.7257408797554343	2.726017377975757	0.006879406	0.007099202885818079	0.007045743306232451
178.9	2.727227826	2.725686075406545	2.7259790085182267	0.006636961	0.0071066070827174675	0.007049708502697102
179.0	2.728077667	2.7256319421086026	2.725941594189973	0.007070848	0.007113758265946212	0.00705364016641843
179.1	2.727944671	2.725578550586993	2.725905156852687	0.007627818	0.007120639667709823	0.007057537588023404
179.2	2.726411472	2.7255259733361163	2.7258697178444846	0.007971242	0.007127235793697653	0.00706139996161904
179.3	2.725170456	2.7254742843523347	2.725835297987039	0.007956038	0.007133532515896712	0.007065226375455979
179.4	2.724551232	2.725423558854247	2.725801917595447	0.007640607	0.007139517156948166	0.007069015803247389
179.5	2.724090634	2.7253738729919124	2.725769596490718	0.007312181	0.007145178565396032	0.007072767096306536
179.6	2.724046953	2.725325303546734	2.7257383540147506	0.006944753	0.007150507181244504	0.007076478976662341
179.7	2.725416029	2.725277927623726	2.72570820904761	0.006866348	0.0071554950913113695	0.007080150031306061
179.8	2.72573262	2.7252318223379843	2.7256791800269027	0.00709638	0.007160136073939129	0.0070837787077138266
179.9	2.725930539	2.725187064497176	2.725651284969004	0.007280674	0.007164425632701364	0.00708736331077927
180.0	2.725017884	2.725143730281887	2.7256245414918627	0.007635396	0.007168361018819561	0.007090902001277984
180.1	2.724103922	2.725101894925707	2.725598966839089	0.007485523	0.007171941242083861	0.007094392795971049
180.2	2.724089761	2.7250616323968964	2.7255745779049936	0.007139899	0.007175167070150279	0.0070978335694386495
180.3	2.724418028	2.7250230150834978	2.7255513912602365	0.007169346	0.007178041016166272	0.00710122205771684
180.4	2.723930073	2.724986113483735	2.725529423177717	0.007212893	0.00718056731475597	0.007104555863791148
180.5	2.723479617	2.724950995903514	2.7255086896583336	0.007017772	0.007182751886475478	0.007107832464980041
180.6	2.723296934	2.7249177281628323	2.7254892064562077	0.006723483	0.0071846022909267905	0.007111049222219571
180.7	2.724401941	2.72488637331282	2.7254709891030022	0.006288055	0.00718612766879523	0.007114203391238139
180.8	2.72619648	2.724856991365153	2.725454052930912	0.006169054	0.00718733867314987	0.007117292135587371
180.9	2.727665936	2.724829639035464	2.725438413093958	0.006715859	0.007188247390418426	0.007120312541472055
181.0	2.72767597	2.724804369502376	2.725424084587182	0.007627089	0.007188867251518311	0.007123261634299132
181.1	2.725907045	2.7247812321836906	2.7254110822633915	0.007962742	0.007189212933693608	0.0071261363968432015
181.2	2.72458941	2.7247602725312055	2.725399420847082	0.007745254	0.007189300253674115	0.007128933788904171
181.3	2.723811971	2.7247415318455857	2.7253891149452234	0.007614023	0.007189146052837288	0.007131650768311768
181.4	2.723701411	2.7247250471126017	2.7253801790546	0.007288202	0.007188768075116796	0.0071342843131121285
181.5	2.724178103	2.7247108508619915	2.7253726275654264	0.007151131	0.007188184838461969	0.007136831444753419
181.6	2.724396641	2.724698971050075	2.725366474761015	0.007037195	0.007187415500710244	0.007139289252071299
181.7	2.725126398	2.7246894309671865	2.7253617348132795	0.007014415	0.007186479720788899	0.007141654915860531
181.8	2.725623594	2.724682249170801	2.7253584217739237	0.007348439	0.007185397516212844	0.007143925733807018
181.9	2.725133184	2.7246774394451827	2.7253565495611998	0.007630199	0.007184189117891097	0.007146099145544693
182.0	2.724328171	2.724675010788159	2.7253561319421586	0.00765556	0.007182874823295832	0.00714817275759443
182.1	2.723701295	2.7246749674255297	2.725357182510383	0.007589822	0.007181474849083479	0.007150144367937427
182.2	2.723081764	2.7246773088534093	2.725359714659211	0.007341267	0.007180009184286931	0.00715201198997355
182.3	2.723342027	2.7246820299086343	2.725363741550543	0.007113666	0.007178497445220207	0.007153773875615808
182.4	2.723445673	2.724689120867166	2.725369276079338	0.007028011	0.007176958733250871	0.0071554285372756295
182.5	2.723319116	2.724698567570204	2.725376330833994	0.00679196	0.007175411496600252	0.0071569747684999165
182.6	2.723678802	2.72471035157751	2.7253849180528156	0.006399769	0.007173873397325552	0.007158411663029789
182.7	2.725302258	2.7247244503472143	2.7253950495768424	0.006131881	0.007172361184621204	0.00715973863206265
182.8	2.727474143	2.7247408374411406	2.7254067367993633	0.006463941	0.007170890575548253	0.007160955419513471
182.9	2.727583095	2.7247594827544575	2.725419990612454	0.007290164	0.00716947614426089	0.007162062115087838
183.0	2.726125024	2.7247803527682377	2.7254348213509534	0.00782318	0.007168131220748094	0.007163059164998294
183.1	2.724660794	2.7248034108232857	2.725451238734289	0.007813477	0.007166867800046476	0.007163947380176511
183.2	2.72427481	2.72482861741336	2.7254692518066332	0.007491603	0.007165696462807708	0.007164727941856676
183.3	2.724072004	2.7248559304957407	2.7254888688758743	0.007380754	0.0071646263080214845	0.007165402404429865
183.4	2.72411077	2.7248853058168647	2.7255100974519126	0.007110402	0.007163664898602408	0.0071659726954950015
183.5	2.724674999	2.724916697250596	2.725532944184818	0.007130118	0.00716281822044777	0.0071664411130586934
183.6	2.724468997	2.7249500571465197	2.7255574148033963	0.007004086	0.007162090655462641	0.007166810319863846
183.7	2.725215082	2.724985336685503	2.7255835140547062	0.006856906	0.007161484968930612	0.007167083334854925
183.8	2.726329749	2.725022486239645	2.725611245645093	0.007201009	0.007161002311483444	0.007167263521815868
183.9	2.725623496	2.7250614557336443	2.725640612183277	0.007625266	0.0071606422357920465	0.007167354575244581
184.0	2.724573915	2.7251021950045122	2.7256716151260423	0.007591942	0.007160402727966018	0.007167360503555367
184.1	2.723974906	2.7251446541565416	2.725704254727047	0.007377311	0.007160280253509952	0.007167285609727234
184.2	2.72377153	2.7251887839083824	2.725738529989253	0.007193636	0.00716026981754368	0.007167134469541448
184.3	2.723726275	2.725234535929125	2.7257744386214613	0.006993381	0.0071603650388511915	0.0071669119075756915
184.4	2.724057288	2.725281863160271	2.725811976999377	0.006816323	0.0071605582371807655	0.007166622971144446
184.5	2.724417319	2.7253307201205903	2.7258511401316325	0.006570077	0.0071608405330778864	0.0071662729023955676
184.6	2.725020254	2.725381063190937	2.725891921631113	0.006317155	0.007161201959394476	0.007165867108791062
184.7	2.72676026	2.7254328508762176	2.7259343136919205	0.006227208	0.007161631583484215	0.007165411132215898
184.8	2.728450353	2.7254860440419164	2.7259783070722343	0.006881575	0.00716211763896624	0.007164910616971746
184.9	2.727250489	2.725540606122721	2.7260238910833015	0.007562357	0.007162647665820489	0.0071643712769230315
185.0	2.725928569	2.7255965033011025	2.7260710535847057	0.007550804	0.00716320865746931	0.007163798862070303
185.1	2.725685158	2.725653704653901	2.72611978098604	0.007398285	0.00716378721340382	0.00716319912483062
185.2	2.726024717	2.725712182265331	2.7261700582550286	0.007329049	0.007164369695831748	0.007162577786306433
185.3	2.726134353	2.725771911305092	2.7262218689320914	0.007286448	0.007164942388757371	0.007161940502823357
185.4	2.725925487	2.7258328700706573	2.7262751951512976	0.007353787	0.007165491657855365	0.007161292833013097
185.5	2.725989752	2.7258950399931536	2.726330017667581	0.007420273	0.007166004109469318	0.0071606402057110925
185.6	2.725845454	2.725958405606637	2.726386315890055	0.007398708	0.0071664667470534935	0.007159987888928889
185.7	2.725614892	2.726022954480955	2.7264440679211908	0.007186173	0.007166867123383618	0.007159340960149243
185.8	2.726031246	2.7260886771187995	2.7265032506015934	0.007090459	0.0071671934868898	0.007158704278177594
185.9	2.726316561	2.726155566817911	2.7265638395600478	0.007359488	0.007167434920512352	0.007158082456767022
186.0	2.72563409	2.7262236194998573	2.726625809268472	0.007362092	0.007167581471549316	0.0071574798402152
186.1	2.726061084	2.726292833507113	2.7266891331013663	0.007029915	0.007167624271052378	0.007156900481111666
186.2	2.726487889	2.7263632093706063	2.7267537833993245	0.007035791	0.007167555641434889	0.0071563481203918925
186.3	2.726572148	2.726434749550196	2.726819731536134	0.007227064	0.007167369191080468	0.007155826169831625
186.4	2.726355891	2.726507458150884	2.7268869479889646	0.007381484	0.007167059894881721	0.007155337697090927
186.5	2.725575334	2.7265813406178516	2.72695540241113	0.007381615	0.007166624159794231	0.007154885413392714
186.6	2.725361555	2.7266564034136636	2.727025063706899	0.006811946	0.007166059874659029	0.0071544716638953475
186.7	2.726830866	2.7267326536811947	2.7270959001078023	0.006597859	0.007165366443725561	0.007154098420793717
186.8	2.727957161	2.7268100988960065	2.7271678792498975	0.006895386	0.007164544803494278	0.007153767279158
186.9	2.72811187	2.7268887465120497	2.727240968251452	0.007136368	0.007163597422691169	0.007153479455494719
187.0	2.727918987	2.7269686036046177	2.7273151337905013	0.00739878	0.0071625282853831915	0.007153235788990613
187.1	2.727405452	2.727049676514537	2.7273903421817676	0.007320548	0.0071613428574408625	0.007153036745376825
187.2	2.727133122	2.727131970497557	2.7274665594524277	0.007524795	0.007160048036749352	0.007152882423329037
187.3	2.72732306	2.7272154893828278	2.7275437514162486	0.007358807	0.007158652087759547	0.0071527725632987245
187.4	2.727022687	2.7273002352442592	2.7276218837456407	0.007411365	0.007157164561152997	0.007152706558651943
187.5	2.727314758	2.7273862080883684	2.7277009220411936	0.007407631	0.007155596199567096	0.007152683468975041
187.6	2.726735381	2.727473405562056	2.7277808318983117	0.007466893	0.007153958830486699	0.0071527020353916995
187.7	2.726560754	2.727561822683471	2.727861578970592	0.00713687	0.007152265247554264	0.007152760697722764
187.8	2.726775653	2.7276514515988697	2.7279431290296308	0.007030004	0.007150529081680457	0.007152857613309547
187.9	2.727354424	2.727742281368057	2.7280254480209836	0.006909111	0.007148764663449804	0.007152990677312679
188.0	2.727523295	2.7278342977806234	2.7281085021160534	0.006922357	0.007146986878409917	0.007153157544292337
188.1	2.727790781	2.727927483204877	2.728192257759708	0.006628816	0.007145211016906878	0.007153355650871373
188.2	2.729190039	2.7280218164709127	2.728276681713493	0.00680105	0.007143452620182571	0.007153582239281064
188.3	2.729545672	2.728117272788888	2.728361741094332	0.007062145	0.0071417273244809175	0.007153834381589253
188.4	2.729971446	2.728213823703135	2.728447403408652	0.007713994	0.007140050704918886	0.007154109004412846
188.5	2.728171064	2.728311437082309	2.7285336365819157	0.008232596	0.007138438120864013	0.007154402913920736
188.6	2.724924106	2.7284100771453303	2.7286204089835806	0.007703289	0.007136904564523779	0.0071547128209390205
188.7	2.726173998	2.72850970452246	2.728707689447527	0.0062983	0.007135464514393246	0.007155035365977888
188.8	2.728911777	2.728610276350435	2.728795447288057	0.006390777	0.007134131795127214	0.0071553671440083965
188.9	2.730044096	2.7287117464001622	2.7288836523115654	0.006917399	0.007132919445302222	0.007155704728827495
189.0	2.729481337	2.7288140652351345	2.7289722748240353	0.0072656	0.007131839594414039	0.007156044696860778
189.1	2.728589031	2.7289171803983403	2.7290612856345198	0.007150542	0.00713090335031912	0.007156383650264424
189.2	2.729903403	2.7290210366251744	2.7291506560547987	0.006963196	0.007130120698176538	0.0071567182392003595
189.3	2.729455372	2.7291255760795328	2.7292403578954114	0.007297005	0.00712950041178194	0.007157045183171691
189.4	2.729642794	2.7292307386100996	2.7293303634582813	0.006869585	0.007129049978010511	0.007157361291318632
189.5	2.7305605	2.729336462023613	2.7294206455261585	0.007752543	0.007128775534903892	0.007157663481588426
189.6	2.727174366	2.729442682371787	2.7295111773491154	0.008089297	0.007128681823750097	0.00715794879870586
189.7	2.727048326	2.72954933424848	2.7296019326283236	0.006444735	0.007128772155318375	0.007158214430883653
189.8	2.729665694	2.7296563510936975	2.7296928854973563	0.006499489	0.007129048390226386	0.007158457725224385
189.9	2.730148016	2.7297636655010034	2.7297840105012456	0.006834904	0.007129510933238073	0.00715867620177721
190.0	2.730007027	2.729871209525031	2.729875282573529	0.006842902	0.007130158741120105	0.00715886756622357
190.1	2.730068978	2.7299789149858897	2.729966677011505	0.006849902	0.007130989343525346	0.007159029721176181
190.2	2.730718888	2.7300867137674256	2.730058169449928	0.006354915	0.0071319988762257504	0.00715916077608475
190.3	2.73263239	2.730194538106512	2.7301497358333315	0.00713311	0.007133182125885769	0.0071592590557501695
190.4	2.732177623	2.73030232087078	2.730241352387206	0.007996014	0.007134532585452781	0.007159323107456092
190.5	2.72921538	2.730409995822463	2.7303329955882054	0.008443083	0.007136042519143921	0.007159351706733211
190.6	2.725744404	2.7305174978663382	2.7304246421335727	0.00725679	0.007137703035930704	0.007159343861776705
190.7	2.729165037	2.730624763280059	2.7305162689099562	0.005195298	0.007139504170364705	0.0071592988165418495
190.8	2.73407205	2.7307317299254965	2.730607852961789	0.006437701	0.007141434969550059	0.007159216052546053
190.9	2.732443607	2.730838337440073	2.7306993714593832	0.007708058	0.00714348358505183	0.007159095289408259
191.0	2.731279025	2.7309445274073925	2.730790801666895	0.007437871	0.007145637368533015	0.007158936484158379
191.1	2.731100519	2.7310502435068202	2.730882120910307	0.007362503	0.007147882969936721	0.007158739829350518
191.2	2.73125463	2.7311554316419855	2.730973306545581	0.007130143	0.007150206437072373	0.007158505750014261
191.3	2.732982552	2.7312600400485207	2.731064335927107	0.00736265	0.0071525933155248776	0.007158234899478335
191.4	2.732473378	2.7313640193816076	2.7311551863766153	0.007473823	0.007155028747881276	0.0071579281541007
191.5	2.733344194	2.7314673227841797	2.7312458351526776	0.00811912	0.007157497571359382	0.007157586606938697
191.6	2.728724907	2.7315699059368943	2.7313362594209556	0.009186745	0.007159984413024624	0.007157211560392399
191.7	2.724312077	2.73167172709112	2.7314264362253526	0.00633553	0.007162473781893112	0.007156804517853954
191.8	2.731461274	2.7317727470864432	2.731516342460225	0.00555873	0.007164950157337953	0.007156367174395524
191.9	2.732200408	2.73187292935422	2.7316059548438236	0.00646304	0.007167398073339669	0.007155901406528726
192.0	2.732121507	2.7319722399088557	2.73169524989314	0.006331422	0.0071698021982473685	0.007155409261069107
192.1	2.732855195	2.7320706473284986	2.731784203900347	0.006241435	0.0071721474098424085	0.007154892943140518
192.2	2.73490532	2.7321681227268226	2.73187279291102	0.006324958	0.00717441886561793	0.007154354803356186
192.3	2.738561984	2.73226463971753	2.731960992704348	0.007107644	0.007176602068303476	0.007153797324216005
192.4	2.736283601	2.7323601743731465	2.7320487787755363	0.008958079	0.007178682926771647	0.007153223105762995
192.5	2.731942122	2.7324547051795043	2.732136126320625	0.00890845	0.007180647812560992	0.007152634850546145
192.6	2.729044079	2.7325482129871856	2.7322230102239313	0.008455846	0.007182483612334833	0.007152035347941876
192.7	2.727927147	2.732640680961009	2.7323094050483414	0.0066854	0.0071841777766675306	0.007151427457892083
192.8	2.734899835	2.7327320945284206	2.732395285028681	0.006376853	0.007185718365606876	0.007150814094123119
192.9	2.733550091	2.7328224413274085	2.7324806240683603	0.00766056	0.007187094091502193	0.0071501982069171145
193.0	2.733248436	2.7329117111543253	2.7325653957395226	0.007696036	0.007188294359611642	0.007149582765514432
193.1	2.732754951	2.73299989591173	2.732649573286884	0.008117984	0.007189309307008002	0.007148970740234008
193.2	2.729463733	2.733086989556082	2.7327331296354544	0.007840118	0.00719012984028941	0.0071483650844062895
193.3	2.730266027	2.733172988044879	2.7328160374023014	0.005899539	0.007190747672570063	0.007147768716221797
193.4	2.732932402	2.733257889282552	2.732898268912505	0.006014612	0.0071911553601762155	0.007147184500606384
193.5	2.736318614	2.733341693064202	2.732979796219421	0.006616141	0.007191346339405968	0.007146615231242113
193.6	2.734228941	2.7334244010160607	2.733060591129335	0.008564323	0.007191314963628767	0.007146063612860242
193.7	2.729376693	2.7335060165313614	2.733140625230576	0.007578013	0.007191056540904078	0.007145532243939455
193.8	2.732286984	2.733586544700177	2.7332198699270873	0.005092479	0.0071905673721907775	0.007145023599948637
193.9	2.735820774	2.733665992231678	2.7332982964764416	0.006637528	0.007189844790102082	0.007144540017278367
194.0	2.734238631	2.7337443673672195	2.733375876032235	0.007253614	0.007188887198038414	0.0071440836780091365
194.1	2.732497284	2.7338216797826433	2.733452579690735	0.006939068	0.007187694109405212	0.007143656595666718
194.2	2.734606484	2.7338979404782737	2.73352837854163	0.005810559	0.007186266186497548	0.007143260602116014
194.3	2.73810032	2.733973161655136	2.7336032437226656	0.006067882	0.007184605278511631	0.00714289733574393
194.4	2.739434836	2.734047356576128	2.733677146477906	0.00850245	0.007182714458027869	0.007142568231079343
194.5	2.736021805	2.734120539411051	2.733750058219309	0.009004552	0.007180598055204183	0.007142274509993742
194.6	2.732247357	2.734192725064666	2.733821950591258	0.009129011	0.007178261688824756	0.007142017174619758
194.7	2.728982117	2.7342639289872634	2.7338927955376344	0.007912288	0.007175712293271228	0.007141797002116382
194.8	2.730593037	2.734334166967528	2.7339625653709825	0.006838221	0.007172958140423035	0.007141614541399142
194.9	2.732718503	2.734403454907881	2.7340312328432677	0.006151272	0.007170008855452908	0.007141470111941
195.0	2.735217644	2.734471808582878	2.734098771217688	0.006097884	0.007166875425463783	0.007141363804735165
195.1	2.736671271	2.7345392433816187	2.734165154340969	0.006742136	0.0071635701999154195	0.007141295485494505
195.2	2.7354793	2.7346057740355794	2.734230356715543	0.007004993	0.007160106881813256	0.0071412648001439325
195.3	2.734265206	2.734671414333691	2.7342943535709785	0.006721151	0.007156500508679016	0.00714127118264217
195.4	2.738790523	2.7347361768269147	2.73435712093402	0.007165579	0.007152767422392441	0.0071413138651476755
195.5	2.737825067	2.734800072524969	2.7344186356965845	0.008170604	0.007148925227086688	0.007141391890520719
195.6	2.733241137	2.7348631105882752	2.7344788756810474	0.00915708	0.007144992734395962	0.007141504127129587
195.7	2.728787482	2.734925298018549	2.734537819702164	0.007386586	0.007140989895492296	0.00714164928590394
195.8	2.732963007	2.7349866393517797	2.7345954476249785	0.004767409	0.007136937719507136	0.007141825939552997
195.9	2.738227729	2.735047136357645	2.734651740418093	0.006177872	0.0071328581781108374	0.007142032543840255
196.0	2.737652907	2.7351067877496287	2.7347066802016964	0.007402531	0.007128774096216477	0.007142267460780815
196.1	2.734764364	2.735165588910272	2.7347602502897796	0.007724321	0.00712470902898072	0.007142528983601938
196.2	2.7370852	2.735223531636081	2.734812435226025	0.007040575	0.007120687125490589	0.007142815363282697
196.3	2.736163079	2.735280603906689	2.7348632208128856	0.008110343	0.007116732979747731	0.007143124836465093
196.4	2.737230924	2.735336789682752	2.7349125941334416	0.007336659	0.007112871469787365	0.007143455654506656
196.5	2.735271579	2.7353920687370006	2.734960543565683	0.008076666	0.007109127585994055	0.0071438061134241684
196.6	2.733792735	2.735446416522635	2.7350070587889306	0.00800725	0.007105526249896829	0.00714417458445966
196.7	2.731835131	2.735499804082963	2.735052130782193	0.007722174	0.00710209212493801	0.007144559544983868
196.8	2.730231741	2.735552198005847	2.7350957518143235	0.006168293	0.007098849420909509	0.007144959609438853
196.9	2.735756188	2.735603560426053	2.7351379154259403	0.005643383	0.007095821693933289	0.0071453735600111356
197.0	2.736647094	2.735653849078132	2.7351786164031386	0.005983835	0.007093031644025788	0.007145800376719282
197.1	2.739243699	2.7357030174018324	2.735217850743129	0.006378164	0.007090500912425469	0.007146239266595993
197.2	2.738685677	2.7357510147014783	2.7352556156120182	0.007512792	0.007088249880975855	0.00714668969164421
197.3	2.737271511	2.7357977863600125	2.735291909295022	0.007998519	0.007086297475940352	0.0071471513952499266
197.4	2.738072161	2.735843274107714	2.7353267311395117	0.006793336	0.007084660978677624	0.007147624426741144
197.5	2.737397493	2.735887416344839	2.7353600814913523	0.009099123	0.007083355845625817	0.007148109163792909
197.6	2.73094132	2.7359301485166774	2.7353919616250866	0.009501958	0.007082395540028998	0.007148606332392394
197.7	2.726699344	2.735971403538705	2.7354223736685843	0.007250383	0.0070817913777890575	0.007149117024095782
197.8	2.728186765	2.7360111122687774	2.7354513205228512	0.004131163	0.007081552389739866	0.007149642710329701
197.9	2.738737891	2.736049204022533	2.735478805777743	0.004219281	0.007081685202517991	0.007150185253514517
198.0	2.74049423	2.736085607127409	2.7355048336244034	0.005900921	0.007082193940045658	0.007150746914814259
198.1	2.739173839	2.7361202495100456	2.735529408765267	0.007173524	0.007083080147448293	0.0071513303583483736
198.2	2.739892506	2.736153059311164	2.7355525363225217	0.007047517	0.00708434273900292	0.0071519386517334875
198.3	2.73752356	2.73618396552145	2.735574221745955	0.007921346	0.007085977971457591	0.007152575262858606
198.4	2.736008381	2.7362128986315235	2.735594470721113	0.007304318	0.0070879794437797156	0.007153244052834197
198.5	2.73755355	2.7362397912886154	2.7356132890787097	0.00807404	0.007090338124086338	0.007153949265094288
198.6	2.735005915	2.7362645789523365	2.7356306827062444	0.008054341	0.0070930424041866745	0.007154695510670168
198.7	2.733996774	2.736287200541673	2.7356466574627305	0.007700635	0.007096078181830808	0.00715548774969452
198.8	2.731795783	2.7363075990653005	2.7356612190974556	0.006608164	0.007099428970413591	0.007156331269235092
198.9	2.737030276	2.7363257222272885	2.7356743731736257	0.005476275	0.007103076035533913	0.007157231657596847
199.0	2.73853697	2.736341523000447	2.7356861249977222	0.006340682	0.007106998557461553	0.0071581947752707015
199.1	2.739169627	2.7363549601597588	2.735696479555333	0.006913232	0.00711117381822151	0.007159226722744658
199.2	2.73839373	2.7363659987687656	2.735705441454162	0.00771746	0.007115577411674116	0.007160333805429143
199.3	2.736990605	2.7363746106121787	2.7357130148748463	0.007787645	0.007120183474653083	0.007161522495982096
199.4	2.736004144	2.736380774568584	2.735719203530132	0.007515517	0.007124964936927721	0.007162799394350378
199.5	2.738217644	2.7363844769177805	2.7357240106328615	0.008380439	0.007129893787484316	0.007164171185872021
199.6	2.731476784	2.736385711578018	2.7357274388731603	0.008815809	0.007134941354379208	0.007165644597808242
199.7	2.728322247	2.7363844802692237	2.7357294904050757	0.006745396	0.007140078595206138	0.007167226354694777
199.8	2.730500675	2.7363807925992263	2.7357301668428513	0.004030749	0.007145276395045492	0.007168923132918533
199.9	2.741311602	2.7363746660708896	2.7357294692669005	0.003651729	0.007150505868625878	0.00717074151493773
200.0	2.744375582	2.7363661260090653	2.735727398239441	0.005966037	0.007155738663330948	0.007172687943571238
200.1	2.744678632	2.7363552054073086	2.7357239538296554	0.007724495	0.007160947259628636	0.007174768676785763
200.2	2.742098255	2.7363419446952806	2.7357191356481194	0.009498121	0.007166105265487579	0.007176989743407598
200.3	2.735763488	2.736326391428852	2.7357129428901747	0.00959126	0.007171187701377968	0.007179356900179067
200.4	2.733288614	2.7363085999058816	2.73570537438778	0.008849273	0.007176171272531797	0.00718187559056821
200.5	2.732769138	2.736288630711665	2.7356964286693235	0.007429261	0.007181034625260329	0.007184550905724194
200.6	2.732890059	2.736266550198992	2.7356861040267666	0.006958986	0.007185758584292917	0.007187387547950206
200.7	2.734716043	2.736242429908576	2.7356743985894254	0.006508887	0.007190326368308725	0.007190389797040534
200.8	2.734463487	2.7362163459364965	2.7356613104036147	0.006605102	0.007194723781078713	0.0071935614797996065
200.9	2.737169063	2.7361883782559344	2.735646837517328	0.005427816	0.00719893937591568	0.007196905943027901
201.0	2.739549247	2.736158610001145	2.7356309780690613	0.007141334	0.00720296459144174	0.007200426030223715
201.1	2.737425737	2.736127126722095	2.735613730379864	0.007590029	0.0072067938570210405	0.0072041240622107506
201.2	2.736548642	2.7360940156186007	2.735595093047649	0.007784148	0.007210424666566598	0.007208001821860119
201.3	2.735525917	2.7360593647630482	2.735575065042789	0.007412807	0.007213857619808884	0.007212060543032002
201.4	2.736267666	2.736023262320963	2.7355536458040115	0.007008478	0.00721709643050491	0.007216300903817357
201.5	2.73665724	2.735985795778668	2.7355308353336105	0.007503217	0.007220147901465016	0.007220723024114376
201.6	2.735537939	2.7359470511871953	2.735506634290989	0.007934628	0.007223021866674338	0.0072253264675282034
201.7	2.734750262	2.735907112431351	2.7354810440836057	0.007608837	0.007225731101181896	0.007230110247536556
201.8	2.733230633	2.7358660605324934	2.7354540669543983	0.007181742	0.007228291199816584	0.007235072837818647
201.9	2.736568713	2.7358239729930696	2.735425706064828	0.005632453	0.007230720426160949	0.007240212186600888
202.0	2.739874447	2.73578092319041	2.735395965572727	0.007141808	0.007233039533565422	0.007245525734830765
202.1	2.738617001	2.735736979826545	2.735364850704206	0.008627592	0.007235271560312899	0.0072510104379504324
202.2	2.73522172	2.7356922064400697	2.7353323678189496	0.008850887	0.007237441601342045	0.007256662791004602
202.3	2.732794469	2.735646660985161	2.7352985244683037	0.008544015	0.007239576559203513	0.007262478856783461
202.4	2.731661084	2.7356003954820105	2.735263329445643	0.007920014	0.007241704877153035	0.00726845429667124
202.5	2.730473336	2.735553455741871	2.7352267928286116	0.006863893	0.007243856257476216	0.007274584403844878
202.6	2.7343047	2.7355058811689634	2.7351889260129014	0.006290152	0.0072460613682891455	0.0072808641384453435
202.7	2.73482924	2.7354577046404134	2.7351497417373505	0.006705163	0.007248351542164596	0.007287288164326993
202.8	2.733137189	2.7354089524643737	2.735109254100242	0.006824302	0.007250758469993983	0.007293850886977846
202.9	2.734369363	2.7353596444154173	2.7350674785667666	0.005148639	0.007253313893510339	0.007300546492196139
203.0	2.739603314	2.735309793845325	2.7350244319677297	0.006180314	0.007256049299867486	0.007307368985106077
203.1	2.738491615	2.735259407866396	2.734980132489681	0.007439486	0.007258995621596968	0.007314312229098248
203.2	2.736651574	2.7352084876035256	2.734934599656711	0.007851654	0.007262182945149003	0.007321369984287632
203.3	2.736013351	2.7351570285104505	2.7348878543042883	0.007707449	0.007265640231069549	0.0073285359450945215
203.4	2.73555001	2.7351050207448093	2.734839918545563	0.007786111	0.007269395048674766	0.007335803776570651
203.5	2.733483735	2.735052449596005	2.7347908157306433	0.007848931	0.007273473327860266	0.007343167149114228
203.6	2.735150782	2.734999295959272	2.7347405703994423	0.006796482	0.007277899130428463	0.007350619771242999
203.7	2.735702736	2.7349455368488975	2.73468920822872	0.007570594	0.007282694443036992	0.007358155420123699
203.8	2.73315072	2.7348911459431915	2.734636755974023	0.007853933	0.007287878993568418	0.007365767969588725
203.9	2.733110798	2.7348360941535406	2.734583241407256	0.006114428	0.0072934700924007344	0.007373451415406314
204.0	2.738216473	2.734780350209768	2.734528693250651	0.006792145	0.007299482499723734	0.0073811998976082505
204.1	2.735901786	2.7347238812540082	2.7344731411079204	0.008639086	0.007305928319703552	0.007389007719718931
204.2	2.731150305	2.734666653435398	2.734416615393398	0.008123456	0.007312816921951314	0.007396869364770589
204.3	2.730575515	2.7346086324981167	2.7343591472599735	0.006585486	0.007320154890406698	0.007404779508031426
204.4	2.733322365	2.7345497843555977	2.7343007685265928	0.00569912	0.007327945999408242	0.007412733026415556
204.5	2.736787152	2.734490075644193	2.734241511606127	0.005887676	0.007336191216393807	0.007420725004585486
204.6	2.738287445	2.734429474250046	2.7341814094343206	0.006885984	0.007344888730361209	0.007428750737799042
204.7	2.736854262	2.7343679498035303	2.734120495400553	0.008022802	0.0073540340049245275	0.007436805731592313
204.8	2.734435084	2.7343054741362796	2.7340588032810547	0.008223982	0.0073636198545298905	0.007444885698428225
204.9	2.732886589	2.7342420216965624	2.733996367175194	0.007232696	0.00737363654214946	0.00745298655147598
205.0	2.735259525	2.7341775699195123	2.733933221445373	0.007201965	0.007384071896557468	0.00746110439571952
205.1	2.73409028	2.734112099549544	2.7338694006610216	0.007663136	0.007394911447110429	0.007469235516622938
205.2	2.733828482	2.7340455949131215	2.73380493954709	0.007065475	0.007406138573807125	0.007477376366607027
205.3	2.735728162	2.7339780441408603	2.733739872937375	0.007205025	0.007417734670294231	0.007485523549613521
205.4	2.735941463	2.7339094393387695	2.7336742357329404	0.007930117	0.007429679317410583	0.007493673804051967
205.5	2.733844987	2.733839776709258	2.733608062865804	0.008125165	0.007441950464827204	0.007501823984438248
205.6	2.733527672	2.733769056623254	2.7335413892679945	0.007733705	0.0074545246183400716	0.007509971042043493
205.7	2.733433082	2.7336972836455304	2.7334742498459956	0.008032101	0.007467377030407411	0.007518112004877911
205.8	2.731705008	2.733624466515948	2.733406679460521	0.007841345	0.007480481891591523	0.007526243957334375
205.9	2.731863283	2.7335506180899634	2.7333387129114914	0.007054513	0.007493812520664986	0.007534364019812553
206.0	2.734318952	2.73347575524219	2.733270384928019	0.007164118	0.007507341551270207	0.007542469328636543
206.1	2.734001265	2.7333998987373	2.7332017301631226	0.007959613	0.007521041113177246	0.007550557016567079
206.2	2.731678742	2.7333230730728264	2.733132783192864	0.007801241	0.007534883006364001	0.007558624194193613
206.3	2.731786994	2.7332453062987208	2.733063578519522	0.007048635	0.007548838866342043	0.007566667932472526
206.4	2.7330421	2.73316662981863	2.732994150578385	0.007210364	0.007562880319366493	0.007574685246655114
206.5	2.733551586	2.7330870781779417	2.732924533747699	0.006963732	0.007576979126395937	0.007582673081823745
206.6	2.734470397	2.7330066888435955	2.7328547623612853	0.007674584	0.00759110731490425	0.007590628300226708
206.7	2.732885919	2.732925501980514	2.732784870723317	0.00811743	0.0076052372978863	0.007598547670572321
206.8	2.731493683	2.732843560229329	2.7327148931247205	0.007710025	0.007619341979640146	0.007606427859411343
206.9	2.731804115	2.732760908489733	2.732644863860687	0.006955217	0.007633394848145389	0.00761426542470405
207.0	2.735618621	2.732677593713471	2.7325748172487505	0.007442972	0.0076473700540873836	0.00762205681163503
207.1	2.73338831	2.732593664710501	2.7325047876469277	0.008603006	0.007661242476796779	0.007629798350705273
207.2	2.730140263	2.732509171971413	2.732434809471423	0.008029379	0.007674987777579776	0.0076374862580980835
207.3	2.731435834	2.732424167508611	2.732364917213415	0.00738237	0.007688582441103929	0.007645116638283054
207.4	2.731787716	2.732338704718241	2.732295145454506	0.007252934	0.007702003805674161	0.007652685488791579
207.5	2.733158931	2.7322528382642055	2.732225528880417	0.007054049	0.00771523008338175	0.007660188707068147
207.6	2.735331646	2.732166623985023	2.732156102292584	0.007767056	0.007728240371231231	0.007667622099274988
207.7	2.733894806	2.7320801188236774	2.7320869006173414	0.008415718	0.007741014654450819	0.0076749813909032525
207.8	2.732145926	2.731993380779999	2.732017958912439	0.008721715	0.007753533803265296	0.0076822622390227005
207.9	2.730231945	2.7319064688845356	2.7319493123706895	0.008536925	0.007765779564455884	0.00768946024598373
208.0	2.729737133	2.7318194431923613	2.7318809963205877	0.007892325	0.007777734549050954	0.007696570974370832
208.1	2.729664965	2.7317323647947234	2.7318130462238313	0.007633328	0.007789382217484399	0.007703589962995481
208.2	2.730260274	2.731645295846022	2.7317454976696753	0.006953076	0.007800706863526526	0.007710512743691555
208.3	2.732121298	2.7315582996031735	2.7316783863661556	0.00701997	0.007811693598235997	0.007717334858706283
208.4	2.733275282	2.7314714404741256	2.731611748128241	0.007332582	0.007822328335102047	0.007724051878473409
208.5	2.733669023	2.731384784071988	2.7315456188630254	0.008287818	0.007832597777445622	0.007730659419553547
208.6	2.730540336	2.731298397271063	2.7314800345521144	0.008106961	0.007842489409028347	0.007737153162529931
208.7	2.730159248	2.7312123482609727	2.7314150312314154	0.008078763	0.007851991488681575	0.0077435288696550515
208.8	2.730472455	2.731126706595014	2.731350644968543	0.007781509	0.007861093049617126	0.00774978240205527
208.9	2.730135154	2.7310415432289377	2.7312869118381142	0.007677122	0.007869783903919642	0.007755909736315398
209.0	2.730781357	2.7309569305464887	2.7312238678952045	0.007243602	0.007878054652550967	0.0077619069802835625
209.1	2.733206117	2.7308729423682307	2.731161549147267	0.007846743	0.007885896701022953	0.007767770387957504
209.2	2.730677273	2.730789653940457	2.7310999915248213	0.008751381	0.007893302280719675	0.007773496373336507
209.3	2.727874004	2.7307071419013567	2.731039230851221	0.007983065	0.00790026447567599	0.007779081523147833
209.4	2.728832988	2.730625484221984	2.73097930281181	0.00669502	0.00790677725445032	0.007784522608382323
209.5	2.733384024	2.7305447601200656	2.7309202429227675	0.006417981	0.007912835506567982	0.007789816594600017
209.6	2.73494365	2.730465049945156	2.730862086499923	0.007864486	0.007918435082860978	0.007794960650993013
209.7	2.734637607	2.730386435034234	2.730804868627807	0.008839824	0.007923572838893141	0.007799952158218361
209.8	2.731373635	2.7303089975373624	2.730748624129176	0.009674426	0.007928246680538802	0.00780478871503836
209.9	2.727496464	2.730232820213648	2.7306933875352195	0.008887524	0.007932455610681097	0.007809468143828572
210.0	2.728606147	2.730157986198299	2.7306391930566245	0.008105801	0.007936199775913595	0.007813988495034636
210.1	2.728854208	2.7300845787421895	2.730586074555631	0.008077298	0.007939480512118714	0.007818348050677323
210.2	2.728523487	2.730012680925858	2.7305340655191888	0.007782941	0.007942300387648439	0.007822545327020718
210.3	2.728895411	2.7299423753504315	2.730483199033256	0.007521621	0.007944663242844766	0.007826579076530664
210.4	2.72972205	2.729873743808443	2.7304335077582786	0.007201769	0.007946574224664132	0.007830448289259502
210.5	2.73221695	2.7298068669379645	2.730385023905803	0.007816705	0.007948039815213097	0.007834152193798289
210.6	2.729542031	2.7297418238639017	2.7303377792161836	0.008575931	0.007949067853062475	0.007837690257939303
210.7	2.727871793	2.729678691830595	2.7302918049372726	0.007904901	0.00794966754628418	0.007841062189750718
210.8	2.729946635	2.729617545830175	2.730247131803951	0.007655663	0.00794984947624943	0.007844267938226058
210.9	2.72974962	2.729558458231328	2.7302037900183302	0.007821505	0.007949625591337677	0.007847307693749321
211.0	2.729880739	2.7295014984132115	2.7301618092304314	0.008032183	0.007949009189832119	0.007850181888589946
211.1	2.729506938	2.7294467324093654	2.7301212185191326	0.0082162	0.00794801489141812	0.007852891197611449
211.2	2.728572787	2.7293942225663987	2.7300820463731386	0.008076338	0.007946658596853978	0.007855436539343834
211.3	2.727655616	2.729344027222128	2.730044320671736	0.007962127	0.007944957435547129	0.007857819077533667
211.4	2.727667533	2.7292962004076924	2.7300080686650765	0.006961401	0.00794292970094123	0.007860040223247418
211.5	2.732290596	2.7292507915778668	2.7299733169537257	0.006752771	0.007940594773798262	0.007862101637564149
211.6	2.733396125	2.729207845373519	2.7299400914672454	0.008377268	0.007937973033641934	0.00786400523485342
211.7	2.730612066	2.729167401419708	2.729908417441558	0.009441831	0.00793508575881207	0.007865753186593983
211.8	2.727177447	2.729129494162553	2.729878319394882	0.008759893	0.007931955015761128	0.00786734792564931
211.9	2.727368762	2.729094152747397	2.7298498211020354	0.008653733	0.007928603538401557	0.007868792150877693
212.0	2.726380628	2.7290614009403384	2.729822945566956	0.008094249	0.007925054598483174	0.007870088831918334
212.1	2.727131246	2.7290312570945727	2.7297977149932846	0.007656635	0.007921331868140626	0.00787124121396088
212.2	2.727743243	2.7290037341623705	2.729774150752947	0.007480611	0.007917459275899399	0.007872252822275315
212.3	2.728453	2.728978839752932	2.729752273352647	0.007338537	0.007913460857562232	0.007873127466251822
212.4	2.729200775	2.728956576235676	2.729732102398304	0.007235117	0.007909360603513884	0.007873869242677278
212.5	2.730877721	2.7289369408879174	2.729713656557448	0.007612161	0.007905182304078788	0.007874482537956477
212.6	2.730310204	2.7289199260852013	2.7296969535196776	0.008315667	0.007900949393074957	0.007874972028972532
212.7	2.728332689	2.728905519532142	2.7296820099553214	0.008142644	0.007896684794362587	0.007875342682272411
212.8	2.728459191	2.7288937045309263	2.7296688414724937	0.007763925	0.007892410772609703	0.007875599751260398
212.9	2.729691325	2.7288844602841054	2.7296574625727796	0.007773589	0.007888148789613301	0.00787574877108474
213.0	2.729286293	2.7288777622277993	2.7296478866058482	0.008163577	0.007883919367598129	0.007875795550910605
213.1	2.728724637	2.72887358239108	2.729640125723315	0.008216922	0.007879741960964472	0.007875746163286169
213.2	2.728029008	2.7288718897768796	2.729634190831962	0.008163703	0.007875634837971006	0.007875606911817889
213.3	2.727120578	2.7288726507595173	2.7296300915475173	0.0077632	0.00787161497381819	0.007875384323613354
213.4	2.727627661	2.7288758294937177	2.7296278361488255	0.007089069	0.007867697956543077	0.007875085136370514
213.5	2.730834077	2.72888138832983	2.729627431532881	0.006669979	0.00786389790704859	0.007874716279958123
213.6	2.732564129	2.7288892882299334	2.7296288831712374	0.008323058	0.007860227414471345	0.007874284852400838
213.7	2.729079832	2.7288994891794847	2.7296321950683167	0.008834893	0.007856697487944026	0.007873798090251363
213.8	2.727187416	2.7289119505892923	2.7296373697221226	0.008131664	0.007853317525633967	0.007873263333400474
213.9	2.728379976	2.728926631682749	2.729644408087912	0.007567483	0.00785009530174187	0.007872687984443547
214.0	2.728616292	2.7289434918635114	2.72965330954531	0.007926573	0.007847036971927113	0.007872079462788513
214.1	2.728555841	2.7289624910591073	2.7296640718693834	0.007802861	0.007844147097391629	0.007871445153754502
214.2	2.728430507	2.728983590036342	2.729676691206147	0.007679532	0.007841428687607063	0.007870792352972361
214.3	2.728728436	2.7290067506847966	2.729691162052943	0.00753486	0.00783888326141339	0.007870128206457005
214.4	2.729168396	2.7290319362651814	2.7297074772441134	0.007407065	0.007836510925956318	0.0078694596467767
214.5	2.729975694	2.729059111619869	2.7297256279423214	0.00763405	0.007834310472668998	0.007868793325795386
214.6	2.729803456	2.729088243343427	2.7297456036358483	0.007838493	0.007832279489245534	0.007868135544510452
214.7	2.729548291	2.729119299911628	2.7297673921421324	0.007751865	0.007830414486302763	0.007867492180548845
214.8	2.729471243	2.729152251767939	2.7297909796177504	0.008000716	0.007828711037186856	0.007866868613920603
214.9	2.728570962	2.729187071367159	2.7298163505749913	0.007828705	0.007827163929155806	0.00786626965165866
215.0	2.72973099	2.729223733176431	2.729843487905106	0.007778119	0.007825767323961483	0.007865699451996985
215.1	2.729515001	2.729262213635316	2.729872372908239	0.007946042	0.007824514976204459	0.007865161448755582
215.2	2.729221059	2.729302491073896	2.729902985329997	0.008010203	0.00782340036914473	0.007864658276610334
215.3	2.728892692	2.729344545592823	2.7299353034045244	0.007961902	0.007822416863435773	0.007864191697928081
215.4	2.728390082	2.7293883589077454	2.729969303903894	0.00768167	0.007821557855022726	0.007863762531842702
215.5	2.730660116	2.7294339141610315	2.730004962193566	0.007056104	0.007820816938331084	0.007863370586236085
215.6	2.730459966	2.7294811957041354	2.730042252293576	0.008512974	0.007820188070818981	0.007863014593269234
215.7	2.729257973	2.7295301888543415	2.730081146964155	0.008147982	0.007819665734971375	0.007862692768751766
215.8	2.7292208	2.729580879629939	2.7301216177474426	0.007874917	0.007819245093877573	0.007862401941183537
215.9	2.729313225	2.7296332544681405	2.730163635045789	0.007731203	0.007818922136651188	0.007862137513596022
216.0	2.730003675	2.7296872999302484	2.7302071682037323	0.00764548	0.007818693810121898	0.007861893433833084
216.1	2.730161004	2.729743002398678	2.7302521855930486	0.007758163	0.007818558133447454	0.007861662173245769
216.2	2.730110452	2.729800347770543	2.730298654700244	0.007790907	0.007818514292558974	0.007861434713734043
216.3	2.730434845	2.729859321152441	2.7303465422158504	0.00790695	0.00781856271165862	0.007861200543025392
216.4	2.730094938	2.729919906561034	2.730395814124849	0.008273714	0.007818705099331778	0.007860947658036105
216.5	2.7280009	2.72998208663386	2.7304464357975737	0.007836689	0.007818944467210886	0.007860662576116645
216.6	2.73025618	2.7300458423545875	2.730498372080402	0.00771461	0.007819285119530396	0.007860330353937888
216.7	2.729664973	2.730111152796684	2.7305515873855866	0.007959956	0.00781973261233649	0.007859934613730774
216.8	2.729682103	2.7301779948891314	2.7306060457795733	0.007795643	0.007820293681556317	0.007859457576548544
216.9	2.729871171	2.73024634320747	2.7306617110691698	0.007696048	0.007820976139583716	0.007858880102178627
217.0	2.730094953	2.730316169793016	2.7307185468849777	0.007588941	0.007821788740495942	0.007858181735290857
217.1	2.730839507	2.730387444002708	2.730776516761506	0.007557146	0.007822741014473378	0.007857340757370539
217.2	2.731747908	2.730460132391517	2.73083558421345	0.007858767	0.007823843072445498	0.007856334243966742
217.3	2.731682841	2.7305341986289036	2.7308957128076496	0.008282136	0.007825105382426782	0.007855138126719988
217.4	2.730199722	2.730609603450294	2.7309568662303	0.008882165	0.00782653851942993	0.007853727259610747
217.5	2.725941048	2.730686304644055	2.731019008349034	0.007678602	0.007828152891246247	0.00785207548885002
217.6	2.731634184	2.7307642570492727	2.731082103269575	0.006893544	0.007829956776883246	0.007850155725816125
217.7	2.732380405	2.7308434126609495	2.7311461153866867	0.007853696	0.007831958550273486	0.007847940022428009
217.8	2.731169218	2.730923720712731	2.7312110094292663	0.008174857	0.007834166197761581	0.007845399648335312
217.9	2.730075422	2.7310051277938916	2.7312767504994255	0.007953669	0.007836586826804241	0.007842505169299603
218.0	2.730589801	2.731087577998628	2.73134330410554	0.007560281	0.007839226172395339	0.007839226526139394
218.1	2.731553147	2.7311710131053077	2.731410636189263	0.007697917	0.007842088107570271	0.007835533113614698
218.2	2.731440626	2.7312553727830187	2.7314787119615236	0.00784221	0.00784517416413961	0.00783137287954327
218.3	2.731450934	2.7313405948224316	2.7315474985922736	0.0078405	0.007848483069552634	0.00782671662826091
218.4	2.731836126	2.731426615387797	2.731616963702456	0.008157115	0.007852010305497259	0.007821535059679337
218.5	2.729263535	2.7315133692866698	2.7316870753660876	0.008446618	0.007855747693506908	0.007815798787330273
218.6	2.731689999	2.731600790253842	2.7317578021082563	0.006808835	0.00785968301246838	0.0078094783563492165
218.7	2.732415416	2.731688811245894	2.731829112899299	0.007801963	0.007863799652511211	0.007802544261191646
218.8	2.73210755	2.7317773647427073	2.731900977145477	0.007629722	0.007868076309311245	0.007794966962874467
218.9	2.732376506	2.7318663830523437	2.731973364676501	0.007824244	0.007872486722362888	0.007786716905538586
219.0	2.731072244	2.7319557986157417	2.732046245730295	0.007579801	0.007876999460269509	0.0077777645321344
219.1	2.732672428	2.73204554430778	2.732119590935426	0.00709874	0.007881577755574014	0.007768080299040826
219.2	2.735393822	2.7321355537314638	2.7321933712916286	0.007774261	0.007886179391106706	0.007757634689440182
219.3	2.73500632	2.7322257615021157	2.73226755814891	0.009072754	0.007890756639269893	0.007746398225285711
219.4	2.730443691	2.732316103518736	2.7323421231856813	0.010015607	0.00789525625511336	0.007734341477715694
219.5	2.724686316	2.7324065172199425	2.7324170383864117	0.007994177	0.007899619523486886	0.0077214350757877715
219.6	2.732200381	2.732496941822157	2.73249227601927	0.004658181	0.007903782359990032	0.007707649713429006
219.7	2.736467847	2.7325873185380347	2.7325678086142062	0.007800465	0.007907675464881551	0.007692956153959787
219.8	2.732176412	2.7326775907734686	2.732643608941948	0.008370255	0.007911224528565235	0.007677325233108729
219.9	2.732620037	2.7327677043017724	2.7327196499943267	0.007214276	0.007914350486742158	0.007660727860374957
220.0	2.734738366	2.732857607414062	2.732795904966333	0.007422915	0.007916969822815574	0.00764313501863599
