freq_roi_Hz	n_opt	k_opt	alpha_cm	eps_r	eps_i	loss_tan	DR	alpha_max	H_meas_real	H_meas_imag	H_meas_mag	H_meas_phase	H_model_real	H_model_imag	H_model_mag	H_model_phase
3.005870841487279663e+11	1.667330696412533841e+00	7.301478601578387066e-03	9.199628572558651296e-01	2.779938339609735909e+00	2.434795880322181139e-02	8.758452824762983507e-03	7.655570711280181229e+01	2.951334267699601810e+01	8.112958085066211966e-01	2.082393773425492700e-01	8.375944885064757761e-01	2.512511120036142187e-01	8.112958037728223992e-01	2.082393754449466949e-01	8.375944834495336888e-01	2.512511112143016589e-01
3.068493150684931641e+11	1.667949867919162443e+00	8.061774514667609595e-03	1.036919319606718348e+00	2.781991769683226146e+00	2.689327147386781983e-02	9.666912665571993080e-03	7.884747011304553155e+01	2.971401998903494501e+01	8.399187794725418987e-01	-6.085223212658917580e-02	8.421202706653205805e-01	-7.232377237111500823e-02	8.399187792688033172e-01	-6.085223210117414461e-02	8.421202704602781530e-01	-7.232377235849651864e-02
3.131115459882583008e+11	1.667597837449771969e+00	7.055719560747408803e-03	9.260395909310097373e-01	2.780832764288636128e+00	2.353220536230886742e-02	8.462287148119326460e-03	7.184352025003005338e+01	2.908113361259056262e+01	7.665872166838328949e-01	-2.877567264641737732e-01	8.188161542180534269e-01	-3.590983106497765420e-01	7.665872166835798751e-01	-2.877567264643824396e-01	8.188161542178898911e-01	-3.590983106501237088e-01
3.193737769080234985e+11	1.668513469720240172e+00	8.145603991625043755e-03	1.090464942351144551e+00	2.783870847773486368e+00	2.718209995806667931e-02	9.764138296791558674e-03	7.753072438666623611e+01	2.959944417114113335e+01	6.316613417544079123e-01	-4.314832366567858402e-01	7.649665575584300159e-01	-5.992884133986658979e-01	6.316613417664797003e-01	-4.314832366658244989e-01	7.649665575734964085e-01	-5.992884133995213247e-01
3.256360078277886353e+11	1.668065840402015887e+00	7.826318233043224118e-03	1.068265212573974443e+00	2.782382396658998669e+00	2.610962820130973208e-02	9.383910792657899902e-03	7.403954168761724475e+01	2.928597678417212791e+01	5.442673134464079965e-01	-5.592150495753571704e-01	7.803514465660582600e-01	-7.989433023692995572e-01	5.442673137100488834e-01	-5.592150500151201742e-01	7.803514470650811941e-01	-7.989433025202428151e-01
3.318982387475538330e+11	1.667841462590915480e+00	8.889145835589891756e-03	1.236670896085104498e+00	2.781616127423717888e+00	2.965137198322837994e-02	1.065976418920569664e-02	7.551960872368788102e+01	2.942063707676693696e+01	3.965614222067441741e-01	-6.983103795011070813e-01	8.030556317601015293e-01	-1.054324046764534950e+00	3.965614212093611646e-01	-6.983103779624352248e-01	8.030556299296004452e-01	-1.054324046898362344e+00
3.381604696673189697e+11	1.667833017055407652e+00	8.157881924090429684e-03	1.156350291531678787e+00	2.781600421742655982e+00	2.721196964447503142e-02	9.782846390074565954e-03	6.983212778548957544e+01	2.888794222083970453e+01	1.688953783910447648e-01	-8.067390929493213347e-01	8.242291022128179767e-01	-1.364421357303372329e+00	1.688953783844754919e-01	-8.067390929062472349e-01	8.242291021693117781e-01	-1.364421357300464654e+00
3.444227005870841675e+11	1.667533795372836414e+00	8.398136627802725226e-03	1.212450074649266130e+00	2.780598430011717248e+00	2.800835329003902377e-02	1.007277893410915733e-02	7.649307951540878037e+01	2.950777475857756116e+01	-5.473654440664598581e-02	-7.779372905016179729e-01	7.798605755175597176e-01	-1.641041685367256919e+00	-5.473654440676398863e-02	-7.779372905016133100e-01	7.798605755175633814e-01	-1.641041685367408354e+00
3.506849315068493042e+11	1.668280186939051113e+00	8.486896311436196993e-03	1.247541962425417150e+00	2.783086754724394041e+00	2.831704192995024294e-02	1.017468890679782204e-02	7.247436011598516359e+01	2.914061193821027373e+01	-2.257902615955531822e-01	-7.131209041433054230e-01	7.480124772739781269e-01	-1.877432680348520844e+00	-2.257902616001648544e-01	-7.131209041582303731e-01	7.480124772895990759e-01	-1.877432680348375627e+00
3.569471624266145020e+11	1.667686084566594840e+00	9.006991782978399780e-03	1.347636799115214501e+00	2.781095750756080953e+00	3.004166972055748175e-02	1.080209831408725230e-02	7.312140104567453136e+01	2.920108234086091414e+01	-3.670092534819487384e-01	-6.588645208587877722e-01	7.541871445389780604e-01	-2.079023082129194400e+00	-3.670092536771635827e-01	-6.588645209673357206e-01	7.541871447288036601e-01	-2.079023082285281543e+00
3.632093933463796387e+11	1.667699389829829792e+00	9.121860951479583354e-03	1.388767935165178269e+00	2.781138046491568261e+00	3.042504388579010330e-02	1.093978198031974117e-02	7.385682895504099577e+01	2.926916675387905542e+01	-5.510173318159904410e-01	-5.632622491959861089e-01	7.879622207510551535e-01	-2.345205843603721974e+00	-5.510173312149029279e-01	-5.632622485882746721e-01	7.879622198963052160e-01	-2.345205843597746309e+00
3.694716242661448364e+11	1.667182068644474713e+00	8.734729398406568257e-03	1.352756738676451631e+00	2.779419754512006957e+00	2.912476845497034145e-02	1.047872254908250970e-02	7.644141169130480762e+01	2.950317778798740065e+01	-6.993144511544712172e-01	-3.820983205595807064e-01	7.968938625487909100e-01	-2.641525372795184623e+00	-6.993144511455091639e-01	-3.820983205552229700e-01	7.968938625388368724e-01	-2.641525372794590876e+00
3.757338551859099731e+11	1.667810078517694805e+00	9.282177117308464120e-03	1.461905637261633251e+00	2.781504299193162222e+00	3.096181709366675749e-02	1.113132095558792660e-02	6.888924965150421542e+01	2.879545625448772839e+01	-7.305893033785606505e-01	-1.565577098092194031e-01	7.471753788180378608e-01	-2.930495578781695976e+00	-7.305893033785770818e-01	-1.565577098091830432e-01	7.471753788180461875e-01	-2.930495578781748378e+00
3.819960861056751709e+11	1.667625801075466319e+00	8.751414823512231392e-03	1.401284584912943387e+00	2.780899225151177490e+00	2.918817031120659114e-02	1.049594679563400565e-02	7.304759563649395204e+01	2.919421181557603973e+01	-7.324222435833238620e-01	3.281916821803567644e-03	7.324295965303798672e-01	-3.146073531779193466e+00	-7.324222435974544476e-01	3.281916821291136835e-03	7.324295965445080103e-01	-3.146073531778407428e+00
3.882583170254403076e+11	1.667438956109291270e+00	9.854339695966255266e-03	1.603752911627430944e+00	2.780255564339999541e+00	3.286301979157664477e-02	1.182014351956811767e-02	7.414952521106654615e+01	2.929607555516551542e+01	-7.133748237861124997e-01	1.594447943588967187e-01	7.309762524596936650e-01	-3.361486287909349002e+00	-7.133748238300621214e-01	1.594447944612919499e-01	7.309762525249202669e-01	-3.361486288032941250e+00
3.945205479452055054e+11	1.667461060757407632e+00	9.084551307449395541e-03	1.502319383754013415e+00	2.780343860069761419e+00	3.029627111924932531e-02	1.089659144480394082e-02	6.963789532558378426e+01	2.886899270155067043e+01	-6.850229179853438710e-01	3.665733969783059876e-01	7.769378698051536691e-01	-3.632944414666834820e+00	-6.850229176509931017e-01	3.665733967804514215e-01	7.769378694170065991e-01	-3.632944414645346676e+00
4.007827788649706421e+11	1.667016831311422198e+00	9.825006735474315842e-03	1.650559064748183369e+00	2.778848585118222747e+00	3.275690319156755043e-02	1.178794100801067862e-02	7.234659622830459114e+01	2.912860772227996620e+01	-5.358358952607299441e-01	5.359578662856688824e-01	7.578726417303601748e-01	-3.927104617821682186e+00	-5.358358952593439417e-01	5.359578662842443553e-01	7.578726417283728756e-01	-3.927104617821646659e+00
4.070450097847357788e+11	1.667803559676146019e+00	8.941610171401883148e-03	1.525623352845695724e+00	2.781488761275966670e+00	2.982569854620098840e-02	1.072292613992763093e-02	6.966500071136100303e+01	2.887164030191326702e+01	-3.508470155757542064e-01	6.473219307958686386e-01	7.362875188591103681e-01	-4.215710301193402287e+00	-3.508470155757750231e-01	6.473219307959184876e-01	7.362875188591641029e-01	-4.215710301193409393e+00
4.133072407045009766e+11	1.666871519660775292e+00	1.005232910653824224e-02	1.741521632587696766e+00	2.778359613735756017e+00	3.351188218789128564e-02	1.206175112185406580e-02	7.128235924141237945e+01	2.902778433744190068e+01	-2.080619363102554076e-01	6.678661230811224758e-01	6.995247870523115807e-01	-4.410385869125062364e+00	-2.080619363134590671e-01	6.678661230897128265e-01	6.995247870614660357e-01	-4.410385869124342051e+00
4.195694716242661133e+11	1.667885727452585565e+00	9.846594130954068949e-03	1.731725607326929151e+00	2.781745844424060810e+00	3.284598763007337552e-02	1.180768821706423138e-02	7.322016126597470986e+01	2.921026506225109998e+01	-3.763580296450963480e-02	7.211215667671021512e-01	7.221030173883942194e-01	-4.660245640295358704e+00	-3.763580289665425377e-02	7.211215667905861437e-01	7.221030174083096220e-01	-4.660245640390895616e+00
4.258317025440313110e+11	1.666439825500676708e+00	1.014544560893103006e-02	1.810915887464273899e+00	2.776918761948122150e+00	3.381354922034726651e-02	1.217664329388796346e-02	6.929433177463066329e+01	2.883534449281756196e+01	1.375492819099503605e-01	7.289391898701889083e-01	7.418033078131629487e-01	-4.898893878944314828e+00	1.375492818850566901e-01	7.289391897654317054e-01	7.418033077056066515e-01	-4.898893878937523816e+00
4.320939334637964478e+11	1.667584168999149519e+00	9.956492343158689778e-03	1.803323715421849771e+00	2.780737828956804769e+00	3.320657802042535633e-02	1.194164285271108114e-02	6.859570027366898159e+01	2.876640374555959312e+01	3.661074041231900944e-01	6.390254800034802507e-01	7.364700913462128851e-01	-5.232655058443969942e+00	3.661074041229985254e-01	6.390254800031239801e-01	7.364700913458085418e-01	-5.232655058443985041e+00
4.383561643835616455e+11	1.666270720606376265e+00	9.910124569529108959e-03	1.820938980468483237e+00	2.776359903781108862e+00	3.302590081553644780e-02	1.189539611581288785e-02	6.596325802369787539e+01	2.850017274145453783e+01	4.781167035150146183e-01	5.175769604301692084e-01	7.046144280017244688e-01	-5.458176951511474861e+00	4.781167035150437616e-01	5.175769604302074001e-01	7.046144280017723194e-01	-5.458176951511468644e+00
4.446183953033267822e+11	1.667969229033808398e+00	1.047842561940345862e-02	1.952866803268329621e+00	2.782011551600175991e+00	3.495538300376898472e-02	1.256478715326078167e-02	6.645857309989261807e+01	2.855106842628274322e+01	5.752722462265926762e-01	3.631323774831475837e-01	6.802964654142725776e-01	-5.720114456537049641e+00	5.752722462335294606e-01	3.631323774882840860e-01	6.802964654228803587e-01	-5.720114456536108172e+00
4.508806262230919800e+11	1.666340007525597189e+00	1.020660372481751836e-02	1.928998940748455126e+00	2.776584845920811784e+00	3.401534425524642413e-02	1.225078509854279560e-02	6.651236152436325710e+01	2.855657256163051727e+01	6.544612516339461949e-01	2.580743070598517375e-01	7.035068427916633116e-01	-5.907575601751536176e+00	6.544612516537200442e-01	2.580743070281152907e-01	7.035068427984164652e-01	-5.907575601803813470e+00
4.571428571428571167e+11	1.667191721952047789e+00	1.096032210683045224e-02	2.100218196716577612e+00	2.779408109084748446e+00	3.654591657287151879e-02	1.314881267469065161e-02	6.436131843871386593e+01	2.833291021049107528e+01	7.090633015377705295e-01	4.977941242837770341e-02	7.108085223809277320e-01	-6.213095836659849880e+00	7.090633015101419634e-01	4.977941242806115801e-02	7.108085223533447961e-01	-6.213095836657572590e+00
4.634050880626223145e+11	1.666102042685735141e+00	9.881476685543516200e-03	1.919427926855477917e+00	2.775798373060092139e+00	3.292709698107103983e-02	1.186220775278126228e-02	6.355660113490932162e+01	2.824731003389225137e+01	7.083709096228109070e-01	-1.402186157109475140e-01	7.221153687547045008e-01	-6.478604311630740575e+00	7.083709096226498136e-01	-1.402186157109207854e-01	7.221153687545412980e-01	-6.478604311630747681e+00
4.696673189823874512e+11	1.667267784995883240e+00	1.109499508067046322e-02	2.184271487286254754e+00	2.779658767969238387e+00	3.699665574537933099e-02	1.330978326250035690e-02	6.460365919036999571e+01	2.835847911690398249e+01	5.896246645175169387e-01	-3.084778347151079236e-01	6.654440769275175027e-01	-6.765201829196057837e+00	5.896246645175896584e-01	-3.084778347151432287e-01	6.654440769275983270e-01	-6.765201829196054284e+00
4.759295499021526489e+11	1.666474535670051660e+00	9.952308510315881554e-03	1.985434946215252072e+00	2.777038329592029786e+00	3.317053740714752397e-02	1.194457312802756771e-02	6.260964874973024052e+01	2.814518079811541895e+01	5.271693892677342674e-01	-4.262082729017609983e-01	6.779093279125298910e-01	-6.963078347545869740e+00	5.271693892733334552e-01	-4.262082729055280961e-01	6.779093279192524024e-01	-6.963078347544998437e+00
4.821917808219177856e+11	1.666690124689801156e+00	1.164003925330063874e-02	2.352682972649867033e+00	2.777720481224686733e+00	3.880067694895564245e-02	1.396853182716518982e-02	6.507870381712274366e+01	2.840832306283224540e+01	4.005905527355768103e-01	-5.305013479403392074e-01	6.647589571472592995e-01	-7.207213721080961477e+00	4.005905527226796270e-01	-5.305013479501682339e-01	6.647589571473313530e-01	-7.207213721105354409e+00
4.884540117416829834e+11	1.666282405334695849e+00	1.032507164237690331e-02	2.114004540407568911e+00	2.776390447223559210e+00	3.440897042302568792e-02	1.239341910912972709e-02	6.722430283260740680e+01	2.862900861614798842e+01	2.619192561876491077e-01	-6.597780040620325748e-01	7.098652769406113006e-01	-7.476080648420762920e+00	2.619192561833706412e-01	-6.597780040483214314e-01	7.098652769262889795e-01	-7.476080648419237917e+00
4.947162426614481201e+11	1.666388267603835072e+00	1.150974588604255361e-02	2.386772722869479058e+00	2.776717384157349144e+00	3.835941101520563834e-02	1.381466159792368517e-02	6.269145036959719164e+01	2.815406388814940541e+01	5.542514489817455120e-02	-6.669898904755356961e-01	6.692887722676592599e-01	-7.771074684314703163e+00	5.542514489816756373e-02	-6.669898904755017233e-01	6.692887722676249540e-01	-7.771074684314709380e+00
5.009784735812133179e+11	1.666500447495838033e+00	1.020450718242636029e-02	2.142891893705741069e+00	2.777119609536992328e+00	3.401163157197604342e-02	1.224708919816620313e-02	6.543118855735777117e+01	2.844507285807289776e+01	-1.148847277457240856e-01	-6.578953059996651698e-01	6.678508323911875877e-01	-8.026863066290086834e+00	-1.148847277457337168e-01	-6.578953059997669772e-01	6.678508323912895062e-01	-8.026863066290074400e+00
5.072407045009784546e+11	1.666236115740364232e+00	1.182045330422108569e-02	2.513259829860182926e+00	2.776203070281219265e+00	3.939133239983139134e-02	1.418892328933315204e-02	6.728431227742275667e+01	2.863507914482935135e+01	-2.371399703267208225e-01	-5.849131886253007284e-01	6.311567188538633744e-01	-8.239158231367609275e+00	-2.371399703278019022e-01	-5.849131886280665160e-01	6.311567188568326658e-01	-8.239158231367548879e+00
5.135029354207436523e+11	1.666502794431328649e+00	1.087869665700183855e-02	2.341579776976627336e+00	2.777113217806472356e+00	3.625875675732863346e-02	1.305627603687253835e-02	6.875810409483261765e+01	2.878249214098488906e+01	-3.960837432117464418e-01	-5.386460523656219079e-01	6.685969648193873516e-01	-8.488029019026143374e+00	-3.960837432179753481e-01	-5.386460523579928994e-01	6.685969648169312052e-01	-8.488029019040409295e+00
5.197651663405087891e+11	1.665680886990357878e+00	1.178886058906866013e-02	2.568432540739631342e+00	2.774353840050996833e+00	3.927295952521112077e-02	1.415571401104670328e-02	6.595539933230362806e+01	2.849936215192128586e+01	-5.149842407162164015e-01	-4.152761588783507318e-01	6.615610752748495305e-01	-8.746155137378419653e+00	-5.149842407135292177e-01	-4.152761588764424250e-01	6.615610752715599396e-01	-8.746155137378114119e+00
5.260273972602739868e+11	1.666289178168456120e+00	1.076504878716424626e-02	2.373632762211437708e+00	2.776403739005918858e+00	3.587536859301449638e-02	1.292152437665983720e-02	6.630035269757138394e+01	2.853485197060726364e+01	-6.228277814763700793e-01	-2.412201074074666884e-01	6.679083661674307670e-01	-9.055269098210015244e+00	-6.228277814763577558e-01	-2.412201074074645235e-01	6.679083661674184436e-01	-9.055269098210011691e+00
5.322896281800391235e+11	1.665777746969792084e+00	1.178494439521171264e-02	2.629448702995483167e+00	2.774676617385358313e+00	3.926219624564009081e-02	1.415018816954523653e-02	6.402026784674146143e+01	2.829676305970583883e+01	-6.164202801387149711e-01	-8.766495023821496702e-02	6.226227632094417652e-01	-9.283509085824041662e+00	-6.164202801387838049e-01	-8.766495023823699106e-02	6.226227632095130415e-01	-9.283509085824022122e+00
5.385518590998043213e+11	1.666511340934202945e+00	1.123224460815953722e-02	2.535614596599622850e+00	2.777133886143377861e+00	3.743732604728984559e-02	1.348056218466272063e-02	6.498803478091016927e+01	2.839883779063911362e+01	-6.272182108957118363e-01	6.610575677426915042e-02	6.306922031846567966e-01	-9.529785442303083443e+00	-6.272182108982857773e-01	6.610575677461380528e-02	6.306922031872527201e-01	-9.529785442303198906e+00
5.448140900195694580e+11	1.665263068387899725e+00	1.203536637834048614e-02	2.748506747106230108e+00	2.772956236892822002e+00	4.008410228873568459e-02	1.445536779680702336e-02	5.760658870062367498e+01	2.757857569359960337e+01	-6.002226687700658037e-01	1.930854457585318706e-01	6.305150604618664500e-01	-9.736012892655221407e+00	-6.002226687677013617e-01	1.930854457618883524e-01	6.305150604606434284e-01	-9.736012892661438656e+00
5.510763209393345947e+11	1.665983951480243030e+00	1.142345659546885155e-02	2.638751221279456161e+00	2.775372031229136116e+00	3.806259071696448115e-02	1.371441028037873738e-02	5.883581485031590574e+01	2.772222176123177562e+01	-5.322846786689540144e-01	3.805965251060537402e-01	6.543551742505858693e-01	-1.004551639580497202e+01	-5.322846786679925613e-01	3.805965251052594867e-01	6.543551742493418644e-01	-1.004551639580483879e+01
5.573385518590998535e+11	1.665066439336023052e+00	1.168008479087171043e-02	2.728690264770956109e+00	2.772309823022419906e+00	3.889623438775919456e-02	1.403026244207938172e-02	3.668649858450253731e+01	2.450868320844315917e+01	-4.071214176226150561e-01	4.837696345251525365e-01	6.322823008559131930e-01	-1.029600023586704083e+01	-4.071214176226162773e-01	4.837696345251437657e-01	6.322823008559071978e-01	-1.029600023586703017e+01
5.636007827788649902e+11	1.666427000751573129e+00	1.173793900717189087e-02	2.773017416208320540e+00	2.776841169621747429e+00	3.912083698945270638e-02	1.408825157788251223e-02	4.937357530519732762e+01	2.652934223374291278e+01	-2.425925199731669424e-01	5.579828116979643760e-01	6.084373007116652410e-01	-1.058546006391422978e+01	-2.425925199732105186e-01	5.579828116980475317e-01	6.084373007117588328e-01	-1.058546006391421912e+01
5.698630136986301270e+11	1.665335353568367482e+00	1.211689729984941934e-02	2.894350075932575095e+00	2.773195020644504183e+00	4.035739489799265722e-02	1.455267105182288939e-02	5.244146823883561837e+01	2.693946768007478099e+01	-1.316020096369464598e-01	5.858271494159912329e-01	6.004269630299333693e-01	-1.077459960179467835e+01	-1.316020096370461301e-01	5.858271494172060390e-01	6.004269630311405148e-01	-1.077459960179495901e+01
5.761252446183952637e+11	1.665913270805319257e+00	1.224234548350920139e-02	2.956451084967248732e+00	2.775117150822339340e+00	4.078937161352308438e-02	1.469825214457563811e-02	5.616397381259265842e+01	2.740603133643234202e+01	3.081591980834688313e-02	6.132067127195299783e-01	6.139805318069349038e-01	-1.104578576958074443e+01	3.081591980983257664e-02	6.132067127181274335e-01	6.139805318056087424e-01	-1.104578576958327574e+01
5.823874755381605225e+11	1.664942670845668937e+00	1.200257878241550030e-02	2.930054868701534865e+00	2.771890035305281330e+00	3.996721115006084124e-02	1.441875782985707968e-02	5.353421534119146230e+01	2.707977677022607566e+01	1.841990270047640377e-01	5.975670960492930339e-01	6.253124945419584746e-01	-1.129458102408886511e+01	1.841990270046020006e-01	5.975670960488600469e-01	6.253124945414968439e-01	-1.129458102408882070e+01
5.886497064579256592e+11	1.665753798380980033e+00	1.217130401753719997e-02	3.003192725750844172e+00	2.774587576179175397e+00	4.054879179692454788e-02	1.461434922618784840e-02	5.588840888931991913e+01	2.737256865846967457e+01	3.444775513447209669e-01	4.959953056134246974e-01	6.038841996368256027e-01	-1.160261141584903299e+01	3.444775513447171367e-01	4.959953056134261407e-01	6.038841996368246035e-01	-1.160261141584902767e+01
5.949119373776907959e+11	1.665186934782179495e+00	1.204351463069183378e-02	3.003274918357521805e+00	2.772702481524611073e+00	4.010940642377213566e-02	1.446581690283531285e-02	5.239110424316377390e+01	2.693293064301269624e+01	4.337160585460057005e-01	3.983214172639603645e-01	5.888714383393478524e-01	-1.182348653847207487e+01	4.337160585460508311e-01	3.983214172640125450e-01	5.888714383394162422e-01	-1.182348653847206066e+01
6.011741682974559326e+11	1.665703871823060789e+00	1.276496401827735896e-02	3.216688950778862743e+00	2.774406444299947871e+00	4.252529997785330779e-02	1.532771092902485838e-02	5.668071869638385607e+01	2.746834095068168224e+01	5.059188324383712132e-01	2.737599060085476599e-01	5.752376475454414884e-01	-1.207037503799173273e+01	5.059188324390389013e-01	2.737599060086004510e-01	5.752376475460537764e-01	-1.207037503799220524e+01
6.074363992172210693e+11	1.664805637641445957e+00	1.240569504148857083e-02	3.158719595542274217e+00	2.771423909853279355e+00	4.130614208786140967e-02	1.490430314215199920e-02	5.428122860198922695e+01	2.717405496639111817e+01	5.739660890188548192e-01	1.621127662031469352e-01	5.964206739455265582e-01	-1.229109785777896313e+01	5.739660890183101438e-01	1.621127662022099070e-01	5.964206739447477368e-01	-1.229109785778022612e+01
6.136986301369863281e+11	1.665278364834616331e+00	1.283019700897773847e-02	3.300484063096590592e+00	2.772987418430964635e+00	4.273169899123286514e-02	1.540998661126694903e-02	5.804663020088220549e+01	2.763034769886179021e+01	5.897572487469354696e-01	-1.597656310729375986e-02	5.899736121372515241e-01	-1.259345405693155229e+01	5.897572487468155655e-01	-1.597656310728534645e-02	5.899736121371313979e-01	-1.259345405693154518e+01
6.199608610567514648e+11	1.664699726510733058e+00	1.240685566374629713e-02	3.224149443647918112e+00	2.771071249377448531e+00	4.130737846059320123e-02	1.490664611019054675e-02	5.706710034931915487e+01	2.751456117692175951e+01	5.611559741083590458e-01	-1.605384767334437912e-01	5.836682531964504372e-01	-1.284501325547169515e+01	5.611559741083579356e-01	-1.605384767334444296e-01	5.836682531964496601e-01	-1.284501325547169515e+01
6.262230919765166016e+11	1.665296908083802929e+00	1.294541200790702909e-02	3.398084047140255137e+00	2.773046208381419575e+00	4.311590918127702204e-02	1.554821158441606170e-02	5.874332373280704900e+01	2.771151823639415923e+01	4.771732176833934358e-01	-2.861376468457163535e-01	5.563892815437111450e-01	-1.310653384234368701e+01	4.771732176834450057e-01	-2.861376468457398348e-01	5.563892815437674333e-01	-1.310653384234367635e+01
6.324853228962817383e+11	1.664686092734113831e+00	1.280922278132702943e-02	3.395958639132990342e+00	2.771015711154108718e+00	4.264667004561618208e-02	1.539026641889884583e-02	5.622134686928018965e+01	2.741297766650547629e+01	4.112896770235739408e-01	-3.821401244545929998e-01	5.614180912157423764e-01	-1.331504662734831967e+01	4.112896770236848520e-01	-3.821401244549899601e-01	5.614180912160938730e-01	-1.331504662734870337e+01
6.387475538160469971e+11	1.664846589243256680e+00	1.332809058207767156e-02	3.568505304991305138e+00	2.771536527716341070e+00	4.437845229339436315e-02	1.601221988221847997e-02	5.776491285377387896e+01	2.759724834030775398e+01	2.976063744829078317e-01	-4.769430868852593819e-01	5.621781410376082144e-01	-1.357929627332411116e+01	2.976063744824941071e-01	-4.769430868850919603e-01	5.621781410372470589e-01	-1.357929627332457834e+01
6.450097847358121338e+11	1.664262222838931216e+00	1.279339597028970182e-02	3.458926279882148513e+00	2.769605075388327453e+00	4.258313123034592612e-02	1.537516363208401779e-02	5.332659278759416566e+01	2.705333968327258276e+01	1.699270076108882477e-01	-5.498746741990343523e-01	5.755322278040432282e-01	-1.383744773603026523e+01	1.699270076108709837e-01	-5.498746741989778419e-01	5.755322278039841644e-01	-1.383744773603026523e+01
6.512720156555772705e+11	1.664737634542906797e+00	1.318280582331907147e-02	3.598814268939682037e+00	2.771177605494137719e+00	4.389182596590129881e-02	1.583869106003215135e-02	5.580429981010143337e+01	2.736232216856948085e+01	6.143177771779209650e-03	-5.505954980149062594e-01	5.506297676909761574e-01	-1.412601007027598321e+01	6.143177771782081485e-03	-5.505954980149067035e-01	5.506297676909767125e-01	-1.412601007027597788e+01
6.575342465753424072e+11	1.664362803904177124e+00	1.288999539888898219e-02	3.552714435911218160e+00	2.769937391038390651e+00	4.290725776881361420e-02	1.549033487458306539e-02	5.057063175253982479e+01	2.669232239785432981e+01	-1.152377537195632962e-01	-5.319531865572062479e-01	5.442921389940301724e-01	-1.435050188010176342e+01	-1.152377537195681811e-01	-5.319531865572515450e-01	5.442921389940754695e-01	-1.435050188010175631e+01
6.637964774951076660e+11	1.664668296917083623e+00	1.361564312008401410e-02	3.788456144047926966e+00	2.770935153023250219e+00	4.533105888828212193e-02	1.635948024219308072e-02	5.122442429735579594e+01	2.677971531351625600e+01	-2.360627387878742045e-01	-4.766801844209389016e-01	5.319300845633874175e-01	-1.459698522772706575e+01	-2.360627387880929462e-01	-4.766801844209900829e-01	5.319300845635303032e-01	-1.459698522772739082e+01
6.700587084148728027e+11	1.663985966798985583e+00	1.311410466613129044e-02	3.683330273264358024e+00	2.768677317962760398e+00	4.364337226315112561e-02	1.576325705418956530e-02	4.846199589152066523e+01	2.640255741001375611e+01	-3.524126554306244996e-01	-4.263255865369480757e-01	5.531258314739394555e-01	-1.482793488325628317e+01	-3.524126554305739289e-01	-4.263255865366812336e-01	5.531258314737016457e-01	-1.482793488325652120e+01
6.763209393346379395e+11	1.664329058020360019e+00	1.354334314855547977e-02	3.839439929106797766e+00	2.769807791227299365e+00	4.508115908976367825e-02	1.627591605184569579e-02	4.918257934995011027e+01	2.650297297373684202e+01	-4.522165563669757193e-01	-2.992627741969273725e-01	5.422711700546575253e-01	-1.512335921635771641e+01	-4.522165563669607313e-01	-2.992627741969164368e-01	5.422711700546389846e-01	-1.512335921635771818e+01
6.825831702544030762e+11	1.663997579558820217e+00	1.295053193884902407e-02	3.705376514288551526e+00	2.768720228500112679e+00	4.309930760048794052e-02	1.556650872733210400e-02	4.476393120885856547e+01	2.586252140152505063e+01	-5.117899453086278694e-01	-1.762472477913755164e-01	5.412873917551034308e-01	-1.537630907096761490e+01	-5.117899453086285355e-01	-1.762472477913762103e-01	5.412873917551043190e-01	-1.537630907096761312e+01
6.888454011741683350e+11	1.664499819068206765e+00	1.378413944463943719e-02	3.980068827006362220e+00	2.770369645177863660e+00	4.588739522322655279e-02	1.656363630142232771e-02	4.787827508143430322e+01	2.632011330525361004e+01	-5.107913571532443076e-01	-3.759309959363782427e-02	5.121728728461810709e-01	-1.563449796192869812e+01	-5.107913571532782804e-01	-3.759309959363880266e-02	5.121728728462150437e-01	-1.563449796192869989e+01
6.951076320939334717e+11	1.664019168007408123e+00	1.331779565687329740e-02	3.880373812755371077e+00	2.768782427814908242e+00	4.432213449728595461e-02	1.600780691614851065e-02	4.375004290744909952e+01	2.570665437660193575e+01	-5.203178187253368892e-01	7.508575530076945503e-02	5.257076213373548246e-01	-1.585128136737670701e+01	-5.203178187254015041e-01	7.508575530092427563e-02	5.257076213374408669e-01	-1.585128136737698057e+01
7.013698630136986084e+11	1.664155771235213743e+00	1.414699782575913264e-02	4.159111359989976719e+00	2.769214293387987080e+00	4.708561615477815931e-02	1.700324032965011209e-02	4.671301356483417777e+01	2.615248351133829985e+01	-4.725329733459350257e-01	2.065922296178282214e-01	5.157206222729663336e-01	-1.612012332414389704e+01	-4.725329733458282777e-01	2.065922296178379358e-01	5.157206222728724088e-01	-1.612012332414399651e+01
7.076320939334637451e+11	1.663806508756362712e+00	1.334085952015667473e-02	3.957131602120527170e+00	2.768074120047300024e+00	4.439321780408192475e-02	1.603758276650603040e-02	4.382010879023932404e+01	2.571754136017975156e+01	-4.153012361704659372e-01	3.326774510662345863e-01	5.321178471096831286e-01	-1.638334470680097255e+01	-4.153012361704591093e-01	3.326774510662289241e-01	5.321178471096741358e-01	-1.638334470680097255e+01
7.138943248532290039e+11	1.664095249143457078e+00	1.418265305299652203e-02	4.244050760526310917e+00	2.769011850574202516e+00	4.720257113148292050e-02	1.704672051934145657e-02	4.619745427864251752e+01	2.607697856499388323e+01	-2.904307759825201507e-01	4.058827006401636850e-01	4.990899741697497616e-01	-1.665767115030786982e+01	-2.904307759825249247e-01	4.058827006401612980e-01	4.990899741697505942e-01	-1.665767115030785916e+01
7.201565557729941406e+11	1.663999207784315759e+00	1.354295258640597979e-02	4.088174619160374945e+00	2.768709951942072589e+00	4.507092474968019818e-02	1.627867329261623724e-02	4.359474263783370418e+01	2.568246121293579876e+01	-1.900224160570101739e-01	4.672351188535036060e-01	5.043978339507328990e-01	-1.689249460190112018e+01	-1.900224160570200826e-01	4.672351188535316391e-01	5.043978339507625419e-01	-1.689249460190112373e+01
7.264187866927592773e+11	1.663870949899625584e+00	1.465016398245517527e-02	4.460861241355675411e+00	2.768251910615169731e+00	4.875196452334595171e-02	1.761110119220043665e-02	4.662290445010823703e+01	2.613934709109184951e+01	-7.292763521060764698e-02	4.786860335779315467e-01	4.842094161826926424e-01	-1.712757252630772697e+01	-7.292763521053703679e-02	4.786860335779678510e-01	4.842094161827179555e-01	-1.712757252630787974e+01
7.326810176125244141e+11	1.663699228917736361e+00	1.392448393301924485e-02	4.276448136653092646e+00	2.767701233048669884e+00	4.633230636488305104e-02	1.674035687509783238e-02	4.515008939882476824e+01	2.592095968909378101e+01	5.255282062308817836e-02	5.043917371372648173e-01	5.071220991514668874e-01	-1.738257549957181780e+01	5.255282062310644847e-02	5.043917371372035330e-01	5.071220991514078236e-01	-1.738257549957186754e+01
7.389432485322896729e+11	1.663453912998726691e+00	1.470398343735375944e-02	4.554442793361367592e+00	2.766862713541849317e+00	4.891879757106915722e-02	1.768024027055842273e-02	4.544096983620890740e+01	2.596465025282552830e+01	1.749057064239178672e-01	4.529962638385933160e-01	4.855899722928533890e-01	-1.764723347815395371e+01	1.749057064239158688e-01	4.529962638385897078e-01	4.855899722928494477e-01	-1.764723347815395371e+01
7.452054794520548096e+11	1.663593662278644691e+00	1.383906379863807795e-02	4.322867379764645968e+00	2.767352353486850269e+00	4.604515765456826393e-02	1.663870435456171401e-02	4.276334935156615558e+01	2.555146043590669436e+01	2.926755250022776145e-01	3.963554833624294282e-01	4.927033916331649555e-01	-1.791480610895605352e+01	2.926755250022795574e-01	3.963554833624290952e-01	4.927033916331658436e-01	-1.791480610895605707e+01
7.514677103718199463e+11	1.663406909291868185e+00	1.491552518124570313e-02	4.698270690077872125e+00	2.766700072988493186e+00	4.962117528440189440e-02	1.793514800135268331e-02	3.650847563760552816e+01	2.447558895725085293e+01	3.523202692822527404e-01	2.997336071501318089e-01	4.625687056020419963e-01	-1.814463131719080735e+01	3.523202692822651749e-01	2.997336071501408572e-01	4.625687056020573729e-01	-1.814463131719080735e+01
7.577299412915850830e+11	1.663864765460992379e+00	1.414828288127192510e-02	4.493733821058295774e+00	2.768245783834074825e+00	4.708165875584657128e-02	1.700775958218476991e-02	3.360194807228815250e+01	2.391117490648969834e+01	4.365254202128665550e-01	2.064580307925640290e-01	4.828864887018097241e-01	-1.840777528934878049e+01	4.365254202129055239e-01	2.064580307925082125e-01	4.828864887018211594e-01	-1.840777528934891905e+01
7.639921722113503418e+11	1.662949449525699341e+00	1.503453093665752319e-02	4.814685823447184987e+00	2.765174834557341033e+00	5.000332988998344719e-02	1.808324351323997020e-02	4.232959954917552636e+01	2.548210085569881400e+01	4.565085063205776006e-01	1.019852331622145142e-01	4.677616958732257468e-01	-1.862976233082086708e+01	4.565085063205571170e-01	1.019852331622031344e-01	4.677616958732032093e-01	-1.862976233082088129e+01
7.702544031311154785e+11	1.663467038571801559e+00	1.423416703685371001e-02	4.595739553159368995e+00	2.766919976903606582e+00	4.735613537466279443e-02	1.711510841295016405e-02	3.854701624200397703e+01	2.484524745603438944e+01	4.802630848990003809e-01	-3.833430940575233148e-02	4.817905665269094362e-01	-1.892920644929099439e+01	4.802630848989981605e-01	-3.833430940575321272e-02	4.817905665269073268e-01	-1.892920644929099794e+01
7.765166340508806152e+11	1.662887406357525411e+00	1.497123423181947501e-02	4.873012546901542841e+00	2.764970388368033660e+00	4.979095372344257558e-02	1.800777105350146248e-02	3.992083174846157334e+01	2.508350026607145367e+01	4.330457809551598869e-01	-1.380666091379814664e-01	4.545228673696455890e-01	-1.915819429833111442e+01	4.330457809551618853e-01	-1.380666091379787741e-01	4.545228673696467547e-01	-1.915819429833110732e+01
7.827788649706457520e+11	1.663530853976696866e+00	1.449667600894420302e-02	4.756600586801107866e+00	2.767124748517129973e+00	4.823133564196488421e-02	1.743012694596132728e-02	3.631541479065592171e+01	2.443951628406224685e+01	3.841309034708625947e-01	-2.510240096320621173e-01	4.588786380003962995e-01	-1.942837756683948314e+01	3.841309034708758618e-01	-2.510240096320688896e-01	4.588786380004111209e-01	-1.942837756683947958e+01
7.890410958904110107e+11	1.662738224732484671e+00	1.515241007797909871e-02	5.011531907375815109e+00	2.764468808455363469e+00	5.038898286695515233e-02	1.822736531258235121e-02	3.655993590795400650e+01	2.448517191223387712e+01	3.164066596715084945e-01	-3.169548746126215621e-01	4.478544036014209806e-01	-1.963581964871697139e+01	3.164066596714880109e-01	-3.169548746126488736e-01	4.478544036014258656e-01	-1.963581964871704599e+01
7.953033268101761475e+11	1.663241176562796353e+00	1.477991248798193359e-02	4.927127750923447458e+00	2.766152765600842667e+00	4.916511807201247308e-02	1.777382604584139963e-02	3.350012720341232608e+01	2.389052784937644702e+01	2.186281934859199416e-01	-4.050199447621553595e-01	4.602601901555860575e-01	-1.992537685137918047e+01	2.186281934859083120e-01	-4.050199447621456450e-01	4.602601901555719577e-01	-1.992537685137919468e+01
8.015655577299412842e+11	1.662493458404938007e+00	1.500496831864118856e-02	5.041540864327331839e+00	2.763659350164967776e+00	4.989132334662863683e-02	1.805263132145809926e-02	3.268924477080584268e+01	2.372382295955485887e+01	1.160538550436607114e-01	-4.352516651296088335e-01	4.504581104482326404e-01	-2.015977829003927013e+01	1.160538550436615163e-01	-4.352516651296073902e-01	4.504581104482315301e-01	-2.015977829003926658e+01
8.078277886497064209e+11	1.663311398507528516e+00	1.483079443064447799e-02	5.021949772647313459e+00	2.766384855941626419e+00	4.933645885082586086e-02	1.783427159271107343e-02	3.208125675739888294e+01	2.359609455359632335e+01	-1.591343507689104222e-02	-4.435678679971695737e-01	4.438532313000558283e-01	-2.045621285540172352e+01	-1.591343507689192346e-02	-4.435678679971705174e-01	4.438532313000567719e-01	-2.045621285540172707e+01
8.140900195694715576e+11	1.662501818841001233e+00	1.521013214133769449e-02	5.190325310515205182e+00	2.763680949529880415e+00	5.057374469957177932e-02	1.829941502769149089e-02	2.985164436986297432e+01	2.310603072482864917e+01	-1.010278589185337195e-01	-4.193751025187882897e-01	4.313723506326145873e-01	-2.065674893253780908e+01	-1.010278589185399506e-01	-4.193751025187955062e-01	4.313723506326230250e-01	-2.065674893253781974e+01
8.203522504892368164e+11	1.663144605545606947e+00	1.514767466838129809e-02	5.208773873685842659e+00	2.765820526907593280e+00	5.038554682255639433e-02	1.821721486711628049e-02	3.004377766994418053e+01	2.314967903968481977e+01	-2.148479778382597627e-01	-3.794029190669850893e-01	4.360117298625561522e-01	-2.093560791128984988e+01	-2.148479778382769989e-01	-3.794029190669752083e-01	4.360117298625559856e-01	-2.093560791128989251e+01
8.266144814090019531e+11	1.662366931085413890e+00	1.531828323495046558e-02	5.307649868013240457e+00	2.763229163765071217e+00	5.092921498156350452e-02	1.843105003718522109e-02	2.958525451093412784e+01	2.304504594886213198e+01	-2.934060787002314430e-01	-3.206996809403114823e-01	4.346670132106461582e-01	-2.116133517548252385e+01	-2.934060787002275572e-01	-3.206996809403055981e-01	4.346670132106391637e-01	-2.116133517548252385e+01
8.328767123287670898e+11	1.662975885972732382e+00	1.518654473675678553e-02	5.301867305699824229e+00	2.765258166185752930e+00	5.050971537694530500e-02	1.826582269771059516e-02	2.911240638166310646e+01	2.293543163902195658e+01	-3.734466914050417197e-01	-2.178604444724876466e-01	4.323489384595761709e-01	-2.146304107955534946e+01	-3.734466914050416642e-01	-2.178604444724866196e-01	4.323489384595756158e-01	-2.146304107955534946e+01
8.391389432485322266e+11	1.662458544039728814e+00	1.538684005308123270e-02	5.412183051599511963e+00	2.763531655803876053e+00	5.115996742403521730e-02	1.851253171520245849e-02	2.914946994292515470e+01	2.294408768823364042e+01	-4.004768150924579717e-01	-1.243535909897194452e-01	4.193393554373798793e-01	-2.169007419003229131e+01	-4.004768150924579162e-01	-1.243535909897223041e-01	4.193393554373807119e-01	-2.169007419003228421e+01
8.454011741682974854e+11	1.662964938390146807e+00	1.545335309874502384e-02	5.476142437201356294e+00	2.765213580192950271e+00	5.139676876755140678e-02	1.858690740408017877e-02	2.909605004373063863e+01	2.293160817522507244e+01	-4.140685169556859169e-01	-1.406521771749938247e-02	4.143073340930881754e-01	-2.195719329676905218e+01	-4.140685169556921341e-01	-1.406521771750075464e-02	4.143073340930945037e-01	-2.195719329676904863e+01
8.516634050880626221e+11	1.662298468615508229e+00	1.571509109572126472e-02	5.610144538774679113e+00	2.762989234673316918e+00	5.224634372514133651e-02	1.890935479208217043e-02	2.935606163650457745e+01	2.299213562133993705e+01	-4.045150851752494225e-01	7.395047666208472148e-02	4.112190743787170755e-01	-2.217196455609240857e+01	-4.045150851752474241e-01	7.395047666209624004e-02	4.112190743787171310e-01	-2.217196455609243699e+01
8.579256360078277588e+11	1.662629900486742640e+00	1.561404219088808124e-02	5.615056815304059867e+00	2.764094387679016496e+00	5.192074682806410019e-02	1.878399922213273496e-02	2.902806060393925236e+01	2.291569186780240130e+01	-3.712269663915332418e-01	1.857688116758959007e-01	4.151138542228324790e-01	-2.245513086344045561e+01	-3.712269663915279683e-01	1.857688116758981489e-01	4.151138542228287598e-01	-2.245513086344046627e+01
8.641878669275928955e+11	1.662046052701614096e+00	1.568047069670732915e-02	5.680105744425019587e+00	2.762151204139746241e+00	5.212332885193148718e-02	1.887055595429105309e-02	2.920952396210056534e+01	2.295808973147093468e+01	-3.124210659378788835e-01	2.632754532594492325e-01	4.085595265450664981e-01	-2.269138598725835720e+01	-3.124210659378786059e-01	2.632754532594489549e-01	4.085595265450661095e-01	-2.269138598725835720e+01
8.704500978473581543e+11	1.662711171871533056e+00	1.567423763761423977e-02	5.718991701504159586e+00	2.764362759340886377e+00	5.212346006126092335e-02	1.885550653044133773e-02	2.767244559200920406e+01	2.259031312131422808e+01	-2.203580332433696110e-01	3.345229115606053738e-01	4.005786329472287299e-01	-2.297946173777850731e+01	-2.203580332433738576e-01	3.345229115606035974e-01	4.005786329472295626e-01	-2.297946173777849310e+01
8.767123287671232910e+11	1.661924227653598596e+00	1.597835900006804033e-02	5.871897278991685454e+00	2.761736830505674867e+00	5.310964388072000886e-02	1.923052308752953160e-02	2.805330706981263589e+01	2.268331138634014721e+01	-1.458000414838423187e-01	3.632603793441103734e-01	3.914278417510909103e-01	-2.318026226158282910e+01	-1.458000414838424019e-01	3.632603793441143702e-01	3.914278417510946850e-01	-2.318026226158283265e+01
8.829745596868884277e+11	1.662470647766534526e+00	1.586940318271729336e-02	5.873513158286968405e+00	2.763556816727905208e+00	5.276483397768064881e-02	1.909308817473672967e-02	2.601594561036433362e+01	2.217035508889129503e+01	-4.025646854262332486e-02	3.940846434140963250e-01	3.961354432947633564e-01	-2.346014617909896316e+01	-4.025646854261549085e-02	3.940846434140959920e-01	3.961354432947622461e-01	-2.346014617909898092e+01
8.892367906066535645e+11	1.661633834085828987e+00	1.597812050237076495e-02	5.955692628083447460e+00	2.760771698243984051e+00	5.309957126367945146e-02	1.923359736607483869e-02	2.633957583466056107e+01	2.225446537209758802e+01	4.613902507957051702e-02	3.917042214732988081e-01	3.944122294697469666e-01	-2.367919509932139732e+01	4.613902507956649940e-02	3.917042214732969763e-01	3.944122294697446907e-01	-2.367919509932139022e+01
8.954990215264188232e+11	1.662355572506079460e+00	1.585270995129529903e-02	5.950559339621270816e+00	2.763174741029215564e+00	5.270568145371663793e-02	1.907432080610473729e-02	2.453605773842715010e+01	2.177190720156407266e+01	1.610137510484907220e-01	3.571705165489282296e-01	3.917859184791274707e-01	-2.398546689304339452e+01	1.610137510484881129e-01	3.571705165489293399e-01	3.917859184791274152e-01	-2.398546689304338742e+01
9.017612524461839600e+11	1.661558661689239491e+00	1.588835061412795235e-02	6.005643469897886888e+00	2.760524746549299469e+00	5.279885316571969467e-02	1.912638284866640531e-02	2.436813709614399670e+01	2.172518571425561618e+01	2.268281176653754450e-01	3.102730708355625477e-01	3.843440821052763745e-01	-2.419321357151502383e+01	2.268281176653743347e-01	3.102730708355640465e-01	3.843440821052769296e-01	-2.419321357151502028e+01
9.080234833659490967e+11	1.662376827016308178e+00	1.610435117746425449e-02	6.129562446431027212e+00	2.763237364873961432e+00	5.354300042309875080e-02	1.937690952783601567e-02	2.242021549998745655e+01	2.115837010273750707e+01	3.001671763262874770e-01	2.288280252212513410e-01	3.774421795061518869e-01	-2.448139217672080292e+01	3.001671763262919734e-01	2.288280252212497867e-01	3.774421795061545515e-01	-2.448139217672081003e+01
9.142857142857142334e+11	1.661341907769392057e+00	1.593976749225064354e-02	6.108760201088136554e+00	2.759802858323135766e+00	5.296280746995244565e-02	1.919079375913567906e-02	2.218334215746927285e+01	2.108610847334875871e+01	3.432887965076007464e-01	1.689936695537537781e-01	3.826304459356053567e-01	-2.467528993530599379e+01	3.432887965076046322e-01	1.689936695537441191e-01	3.826304459356046350e-01	-2.467528993530602222e+01
9.205479452054794922e+11	1.662235379465528240e+00	1.614787224590681289e-02	6.230901399632709392e+00	2.762765702968838610e+00	5.368312910047156467e-02	1.943093800635509877e-02	1.991285917148934814e+01	2.035150330007805053e+01	3.746290587018258900e-01	5.320555263500763299e-02	3.783883751583981270e-01	-2.499166275029531192e+01	3.746290587018250018e-01	5.320555263500622439e-02	3.783883751583970723e-01	-2.499166275029531548e+01
9.268101761252446289e+11	1.661324327562903269e+00	1.574638578883447854e-02	6.117314970614978975e+00	2.759750572686921810e+00	5.231970756436299386e-02	1.895812907230379901e-02	1.985073651600885469e+01	2.033024533473422579e+01	3.812380424904195375e-01	-2.716715209138413981e-02	3.822047869855679236e-01	-2.520388131290059519e+01	3.812380424904190934e-01	-2.716715209138641576e-02	3.822047869855675906e-01	-2.520388131290060230e+01
9.330724070450097656e+11	1.662319474263702856e+00	1.632291108545594685e-02	6.384135889646594286e+00	2.763039597090049870e+00	5.426778594805659051e-02	1.964061101592962794e-02	1.932757194584329952e+01	2.014853675317510096e+01	3.377149062940097979e-01	-1.341161359406491671e-01	3.633710168035179655e-01	-2.551076952626225847e+01	3.377149062940109081e-01	-1.341161359406476961e-01	3.633710168035184096e-01	-2.551076952626225491e+01
9.393346379647749023e+11	1.661412421589794741e+00	1.585719268204262636e-02	6.243610491388682959e+00	2.760039784053110790e+00	5.269067378697682436e-02	1.909054865491855921e-02	1.899409716345102339e+01	2.003012725984920195e+01	3.124622410844876130e-01	-2.006195471924727691e-01	3.713231137691986872e-01	-2.570351455288670195e+01	3.124622410844890008e-01	-2.006195471924743789e-01	3.713231137692007411e-01	-2.570351455288670195e+01
9.455968688845401611e+11	1.662107805840496333e+00	1.656221449460456088e-02	6.564680460215052804e+00	2.762328051286943698e+00	5.505637198697370394e-02	1.993114900358175512e-02	1.826914287460536457e+01	1.976537371110897467e+01	2.324324840778066170e-01	-2.726223656357238956e-01	3.582566313404375036e-01	-2.599754734546442947e+01	2.324324840778072276e-01	-2.726223656357223413e-01	3.582566313404367264e-01	-2.599754734546442592e+01
9.518590998043052979e+11	1.661419136632765081e+00	1.588221224145054677e-02	6.336841181058351147e+00	2.760061302903880076e+00	5.277402270001819995e-02	1.912059802602727662e-02	1.851900636467336980e+01	1.985779212683767270e+01	1.725902827906927173e-01	-3.299974015872944033e-01	3.724052775782552560e-01	-2.622165579664369162e+01	1.725902827906938553e-01	-3.299974015872929600e-01	3.724052775782544789e-01	-2.622165579664368806e+01
9.581213307240704346e+11	1.662136606817753437e+00	1.675773215022164156e-02	6.730152647458288229e+00	2.762417278136816368e+00	5.570728010826034998e-02	2.016613512707014430e-02	1.761517732836178851e+01	1.951737169532871263e+01	6.145588444922428506e-02	-3.429218806179857859e-01	3.483851919069070879e-01	-2.652620751632700902e+01	6.145588444922769206e-02	-3.429218806179851198e-01	3.483851919069071434e-01	-2.652620751632700191e+01
9.643835616438355713e+11	1.661460080261632832e+00	1.613281756491522639e-02	6.521525290403147324e+00	2.760189330500408822e+00	5.360806473250066123e-02	1.942187955736419600e-02	1.786165353603216133e+01	1.961190702702507238e+01	-1.192887954944230229e-02	-3.559952283578500798e-01	3.561950319429833534e-01	-2.673703356033326273e+01	-1.192887954944432498e-02	-3.559952283578505794e-01	3.561950319429839640e-01	-2.673703356033326628e+01
9.706457925636008301e+11	1.661860152058096673e+00	1.711116184465808279e-02	6.961926541088201859e+00	2.761486373138886119e+00	5.687271605010836562e-02	2.059496530684057358e-02	1.752898561064335681e+01	1.948400062150185974e+01	-9.981348041140815364e-02	-3.196343493807348168e-01	3.348564590625126569e-01	-2.700621647063423936e+01	-9.981348041140924998e-02	-3.196343493807355385e-01	3.348564590625137116e-01	-2.700621647063423936e+01
9.769080234833659668e+11	1.661228001892819828e+00	1.624023722446012521e-02	6.650207653552177689e+00	2.759414728967703567e+00	5.395747366931057803e-02	1.955395580913495135e-02	1.697511716545112037e+01	1.926556162640164160e+01	-1.754009286246770716e-01	-3.072636390575406162e-01	3.538028118165281732e-01	-2.722224613145651517e+01	-1.754009286246774046e-01	-3.072636390575396725e-01	3.538028118165275071e-01	-2.722224613145651517e+01
9.831702544031311035e+11	1.661612509107127433e+00	1.718890695867677024e-02	7.083797739829270412e+00	2.760660671898849561e+00	5.712260564083174175e-02	2.069164320783452998e-02	1.734983879018422925e+01	1.941411174417571317e+01	-2.403319198344500696e-01	-2.304036432354782393e-01	3.329343336267590048e-01	-2.751002357723278280e+01	-2.403319198344509300e-01	-2.304036432354767683e-01	3.329343336267586162e-01	-2.751002357723278635e+01
9.894324853228962402e+11	1.660932664623468780e+00	1.615689586030064073e-02	6.700901776184669423e+00	2.758436271129375505e+00	5.367103218658607344e-02	1.945704990480412802e-02	1.385693397512497071e+01	1.788472126662177786e+01	-2.994304984699669436e-01	-1.811436906099572197e-01	3.499595120321332131e-01	-2.773027477375300265e+01	-2.994304984699679983e-01	-1.811436906099549993e-01	3.499595120321329356e-01	-2.773027477375300975e+01
9.956947162426614990e+11	1.661392039580277924e+00	1.749551260310580267e-02	7.302003470926955231e+00	2.759917416219470176e+00	5.813381073435281571e-02	2.106360516177487735e-02	1.536051363805108672e+01	1.858557109322520162e+01	-3.066879202434053542e-01	-8.395882916454575073e-02	3.179725859534225929e-01	-2.800712102411356241e+01	-3.066879202434055762e-01	-8.395882916454580625e-02	3.179725859534228150e-01	-2.800712102411356241e+01
1.001956947162426636e+12	1.660774494400437007e+00	1.628661708208021044e-02	6.840204842264754781e+00	2.757906667355049191e+00	5.409679649997056750e-02	1.961516578508862990e-02	1.499981014721827499e+01	1.842390410021427982e+01	-3.402635470229054548e-01	-1.987884576735490447e-02	3.408437324370968691e-01	-2.821597830513128002e+01	-3.402635470229065096e-01	-1.987884576735023806e-02	3.408437324370976462e-01	-2.821597830513129423e+01
1.008219178082191772e+12	1.661172177486171853e+00	1.754755464366572135e-02	7.415846278041373196e+00	2.759185086580177249e+00	5.829901911395154318e-02	2.112907154996594358e-02	1.501130783024869508e+01	1.842911706940097361e+01	-3.083154914960485882e-01	6.952797377019542813e-02	3.160578767141217771e-01	-2.849613291694353023e+01	-3.083154914960484771e-01	6.952797377019412361e-02	3.160578767141213885e-01	-2.849613291694352668e+01
1.014481409001956909e+12	1.660582816504253545e+00	1.616014112723799731e-02	6.871924873719558846e+00	2.757274140307946819e+00	5.367050533635019105e-02	1.946505954984802111e-02	1.369347137953314508e+01	1.780398800974323237e+01	-3.097266900200655870e-01	1.488220935438081538e-01	3.436257237715881208e-01	-2.872225600303453419e+01	-3.097266900200646433e-01	1.488220935438096804e-01	3.436257237715879542e-01	-2.872225600303454129e+01
1.020743639921722046e+12	1.661143553465974421e+00	1.760610781471973890e-02	7.533021391613330842e+00	2.759087930189181304e+00	5.849254499609721908e-02	2.119995682489415542e-02	1.330363436071980310e+01	1.760749231624610900e+01	-2.279188181874952368e-01	2.090272113599520309e-01	3.092561442767186031e-01	-2.901652339454708240e+01	-2.279188181874938213e-01	2.090272113599536685e-01	3.092561442767186031e-01	-2.901652339454708951e+01
1.027005870841487305e+12	1.660632236688207364e+00	1.603333750761340437e-02	6.902175885399732813e+00	2.757442357616445072e+00	5.325095425368995411e-02	1.931171982855899028e-02	1.210827531855410299e+01	1.696696349604860643e+01	-1.929811356770643194e-01	2.761771275862502373e-01	3.369206501967509926e-01	-2.923523790294416713e+01	-1.929811356770627651e-01	2.761771275862517361e-01	3.369206501967513256e-01	-2.923523790294417424e+01
1.033268101761252441e+12	1.660765052263210917e+00	1.771111506542830463e-02	7.670931208278759073e+00	2.757826875221964791e+00	5.882800187455156093e-02	2.133128892284682013e-02	1.237837958045371778e+01	1.711706207150964332e+01	-1.048532379160077577e-01	2.833804627137165300e-01	3.021567277909115723e-01	-2.949074263357222492e+01	-1.048532379160077854e-01	2.833804627137168075e-01	3.021567277909117943e-01	-2.949074263357222492e+01
1.039530332681017578e+12	1.660647472526015855e+00	1.567084219778556303e-02	6.828395456454877888e+00	2.757504452711856402e+00	5.204748897621325893e-02	1.887485219653131305e-02	1.024338493982063625e+01	1.582904463392608463e+01	-3.703278070461230725e-02	3.429257620999228151e-01	3.449195633166213804e-01	-2.973755642721591030e+01	-3.703278070461245297e-02	3.429257620999222600e-01	3.449195633166208252e-01	-2.973755642721591030e+01
1.045792563600782715e+12	1.660615948911353446e+00	1.760627029000910726e-02	7.717952035556170820e+00	2.757335349025229920e+00	5.847450648886648450e-02	2.120688965509339580e-02	1.111275051958141979e+01	1.638325777821033569e+01	4.634719520550778515e-02	2.992337588685829441e-01	3.028017584989206590e-01	-2.999879542741178184e+01	4.634719520550700106e-02	2.992337588685829441e-01	3.028017584989205480e-01	-2.999879542741177829e+01
1.052054794520547974e+12	1.661204421285774169e+00	1.559746321450125421e-02	6.878305974325360062e+00	2.759356848440676302e+00	5.182114970554341227e-02	1.878015514188668619e-02	9.499015600090627842e+00	1.531576808650114963e+01	1.486255661558110730e-01	3.058696073552019112e-01	3.400673104236289213e-01	-3.029744364508032461e+01	1.486255661558071595e-01	3.058696073552040207e-01	3.400673104236290878e-01	-3.029744364508031040e+01
1.058317025440313110e+12	1.660469321900551964e+00	1.791496105101611155e-02	7.947322047614165719e+00	2.756837423143419397e+00	5.949448645651104345e-02	2.158070184228486066e-02	1.023741050584350099e+01	1.582507539778228534e+01	1.757279282552602073e-01	2.299946521455922821e-01	2.894440270319252884e-01	-3.049756425643505864e+01	1.757279282552616784e-01	2.299946521455912829e-01	2.894440270319253439e-01	-3.049756425643506219e+01
1.064579256360078247e+12	1.661559586821888201e+00	1.582251373309079973e-02	7.060616803675028308e+00	2.760529908618890360e+00	5.258009876167599878e-02	1.904710345557608306e-02	8.981763664682608450e+00	1.493483186866318668e+01	2.729684284047879106e-01	1.866933420403750765e-01	3.307055591730872490e-01	-3.081606231928497053e+01	2.729684284047872445e-01	1.866933420403762423e-01	3.307055591730873600e-01	-3.081606231928496697e+01
1.070841487279843384e+12	1.660372580256995967e+00	1.790706381513894677e-02	8.037828414696001289e+00	2.756516442334794981e+00	5.946479550313787943e-02	2.157244360667431513e-02	9.687952567700104822e+00	1.544976092971454840e+01	2.632992281804684143e-01	1.176313938160524902e-01	2.883810471781000917e-01	-3.099577079697376547e+01	2.632992281804688028e-01	1.176313938160511302e-01	2.883810471780998697e-01	-3.099577079697376902e+01
1.077103718199608643e+12	1.661769061741296127e+00	1.628918672476104695e-02	7.354380369536601236e+00	2.761211076956393562e+00	5.413773308026988140e-02	1.960651741986505631e-02	9.067039094781915054e+00	1.499912072946612440e+01	3.185574294597041667e-01	2.044719250160114549e-02	3.192129752143103016e-01	-3.135182763454851695e+01	3.185574294597038891e-01	2.044719250160160345e-02	3.192129752143101351e-01	-3.135182763454851340e+01
1.083365949119373779e+12	1.660395499047595758e+00	1.823668143116032037e-02	8.281521888731393943e+00	2.756580636707893106e+00	6.056020753172692422e-02	2.196932196551024119e-02	9.624481253056242025e+00	1.540504121464811149e+01	2.754133156747413658e-01	-2.763055607768418603e-02	2.767958491020354739e-01	-3.151591593636182154e+01	2.754133156747413658e-01	-2.763055607768508462e-02	2.767958491020355294e-01	-3.151591593636182509e+01
1.089628180039138916e+12	1.661513821134299906e+00	1.686311072537180489e-02	7.702029526794456515e+00	2.760343813316965988e+00	5.603658307504660874e-02	2.030058096556829755e-02	8.423064444596066735e+00	1.449789917563316166e+01	2.732093044053263697e-01	-1.234914990177002903e-01	2.998224046719673574e-01	-3.184044513364237261e+01	2.732093044053268138e-01	-1.234914990176996935e-01	2.998224046719675240e-01	-3.184044513364236906e+01
1.095890410958904053e+12	1.659925593674798083e+00	1.925303219057816415e-02	8.844136257336707274e+00	2.754982297288099513e+00	6.391720177797091673e-02	2.320058529627888957e-02	5.918190998531292379e+00	1.209668216230278048e+01	2.145875001728378972e-01	-1.371078876458177165e-01	2.546495004611748492e-01	-3.198448522866612009e+01	2.145875001728363429e-01	-1.371078876458206586e-01	2.546495004611750712e-01	-3.198448522866613075e+01
1.102152641878669189e+12	1.664719275454802583e+00	1.879426517012314918e-02	8.682729217071436523e+00	2.770937041667477896e+00	6.257435099342567586e-02	2.258237919248069769e-02	2.041707668245564378e+00	4.856186345321105158e+00	1.065423162201595969e-01	-2.396540106633766876e-01	2.622695368749454192e-01	-3.256839601756901459e+01	1.065423162201616786e-01	-2.396540106633757439e-01	2.622695368749454192e-01	-3.256839601756900748e+01
1.108414872798434326e+12	1.659715909821468660e+00	1.772419271107183655e-02	8.234893160585965433e+00	2.754342754307246288e+00	5.883424926261527493e-02	2.136054024888883740e-02	7.184386404599689691e+00	1.341572348460893060e+01	1.344654110412627779e-01	-2.459257568026963214e-01	2.802863261478780732e-01	-3.248636104876111830e+01	1.344654110412660530e-01	-2.459257568026944063e-01	2.802863261478779622e-01	-3.248636104876111119e+01
1.114677103718199707e+12	1.661708822209222891e+00	1.814961143005923774e-02	8.480189811170399494e+00	2.760946801412900609e+00	6.031873886599756901e-02	2.184712100759412037e-02	5.740286934751555492e+00	1.188903083794101256e+01	2.877954481690895780e-02	-2.668320824580840411e-01	2.683796237212993652e-01	-3.287928180995530880e+01	2.877954481691064395e-02	-2.668320824580839301e-01	2.683796237212994207e-01	-3.287928180995530170e+01
1.120939334637964844e+12	1.659570747581105232e+00	1.773058991225842998e-02	8.330948609118889792e+00	2.753860692408271582e+00	5.885033671148145323e-02	2.137012118068194744e-02	7.050479555847298130e+00	1.328772076481802955e+01	1.005906354670047442e-03	-2.736821294189392129e-01	2.736839779944733042e-01	-3.298304742422975977e+01	1.005906354672471935e-03	-2.736821294189393239e-01	2.736839779944734152e-01	-3.298304742422975266e+01
1.127201565557729980e+12	1.661028285726634079e+00	1.833529194384274710e-02	8.663204649551213166e+00	2.758678783053294836e+00	6.091087709155696556e-02	2.207972797185943012e-02	8.094872848017420353e+00	1.422751219195589378e+01	-8.899767650006693009e-02	-2.461229039691568143e-01	2.617194495650282393e-01	-3.333369283745250300e+01	-8.899767650006962239e-02	-2.461229039691559539e-01	2.617194495650282948e-01	-3.333369283745251721e+01
1.133463796477495117e+12	1.659523839375100840e+00	1.825885196635167879e-02	8.675015945570921261e+00	2.753685987779146416e+00	6.060200023556309296e-02	2.200759291528324793e-02	7.864006742203788924e+00	1.403065782355293578e+01	-1.255490162401445009e-01	-2.305004168098579997e-01	2.624747561735915613e-01	-3.348547261199065161e+01	-1.255490162401461940e-01	-2.305004168098568895e-01	2.624747561735913948e-01	-3.348547261199065872e+01
1.139726027397260254e+12	1.660887572309582394e+00	1.828361235686145128e-02	8.734773185551610197e+00	2.758213237371602400e+00	6.073404908087419452e-02	2.201934508107494456e-02	7.271062709563832271e+00	1.349731236686804969e+01	-1.961902200317674205e-01	-1.705679828632560013e-01	2.599693043690990968e-01	-3.384186909042708180e+01	-1.961902200317688083e-01	-1.705679828632542805e-01	2.599693043690990968e-01	-3.384186909042708891e+01
1.145988258317025391e+12	1.659442201123753513e+00	1.889845252743892201e-02	9.078112764439065785e+00	2.753391267362516270e+00	6.272177931993201672e-02	2.277982793924288388e-02	7.218612206481998861e+00	1.344805741579299330e+01	-2.082341751218325931e-01	-1.312096257331085702e-01	2.461248414396491890e-01	-3.399525648927295407e+01	-2.082341751218324544e-01	-1.312096257331087645e-01	2.461248414396492168e-01	-3.399525648927295407e+01
1.152250489236790527e+12	1.660630575960308608e+00	1.821927525680884855e-02	8.799685676713894011e+00	2.757361967823383164e+00	6.051097112658775784e-02	2.194524035390034086e-02	5.326215605166362721e+00	1.137967117871426836e+01	-2.489469611348903710e-01	-5.780785794952813389e-02	2.555706123540213426e-01	-3.432935329434403116e+01	-2.489469611348907874e-01	-5.780785794952687101e-02	2.555706123540213981e-01	-3.432935329434403116e+01
1.158512720156555664e+12	1.658616230834403682e+00	1.931285771721296188e-02	9.378567502981951520e+00	2.750634814714118637e+00	6.406523854712978250e-02	2.329107382936555434e-02	4.228221311938663796e+00	9.809037731703416085e+00	-2.338106755233420597e-01	-2.815060515895120505e-02	2.354992326091461252e-01	-3.443769680428523117e+01	-2.338106755233423928e-01	-2.815060515894942522e-02	2.354992326091462362e-01	-3.443769680428523827e+01
1.164774951076321045e+12	1.661149550689904553e+00	1.486544822028312840e-02	7.257870116559310247e+00	2.759196848206481700e+00	4.938746526385472124e-02	1.789921777272154152e-02	1.253141641780164850e+00	1.535215917598315993e+00	-3.078503486223263530e-01	1.013785587032089014e-01	3.241133278833621678e-01	-3.487564544009673995e+01	-3.078503486223262975e-01	1.013785587032081659e-01	3.241133278833618903e-01	-3.487564544009673995e+01
1.171037181996086182e+12	1.658811613413641473e+00	1.717996550112340509e-02	8.433000638521386705e+00	2.751360817581348428e+00	5.699665258261842754e-02	2.071580441881946261e-02	3.074944118961411288e+00	7.642186130543113798e+00	-2.495664153920194306e-01	1.082647535325387544e-01	2.720379615955893504e-01	-3.496682942803357719e+01	-2.495664153920200135e-01	1.082647535325369226e-01	2.720379615955891839e-01	-3.496682942803356298e+01
1.177299412915851318e+12	1.661824833886287545e+00	1.983998081410101935e-02	9.790780999980455590e+00	2.761268153682483462e+00	6.594114564140111934e-02	2.388074680594156132e-02	4.158223172075468987e+00	9.695464577564401054e+00	-1.408279990097375534e-01	1.707033493063259966e-01	2.212965403468481473e-01	-3.543852336375860546e+01	-1.408279990097373868e-01	1.707033493063262741e-01	2.212965403468482861e-01	-3.543852336375860546e+01
1.183561643835616455e+12	1.659053855313372683e+00	1.886947147286390306e-02	9.361377946634950931e+00	2.752103637876500031e+00	6.261093878956112968e-02	2.275021112136285661e-02	4.867690428860095508e+00	1.076721828770090816e+01	-1.404559597178596242e-01	1.890134332011463580e-01	2.354866334863811861e-01	-3.548924478871295918e+01	-1.404559597178586527e-01	1.890134332011472462e-01	2.354866334863813249e-01	-3.548924478871296628e+01
1.189823874755381592e+12	1.661323186703093757e+00	2.166682742400941400e-02	1.080605477027105898e+01	2.759525279266700881e+00	7.199120556360261158e-02	2.608825731893027119e-02	4.899355270080547164e+00	1.081133189730186928e+01	-4.189214374154325016e-02	1.865003373478686111e-01	1.911473974139614729e-01	-3.590736055727874998e+01	-4.189214374154329179e-02	1.865003373478686388e-01	1.911473974139615006e-01	-3.590736055727874998e+01
1.196086105675146729e+12	1.657815998026020088e+00	1.987029165365953101e-02	9.962213576875612375e+00	2.747959054820607427e+00	6.588257477775934234e-02	2.397509331959835066e-02	5.293714284116938451e+00	1.133802859198878998e+01	-4.807875353195416313e-02	2.115660276398085016e-01	2.169602511808893797e-01	-3.590485884641021386e+01	-4.807875353195223411e-02	2.115660276398089734e-01	2.169602511808894074e-01	-3.590485884641022096e+01
1.202348336594911865e+12	1.660028486698622352e+00	2.215555088046193902e-02	1.116611305970894819e+01	2.755203708216101610e+00	7.355769120013512519e-02	2.669773236032742247e-02	4.820305108072546751e+00	1.070066487389264154e+01	3.563624477338783736e-02	1.779550928625884543e-01	1.814881732160013028e-01	-3.632595543331712662e+01	3.563624477338982188e-02	1.779550928625880934e-01	1.814881732160013306e-01	-3.632595543331713372e+01
1.208610567514677002e+12	1.656352327652458545e+00	1.923638607098921566e-02	9.745385718398896557e+00	2.743132994770645094e+00	6.372446568860863636e-02	2.323054179658419136e-02	3.780560476535373748e+00	9.047673387459049366e+00	4.010842128307252896e-02	2.197542793112483295e-01	2.233844863311384432e-01	-3.630884331671700949e+01	4.010842128307468696e-02	2.197542793112480242e-01	2.233844863311384987e-01	-3.630884331671702370e+01
1.214872798434442139e+12	1.657909953102989276e+00	2.319626167734820457e-02	1.181239520373931207e+01	2.748127346042152030e+00	7.691462621931405286e-02	2.798801384880739151e-02	3.887904610483287282e+00	9.238155947589905992e+00	8.550018530181684173e-02	1.406180230620278360e-01	1.645712918358424037e-01	-3.667461960079502603e+01	8.550018530181623111e-02	1.406180230620281413e-01	1.645712918358423482e-01	-3.667461960079501893e+01
1.221135029354207520e+12	1.656924378849999879e+00	1.877405201164456666e-02	9.609722956200213773e+00	2.745045932198521665e+00	6.221436893578352612e-02	2.266423603555358865e-02	5.198723237516983176e+00	1.121483868553196572e+01	1.507017609796212909e-01	1.705938626792346535e-01	2.276253209688686718e-01	-3.685188045724945027e+01	1.507017609796187929e-01	1.705938626792367629e-01	2.276253209688686163e-01	-3.685188045724943606e+01
1.227397260273972656e+12	1.657570690853509054e+00	2.240988184175119260e-02	1.152959035980861024e+01	2.747038392372417981e+00	7.429192665275406726e-02	2.704437144345606114e-02	4.470338035249061370e+00	1.018786970687089699e+01	1.473611433404635462e-01	8.900273651952336773e-02	1.721534015771176707e-01	-3.715577323182782976e+01	1.473611433404625470e-01	8.900273651952483878e-02	1.721534015771175874e-01	-3.715577323182782266e+01
1.233659491193737793e+12	1.656807343214387052e+00	1.765340924874538725e-02	9.128786597834375627e+00	2.744698929671012255e+00	5.849659615218026631e-02	2.131257294554774265e-02	3.646997975543463166e+00	8.802968716022141038e+00	2.310917459049755818e-01	8.269394009031041937e-02	2.454418113383896316e-01	-3.735546949117625815e+01	2.310917459049762757e-01	8.269394009030846260e-02	2.454418113383896594e-01	-3.735546949117627236e+01
1.239921722113502930e+12	1.656120259780120785e+00	2.136732455894913354e-02	1.110538390323762492e+01	2.742277752295367410e+00	7.077371819874599124e-02	2.580836975375900427e-02	5.096179322338623585e+00	1.107930133341979229e+01	1.810049864874820891e-01	2.611199717093473996e-02	1.828787618330474096e-01	-3.755583908043645636e+01	1.810049864874823944e-01	2.611199717093296707e-02	1.828787618330474929e-01	-3.755583908043647057e+01
1.246183953033268066e+12	1.656908368601246018e+00	1.779421908288362358e-02	9.295018296850377837e+00	2.745028707708073057e+00	5.896678102230772794e-02	2.148129848577842033e-02	4.962002498363093927e+00	1.089777452643939881e+01	2.344062989784006235e-01	-3.992948067145916241e-02	2.377828345937607613e-01	-3.786783538222697132e+01	2.344062989784008455e-01	-3.992948067145854485e-02	2.377828345937608723e-01	-3.786783538222697132e+01
1.252446183953033203e+12	1.656072416349926968e+00	2.094165191723888764e-02	1.099408705683037546e+01	2.742137295410063125e+00	6.936178418588176409e-02	2.529478895968602717e-02	5.008618410567660106e+00	1.096139137131326180e+01	1.741991041950486097e-01	-6.459135710378953454e-02	1.857885123328852917e-01	-3.805418681512708190e+01	1.741991041950489150e-01	-6.459135710378867412e-02	1.857885123328852639e-01	-3.805418681512707479e+01
1.258708414872798340e+12	1.656831788095734392e+00	1.757612393788001229e-02	9.273366047990899474e+00	2.744782653911828518e+00	5.824136170357996356e-02	2.121893390013053840e-02	4.549195303347927322e+00	1.030683648613716485e+01	1.886360848293220649e-01	-1.487065940466618663e-01	2.402024637939708662e-01	-3.836669340151603791e+01	1.886360848293199000e-01	-1.487065940466646141e-01	2.402024637939708662e-01	-3.836669340151605212e+01
1.264970645792563477e+12	1.655687709599457991e+00	2.046427085686563022e-02	1.085090307137754095e+01	2.740883005336995915e+00	6.776488348725358268e-02	2.472374171217927782e-02	4.278347280086686411e+00	9.889218529144653047e+00	1.277724311862231121e-01	-1.410435598050606421e-01	1.903131102518211548e-01	-3.853383877775999622e+01	1.277724311862225848e-01	-1.410435598050611694e-01	1.903131102518212103e-01	-3.853383877775999622e+01
1.271232876712328857e+12	1.657144339842667957e+00	1.719917854153375433e-02	9.164778688087842795e+00	2.745831551330088605e+00	5.700304274009226901e-02	2.075984694417246090e-02	3.934345925527247267e+00	9.318941717625763843e+00	8.693541037864581378e-02	-2.267565798029048396e-01	2.428503902850780161e-01	-3.890380530404365800e+01	8.693541037864396803e-02	-2.267565798029054780e-01	2.428503902850779328e-01	-3.890380530404366510e+01
1.277495107632093994e+12	1.655616962010105775e+00	2.024190174282601909e-02	1.083926212949359957e+01	2.740657790309405595e+00	6.702567173752935203e-02	2.445605284049801390e-02	3.513041409091165690e+00	8.548369973816374312e+00	4.448684462356781305e-02	-1.844841181262439900e-01	1.897721507107389405e-01	-3.903328379196803866e+01	4.448684462356793795e-02	-1.844841181262439900e-01	1.897721507107389682e-01	-3.903328379196803866e+01
1.283757338551859131e+12	1.657736460289521707e+00	1.725532686710762667e-02	9.285286121829459560e+00	2.747792425467942223e+00	5.720956896363536132e-02	2.082019312426509547e-02	3.514808903744599089e+00	8.551792073010778594e+00	-4.286673708441830072e-02	-2.350293487717259322e-01	2.389065757410754887e-01	-3.945031403923838553e+01	-4.286673708441546271e-02	-2.350293487717264596e-01	2.389065757410754887e-01	-3.945031403923837132e+01
1.290019569471624268e+12	1.655815722036879656e+00	2.008210773240433691e-02	1.085912299632587796e+01	2.741322414293537513e+00	6.650453942990698641e-02	2.426002103333247534e-02	2.883975538991573107e+00	7.205971614525735092e+00	-5.314566799877224607e-02	-1.824372812126295040e-01	1.900205873143533397e-01	-3.955337285444980466e+01	-5.314566799877410569e-02	-1.824372812126289767e-01	1.900205873143533675e-01	-3.955337285444981177e+01
1.296281800391389404e+12	1.658577582544110030e+00	1.716945675154611661e-02	9.329215794229256176e+00	2.750584807072720572e+00	5.695375214515001339e-02	2.070605203617132198e-02	2.908110074664124411e+00	7.262669056810682200e+00	-1.642164314610947418e-01	-1.719890135894786287e-01	2.377966718801974300e-01	-4.003219190143570216e+01	-1.642164314610925213e-01	-1.719890135894808492e-01	2.377966718801975132e-01	-4.003219190143568795e+01
1.302544031311154541e+12	1.656220508162000948e+00	2.029763090262047889e-02	1.108222402681650998e+01	2.742654377836137414e+00	6.723470513604565268e-02	2.451446513982253467e-02	2.713195913212510746e+00	6.790674176464262857e+00	-1.347360124774774626e-01	-1.243492730658816298e-01	1.833481245345698896e-01	-4.009537491604601200e+01	-1.347360124774782120e-01	-1.243492730658807138e-01	1.833481245345698341e-01	-4.009537491604601911e+01
1.308806262230919678e+12	1.658988133953166910e+00	1.805327222056796188e-02	9.904224048975571293e+00	2.751915707959540658e+00	5.990032878589717641e-02	2.176677454641639392e-02	2.883086967019748759e+00	7.203875114200769758e+00	-2.094939272653659479e-01	-5.851393620596485878e-02	2.175122669905818207e-01	-4.056833491522021973e+01	-2.094939272653655038e-01	-5.851393620596656575e-02	2.175122669905818762e-01	-4.056833491522020552e+01
1.315068493150684814e+12	1.655977623382821617e+00	2.045366590827242190e-02	1.127479597795478128e+01	2.741843536695530936e+00	6.774162612049441923e-02	2.470659802934510596e-02	3.000603889745862674e+00	7.475685035837841497e+00	-1.721834014462188533e-01	-4.631936437458126360e-02	1.783048155537449164e-01	-4.057791395902022202e+01	-1.721834014462192142e-01	-4.631936437457958439e-02	1.783048155537448054e-01	-4.057791395902022913e+01
1.321330724070450195e+12	1.659173111836256043e+00	1.871279100164739695e-02	1.036428296775747526e+01	2.752505246493333946e+00	6.209551935468960587e-02	2.255963705566000829e-02	3.006491782907396271e+00	7.489021861990132756e+00	-1.978941085381595577e-01	5.112236377855303854e-02	2.043907392041517945e-01	-4.109350945779605979e+01	-1.978941085381600018e-01	5.112236377855149116e-02	2.043907392041518223e-01	-4.109350945779605269e+01
1.327592954990215332e+12	1.654866299584473177e+00	2.145583979801819058e-02	1.193987054325914166e+01	2.738122116438969300e+00	7.101309242204727201e-02	2.593496177387532436e-02	2.880758659420168399e+00	7.198378629572954601e+00	-1.600714607868804207e-01	2.507354290322753865e-02	1.620233165694549005e-01	-4.099608161212535862e+01	-1.600714607868803652e-01	2.507354290322832274e-02	1.620233165694549282e-01	-4.099608161212536572e+01
1.333855185909980469e+12	1.658796558967901014e+00	1.931851993638067713e-02	1.080119217590524450e+01	2.751232818831216509e+00	6.409098878964211710e-02	2.329537084283160239e-02	3.028520828668209486e+00	7.538689832077200670e+00	-1.419188952951007388e-01	1.274756266335322630e-01	1.907642739807259569e-01	-4.157254012434514578e+01	-1.419188952951000726e-01	1.274756266335329291e-01	1.907642739807259291e-01	-4.157254012434515289e+01
1.340117416829745605e+12	1.654599997132370159e+00	2.108608959266545721e-02	1.184480894711987453e+01	2.737256527336129341e+00	6.977808755911432681e-02	2.549197960156904252e-02	3.294825291163714809e+00	8.112073641120852940e+00	-1.315659223804933886e-01	9.752331584172434231e-02	1.637693166151545643e-01	-4.147858241775271182e+01	-1.315659223804929445e-01	9.752331584172488355e-02	1.637693166151545365e-01	-4.147858241775271892e+01
1.346379647749510742e+12	1.658694129642914072e+00	1.949086496352785483e-02	1.099987656651722112e+01	2.750886321894837838e+00	6.465876659333280596e-02	2.350470322190384431e-02	3.198831200960698506e+00	7.910912633166516272e+00	-6.243344841371831211e-02	1.749665648191621181e-01	1.857719954283919561e-01	-4.206875372213324482e+01	-6.243344841371518961e-02	1.749665648191631728e-01	1.857719954283919284e-01	-4.206875372213326614e+01
1.352641878669275879e+12	1.654007705730879962e+00	2.112907247181214365e-02	1.197987876751382608e+01	2.735295052913610192e+00	6.989529736664699955e-02	2.555311073011856324e-02	3.291463089081040572e+00	8.105127556222635477e+00	-7.413555113031308763e-02	1.429667519535132159e-01	1.610452486276221784e-01	-4.193312279935820186e+01	-7.413555113031304600e-02	1.429667519535130771e-01	1.610452486276220119e-01	-4.193312279935820186e+01
1.358904109589041016e+12	1.658517995399919842e+00	1.967772630779329734e-02	1.120863918019509420e+01	2.750294728152724133e+00	6.527172638005920846e-02	2.373262971125277357e-02	3.085610414204184693e+00	7.665744824334232099e+00	2.781024909006169638e-02	1.779562789755879670e-01	1.801162046604596056e-01	-4.256652269132778343e+01	2.781024909006015941e-02	1.779562789755882724e-01	1.801162046604596612e-01	-4.256652269132777633e+01
1.365166340508806152e+12	1.653201118928572244e+00	2.077718405810594429e-02	1.188944055819200507e+01	2.732642248249298689e+00	6.869772786609128212e-02	2.513967128704949761e-02	3.128520267651170528e+00	7.759704288382291537e+00	-6.292363883365216515e-03	1.628456371722474538e-01	1.629671604627016268e-01	-4.237287998484000440e+01	-6.292363883364317061e-03	1.628456371722474538e-01	1.629671604627015713e-01	-4.237287998484001150e+01
1.371428571428571533e+12	1.659282502243920598e+00	1.928793753463647898e-02	1.108787050030158383e+01	2.752846397718506477e+00	6.400827451119210643e-02	2.325166945901545323e-02	2.647489814085886906e+00	6.623886458585932502e+00	1.211765186834945496e-01	1.370360268935526538e-01	1.829279129794624537e-01	-4.313555568508863303e+01	1.211765186834952573e-01	1.370360268935519876e-01	1.829279129794624259e-01	-4.313555568508863303e+01
1.377690802348336670e+12	1.652236780928558746e+00	2.078010637865322294e-02	1.200020559161097111e+01	2.729454567432058276e+00	6.866731214083801604e-02	2.515788793855689917e-02	2.536864361340770646e+00	6.333495356629979867e+00	5.949856721847273516e-02	1.487627517140936440e-01	1.602199606746930738e-01	-4.279196933905001998e+01	5.949856721847279067e-02	1.487627517140936717e-01	1.602199606746931015e-01	-4.279196933905001998e+01
1.383953033268101807e+12	1.659874610663707672e+00	1.943339630180714386e-02	1.127351170833689231e+01	2.754806066234172235e+00	6.451400224067134481e-02	2.341870922654899420e-02	2.144375116579050999e+00	5.189973051642168045e+00	1.713851684976803458e-01	5.023036508237579273e-02	1.785944163664895667e-01	-4.369719671036480690e+01	1.713851684976802348e-01	5.023036508237595926e-02	1.785944163664895390e-01	-4.369719671036479980e+01
1.390215264187866943e+12	1.651339742243461250e+00	1.940362483112600261e-02	1.130717419115413769e+01	2.726546443656113983e+00	6.408395365444087555e-02	2.350370880479433003e-02	1.996016757196739544e+00	4.702204804865659504e+00	1.287522340683346644e-01	1.228410345238562240e-01	1.779524024577315844e-01	-4.322038972745682628e+01	1.287522340683355249e-01	1.228410345238551971e-01	1.779524024577314734e-01	-4.322038972745683338e+01
1.396477495107632080e+12	1.660859284170902894e+00	1.921503109475134266e-02	1.124771216337865809e+01	2.758084344396711796e+00	6.382692557870070504e-02	2.314175986255484138e-02	1.747265426513183950e+00	3.796659198970629312e+00	1.700838695890051488e-01	-5.414049008646210775e-02	1.784929000301468949e-01	-4.429047216271300158e+01	1.700838695890048713e-01	-5.414049008646269062e-02	1.784929000301468116e-01	-4.429047216271300869e+01
1.402739726027397217e+12	1.651114493499440394e+00	1.775129071334797040e-02	1.043749292531023620e+01	2.725863962321923850e+00	5.861882675026170580e-02	2.150467798852642720e-02	1.368130283943695957e+00	2.132496863398100295e+00	1.936011984104945849e-01	5.519686419036685943e-02	2.013159651950870155e-01	-4.370455995455071729e+01	1.936011984104945571e-01	5.519686419036714392e-02	2.013159651950870710e-01	-4.370455995455071729e+01
1.409001956947162354e+12	1.665120616482809401e+00	1.913491441157459672e-02	1.130127079560801562e+01	2.772260522486552858e+00	6.372388096269376856e-02	2.298625271536068951e-02	1.210640883345986740e+00	1.300471987267009188e+00	6.634487017648493801e-02	-1.648683797718333843e-01	1.777166971539931584e-01	-4.517051027363662996e+01	6.634487017648489637e-02	-1.648683797718333288e-01	1.777166971539931029e-01	-4.517051027363662996e+01
1.415264187866927490e+12	1.653657553336709052e+00	-3.886388390475652415e-03	-2.305541152701520158e+00	2.734568199692829271e+00	-1.285351103422031557e-02	-4.700380497244184726e-03	9.284804908778442056e-02	-1.617029630808783125e+01	1.339091807704818171e+00	-5.278953645966228958e-01	1.439388893046197992e+00	-4.435780994931981525e+01	1.339091807830852021e+00	-5.278953645476847090e-01	1.439388893145501669e+00	-4.435780994925607246e+01
1.421526418786692627e+12	1.651094907148485724e+00	2.888693965461011995e-02	1.721256648030565373e+01	2.725279937129057473e+00	9.539015789366481202e-02	3.500196680497837110e-02	1.206815198476631990e+00	1.278938818617425976e+00	6.643533019417394159e-02	-3.386241237395348075e-02	7.456752691213916484e-02	-4.445367849092724555e+01	6.643533019417349750e-02	-3.386241237395438280e-02	7.456752691213917872e-02	-4.445367849092725976e+01
1.427788649706458008e+12	1.657355832254764794e+00	1.539496730885277394e-02	9.213653111483237623e+00	2.746591349690443273e+00	5.102987771339716899e-02	1.857934844189636572e-02	1.340143155375407735e+00	1.991879719878599797e+00	6.956208191286075704e-02	-2.302211393608234180e-01	2.405008445902991621e-01	-4.525966233104063008e+01	6.956208191286356035e-02	-2.302211393608226686e-01	2.405008445902992453e-01	-4.525966233104061587e+01
1.434050880626223145e+12	1.654792314589743407e+00	2.841107139014770189e-02	1.707817002829936470e+01	2.737530415447744225e+00	9.402884517135390308e-02	3.434805496251436274e-02	1.759359496068230833e+00	3.843588258159833515e+00	2.029224908774295011e-02	-7.318992718355947502e-02	7.595091055526420609e-02	-4.528263232833452889e+01	2.029224908774224234e-02	-7.318992718355969707e-02	7.595091055526421997e-02	-4.528263232833453600e+01
1.440313111545988281e+12	1.655880148331723367e+00	1.713870380960782688e-02	1.034722871142237643e+01	2.741645330470816599e+00	5.675927881293375832e-02	2.070263362737244026e-02	1.720281432250319487e+00	3.690770492511898482e+00	-1.590341656213160870e-02	-2.037783300637450445e-01	2.043979610023478055e-01	-4.563097833637417722e+01	-1.590341656213293403e-02	-2.037783300637450168e-01	2.043979610023479165e-01	-4.563097833637418432e+01
1.446575342465753418e+12	1.653387806641905655e+00	2.634701375058397591e-02	1.597576329828804198e+01	2.732997074018558070e+00	8.712366255328433950e-02	3.187843242919356779e-02	1.781653975922782296e+00	3.929258991200289763e+00	-9.796640528846479318e-03	-8.885788150036502686e-02	8.939629338168529615e-02	-4.566290066532101122e+01	-9.796640528846690954e-03	-8.885788150036501298e-02	8.939629338168529615e-02	-4.566290066532101122e+01
1.452837573385518555e+12	1.655721926386084064e+00	1.767068871264360075e-02	1.076117516236603500e+01	2.741102844276066097e+00	5.851549351173419150e-02	2.134742723496327668e-02	1.929244328828713551e+00	4.470717330191619432e+00	-1.045929506923253399e-01	-1.615113403273730486e-01	1.924203689552426710e-01	-4.612777185386360657e+01	-1.045929506923274077e-01	-1.615113403273717441e-01	1.924203689552426988e-01	-4.612777185386361367e+01
1.459099804305283691e+12	1.653447194630592643e+00	2.670964511876929362e-02	1.633587035321186320e+01	2.733174220289406264e+00	8.832597558241557512e-02	3.231626250779690707e-02	1.779811812382103176e+00	3.922220875150812081e+00	-4.922508485153094526e-02	-6.895719577598712069e-02	8.472428121812683455e-02	-4.617305430020907409e+01	-4.922508485153061220e-02	-6.895719577598742600e-02	8.472428121812689006e-02	-4.617305430020906698e+01
1.465362035225048828e+12	1.655563927629715826e+00	1.837837624035286097e-02	1.128862989907948133e+01	2.740554153755498934e+00	6.085315350387046629e-02	2.220468930361430004e-02	1.927232755550392751e+00	4.463619883797059984e+00	-1.551541915319328835e-01	-8.633483464586684530e-02	1.775571086249629338e-01	-4.661611158835516733e+01	-1.551541915319321063e-01	-8.633483464586849676e-02	1.775571086249630448e-01	-4.661611158835515312e+01
1.471624266144813965e+12	1.653073816061977785e+00	2.722017617183562430e-02	1.679101823336394261e+01	2.731912103358883570e+00	8.999392099651126742e-02	3.294173369848313326e-02	1.728439275129413977e+00	3.722957092358245124e+00	-7.024481392640613553e-02	-3.669219325415527810e-02	7.925055791195226296e-02	-4.664252455295739708e+01	-7.024481392640592736e-02	-3.669219325415567362e-02	7.925055791195226296e-02	-4.664252455295738997e+01
1.477886497064579346e+12	1.655453429306171342e+00	1.805940384393314377e-02	1.118751555180020318e+01	2.740199914534364733e+00	5.979300404932835072e-02	2.182067218241222004e-02	1.737523372696553325e+00	3.758619929094936474e+00	-1.809051876224004318e-01	-1.997740779633565191e-03	1.809162178383090791e-01	-4.711284722621432763e+01	-1.809051876224004041e-01	-1.997740779632388615e-03	1.809162178383090513e-01	-4.711284722621433474e+01
1.484148727984344482e+12	1.652207420895551504e+00	2.773089240322866925e-02	1.725164175408536238e+01	2.729020359268850449e+00	9.163437243334096594e-02	3.357775332166863108e-02	1.534050715413414867e+00	2.911261443643100133e+00	-7.397780124752000031e-02	-4.155407610408046008e-03	7.409441605024097433e-02	-4.706777776159198368e+01	-7.397780124752004194e-02	-4.155407610408109326e-03	7.409441605024102984e-02	-4.706777776159198368e+01
1.490410958904109619e+12	1.655052859365683471e+00	1.665473010466779480e-02	1.040477745255251740e+01	2.738922587259665420e+00	5.512891736338832588e-02	2.012795747489368181e-02	1.426806223279712738e+00	2.418195980524539213e+00	-1.811096751237478708e-01	8.976719576497969866e-02	2.021357560129768138e-01	-4.758405218252514857e+01	-1.811096751237471492e-01	8.976719576498122521e-02	2.021357560129768138e-01	-4.758405218252515567e+01
1.496673189823874756e+12	1.649795126964303416e+00	2.849117708273395111e-02	1.787419667332213180e+01	2.721012213783602363e+00	9.400921022514302505e-02	3.454935253466650397e-02	1.293976410741715544e+00	1.753375964840482082e+00	-6.590132112794455654e-02	1.504923653283050944e-02	6.759780800166195758e-02	-4.734840018841789799e+01	-6.590132112794462593e-02	1.504923653283046607e-02	6.759780800166201309e-02	-4.734840018841789799e+01
1.502935420743639893e+12	1.654701812131200267e+00	1.595244464147225691e-02	1.004978399129481836e+01	2.737783606580238782e+00	5.279307811233360098e-02	1.928314494448936725e-02	1.214143324434708848e+00	1.320126171615911836e+00	-1.278928307419756882e-01	1.709445157644353397e-01	2.134914603096173535e-01	-4.805236748096674404e+01	-1.278928307419802124e-01	1.709445157644320645e-01	2.134914603096174368e-01	-4.805236748096672272e+01
