freq_roi_Hz	n_opt	k_opt	alpha_cm	eps_r	eps_i	loss_tan	DR	alpha_max	H_meas_real	H_meas_imag	H_meas_mag	H_meas_phase	H_model_real	H_model_imag	H_model_mag	H_model_phase
3.005870841487279663e+11	1.668949698755270772e+00	7.091358541725140303e-03	8.934884044528973446e-01	2.785342809609341774e+00	2.367024140395557891e-02	8.498142965488491435e-03	7.655570711280181229e+01	2.961408112351612942e+01	8.059500049378187647e-01	2.202796862977832726e-01	8.355109518460663853e-01	2.668006923713479583e-01	8.059500049378195419e-01	2.202796862977819403e-01	8.355109518460668294e-01	2.668006923713461265e-01
3.068493150684931641e+11	1.669755842546246871e+00	8.036158640220681867e-03	1.033624561727505275e+00	2.788019993871636348e+00	2.683684568227397149e-02	9.625772319159908025e-03	7.884747011304553155e+01	2.981544341119091968e+01	8.427279087036063654e-01	-4.768164389870031827e-02	8.440757473549611589e-01	-5.651985614800222879e-02	8.427279087036061433e-01	-4.768164389870170605e-02	8.440757473549611589e-01	-5.651985614800388719e-02
3.131115459882583008e+11	1.669187770423866901e+00	7.216133896472347320e-03	9.470934359081557563e-01	2.786135740344187983e+00	2.409016489946553749e-02	8.646443369801335571e-03	7.184352025003005338e+01	2.918039679179864621e+01	7.741339738116838065e-01	-2.783290235511292066e-01	8.226484393472059953e-01	-3.451447448495469916e-01	7.741339738116831404e-01	-2.783290235511304278e-01	8.226484393472058843e-01	-3.451447448495486570e-01
3.193737769080234985e+11	1.669867644546636720e+00	8.050497986359874195e-03	1.077732950388932798e+00	2.788393139785904307e+00	2.688653221982040958e-02	9.642303244902110382e-03	7.753072438666623611e+01	2.970047650950732532e+01	6.392722953684720766e-01	-4.263457509422030611e-01	7.684007853797041321e-01	-5.881804272591317773e-01	6.392722953684716325e-01	-4.263457509422037828e-01	7.684007853797041321e-01	-5.881804272591328875e-01
3.256360078277886353e+11	1.669534918527857181e+00	7.467292642453804939e-03	1.019259468438603822e+00	2.787291083724410701e+00	2.493381162688556099e-02	8.945535603539733066e-03	7.403954168761724475e+01	2.938593915842264437e+01	5.514893506514308985e-01	-5.534389347797531444e-01	7.813034995519249071e-01	-7.871626056068139476e-01	5.514893506514317867e-01	-5.534389347797523673e-01	7.813034995519249071e-01	-7.871626056068125044e-01
3.318982387475538330e+11	1.669554213355368688e+00	8.526156859066678917e-03	1.186171341778243793e+00	2.787338575981878730e+00	2.846976221556710152e-02	1.021395910094568746e-02	7.551960872368788102e+01	2.952105908952171731e+01	4.086873598378236716e-01	-6.932219401703569872e-01	8.047248078845120611e-01	-1.038097835706444316e+00	4.086873598378248928e-01	-6.932219401703560990e-01	8.047248078845119501e-01	-1.038097835706442540e+00
3.381604696673189697e+11	1.669637469816223740e+00	7.913816078055467204e-03	1.121754839569811812e+00	2.787626652129404192e+00	2.642640770631096356e-02	9.479894908496599992e-03	6.983212778548957544e+01	2.898654597624415530e+01	1.839228818841004420e-01	-8.106576428521459210e-01	8.312601520553900558e-01	-1.347692167892807102e+00	1.839228818840991930e-01	-8.106576428521461430e-01	8.312601520553899448e-01	-1.347692167892808657e+00
3.444227005870841675e+11	1.669184126090471620e+00	8.274060253243649757e-03	1.194537004611999853e+00	2.786107186719336770e+00	2.762186006606081462e-02	9.914141206672588344e-03	7.649307951540878037e+01	2.960849420001722621e+01	-4.559884063858778147e-02	-7.867600086475378118e-01	7.880803039504648000e-01	-1.628689312914765264e+00	-4.559884063858676145e-02	-7.867600086475380339e-01	7.880803039504650220e-01	-1.628689312914763931e+00
3.506849315068493042e+11	1.669857834965035703e+00	8.057449913833655830e-03	1.184414950858224236e+00	2.788360266495002460e+00	2.690959173690696260e-02	9.650686842820563674e-03	7.247436011598516359e+01	2.924007813590359106e+01	-2.226533157835838550e-01	-7.222468277977573958e-01	7.557876548961008911e-01	-1.869830850675959333e+00	-2.226533157835831334e-01	-7.222468277977575069e-01	7.557876548961008911e-01	-1.869830850675958445e+00
3.569471624266145020e+11	1.669611549753258872e+00	8.481099951853419625e-03	1.268952239269446336e+00	2.787530798013085676e+00	2.832028486845255405e-02	1.015963120071673199e-02	7.312140104567453136e+01	2.930075494331462238e+01	-3.657798276321065356e-01	-6.642477820133688704e-01	7.583007307211655501e-01	-2.074152056567475366e+00	-3.657798276321063136e-01	-6.642477820133690924e-01	7.583007307211656611e-01	-2.074152056567474922e+00
3.632093933463796387e+11	1.669776780974028707e+00	8.863737243708483954e-03	1.349469602230131349e+00	2.788075932442063642e+00	2.960092528439832449e-02	1.061697242171987833e-02	7.385682895504099577e+01	2.936907175013764970e+01	-5.463363423266798247e-01	-5.693599520421901428e-01	7.890843769435433863e-01	-2.335561328212092835e+00	-5.463363423266796026e-01	-5.693599520421898097e-01	7.890843769435430533e-01	-2.335561328212093279e+00
3.694716242661448364e+11	1.669142726054722470e+00	8.592972593979867832e-03	1.330802713119982661e+00	2.785963600763389447e+00	2.868579540085815227e-02	1.029654349862929932e-02	7.644141169130480762e+01	2.960388153850106718e+01	-6.991563460045621126e-01	-3.944331618949945550e-01	8.027434928798450331e-01	-2.627946206054788458e+00	-6.991563460045604472e-01	-3.944331618949979412e-01	8.027434928798453662e-01	-2.627946206054783573e+00
3.757338551859099731e+11	1.669809486963149237e+00	9.091066557272063642e-03	1.431806491174830720e+00	2.788181075260987019e+00	3.036069836789261761e-02	1.088906980872851420e-02	6.888924965150421542e+01	2.889374432580727969e+01	-7.383461211605438779e-01	-1.615381481431414634e-01	7.558105370649023103e-01	-2.926202726025548095e+00	-7.383461211605434338e-01	-1.615381481431435728e-01	7.558105370649023103e-01	-2.926202726025544987e+00
3.819960861056751709e+11	1.669433273479467683e+00	8.674721249545595814e-03	1.389004339360808027e+00	2.786932203811613995e+00	2.896373658430160397e-02	1.039269507334576043e-02	7.304759563649395204e+01	2.929386096673682971e+01	-7.343806199501997645e-01	4.870375131861928199e-04	7.343807814505898257e-01	-3.142255848435287380e+00	-7.343806199501997645e-01	4.870375131860319243e-04	7.343807814505898257e-01	-3.142255848435288268e+00
3.882583170254403076e+11	1.669365673004640893e+00	9.507724677355283358e-03	1.547342755040411078e+00	2.786691353377697133e+00	3.174373840951207060e-02	1.139119277455541424e-02	7.414952521106654615e+01	2.939607239974061415e+01	-7.158206260665008758e-01	1.554037461587842173e-01	7.324953877140941705e-01	-3.355373945098996558e+00	-7.158206260665008758e-01	1.554037461587838009e-01	7.324953877140941705e-01	-3.355373945098997002e+00
3.945205479452055054e+11	1.669570301994132810e+00	8.914986146897150437e-03	1.474278259995032592e+00	2.787385516322780532e+00	2.976839222709717209e-02	1.067968246687623843e-02	6.963789532558378426e+01	2.896753177620524866e+01	-6.888407681919977987e-01	3.598412204533165681e-01	7.771662034987586454e-01	-3.622988769222870609e+00	-6.888407681919950232e-01	3.598412204533211756e-01	7.771662034987584233e-01	-3.622988769222878602e+00
4.007827788649706421e+11	1.669074654386266454e+00	9.798043881865085500e-03	1.646029420786158548e+00	2.785714200250724026e+00	3.270733341157087970e-02	1.174109440538699360e-02	7.234659622830459114e+01	2.922803294575773236e+01	-5.446794062472664066e-01	5.328565889834375735e-01	7.619788711066330933e-01	-3.916019171572227897e+00	-5.446794062472659625e-01	5.328565889834381286e-01	7.619788711066329823e-01	-3.916019171572229673e+00
4.070450097847357788e+11	1.669606665122920663e+00	8.968842721946963456e-03	1.530269788361527716e+00	2.787505976083109793e+00	2.994887917400369456e-02	1.074396949494136819e-02	6.966500071136100303e+01	2.897018841367185971e+01	-3.591591095543451018e-01	6.486075709548034807e-01	7.414088258685355148e-01	-4.206679902900131829e+00	-3.591591095543454903e-01	6.486075709548031476e-01	7.414088258685354038e-01	-4.206679902900131829e+00
4.133072407045009766e+11	1.668728686602571232e+00	9.830993925983862181e-03	1.703176289841462632e+00	2.784558781048769749e+00	3.281052316420981357e-02	1.178302407818165518e-02	7.128235924141237945e+01	2.912686541856776046e+01	-2.116283634449180884e-01	6.708878337181305440e-01	7.034749815347951518e-01	-4.406823172382933862e+00	-2.116283634449195317e-01	6.708878337181300999e-01	7.034749815347951518e-01	-4.406823172382932086e+00
4.195694716242661133e+11	1.669771847811728938e+00	9.596316561915925816e-03	1.687709161693164539e+00	2.788045934453039276e+00	3.204731847555330332e-02	1.149454464846913146e-02	7.322016126597470986e+01	2.930996900826008655e+01	-4.393836971154056054e-02	7.205645183054747438e-01	7.219029057800701032e-01	-4.651486685895259932e+00	-4.393836971153995685e-02	7.205645183054749658e-01	7.219029057800703253e-01	-4.651486685895261708e+00
4.258317025440313110e+11	1.668501613301016651e+00	9.796086903036451896e-03	1.748556947767083924e+00	2.783801670269483441e+00	3.268957360350655678e-02	1.174278108696661348e-02	6.929433177463066329e+01	2.893376871540969830e+01	1.296273452300107376e-01	7.351745781512367683e-01	7.465151766650356402e-01	-4.886916934247667932e+00	1.296273452300121254e-01	7.351745781512366573e-01	7.465151766650356402e-01	-4.886916934247670596e+00
4.320939334637964478e+11	1.669632603070719368e+00	9.845185183602746942e-03	1.783163719953024140e+00	2.787576101565406805e+00	3.287568433162386256e-02	1.179364549479456660e-02	6.859570027366898159e+01	2.886459265140511121e+01	3.622807467351231159e-01	6.488261697461311650e-01	7.431169073587235996e-01	-5.221630497618613198e+00	3.622807467351241706e-01	6.488261697461309430e-01	7.431169073587239327e-01	-5.221630497618615863e+00
4.383561643835616455e+11	1.668295632704550391e+00	9.633461752494356170e-03	1.770103483452249549e+00	2.783117514515739188e+00	3.214292433902531804e-02	1.154925157539320353e-02	6.596325802369787539e+01	2.859745291601662842e+01	4.834154121506609725e-01	5.264600821609566328e-01	7.147381889991010206e-01	-5.455189188865293914e+00	4.834154121506649693e-01	5.264600821609528580e-01	7.147381889991009096e-01	-5.455189188865302796e+00
4.446183953033267822e+11	1.670024284574012974e+00	1.033272952830874628e-02	1.925713386333446797e+00	2.788874345767438534e+00	3.451181847642118689e-02	1.237482015953797823e-02	6.645857309989261807e+01	2.864852232404116350e+01	5.770791579605200061e-01	3.639220096633424273e-01	6.822459847223937279e-01	-5.720549452951453340e+00	5.770791579605196731e-01	3.639220096633429269e-01	6.822459847223937279e-01	-5.720549452951453340e+00
4.508806262230919800e+11	1.668381091191785348e+00	9.838608894343233574e-03	1.859449690348955242e+00	2.783398667221316458e+00	3.282909808590713657e-02	1.179460868201127020e-02	6.651236152436325710e+01	2.865404524675743048e+01	6.552986205871148551e-01	2.628267688755768772e-01	7.060412116731935583e-01	-5.901748770734107197e+00	6.552986205871145220e-01	2.628267688755775988e-01	7.060412116731936694e-01	-5.901748770734107197e+00
4.571428571428571167e+11	1.669409468136392238e+00	1.069924370962524462e-02	2.050190323882597365e+00	2.786813498487473950e+00	3.572283750149424231e-02	1.281852464145253820e-02	6.436131843871386593e+01	2.842961946471673684e+01	7.128686704529633156e-01	5.590669317255378412e-02	7.150575498901230453e-01	-6.204920545293210132e+00	7.128686704529632046e-01	5.590669317255528292e-02	7.150575498901229343e-01	-6.204920545293209244e+00
4.634050880626223145e+11	1.668446666896985953e+00	9.631963217944057229e-03	1.870961171017495595e+00	2.783621505564230159e+00	3.214083385330625958e-02	1.154640952049672611e-02	6.355660113490932162e+01	2.834372710742842827e+01	7.182198884772941216e-01	-1.406632478362304373e-01	7.318647125638545470e-01	-6.476587159150119177e+00	7.182198884772937886e-01	-1.406632478362308258e-01	7.318647125638544360e-01	-6.476587159150120065e+00
4.696673189823874512e+11	1.669576103553338076e+00	1.111021500649232545e-02	2.187267833816342488e+00	2.787360928678856098e+00	3.709869896035856290e-02	1.330961433040624489e-02	6.460365919036999571e+01	2.845527564595782977e+01	5.912599181404030180e-01	-3.129210450066912674e-01	6.689602912038021820e-01	-6.769953863182968767e+00	5.912599181404034621e-01	-3.129210450066907123e-01	6.689602912038022930e-01	-6.769953863182968767e+00
4.759295499021526489e+11	1.668663448683190387e+00	9.799835894618403459e-03	1.955017434616527217e+00	2.784341668187716667e+00	3.270525592088652928e-02	1.174613600570574221e-02	6.260964874973024052e+01	2.824124927201416924e+01	5.269585114736535791e-01	-4.295819778369798780e-01	6.798720089081915496e-01	-6.967132222780176853e+00	5.269585114736539122e-01	-4.295819778369793229e-01	6.798720089081915496e-01	-6.967132222780176853e+00
4.821917808219177856e+11	1.668960745665606371e+00	1.167211074839942693e-02	2.359165258386570763e+00	2.785293732403374189e+00	3.896058931628049171e-02	1.398796430804523372e-02	6.507870381712274366e+01	2.850528972516229231e+01	3.980729515977633470e-01	-5.270570799194174150e-01	6.604931795915369719e-01	-7.207113166367313362e+00	3.980729515977640132e-01	-5.270570799194167488e-01	6.604931795915368609e-01	-7.207113166367313362e+00
4.884540117416829834e+11	1.668532223739903397e+00	1.022568161380742885e-02	2.093654950695788663e+00	2.783895217093959928e+00	3.412375856468470581e-02	1.225755852991682049e-02	6.722430283260740680e+01	2.872672854861939840e+01	2.674184959008171214e-01	-6.589699861685223148e-01	7.111639013763266792e-01	-7.468474235137843920e+00	2.674184959008157891e-01	-6.589699861685228699e-01	7.111639013763267902e-01	-7.468474235137846584e+00
4.947162426614481201e+11	1.668718788558652077e+00	1.157006238871225584e-02	2.399280538831384924e+00	2.784488528944976782e+00	3.861436098567987835e-02	1.386766746721366031e-02	6.269145036959719164e+01	2.825016268286610099e+01	5.678656589425477852e-02	-6.698717802906387631e-01	6.722744351050488065e-01	-7.769411538798667749e+00	5.678656589425424422e-02	-6.698717802906388741e-01	6.722744351050488065e-01	-7.769411538798668637e+00
5.009784735812133179e+11	1.668655753459718616e+00	1.025999701691777781e-02	2.154544461966902080e+00	2.784306756015434203e+00	3.424080610551880066e-02	1.229778508835001165e-02	6.543118855735777117e+01	2.854216495916882934e+01	-1.160509283972641081e-01	-6.605934803359829743e-01	6.707097466447566880e-01	-8.027883883923905728e+00	-1.160509283972637751e-01	-6.605934803359829743e-01	6.707097466447566880e-01	-8.027883883923905728e+00
5.072407045009784546e+11	1.668453295846848983e+00	1.187225218126590660e-02	2.524273285398484834e+00	2.783595450050357467e+00	3.961659656191608703e-02	1.423216745134404937e-02	6.728431227742275667e+01	2.873281979795025265e+01	-2.387087319347592496e-01	-5.821571773737097555e-01	6.291969785922575387e-01	-8.243114583000478390e+00	-2.387087319347606651e-01	-5.821571773737092004e-01	6.291969785922575387e-01	-8.243114583000481943e+00
5.135029354207436523e+11	1.668718021212000524e+00	1.080734737082459165e-02	2.326222234535471944e+00	2.784503035560501161e+00	3.606883063838625669e-02	1.295341760370027732e-02	6.875810409483261765e+01	2.888073596165249057e+01	-3.930593669382237976e-01	-5.377550917135102138e-01	6.660902375817281396e-01	-8.485163437407246434e+00	-3.930593669382231869e-01	-5.377550917135105468e-01	6.660902375817280285e-01	-8.485163437407246434e+00
5.197651663405087891e+11	1.668020584234950920e+00	1.188501862692453032e-02	2.589382439299946714e+00	2.782151415763744584e+00	3.964891142745186059e-02	1.425116950961046423e-02	6.595539933230362806e+01	2.859663955968290949e+01	-5.115049025570211905e-01	-4.159366447641272280e-01	6.592727491694977404e-01	-8.742062430026125597e+00	-5.115049025570220786e-01	-4.159366447641259512e-01	6.592727491694976294e-01	-8.742062430026127373e+00
5.260273972602739868e+11	1.668458142918931131e+00	1.094408328327170325e-02	2.413108862499378837e+00	2.783632801713577187e+00	3.651948974151524724e-02	1.311936320014414452e-02	6.630035269757138394e+01	2.863225051643314600e+01	-6.221063842807540434e-01	-2.456619496668648317e-01	6.688543540091508310e-01	-9.048686784509218484e+00	-6.221063842807535993e-01	-2.456619496668660529e-01	6.688543540091509421e-01	-9.048686784509216707e+00
5.322896281800391235e+11	1.667942893110360814e+00	1.188138964001058187e-02	2.650967499804529837e+00	2.781892327257582842e+00	3.963495882066143949e-02	1.424748126744861294e-02	6.402026784674146143e+01	2.839334893218324751e+01	-6.179165150647970561e-01	-8.715492116881741469e-02	6.240326913501937911e-01	-9.284655848596401029e+00	-6.179165150647960569e-01	-8.715492116882116169e-02	6.240326913501933470e-01	-9.284655848596397476e+00
5.385518590998043213e+11	1.668637132212984708e+00	1.129757970317966237e-02	2.550363618400920185e+00	2.784222243692824339e+00	3.770312199372267276e-02	1.354170705270838111e-02	6.498803478091016927e+01	2.849577207671154611e+01	-6.242291625984571768e-01	6.632277497659368193e-02	6.277425889000737280e-01	-9.530628333671380403e+00	-6.242291625984570658e-01	6.632277497659538890e-02	6.277425889000737280e-01	-9.530628333671383956e+00
5.448140900195694580e+11	1.667452257363056578e+00	1.212226452115850589e-02	2.768351604698281676e+00	2.780250081288031971e+00	4.042659468031568892e-02	1.454063249647919755e-02	5.760658870062367498e+01	2.767271016366002456e+01	-5.960080361597676069e-01	1.892458512848169683e-01	6.253315691659409037e-01	-9.732231754118293665e+00	-5.960080361597676069e-01	1.892458512848176344e-01	6.253315691659410147e-01	-9.732231754118295441e+00
5.510763209393345947e+11	1.668197172060029931e+00	1.159621636622219960e-02	2.678657711250642226e+00	2.782747332635068904e+00	3.868955069745622088e-02	1.390336457921240686e-02	5.883581485031590574e+01	2.781684654111105814e+01	-5.327577309287114815e-01	3.738337338576842583e-01	6.508321292271050940e-01	-1.003664097803781452e+01	-5.327577309287107044e-01	3.738337338576852575e-01	6.508321292271050940e-01	-1.003664097803781630e+01
5.573385518590998535e+11	1.667064879246704212e+00	1.189091270113926471e-02	2.777943680014883121e+00	2.778963917812962148e+00	3.964584589251565760e-02	1.426641261456782113e-02	3.668649858450253731e+01	2.459233915686260374e+01	-4.130972412553544082e-01	4.788877456487230511e-01	6.324419369912944733e-01	-1.028380022068852995e+01	-4.130972412553526874e-01	4.788877456487241058e-01	6.324419369912941402e-01	-1.028380022068853350e+01
5.636007827788649902e+11	1.668433030937118700e+00	1.173843454029429960e-02	2.773134482924879851e+00	2.783530987876563945e+00	3.916958383704036151e-02	1.407190507583360936e-02	4.937357530519732762e+01	2.661989533554085696e+01	-2.457107454911429678e-01	5.597630292809606667e-01	6.113169549420421900e-01	-1.058194330529402549e+01	-2.457107454911428568e-01	5.597630292809607777e-01	6.113169549420421900e-01	-1.058194330529402549e+01
5.698630136986301270e+11	1.667543307613320369e+00	1.201353786913681408e-02	2.869660721163916683e+00	2.780556357673839241e+00	4.006618934887656858e-02	1.440941459010569581e-02	5.244146823883561837e+01	2.703142067075668109e+01	-1.300518026416409845e-01	5.867192897172692767e-01	6.009600621477914073e-01	-1.077744181203638085e+01	-1.300518026416409012e-01	5.867192897172692767e-01	6.009600621477914073e-01	-1.077744181203638085e+01
5.761252446183952637e+11	1.668243779486485723e+00	1.237748323518380981e-02	2.989086020249593911e+00	2.782884105704117150e+00	4.129731882558730638e-02	1.483975518094325478e-02	5.616397381259265842e+01	2.749957685759980919e+01	3.050131619163672092e-02	6.074076345422726453e-01	6.081729727550059250e-01	-1.104574770616547852e+01	3.050131619163788319e-02	6.074076345422725343e-01	6.081729727550059250e-01	-1.104574770616548030e+01
5.823874755381605225e+11	1.667087972999794498e+00	1.225709771665078884e-02	2.992187719978912863e+00	2.779032073276127779e+00	4.086732037462354611e-02	1.470559507665060439e-02	5.353421534119146230e+01	2.717220868055896688e+01	1.760540591662085874e-01	5.946807366742358214e-01	6.201936877462642661e-01	-1.128340148733951942e+01	1.760540591662082266e-01	5.946807366742360434e-01	6.201936877462642661e-01	-1.128340148733951942e+01
5.886497064579256592e+11	1.667809519816800368e+00	1.232189413708500124e-02	3.040349890746827821e+00	2.781436765316420701e+00	4.110114468801037008e-02	1.477694736782363474e-02	5.588840888931991913e+01	2.746599996085036466e+01	3.406290928424264841e-01	5.003351813867615849e-01	6.052796648029553639e-01	-1.159329901909605631e+01	3.406290928424273723e-01	5.003351813867608078e-01	6.052796648029551418e-01	-1.159329901909605809e+01
5.949119373776907959e+11	1.667251410431349168e+00	1.213444691966151893e-02	3.025950579998313739e+00	2.779580020783277039e+00	4.046234748322001529e-02	1.455700040318243932e-02	5.239110424316377390e+01	2.702486132070329106e+01	4.335038279955859553e-01	3.996392725155459846e-01	5.896075957987494398e-01	-1.182159683356849200e+01	4.335038279955855112e-01	3.996392725155466508e-01	5.896075957987494398e-01	-1.182159683356849023e+01
6.011741682974559326e+11	1.667826046659884431e+00	1.281122922657712201e-02	3.228347486136286193e+00	2.781479594322842974e+00	4.273380358763138182e-02	1.536369480288602221e-02	5.668071869638385607e+01	2.756209915442501313e+01	5.032364074917987651e-01	2.730136742243776671e-01	5.725236660075689876e-01	-1.206929162623610274e+01	5.032364074917990981e-01	2.730136742243771675e-01	5.725236660075689876e-01	-1.206929162623610452e+01
6.074363992172210693e+11	1.666997674740214874e+00	1.248966704967833380e-02	3.180100423207228300e+00	2.778725255806271388e+00	4.164049186018652787e-02	1.498546564586651642e-02	5.428122860198922695e+01	2.726680867826056698e+01	5.686480233897661662e-01	1.639286662373638792e-01	5.918050203567465362e-01	-1.228570241640597160e+01	5.686480233897653891e-01	1.639286662373662107e-01	5.918050203567464251e-01	-1.228570241640596805e+01
6.136986301369863281e+11	1.667458635516299914e+00	1.302270958982940270e-02	3.350006662367818855e+00	2.780248710192819939e+00	4.342965912676394202e-02	1.562078204282376682e-02	5.804663020088220549e+01	2.772465888327952399e+01	5.869214554027790687e-01	-1.023844858455192491e-02	5.870107500221225516e-01	-1.258381317016397105e+01	5.869214554027791797e-01	-1.023844858455341157e-02	5.870107500221226626e-01	-1.258381317016397283e+01
6.199608610567514648e+11	1.666768673803749268e+00	1.258448124097455087e-02	3.270308714096397562e+00	2.777959442805404855e+00	4.195083821705462845e-02	1.510131414110543226e-02	5.706710034931915487e+01	2.760847714503086081e+01	5.631017327277113571e-01	-1.557796138804568853e-01	5.842523851056964368e-01	-1.283626607722932889e+01	5.631017327277111351e-01	-1.557796138804572184e-01	5.842523851056963258e-01	-1.283626607722932889e+01
6.262230919765166016e+11	1.667394977583658955e+00	1.306783680046445274e-02	3.430219736163496069e+00	2.780035242912566762e+00	4.357849089795468034e-02	1.567551742700164230e-02	5.874332373280704900e+01	2.780610648173120936e+01	4.770389550366710973e-01	-2.853730893850940364e-01	5.558812505991472808e-01	-1.310547848123364645e+01	4.770389550366699871e-01	-2.853730893850955352e-01	5.558812505991470587e-01	-1.310547848123365000e+01
6.324853228962817383e+11	1.666711027301355008e+00	1.291999243981205650e-02	3.425325696378212825e+00	2.777758722323293572e+00	4.306778774416978456e-02	1.550450994827522536e-02	5.622134686928018965e+01	2.750654689771176820e+01	4.101605886131242662e-01	-3.772172276897397536e-01	5.572472927860642189e-01	-1.330995383500571805e+01	4.101605886131242107e-01	-3.772172276897398646e-01	5.572472927860642189e-01	-1.330995383500571982e+01
6.387475538160469971e+11	1.666957328989910891e+00	1.336619887216360797e-02	3.578708539618077999e+00	2.778568081400887735e+00	4.456176634137961473e-02	1.603767301570405840e-02	5.776491285377387896e+01	2.769144654606366274e+01	3.005189729642872565e-01	-4.716392814972975578e-01	5.592452636927710552e-01	-1.356985709743556079e+01	3.005189729642869789e-01	-4.716392814972976688e-01	5.592452636927710552e-01	-1.356985709743556079e+01
6.450097847358121338e+11	1.666363808191224427e+00	1.289436974636189691e-02	3.486226368806632614e+00	2.776602076478404069e+00	4.297342214954664313e-02	1.547698264493496331e-02	5.332659278759416566e+01	2.714568135540035598e+01	1.767617685613036005e-01	-5.469994710897516654e-01	5.748505407472345174e-01	-1.382461105091321940e+01	1.767617685613012968e-01	-5.469994710897523316e-01	5.748505407472345174e-01	-1.382461105091322295e+01
6.512720156555772705e+11	1.666804514139021975e+00	1.325698201157422991e-02	3.619063852244324142e+00	2.778061540782165828e+00	4.419359492150348040e-02	1.590806908800902059e-02	5.580429981010143337e+01	2.745571849641386919e+01	1.067033548716892627e-02	-5.531174341399146543e-01	5.532203467054800372e-01	-1.411787806783610577e+01	1.067033548716918474e-02	-5.531174341399147654e-01	5.532203467054801482e-01	-1.411787806783610577e+01
6.575342465753424072e+11	1.666421815214188751e+00	1.291124338176637305e-02	3.558570761935121229e+00	2.776794966016088662e+00	4.303115526583060207e-02	1.549669881733042702e-02	5.057063175253982479e+01	2.678343180290555026e+01	-1.141735655560427720e-01	-5.336189957576111809e-01	5.456966517261594429e-01	-1.434794963679411772e+01	-1.141735655560447565e-01	-5.336189957576107368e-01	5.456966517261595540e-01	-1.434794963679412128e+01
6.637964774951076660e+11	1.666857361187612296e+00	1.357966042379670640e-02	3.778444213974056609e+00	2.778229055368104383e+00	4.527071387966725979e-02	1.629480974298897974e-02	5.122442429735579594e+01	2.687112301844685547e+01	-2.356144116047342307e-01	-4.758766121988827202e-01	5.310110177705646972e-01	-1.459690020626464246e+01	-2.356144116047313164e-01	-4.758766121988840525e-01	5.310110177705645862e-01	-1.459690020626463713e+01
6.700587084148728027e+11	1.666248501679371552e+00	1.318859113499435722e-02	3.704251127008987954e+00	2.776210130412624544e+00	4.395094043589237859e-02	1.583127298413827475e-02	4.846199589152066523e+01	2.649267775479313869e+01	-3.486511869704359001e-01	-4.248559220535531034e-01	5.496000406476228006e-01	-1.482436352993948780e+01	-3.486511869704370659e-01	-4.248559220535522707e-01	5.496000406476229116e-01	-1.482436352993949136e+01
6.763209393346379395e+11	1.666558715920398059e+00	1.368369058648971105e-02	3.879227413721333839e+00	2.777230710222179155e+00	4.560934762574466589e-02	1.642259948295613642e-02	4.918257934995011027e+01	2.659343606884466027e+01	-4.491041729445605091e-01	-3.017449833720247110e-01	5.410587705105621703e-01	-1.511635877549051088e+01	-4.491041729445613417e-01	-3.017449833720231567e-01	5.410587705105620593e-01	-1.511635877549051443e+01
6.825831702544030762e+11	1.666192768608167674e+00	1.310564316902566341e-02	3.749756583934555909e+00	2.776026584279277287e+00	4.367305575237918208e-02	1.573221812777335013e-02	4.476393120885856547e+01	2.595079843126026731e+01	-5.118208696472114072e-01	-1.778252405592188889e-01	5.418324637619749140e-01	-1.537357403231568398e+01	-5.118208696472112962e-01	-1.778252405592194441e-01	5.418324637619750250e-01	-1.537357403231568220e+01
6.888454011741683350e+11	1.666649504140115701e+00	1.391183442243112620e-02	4.016939812134971532e+00	2.777527030513496253e+00	4.637230388364845662e-02	1.669553648774944887e-02	4.787827508143430322e+01	2.640995224202275082e+01	-5.094834484511661099e-01	-3.728694326428950295e-02	5.108460632946938418e-01	-1.563490773510912035e+01	-5.094834484511661099e-01	-3.728694326428879519e-02	5.108460632946938418e-01	-1.563490773510912213e+01
6.951076320939334717e+11	1.666170214541739858e+00	1.336782077462996508e-02	3.894949509959644729e+00	2.775944485193804656e+00	4.454612961604147159e-02	1.604719757676690423e-02	4.375004290744909952e+01	2.579439938249538500e+01	-5.175862899483362201e-01	7.366198245798771804e-02	5.228017360358743204e-01	-1.584933218186083081e+01	-5.175862899483363311e-01	7.366198245798702415e-02	5.228017360358743204e-01	-1.584933218186083081e+01
7.013698630136986084e+11	1.666401472405017126e+00	1.422529466729364686e-02	4.182130044737675689e+00	2.776691508225237914e+00	4.741010395794674481e-02	1.707431445571337345e-02	4.671301356483417777e+01	2.624175027418548112e+01	-4.708763214821994891e-01	2.032609993280614369e-01	5.128738090217221934e-01	-1.611546596660840791e+01	-4.708763214822002108e-01	2.032609993280594662e-01	5.128738090217219714e-01	-1.611546596660840436e+01
7.076320939334637451e+11	1.666021774862639138e+00	1.347873220133463841e-02	3.998027043897280031e+00	2.775446878094702807e+00	4.491172268993148115e-02	1.618179870218327404e-02	4.382010879023932404e+01	2.580532352681859365e+01	-4.170032948328615818e-01	3.289486160421171701e-01	5.311298710273096857e-01	-1.637586180217505216e+01	-4.170032948328643574e-01	3.289486160421137284e-01	5.311298710273097967e-01	-1.637586180217504506e+01
7.138943248532290039e+11	1.666277781639513567e+00	1.430950508295424604e-02	4.282010263040027631e+00	2.776276883649779315e+00	4.768722077196869275e-02	1.717668041426674910e-02	4.619745427864251752e+01	2.616598760539049451e+01	-2.919554126526163751e-01	4.057039554217796717e-01	4.998336347446387107e-01	-1.665498241339206231e+01	-2.919554126526201498e-01	4.057039554217773958e-01	4.998336347446390437e-01	-1.665498241339205521e+01
7.201565557729941406e+11	1.666136010134568357e+00	1.360807965750049364e-02	4.107834352691162927e+00	2.775824024435173509e+00	4.534582309228251534e-02	1.633598624880750957e-02	4.359474263783370418e+01	2.577012363984960075e+01	-1.899725509653377442e-01	4.669486397058749128e-01	5.041136798812791975e-01	-1.689237214047598101e+01	-1.899725509653371058e-01	4.669486397058751903e-01	5.041136798812791975e-01	-1.689237214047598101e+01
7.264187866927592773e+11	1.666132554102975449e+00	1.466020136025465541e-02	4.463917545001434561e+00	2.775782766337781204e+00	4.885167747205000632e-02	1.759924373927225158e-02	4.662290445010823703e+01	2.622856901514924033e+01	-7.186831196513898679e-02	4.772908797147842330e-01	4.826713562286777948e-01	-1.712930686035186056e+01	-7.186831196513671083e-02	4.772908797147847881e-01	4.826713562286779613e-01	-1.712930686035186412e+01
7.326810176125244141e+11	1.665989508465861801e+00	1.398835188895782011e-02	4.296063082706330860e+00	2.775325368329754738e+00	4.660889497546469307e-02	1.679402909198889418e-02	4.515008939882476824e+01	2.600943618733283103e+01	5.082766407840258460e-02	5.022352560550168432e-01	5.048006575474275337e-01	-1.737961909431825802e+01	5.082766407840293849e-02	5.022352560550167322e-01	5.048006575474275337e-01	-1.737961909431825802e+01
7.389432485322896729e+11	1.665777959745430303e+00	1.477536236477129672e-02	4.576551852648581331e+00	2.774597899840637982e+00	4.922494594897629250e-02	1.774128999081401453e-02	4.544096983620890740e+01	2.605327588088583113e+01	1.744718547954879628e-01	4.538610911232592859e-01	4.862410082987378979e-01	-1.764576047411138049e+01	1.744718547954864640e-01	4.538610911232598966e-01	4.862410082987379534e-01	-1.764576047411137694e+01
7.452054794520548096e+11	1.665860709079880042e+00	1.400015006646808738e-02	4.373185420252248434e+00	2.774895897854237070e+00	4.664459983390251835e-02	1.680949540124071495e-02	4.276334935156615558e+01	2.563867571540939849e+01	2.931285919419838737e-01	3.957478105133602764e-01	4.924842138992970852e-01	-1.791627913044740694e+01	2.931285919419833741e-01	3.957478105133606094e-01	4.924842138992970297e-01	-1.791627913044740694e+01
7.514677103718199463e+11	1.665624722849911477e+00	1.493500851833449300e-02	4.704407784848378071e+00	2.774082662889401529e+00	4.975223884822391196e-02	1.793466341641148862e-02	3.650847563760552816e+01	2.455913194444152836e+01	3.535325462031664867e-01	2.991380749193310873e-01	4.631078158391816468e-01	-1.814730698277022114e+01	3.535325462031660426e-01	2.991380749193315869e-01	4.631078158391816468e-01	-1.814730698277021759e+01
7.577299412915850830e+11	1.666166164551627915e+00	1.412382190334591885e-02	4.485964600954012838e+00	2.775910205551524790e+00	4.706526833901628765e-02	1.695489581935711101e-02	3.360194807228815250e+01	2.399279136860694805e+01	4.362929130069393979e-01	2.047727814973617222e-01	4.819578798839656564e-01	-1.841072999813334476e+01	4.362929130069395089e-01	2.047727814973615279e-01	4.819578798839656564e-01	-1.841072999813334476e+01
7.639921722113503418e+11	1.665370194694813399e+00	1.499403417212307431e-02	4.801717065132012685e+00	2.773233064317086161e+00	4.994123521697858142e-02	1.800830801405315859e-02	4.232959954917552636e+01	2.556907938884452847e+01	4.574738174878084096e-01	1.004564319450837323e-01	4.683735564760310721e-01	-1.863339723037321249e+01	4.574738174878081320e-01	1.004564319450849952e-01	4.683735564760310721e-01	-1.863339723037320894e+01
7.702544031311154785e+11	1.665910783635616621e+00	1.431916470469148453e-02	4.623182475741139719e+00	2.775053700555594194e+00	4.770890178840010709e-02	1.719206434774516248e-02	3.854701624200397703e+01	2.493005220551739143e+01	4.805813827709504160e-01	-4.064390451174061669e-02	4.822969960926547506e-01	-1.893392751408301677e+01	4.805813827709502495e-01	-4.064390451174172691e-02	4.822969960926546951e-01	-1.893392751408302033e+01
7.765166340508806152e+11	1.665316804689418229e+00	1.499997115031670436e-02	4.882366175482055759e+00	2.773055060846463693e+00	4.995940805295773918e-02	1.801601733710539097e-02	3.992083174846157334e+01	2.516911824834292588e+01	4.338063576979794833e-01	-1.429138495594816094e-01	4.567409817118422977e-01	-1.916779981332322791e+01	4.338063576979787617e-01	-1.429138495594830249e-01	4.567409817118421311e-01	-1.916779981332323146e+01
7.827788649706457520e+11	1.665978202820247001e+00	1.458142154479065943e-02	4.784407007065127004e+00	2.775270754417913377e+00	4.858466091950954663e-02	1.750627784412325458e-02	3.631541479065592171e+01	2.452293614372045027e+01	3.797574996579588524e-01	-2.554514313264608649e-01	4.576802293230527452e-01	-1.944170308793826507e+01	3.797574996579587969e-01	-2.554514313264609759e-01	4.576802293230528007e-01	-1.944170308793826507e+01
7.890410958904110107e+11	1.665231799854253847e+00	1.512403926547699340e-02	5.002148500290026334e+00	2.772768210682134082e+00	5.037006225423332206e-02	1.816598374872513758e-02	3.655993590795400650e+01	2.456874760910466904e+01	3.123116306984993207e-01	-3.205464923405560995e-01	4.475361532003755416e-01	-1.964796552718977907e+01	3.123116306985005419e-01	-3.205464923405548783e-01	4.475361532003755416e-01	-1.964796552718977551e+01
7.953033268101761475e+11	1.665871014028192931e+00	1.490785092171068027e-02	4.969778139262834848e+00	2.774903991360215816e+00	4.966911346386260195e-02	1.789939890479438217e-02	3.350012720341232608e+01	2.397207383650611234e+01	2.115905558978000700e-01	-4.055260562761456855e-01	4.574078548341991013e-01	-1.993944220510928744e+01	2.115905558977988488e-01	-4.055260562761464072e-01	4.574078548341991568e-01	-1.993944220510929100e+01
8.015655577299412842e+11	1.665052702466521151e+00	1.514023246542766515e-02	5.086988459351921676e+00	2.772171275351958286e+00	5.041856996506338673e-02	1.818739354719783180e-02	3.268924477080584268e+01	2.380479992975507031e+01	1.108733122072642213e-01	-4.358090239515653996e-01	4.496914461243682881e-01	-2.017122917989325614e+01	1.108733122072646654e-01	-4.358090239515655107e-01	4.496914461243685102e-01	-2.017122917989325614e+01
8.078277886497064209e+11	1.665849467874282341e+00	1.499194598969496445e-02	5.076518328574642247e+00	2.774829691172471691e+00	4.994865049866667461e-02	1.800061843707656886e-02	3.208125675739888294e+01	2.367663554603103648e+01	-2.280563149582533894e-02	-4.423197284250430239e-01	4.429072577661459231e-01	-2.047186578883316344e+01	-2.280563149582340993e-02	-4.423197284250433015e-01	4.429072577661460897e-01	-2.047186578883315633e+01
8.140900195694715576e+11	1.665136382583352725e+00	1.521265425489459408e-02	5.191185959831642549e+00	2.772447747753294500e+00	5.066228815097286592e-02	1.827348709891034317e-02	2.985164436986297432e+01	2.318489897319820869e+01	-1.106129670253727382e-01	-4.175467352723832293e-01	4.319496551807650575e-01	-2.067931536258914349e+01	-1.106129670253753888e-01	-4.175467352723823411e-01	4.319496551807650020e-01	-2.067931536258915060e+01
8.203522504892368164e+11	1.665857370958811812e+00	1.537443610450688752e-02	5.286749475216019789e+00	2.774844407092272647e+00	5.122323541805615804e-02	1.845985860941745313e-02	3.004377766994418053e+01	2.322869627366675260e+01	-2.206294297015132522e-01	-3.694775805325009044e-01	4.303382713245078039e-01	-2.095866533031123424e+01	-2.206294297015144457e-01	-3.694775805325001827e-01	4.303382713245077484e-01	-2.095866533031123424e+01
8.266144814090019531e+11	1.665035300398888918e+00	1.544513702197580080e-02	5.351603584995427987e+00	2.772103999316790635e+00	5.143339672217495800e-02	1.855392032003531227e-02	2.958525451093412784e+01	2.312370603675120861e+01	-2.971001687150198189e-01	-3.137729335426196475e-01	4.321133694696733807e-01	-2.117846384988650854e+01	-2.971001687150196524e-01	-3.137729335426197586e-01	4.321133694696733252e-01	-2.117846384988650854e+01
8.328767123287670898e+11	1.665679403643626211e+00	1.548907036904485085e-02	5.407483875286066777e+00	2.774247964421689083e+00	5.159965099060957738e-02	1.859950936338377117e-02	2.911240638166310646e+01	2.301371757832981402e+01	-3.738374626601574380e-01	-2.082147202462121816e-01	4.279109933331849414e-01	-2.148297299712869091e+01	-3.738374626601575490e-01	-2.082147202462123203e-01	4.279109933331850524e-01	-2.148297299712869091e+01
8.391389432485322266e+11	1.665091096529992987e+00	1.553207871710416722e-02	5.463269449661112276e+00	2.772287114274180286e+00	5.172465196490629025e-02	1.865775434967833699e-02	2.914946994292515470e+01	2.302240317339674291e+01	-4.022390436997634877e-01	-1.156343186514029037e-01	4.185302186538917280e-01	-2.171122035251248406e+01	-4.022390436997621554e-01	-1.156343186514074001e-01	4.185302186538916724e-01	-2.171122035251247340e+01
8.454011741682974854e+11	1.665725138121337157e+00	1.574453551750802302e-02	5.579327577032561436e+00	2.774392345370685575e+00	5.245213719911469979e-02	1.890581095591459607e-02	2.909605004373063863e+01	2.300988106383218579e+01	-4.086462694471034163e-01	-1.929520257642980624e-03	4.086508247654215831e-01	-2.198642687310244170e+01	-4.086462694471034718e-01	-1.929520257643299814e-03	4.086508247654216386e-01	-2.198642687310243815e+01
8.516634050880626221e+11	1.665046801299916668e+00	1.589296816289846592e-02	5.673645033357820999e+00	2.772128264082057036e+00	5.292507160559100504e-02	1.909185526922804049e-02	2.935606163650457745e+01	2.307061510941496607e+01	-3.982969468697667437e-01	8.343817751922297243e-02	4.069427322775370226e-01	-2.219764973520942775e+01	-3.982969468697670767e-01	8.343817751922105730e-02	4.069427322775369116e-01	-2.219764973520942419e+01
8.579256360078277588e+11	1.665493528555509473e+00	1.599780561334577036e-02	5.753064218793269902e+00	2.773612763875838993e+00	5.328848344023276451e-02	1.921266159943956289e-02	2.902806060393925236e+01	2.299391042897864423e+01	-3.588744860542301129e-01	1.925388086129470322e-01	4.072616966555789864e-01	-2.248357378386271321e+01	-3.588744860542290582e-01	1.925388086129491139e-01	4.072616966555790419e-01	-2.248357378386272032e+01
8.641878669275928955e+11	1.664807724230838781e+00	1.598333423570957521e-02	5.789815265327654004e+00	2.771329291685374230e+00	5.321835658914501888e-02	1.920318770808374792e-02	2.920952396210056534e+01	2.303645301007103541e+01	-3.025861246272270599e-01	2.678585674403111683e-01	4.041120821852515754e-01	-2.271574373495577248e+01	-3.025861246272292804e-01	2.678585674403087813e-01	4.041120821852515754e-01	-2.271574373495576182e+01
8.704500978473581543e+11	1.665516857025939101e+00	1.608605352904477967e-02	5.869249195367017613e+00	2.773687639919423020e+00	5.358318663129135739e-02	1.931839254720404617e-02	2.767244559200920406e+01	2.266742106110777399e+01	-2.063851037970579894e-01	3.354904816961641334e-01	3.938891650934900346e-01	-2.301044251993513612e+01	-2.063851037970565738e-01	3.354904816961649106e-01	3.938891650934899791e-01	-2.301044251993513967e+01
8.767123287671232910e+11	1.664652222695551798e+00	1.618171842877337216e-02	5.946629964373648214e+00	2.770805174513933267e+00	5.387386709898233511e-02	1.944339775113676852e-02	2.805330706981263589e+01	2.276073675885726999e+01	-1.341566734256320059e-01	3.637953616975289073e-01	3.877435727607455584e-01	-2.320864764884105114e+01	-1.341566734256301463e-01	3.637953616975296289e-01	3.877435727607455029e-01	-2.320864764884105824e+01
8.829745596868884277e+11	1.665409662449111927e+00	1.621562650836869471e-02	6.001655800798820550e+00	2.773326397235805985e+00	5.401132213940636195e-02	1.947528505596738541e-02	2.601594561036433362e+01	2.224602957805022641e+01	-2.531850257865656331e-02	3.876827236235911855e-01	3.885085851934693690e-01	-2.349673023524153592e+01	-2.531850257865641066e-02	3.876827236235911855e-01	3.885085851934693135e-01	-2.349673023524153592e+01
8.892367906066535645e+11	1.664489836743510365e+00	1.626920565655172110e-02	6.064191854049531649e+00	2.770261729569742482e+00	5.415985493444074039e-02	1.955044693298797764e-02	2.633957583466056107e+01	2.233042695646492248e+01	5.686099822822385241e-02	3.846037947049528727e-01	3.887843258426960102e-01	-2.370872469886262834e+01	5.686099822822577449e-02	3.846037947049525951e-01	3.887843258426960658e-01	-2.370872469886263545e+01
8.954990215264188232e+11	1.665315812702524934e+00	1.632727008799058493e-02	6.128692810952041548e+00	2.773010176288544848e+00	5.438012211159133635e-02	1.961050218155882541e-02	2.453605773842715010e+01	2.184622166107038765e+01	1.703863623557106965e-01	3.437393485793443504e-01	3.836512116995898780e-01	-2.402213437725932721e+01	1.703863623557095031e-01	3.437393485793449055e-01	3.836512116995898780e-01	-2.402213437725932721e+01
9.017612524461839600e+11	1.664356830011404442e+00	1.625783172059840076e-02	6.145303768705226766e+00	2.769819340513355765e+00	5.411766653070802097e-02	1.953833802051432866e-02	2.436813709614399670e+01	2.179934069843234568e+01	2.329758439760135913e-01	2.983119102475570994e-01	3.785072518088423155e-01	-2.422498064115914929e+01	2.329758439760140909e-01	2.983119102475565998e-01	3.785072518088423155e-01	-2.422498064115914929e+01
9.080234833659490967e+11	1.665329963696597693e+00	1.655912661657489918e-02	6.302656936386797248e+00	2.773049683311407332e+00	5.515281945445608264e-02	1.988886812464028472e-02	2.242021549998745655e+01	2.123059036454840154e+01	3.020383146144113851e-01	2.111499993721188406e-01	3.685260719812913921e-01	-2.452263063598034165e+01	3.020383146144114406e-01	2.111499993721187574e-01	3.685260719812913921e-01	-2.452263063598034165e+01
9.142857142857142334e+11	1.664210015744128413e+00	1.629686928997502518e-02	6.245615977104711725e+00	2.769329388554417903e+00	5.424282619529868094e-02	1.958698969486373856e-02	2.218334215746927285e+01	2.115808208318372508e+01	3.417651734890951865e-01	1.539803980415987428e-01	3.748511661861017585e-01	-2.470943463968987430e+01	3.417651734890957971e-01	1.539803980415972440e-01	3.748511661861017585e-01	-2.470943463968987786e+01
9.205479452054794922e+11	1.665234471906696712e+00	1.665959161573819097e-02	6.428356079057097716e+00	2.772728304433571989e+00	5.548425249283003846e-02	2.001070656800781056e-02	1.991285917148934814e+01	2.042096946828667114e+01	3.664365026532873104e-01	3.759933458523761346e-02	3.683604490686062660e-01	-2.503049102193963193e+01	3.664365026532876435e-01	3.759933458523486566e-02	3.683604490686062660e-01	-2.503049102193964259e+01
9.268101761252446289e+11	1.664240955908711017e+00	1.614606366272787821e-02	6.272585867326105458e+00	2.769437263952139183e+00	5.374188084844229440e-02	1.940534329770289904e-02	1.985073651600885469e+01	2.039963894273072498e+01	3.734278242271963366e-01	-4.009961518681261217e-02	3.755746517607229662e-01	-2.523971382332814528e+01	3.734278242271966697e-01	-4.009961518681026682e-02	3.755746517607230217e-01	-2.523971382332813818e+01
9.330724070450097656e+11	1.665341783741091986e+00	1.693451788377163883e-02	6.623344502071010886e+00	2.773076478778006226e+00	5.640352043871136450e-02	2.033969162782208601e-02	1.932757194584329952e+01	2.021731013185952364e+01	3.213759392398874426e-01	-1.448562424896633893e-01	3.525135817391210624e-01	-2.555620843360852845e+01	3.213759392398882198e-01	-1.448562424896617795e-01	3.525135817391211179e-01	-2.555620843360852490e+01
9.393346379647749023e+11	1.664269815749302106e+00	1.627638544451627187e-02	6.408663435007042608e+00	2.769529098891077457e+00	5.417659400961943872e-02	1.956166267807469758e-02	1.899409716345102339e+01	2.009849646918753052e+01	2.979075015881953448e-01	-2.073581431581913437e-01	3.629687025578563486e-01	-2.574081041984560159e+01	2.979075015881942345e-01	-2.073581431581930368e-01	3.629687025578563486e-01	-2.574081041984560869e+01
9.455968688845401611e+11	1.665205467366641434e+00	1.716273223737427647e-02	6.802704614126177773e+00	2.772614689169902835e+00	5.715895111325071387e-02	2.061554075166629682e-02	1.826914287460536457e+01	1.983283923219000755e+01	2.115922265161315208e-01	-2.738470870542609181e-01	3.460686310692690504e-01	-2.604568756059968848e+01	2.115922265161326865e-01	-2.738470870542599744e-01	3.460686310692689949e-01	-2.604568756059968493e+01
9.518590998043052979e+11	1.664350837401316285e+00	1.644507614451038574e-02	6.561418154720243479e+00	2.769793269429063898e+00	5.474075250448853791e-02	1.976347950176520624e-02	1.851900636467336980e+01	1.992557310143179095e+01	1.556063969456882856e-01	-3.258816738393515156e-01	3.611263160097261671e-01	-2.625805667407027499e+01	1.556063969456902840e-01	-3.258816738393505164e-01	3.611263160097260561e-01	-2.625805667407026789e+01
9.581213307240704346e+11	1.665107162375980554e+00	1.741293629600602910e-02	6.993292306025877814e+00	2.772278651845341280e+00	5.798880988895263600e-02	2.091738139322788653e-02	1.761517732836178851e+01	1.958399070647432438e+01	4.592610619048893839e-02	-3.338449511740780307e-01	3.369891076195826174e-01	-2.656682846693497879e+01	4.592610619049110332e-02	-3.338449511740777531e-01	3.369891076195826174e-01	-2.656682846693497169e+01
9.643835616438355713e+11	1.664345900725432870e+00	1.660524031899837313e-02	6.712497321551343710e+00	2.769771543255500568e+00	5.527372731097124348e-02	1.995606007490577372e-02	1.786165353603216133e+01	1.967884871739277841e+01	-2.528590149332540435e-02	-3.470893260457794116e-01	3.480091623351941332e-01	-2.677626036242822849e+01	-2.528590149332562986e-02	-3.470893260457793561e-01	3.480091623351940777e-01	-2.677626036242822849e+01
9.706457925636008301e+11	1.664957146856799852e+00	1.770822140758027477e-02	7.204848959533808106e+00	2.771768719764115207e+00	5.896685958134671723e-02	2.127409085789991675e-02	1.752898561064335681e+01	1.955050572653480501e+01	-1.123786948251736945e-01	-3.035997668086640733e-01	3.237310449383634658e-01	-2.705805300138045766e+01	-1.123786948251728895e-01	-3.035997668086642953e-01	3.237310449383634103e-01	-2.705805300138045411e+01
9.769080234833659668e+11	1.664211329663581429e+00	1.682593163107420561e-02	6.890043400510433180e+00	2.769316237805372172e+00	5.600381210515703589e-02	2.022297466090002688e-02	1.697511716545112037e+01	1.933132112951254911e+01	-1.819787215772535327e-01	-2.891640784665369113e-01	3.416608250623607290e-01	-2.726524227193213790e+01	-1.819787215772519784e-01	-2.891640784665376884e-01	3.416608250623605625e-01	-2.726524227193213434e+01
9.831702544031311035e+11	1.664587481499264721e+00	1.787512718285791044e-02	7.366599042132305541e+00	2.770531963392262043e+00	5.950942587758498853e-02	2.147942224233398076e-02	1.734983879018422925e+01	1.948037829619187988e+01	-2.400822374272982007e-01	-2.120837457774626400e-01	3.203419984190287173e-01	-2.755077758882195127e+01	-2.400822374272984228e-01	-2.120837457774623902e-01	3.203419984190287173e-01	-2.755077758882195482e+01
9.894324853228962402e+11	1.663769863524629411e+00	1.659402843666607855e-02	6.882197891646592680e+00	2.767854796993006961e+00	5.521728885479148391e-02	1.994948901032650088e-02	1.385693397512497071e+01	1.794576752141449560e+01	-2.991018870405459662e-01	-1.672472584241829763e-01	3.426858390444825209e-01	-2.776448156726864269e+01	-2.991018870405467434e-01	-1.672472584241817550e-01	3.426858390444825764e-01	-2.776448156726864624e+01
9.956947162426614990e+11	1.664475458064466729e+00	1.795835086554312121e-02	7.495175667447516510e+00	2.770156048133106452e+00	5.978246856601460157e-02	2.158090285430087907e-02	1.536051363805108672e+01	1.864900957188590525e+01	-3.033219271327909361e-01	-6.624367065305789004e-02	3.104712794786998464e-01	-2.805931600821478256e+01	-3.033219271327906030e-01	-6.624367065305913904e-02	3.104712794786997909e-01	-2.805931600821477900e+01
1.001956947162426636e+12	1.663803727866164595e+00	1.669536567885591266e-02	7.011874877659052707e+00	2.767964109626195324e+00	5.555562330913857427e-02	2.007093340406107540e-02	1.499981014721827499e+01	1.848679075789327442e+01	-3.328703214624479378e-01	-2.900395697024113397e-03	3.328829572172669060e-01	-2.826562081264515314e+01	-3.328703214624479934e-01	-2.900395697024656799e-03	3.328829572172669615e-01	-2.826562081264515314e+01
1.008219178082191772e+12	1.664306906100147421e+00	1.802100277680983298e-02	7.615932195841310204e+00	2.769592721151563186e+00	5.998495875258907928e-02	2.165840424640055190e-02	1.501130783024869508e+01	1.849202152060554027e+01	-2.957341083654036473e-01	8.355885852682136405e-02	3.073121307221465259e-01	-2.854970308235730059e+01	-2.957341083654035918e-01	8.355885852682147508e-02	3.073121307221464704e-01	-2.854970308235730059e+01
1.014481409001956909e+12	1.663721540695424217e+00	1.665935800451983501e-02	7.084211440362928158e+00	2.767691830764833494e+00	5.543306553255277630e-02	2.002862635080084400e-02	1.369347137953314508e+01	1.786475869619489742e+01	-2.931006032566185748e-01	1.602840990053413239e-01	3.340642992349643348e-01	-2.877476079311104229e+01	-2.931006032566185748e-01	1.602840990053414627e-01	3.340642992349643348e-01	-2.877476079311104229e+01
1.020743639921722046e+12	1.664175312709227361e+00	1.819831794944406708e-02	7.786406845125027232e+00	2.769148292654665777e+00	6.057038292859605322e-02	2.187328973650948249e-02	1.330363436071980310e+01	1.766759230025896699e+01	-2.108417797098588731e-01	2.128305441404124698e-01	2.995848737675597673e-01	-2.906442612108303791e+01	-2.108417797098595670e-01	2.128305441404117482e-01	2.995848737675597673e-01	-2.906442612108303081e+01
1.027005870841487305e+12	1.663755282000964897e+00	1.642224401103825962e-02	7.069595868191184351e+00	2.767811948287752344e+00	5.464519043134723197e-02	1.974310085089137426e-02	1.210827531855410299e+01	1.702487715101686305e+01	-1.734542531162959478e-01	2.809379136160227719e-01	3.301703942376661982e-01	-2.929200653004869537e+01	-1.734542531162940604e-01	2.809379136160238821e-01	3.301703942376661982e-01	-2.929200653004870247e+01
1.033268101761252441e+12	1.664042274061513949e+00	1.829921708989233620e-02	7.925646405850875098e+00	2.768701828517711849e+00	6.090134163961952868e-02	2.199635259107134144e-02	1.237837958045371778e+01	1.717548806076284507e+01	-8.291022878390764961e-02	2.796991312562508436e-01	2.917288296732110098e-01	-2.955695508972644348e+01	-8.291022878390910678e-02	2.796991312562504550e-01	2.917288296732110098e-01	-2.955695508972643992e+01
1.039530332681017578e+12	1.663965883761536313e+00	1.628083637990285909e-02	7.094193647073007369e+00	2.768517396689081256e+00	5.418151259052406826e-02	1.957058772876800121e-02	1.024338493982063625e+01	1.588307420908370204e+01	-1.346581798367423900e-02	3.316909685627553173e-01	3.319641951778357081e-01	-2.980455500915580203e+01	-1.346581798367448186e-02	3.316909685627553173e-01	3.319641951778357081e-01	-2.980455500915580203e+01
1.045792563600782715e+12	1.663725528301433387e+00	1.836210273789644354e-02	8.049281640499346580e+00	2.767645466704926616e+00	6.109899815666391260e-02	2.207616506221315306e-02	1.111275051958141979e+01	1.643917905949583158e+01	5.932110199242899423e-02	2.832895278112810833e-01	2.894338434066320298e-01	-3.005154860594634769e+01	5.932110199242703052e-02	2.832895278112815829e-01	2.894338434066320853e-01	-3.005154860594634059e+01
1.052054794520547974e+12	1.664417289927047294e+00	1.610332600238165851e-02	7.101385778279103000e+00	2.770025597899757663e+00	5.360530844739166273e-02	1.935191807903702266e-02	9.499015600090627842e+00	1.536804568518532221e+01	1.626096638742736689e-01	2.882068510918942006e-01	3.309155357513598461e-01	-3.035881896521730994e+01	1.626096638742733635e-01	2.882068510918943671e-01	3.309155357513598461e-01	-3.035881896521730994e+01
1.058317025440313110e+12	1.663682166049688549e+00	1.862053227473444567e-02	8.260323104465516764e+00	2.767491625409588707e+00	6.195729493565667323e-02	2.238752752376874794e-02	1.023741050584350099e+01	1.587909142467166923e+01	1.823051557727226046e-01	2.094952531215683034e-01	2.777110564989925257e-01	-3.056124163177219799e+01	1.823051557727223271e-01	2.094952531215686087e-01	2.777110564989925812e-01	-3.056124163177219799e+01
1.064579256360078247e+12	1.664904629318542106e+00	1.645492716542282241e-02	7.342824105404512913e+00	2.771636660098292460e+00	5.479176882562378920e-02	1.976874155780601952e-02	8.981763664682608450e+00	1.498580921060490034e+01	2.745531518130476245e-01	1.599231914628377049e-01	3.177339458385550208e-01	-3.088848500577013922e+01	2.745531518130472359e-01	1.599231914628385376e-01	3.177339458385551318e-01	-3.088848500577013567e+01
1.070841487279843384e+12	1.663487976132492774e+00	1.880617901374248557e-02	8.441408463665881712e+00	2.766838574368279957e+00	6.256770533271169277e-02	2.261342816033170416e-02	9.687952567700104822e+00	1.550249588868548578e+01	2.544417333059912356e-01	9.701065998251746925e-02	2.723080310934673509e-01	-3.105167140791313329e+01	2.544417333059913466e-01	9.701065998251713618e-02	2.723080310934673509e-01	-3.105167140791313329e+01
1.077103718199608643e+12	1.665084741253908041e+00	1.699504357090412393e-02	7.673066613404544434e+00	2.772218364050617279e+00	5.659637545371557638e-02	2.041555462861157147e-02	9.067039094781915054e+00	1.505031750978310789e+01	3.057996764704445369e-01	-1.113543359054267696e-03	3.058017039001598714e-01	-3.141956793424773409e+01	3.057996764704443704e-01	-1.113543359057925794e-03	3.058017039001597048e-01	-3.141956793424774474e+01
1.083365949119373779e+12	1.663551737199267633e+00	1.925320298654034992e-02	8.743137975135299556e+00	2.767033696513460317e+00	6.405739854981865045e-02	2.315020544582914105e-02	9.624481253056242025e+00	1.545762353097622999e+01	2.567822026548440273e-01	-4.126539005541626781e-02	2.600767810026474169e-01	-3.157526611128253435e+01	2.567822026548434167e-01	-4.126539005541974420e-02	2.600767810026473614e-01	-3.157526611128254856e+01
1.089628180039138916e+12	1.664639601045700079e+00	1.760657213594977316e-02	8.041596871726156337e+00	2.770715009987208877e+00	5.861719443233953664e-02	2.115598111716662788e-02	8.423064444596066735e+00	1.454738512701259978e+01	2.534795389977232971e-01	-1.333874310326646773e-01	2.864333839621217015e-01	-3.190033386308520136e+01	2.534795389977232971e-01	-1.333874310326648438e-01	2.864333839621217570e-01	-3.190033386308520136e+01
1.095890410958904053e+12	1.662850997036014133e+00	2.011944064431173823e-02	9.242132497278484848e+00	2.764668646451826195e+00	6.691126387040136070e-02	2.420227246989443970e-02	5.918190998531292379e+00	1.213797199458015896e+01	1.968030990781454159e-01	-1.389965433872886458e-01	2.409387865835982967e-01	-3.203084958948403482e+01	1.968030990781451939e-01	-1.389965433872889788e-01	2.409387865835982967e-01	-3.203084958948403482e+01
1.102152641878669189e+12	1.668450953793446212e+00	1.895778016308512573e-02	8.758271218526068935e+00	2.783369187785548871e+00	6.326025278981170508e-02	2.272794175757245419e-02	2.041707668245564378e+00	4.872762057323431151e+00	8.202065347001166740e-02	-2.470308349394588210e-01	2.602914155452190070e-01	-3.266614939321117816e+01	8.202065347000883633e-02	-2.470308349394598479e-01	2.602914155452191181e-01	-3.266614939321119238e+01
1.108414872798434326e+12	1.662810194896005234e+00	1.811778472821599928e-02	8.417761190903476631e+00	2.764609490126633151e+00	6.025287431001742633e-02	2.179435270160254637e-02	7.184386404599689691e+00	1.346151562538993218e+01	1.179086984868857463e-01	-2.473297214426500856e-01	2.739971756930538738e-01	-3.254186658253378539e+01	1.179086984868866206e-01	-2.473297214426496138e-01	2.739971756930538183e-01	-3.254186658253377828e+01
1.114677103718199707e+12	1.665170454577135084e+00	1.837134808035791392e-02	8.583793620534143187e+00	2.772455136366332784e+00	6.118285206832873441e-02	2.206811257855624542e-02	5.740286934751555492e+00	1.192961189005536404e+01	6.554453790464979945e-03	-2.656096019115087858e-01	2.656904618010995089e-01	-3.296205084868211799e+01	6.554453790465249695e-03	-2.656096019115088414e-01	2.656904618010995645e-01	-3.296205084868211799e+01
1.120939334637964844e+12	1.662860355825122260e+00	1.818393512081414864e-02	8.543958760126713514e+00	2.764773907478374149e+00	6.047468965059590862e-02	2.187328572763917386e-02	7.050479555847298130e+00	1.333307599151297573e+01	-1.843154770262254993e-02	-2.657677924384815871e-01	2.664061588033164729e-01	-3.305596406902567708e+01	-1.843154770262614775e-02	-2.657677924384812540e-01	2.664061588033164174e-01	-3.305596406902569129e+01
1.127201565557729980e+12	1.664699759422931358e+00	1.885139217216881893e-02	8.907055792547074802e+00	2.770869914035936521e+00	6.276381602759352474e-02	2.265130373304833494e-02	8.094872848017420353e+00	1.427607522636882642e+01	-1.090918789768602903e-01	-2.284969717323387106e-01	2.532032862139650953e-01	-3.343215402364083388e+01	-1.090918789768624969e-01	-2.284969717323376837e-01	2.532032862139650953e-01	-3.343215402364084099e+01
1.133463796477495117e+12	1.662846189329805213e+00	1.894148151216869941e-02	8.999342042622012983e+00	2.764698669646778573e+00	6.299354070554136209e-02	2.278495714456631877e-02	7.864006742203788924e+00	1.407854893125527340e+01	-1.359282130282367940e-01	-2.109253788502253590e-01	2.509302583192405955e-01	-3.355917773363759693e+01	-1.359282130282375434e-01	-2.109253788502248872e-01	2.509302583192405955e-01	-3.355917773363760404e+01
1.139726027397260254e+12	1.664707113123473858e+00	1.880923420209001939e-02	8.985882622233560824e+00	2.770895985192621147e+00	6.262373193724916909e-02	2.260053508753264578e-02	7.271062709563832271e+00	1.354338299651227473e+01	-2.066579444502021912e-01	-1.436230642734135643e-01	2.516646391443739250e-01	-3.395017054560278069e+01	-2.066579444502016916e-01	-1.436230642734142859e-01	2.516646391443738695e-01	-3.395017054560278069e+01
1.145988258317025391e+12	1.662974165965692919e+00	1.988292044170017481e-02	9.551014486189028929e+00	2.765087746144001102e+00	6.612956607699714551e-02	2.391590146432670538e-02	7.218612206481998861e+00	1.349395992258820520e+01	-2.055556876930720034e-01	-1.050694659847858370e-01	2.308521895614157327e-01	-3.408499266932164318e+01	-2.055556876930726140e-01	-1.050694659847846713e-01	2.308521895614157327e-01	-3.408499266932165028e+01
1.152250489236790527e+12	1.664511828351745049e+00	1.893796341743341632e-02	9.146803211518600207e+00	2.770240980264468966e+00	6.304492822642111804e-02	2.275792202756395446e-02	5.326215605166362721e+00	1.141851362394318059e+01	-2.423600173170715744e-01	-2.728834213339821624e-02	2.438914340650787105e-01	-3.444539716513257588e+01	-2.423600173170718797e-01	-2.728834213339538517e-02	2.438914340650786827e-01	-3.444539716513258298e+01
1.158512720156555664e+12	1.661952544162129008e+00	2.084662511230542248e-02	1.012338431152328511e+01	2.761651677268400107e+00	6.929220328518025107e-02	2.509085553965242563e-02	4.228221311938663796e+00	9.842519104307109856e+00	-2.117285975460392322e-01	-8.792495070360659137e-03	2.119110827407924280e-01	-3.451601583966824194e+01	-2.117285975460393987e-01	-8.792495070361259352e-03	2.119110827407925945e-01	-3.451601583966823483e+01
1.164774951076321045e+12	1.664413028456428467e+00	1.584025541528286118e-02	7.733807599584010539e+00	2.770019815603878222e+00	5.272945497454857577e-02	1.903576814776442028e-02	1.253141641780164850e+00	1.540456098905611526e+00	-2.801543918943256717e-01	1.146153902286039528e-01	3.026931961160253537e-01	-3.494585862473095972e+01	-2.801543918943251166e-01	1.146153902286053405e-01	3.026931961160253537e-01	-3.494585862473095972e+01
1.171037181996086182e+12	1.662910120716056372e+00	1.797372566511103512e-02	8.822627728826242688e+00	2.764947014765604560e+00	5.977738063097414595e-02	2.161972012908236832e-02	3.074944118961411288e+00	7.668271347905108115e+00	-2.210696676391099014e-01	1.328292911606895610e-01	2.579058326992969552e-01	-3.509856206400439049e+01	-2.210696676391097348e-01	1.328292911606898385e-01	2.579058326992969552e-01	-3.509856206400439049e+01
1.177299412915851318e+12	1.666606534558337849e+00	2.211474795959019607e-02	1.091334997603540202e+01	2.777088278955236245e+00	7.371316691912738195e-02	2.654332866467568400e-02	4.158223172075468987e+00	9.728558288789320940e+00	-9.181698270743189616e-02	1.648387623782190392e-01	1.886853886655769086e-01	-3.562010561785672991e+01	-9.181698270743188228e-02	1.648387623782190670e-01	1.886853886655768808e-01	-3.562010561785672991e+01
1.183561643835616455e+12	1.662424241702798566e+00	2.110361058020804662e-02	1.046976196254569835e+01	2.763208997021603608e+00	7.016630763198704324e-02	2.539305123413307386e-02	4.867690428860095508e+00	1.080397023598128214e+01	-1.063788789549846153e-01	1.708262543587714122e-01	2.012413353810964534e-01	-3.557134919022779229e+01	-1.063788789549850872e-01	1.708262543587711346e-01	2.012413353810964534e-01	-3.557134919022779229e+01
1.189823874755381592e+12	1.664637757944842589e+00	2.488712317335995891e-02	1.241213634201939975e+01	2.770399496275786078e+00	8.285608984199811788e-02	2.990763243834708429e-02	4.899355270080547164e+00	1.084823441939390065e+01	-2.166886880023827580e-02	1.501605567450586265e-01	1.517159605218512120e-01	-3.598500017859097255e+01	-2.166886880023748130e-02	1.501605567450587930e-01	1.517159605218512397e-01	-3.598500017859097966e+01
1.196086105675146729e+12	1.659942935430886557e+00	2.190965336391788656e-02	1.098467249555758052e+01	2.754930515976381056e+00	7.273754863835010798e-02	2.640267992841591888e-02	5.293714284116938451e+00	1.137672889779480911e+01	-4.320950990571205408e-02	1.823059626796340593e-01	1.873566806250579475e-01	-3.589559350780917413e+01	-4.320950990571188061e-02	1.823059626796341426e-01	1.873566806250579475e-01	-3.589559350780917413e+01
1.202348336594911865e+12	1.661721310856541622e+00	2.459786160585720680e-02	1.239700629426862655e+01	2.760712660159202247e+00	8.174958166390566827e-02	2.961176758583466961e-02	4.820305108072546751e+00	1.073718965415646664e+01	2.347424058236970493e-02	1.505621643936110032e-01	1.523811186394420647e-01	-3.628298095043593463e+01	2.347424058237015596e-02	1.505621643936109200e-01	1.523811186394420369e-01	-3.628298095043594174e+01
1.208610567514677002e+12	1.657919193269064451e+00	2.014116904893253554e-02	1.020375971229565160e+01	2.748290384719287882e+00	6.678486148220415253e-02	2.430051127549449214e-02	3.780560476535373748e+00	9.078555980855846030e+00	2.718654235778059092e-02	2.084553033737275574e-01	2.102206497706735622e-01	-3.625800258268314735e+01	2.718654235778056316e-02	2.084553033737275851e-01	2.102206497706735899e-01	-3.625800258268314735e+01
1.214872798434442139e+12	1.658886336451727228e+00	2.439333618512673149e-02	1.242198986045117515e+01	2.751308842415992384e+00	8.093154419596046423e-02	2.941565227002740715e-02	3.887904610483287282e+00	9.269688718684523820e+00	6.621974239350862657e-02	1.362277488556755956e-01	1.514696465994017638e-01	-3.658077805581020669e+01	6.621974239350969516e-02	1.362277488556750682e-01	1.514696465994017638e-01	-3.658077805581021380e+01
1.221135029354207520e+12	1.658693457031710894e+00	1.906681570395261233e-02	9.759577551945957552e+00	2.750900440938719438e+00	6.325200490915135199e-02	2.299320032373370487e-02	5.198723237516983176e+00	1.125311850491801913e+01	1.420720040705525378e-01	1.723627131005108504e-01	2.233682144083891652e-01	-3.681767617399673043e+01	1.420720040705543974e-01	1.723627131005094626e-01	2.233682144083892762e-01	-3.681767617399673753e+01
1.227397260273972656e+12	1.659446631038568931e+00	2.306441225016818766e-02	1.186633767246184235e+01	2.753231154152810500e+00	7.654832241085259004e-02	2.780308594699418615e-02	4.470338035249061370e+00	1.022264415376604596e+01	1.384306653715154933e-01	8.908143045021901796e-02	1.646163733237301918e-01	-3.712731299551106190e+01	1.384306653715154933e-01	8.908143045021892081e-02	1.646163733237301086e-01	-3.712731299551106190e+01
1.233659491193737793e+12	1.659094981855292694e+00	1.794307908187263434e-02	9.278578292638982816e+00	2.752274204730475571e+00	5.953854492753511696e-02	2.163249026031023592e-02	3.646997975543463166e+00	8.833016054370853354e+00	2.272678312880128670e-01	8.094590277032021053e-02	2.412527850899525428e-01	-3.735695128893483741e+01	2.272678312880131724e-01	8.094590277031926684e-02	2.412527850899525150e-01	-3.735695128893484451e+01
1.239921722113502930e+12	1.658173934996126864e+00	2.178740563469745012e-02	1.132371547787157873e+01	2.749066107656248814e+00	7.225461626928611492e-02	2.628333166236140536e-02	5.096179322338623585e+00	1.111711852061786843e+01	1.760482240108117991e-01	2.799497715888864258e-02	1.782601916398825759e-01	-3.754141343625293104e+01	1.760482240108119378e-01	2.799497715888744562e-02	1.782601916398825204e-01	-3.754141343625293814e+01
1.246183953033268066e+12	1.659480209134331696e+00	1.791973050809055751e-02	9.360580656644204467e+00	2.753553447767042694e+00	5.947487626239396363e-02	2.159931789616225534e-02	4.962002498363093927e+00	1.093497210477997861e+01	2.320985255009525294e-01	-4.599733234360638828e-02	2.366125104943618551e-01	-3.789475698502396739e+01	2.320985255009526960e-01	-4.599733234360545847e-02	2.366125104943618274e-01	-3.789475698502396028e+01
1.252446183953033203e+12	1.658316616120090847e+00	2.142086645311132992e-02	1.124566827626336618e+01	2.749555145780386400e+00	7.104515754176790598e-02	2.583878255753392986e-02	5.008618410567660106e+00	1.099880609422452871e+01	1.685531602245809168e-01	-6.271161661265764464e-02	1.798413597587223689e-01	-3.805530107258309158e+01	1.685531602245811389e-01	-6.271161661265699239e-02	1.798413597587223411e-01	-3.805530107258309158e+01
1.258708414872798340e+12	1.659548983629769436e+00	1.746785094542274014e-02	9.216239966283900742e+00	2.753797703249949436e+00	5.797750856534523295e-02	2.105365564686248123e-02	4.549195303347927322e+00	1.034201700457296980e+01	1.853422944247958282e-01	-1.570756750739269181e-01	2.429496528142766620e-01	-3.840214670957909959e+01	1.853422944247955784e-01	-1.570756750739271679e-01	2.429496528142766343e-01	-3.840214670957909959e+01
1.264970645792563477e+12	1.658275463920933834e+00	2.115629333297136538e-02	1.121783863746533960e+01	2.749429925494597970e+00	7.016592428316090202e-02	2.552017188455482297e-02	4.278347280086686411e+00	9.922973584369232825e+00	1.181811860173741097e-01	-1.374618112678417103e-01	1.812802865330616076e-01	-3.855978761001882305e+01	1.181811860173747203e-01	-1.374618112678411830e-01	1.812802865330616076e-01	-3.855978761001881594e+01
1.271232876712328857e+12	1.659803812812888690e+00	1.724784583870221308e-02	9.190711613129538549e+00	2.754651208842127108e+00	5.725608057177369870e-02	2.078523785079867264e-02	3.934345925527247267e+00	9.350750236305580998e+00	7.960003095913797955e-02	-2.299915602213779831e-01	2.433768327137146581e-01	-3.893671214061332364e+01	7.960003095913617543e-02	-2.299915602213785659e-01	2.433768327137146581e-01	-3.893671214061333075e+01
1.277495107632093994e+12	1.658250708841697341e+00	2.090344026345618278e-02	1.119350697886448920e+01	2.749358459559143597e+00	6.932628926821259030e-02	2.521544217967451942e-02	3.513041409091165690e+00	8.577548285499538849e+00	3.683044817153322686e-02	-1.773927591650439062e-01	1.811758066539328749e-01	-3.906519565485986334e+01	3.683044817153231093e-02	-1.773927591650440727e-01	1.811758066539328471e-01	-3.906519565485987044e+01
1.283757338551859131e+12	1.660576547938756642e+00	1.726895574948613538e-02	9.292619977245808016e+00	2.757216254731520433e+00	5.735284584997766416e-02	2.080099656730128449e-02	3.514808903744599089e+00	8.580982065409356707e+00	-5.401336600608127453e-02	-2.330835007380678003e-01	2.392600301421441977e-01	-3.949762278860922748e+01	-5.401336600608129535e-02	-2.330835007380677726e-01	2.392600301421441700e-01	-3.949762278860922748e+01
1.290019569471624268e+12	1.658450846452570682e+00	2.077225696611060754e-02	1.123231168321572682e+01	2.750027723439781635e+00	6.889953429635288507e-02	2.505412353086105409e-02	2.883975538991573107e+00	7.230567892692530307e+00	-5.583484075422854437e-02	-1.717967642808816975e-01	1.806423473591695916e-01	-3.958414476701106821e+01	-5.583484075422835702e-02	-1.717967642808817808e-01	1.806423473591696194e-01	-3.958414476701106821e+01
1.296281800391389404e+12	1.661459545221037004e+00	1.714214093476746151e-02	9.314373440565343998e+00	2.760153967410267750e+00	5.696194736318734020e-02	2.063723547155315099e-02	2.908110074664124411e+00	7.287458861421431067e+00	-1.738457939422396459e-01	-1.649331782994578055e-01	2.396357931849255052e-01	-4.008160832083435565e+01	-1.738457939422393961e-01	-1.649331782994579720e-01	2.396357931849254219e-01	-4.008160832083435565e+01
1.302544031311154541e+12	1.658578786386718518e+00	2.080621278702937324e-02	1.135990265867458682e+01	2.750450692161500843e+00	6.901748630723000821e-02	2.509315527957751979e-02	2.713195913212510746e+00	6.813852912090657021e+00	-1.313104875664728166e-01	-1.189174381503641797e-01	1.771547381279724720e-01	-4.010479294105664394e+01	-1.313104875664734272e-01	-1.189174381503635691e-01	1.771547381279724998e-01	-4.010479294105665105e+01
1.308806262230919678e+12	1.661876666641858291e+00	1.800004559363218432e-02	9.875023334994059709e+00	2.761510053487281180e+00	5.982771154109384898e-02	2.166485378734812547e-02	2.883086967019748759e+00	7.228464236343655536e+00	-2.140405296455968609e-01	-4.779066387842200586e-02	2.193109570562034871e-01	-4.062102913675837357e+01	-2.140405296455968609e-01	-4.779066387842154789e-02	2.193109570562034039e-01	-4.062102913675838067e+01
1.315068493150684814e+12	1.657765104132919554e+00	2.114820590055844704e-02	1.165765139109556614e+01	2.747737893868017256e+00	7.011751551392739201e-02	2.551826928995119120e-02	3.000603889745862674e+00	7.501201931888079599e+00	-1.618291277520286231e-01	-4.980839271203657548e-02	1.693208273471956959e-01	-4.054212193797517472e+01	-1.618291277520286786e-01	-4.980839271203635343e-02	1.693208273471956959e-01	-4.054212193797517472e+01
1.321330724070450195e+12	1.661223226949295029e+00	1.861877504321819699e-02	1.031221120590434559e+01	2.759315950971719111e+00	6.185988311827586572e-02	2.241855743141387206e-02	3.006491782907396271e+00	7.514584280879406997e+00	-2.011935880967416768e-01	4.817140843651799426e-02	2.068800243667792693e-01	-4.107570870117331907e+01	-2.011935880967413715e-01	4.817140843651922244e-02	2.068800243667792693e-01	-4.107570870117332618e+01
1.327592954990215332e+12	1.657228748977138455e+00	2.125919807322884311e-02	1.183044221234827731e+01	2.745955172933614463e+00	7.046270845430845087e-02	2.566054579071307476e-02	2.880758659420168399e+00	7.222948990461691032e+00	-1.633822554356776369e-01	2.718884503747320477e-02	1.656290876800350642e-01	-4.100560583952672999e+01	-1.633822554356776091e-01	2.718884503747353090e-02	1.656290876800350920e-01	-4.100560583952672999e+01
1.333855185909980469e+12	1.661514746849766633e+00	1.948095276432826664e-02	1.089201011620892423e+01	2.760251746478637802e+00	6.473578060123028055e-02	2.345285377821652514e-02	3.028520828668209486e+00	7.564421783581032344e+00	-1.358083759488099840e-01	1.319497266317038453e-01	1.893532290087356351e-01	-4.161169270496913697e+01	-1.358083759488107056e-01	1.319497266317030681e-01	1.893532290087356074e-01	-4.161169270496912986e+01
1.340117416829745605e+12	1.656602869553939206e+00	2.097164859145299667e-02	1.178052335309725152e+01	2.743893257369702354e+00	6.948338647175572591e-02	2.532291891644594672e-02	3.294825291163714809e+00	8.139762734342415484e+00	-1.353590596110937627e-01	9.660850743305901545e-02	1.662987634567469064e-01	-4.146057948069699250e+01	-1.353590596110932076e-01	9.660850743305984811e-02	1.662987634567469064e-01	-4.146057948069699961e+01
1.346379647749510742e+12	1.661522038784315258e+00	1.920457651550665917e-02	1.083830664150128698e+01	2.760286669606847543e+00	6.381765425206800679e-02	2.311993712637016446e-02	3.198831200960698506e+00	7.937915099743869440e+00	-5.553502306030910773e-02	1.827246432037697432e-01	1.909775746527691553e-01	-4.211644482914446996e+01	-5.553502306030930202e-02	1.827246432037696600e-01	1.909775746527691553e-01	-4.211644482914446996e+01
1.352641878669275879e+12	1.656325869070763623e+00	2.120422791722845202e-02	1.202249081903700656e+01	2.742965765271454526e+00	7.024222246595593355e-02	2.560812947623664071e-02	3.291463089081040572e+00	8.132792940242238089e+00	-7.308723541301478943e-02	1.432523160552482411e-01	1.608196817417264224e-01	-4.193972708393986437e+01	-7.308723541301428983e-02	1.432523160552484909e-01	1.608196817417264224e-01	-4.193972708393987148e+01
1.358904109589041016e+12	1.661213846956556495e+00	1.955520099290437852e-02	1.113884747644089757e+01	2.759249039434328310e+00	6.497074133886271419e-02	2.354653038211524524e-02	3.085610414204184693e+00	7.691910455027937132e+00	3.493122074823826195e-02	1.797288971020375437e-01	1.830919622388622325e-01	-4.260346271210324431e+01	3.493122074823849788e-02	1.797288971020374604e-01	1.830919622388621770e-01	-4.260346271210324431e+01
1.365166340508806152e+12	1.655138553717234062e+00	2.067483559890372774e-02	1.183087314508616039e+01	2.739056183174136017e+00	6.843943498302219874e-02	2.498650279736563951e-02	3.128520267651170528e+00	7.786190632678235524e+00	-1.045959349498839543e-02	1.651490819522987430e-01	1.654799757244588554e-01	-4.234825105140880197e+01	-1.045959349498994106e-02	1.651490819522986320e-01	1.654799757244588554e-01	-4.234825105140878776e+01
1.371428571428571533e+12	1.661448731058764894e+00	1.869643866444890487e-02	1.074784125342450913e+01	2.760062329118046165e+00	6.212634858873332389e-02	2.250903826819927386e-02	2.647489814085886906e+00	6.646495894564313112e+00	1.270452882616586454e-01	1.454071763747477875e-01	1.930900106446860054e-01	-4.312960591476945638e+01	1.270452882616583123e-01	1.454071763747479817e-01	1.930900106446859221e-01	-4.312960591476945638e+01
1.377690802348336670e+12	1.654509129521019029e+00	2.019151922879883210e-02	1.166030517540863443e+01	2.736992762219633502e+00	6.681410580589375314e-02	2.441150255425197577e-02	2.536864361340770646e+00	6.355113595209460620e+00	6.357444911375061125e-02	1.568259786382347754e-01	1.692220380327483786e-01	-4.279663833888319857e+01	6.357444911375036145e-02	1.568259786382348864e-01	1.692220380327483786e-01	-4.279663833888319857e+01
1.383953033268101807e+12	1.662181426188518385e+00	1.877176847595619577e-02	1.088969464798092446e+01	2.762494714274382090e+00	6.240416979489107896e-02	2.258978794509028734e-02	2.144375116579050999e+00	5.207688084074302282e+00	1.825096134081172494e-01	5.280426054651621987e-02	1.899948655049519541e-01	-4.370066416234087825e+01	1.825096134081174437e-01	5.280426054651544271e-02	1.899948655049519541e-01	-4.370066416234088535e+01
1.390215264187866943e+12	1.653830802581879533e+00	1.875810790913433682e-02	1.093100879196599706e+01	2.734804456956293262e+00	6.204547331656228709e-02	2.268735271318664259e-02	1.996016757196739544e+00	4.718254928785739821e+00	1.395949311309176710e-01	1.274992354813281326e-01	1.890576627533748499e-01	-4.324215432568930595e+01	1.395949311309173657e-01	1.274992354813285211e-01	1.890576627533748499e-01	-4.324215432568930595e+01
1.396477495107632080e+12	1.663162275741217222e+00	1.890352379119370971e-02	1.106536822284954091e+01	2.765751412236980400e+00	6.287925529617995057e-02	2.273496273669884174e-02	1.747265426513183950e+00	3.809618407077161706e+00	1.753562953675409652e-01	-5.685248070422559141e-02	1.843421679574497596e-01	-4.429581547107635231e+01	1.753562953675409097e-01	-5.685248070422586203e-02	1.843421679574497596e-01	-4.429581547107635231e+01
1.402739726027397217e+12	1.652950876659377455e+00	1.662632288893228782e-02	9.776028702896756073e+00	2.731970166036197245e+00	5.496498998976499795e-02	2.011917650971769070e-02	1.368130283943695957e+00	2.139775754968562538e+00	2.125319545439958713e-01	6.785544978639636293e-02	2.231013083063505265e-01	-4.367325494632233074e+01	2.125319545439953717e-01	6.785544978639786173e-02	2.231013083063505265e-01	-4.367325494632232363e+01
1.409001956947162354e+12	1.666219293789660272e+00	1.869372033714953099e-02	1.104069718648440990e+01	2.775937279816870884e+00	6.229567499693340615e-02	2.244131214702482779e-02	1.210640883345986740e+00	1.304910912710798954e+00	8.661988912481451142e-02	-1.641350093472524196e-01	1.855890796502256690e-01	-4.506750436602274590e+01	8.661988912481465019e-02	-1.641350093472523364e-01	1.855890796502256412e-01	-4.506750436602274590e+01
1.415264187866927490e+12	1.659595116916570801e+00	-5.861172462204281355e-03	-3.477051945659758836e+00	2.754221598750694611e+00	-1.945434639536020027e-02	-7.063464466397556193e-03	9.284804908778442056e-02	-1.622549068399010253e+01	1.397722644073477127e+00	-1.110014280102893380e+00	1.784869824885864542e+00	-4.465346646069922798e+01	1.397722644073308818e+00	-1.110014280102893824e+00	1.784869824885733092e+00	-4.465346646069928482e+01
1.421526418786692627e+12	1.659808817811353920e+00	2.943419375607614005e-02	1.753865320723937771e+01	2.754098939922254186e+00	9.771026868300614066e-02	3.547812580973013635e-02	1.206815198476631990e+00	1.283304244492490032e+00	3.636551920030481333e-02	-6.167489950203147026e-02	7.159779476557513733e-02	-4.502033208856035884e+01	3.636551920030463986e-02	-6.167489950203156740e-02	7.159779476557513733e-02	-4.502033208856036595e+01
1.427788649706458008e+12	1.661746758281294811e+00	1.531281820864386495e-02	9.164488128046725635e+00	2.761167806256901169e+00	5.089205203672945294e-02	1.843135064859379932e-02	1.340143155375407735e+00	1.998678640313725108e+00	2.535723463072097131e-02	-2.419677772875791499e-01	2.432928165680378896e-01	-4.544867868315608206e+01	2.535723463071941006e-02	-2.419677772875793997e-01	2.432928165680379728e-01	-4.544867868315608916e+01
1.434050880626223145e+12	1.659424664932094506e+00	3.013536949978195753e-02	1.811466231299444019e+01	2.752782078090105777e+00	1.000147508695610754e-01	3.633224426502799226e-02	1.759359496068230833e+00	3.856707650104947316e+00	3.915739046686605648e-03	-6.565217140534829188e-02	6.576884233829098647e-02	-4.549352034182179949e+01	3.915739046687144280e-03	-6.565217140534826412e-02	6.576884233829098647e-02	-4.549352034182179239e+01
1.440313111545988281e+12	1.659795341147040526e+00	1.639919169524877915e-02	9.900759651267954098e+00	2.754651641005163132e+00	5.443860394870232017e-02	1.976242771983968693e-02	1.720281432250319487e+00	3.703368268709161359e+00	-4.903211215924128258e-02	-2.134513372104665518e-01	2.190105508411243629e-01	-4.577888733228126483e+01	-4.903211215924049848e-02	-2.134513372104667461e-01	2.190105508411243906e-01	-4.577888733228126483e+01
1.446575342465753418e+12	1.659010594342238631e+00	2.825916360884640419e-02	1.713521361837520729e+01	2.751517571811916252e+00	9.376450362865366983e-02	3.407737773119446506e-02	1.781653975922782296e+00	3.942670804666516648e+00	-3.034152075411851446e-02	-6.963827812568784692e-02	7.596115890363482059e-02	-4.596399358500283938e+01	-3.034152075411837915e-02	-6.963827812568790243e-02	7.596115890363480672e-02	-4.596399358500283938e+01
1.452837573385518555e+12	1.659072705972667983e+00	1.722851480798203230e-02	1.049189811733010380e+01	2.752225421980981857e+00	5.716671736473786375e-02	2.077108833752095568e-02	1.929244328828713551e+00	4.485977313569411429e+00	-1.255886691689401813e-01	-1.573630997020371292e-01	2.013346939090696897e-01	-4.622666385831839619e+01	-1.255886691689413470e-01	-1.573630997020361577e-01	2.013346939090696619e-01	-4.622666385831840330e+01
1.459099804305283691e+12	1.657989807622309408e+00	2.754528220879182143e-02	1.684695386271722128e+01	2.748171459607500644e+00	9.133959430051394324e-02	3.323649766509082643e-02	1.779811812382103176e+00	3.935608665283423235e+00	-5.828754963618254514e-02	-5.363419186688057200e-02	7.920899557375918332e-02	-4.638004459666043999e+01	-5.828754963618218432e-02	-5.363419186688094670e-02	7.920899557375916944e-02	-4.638004459666043289e+01
1.465362035225048828e+12	1.658636461367400949e+00	1.763731513529400233e-02	1.083344471632953443e+01	2.750763836092191994e+00	5.850778792805149536e-02	2.126965141841082735e-02	1.927232755550392751e+00	4.478855641327855963e+00	-1.731750989380907157e-01	-7.976746221310591911e-02	1.906632185822341174e-01	-4.669224161611707302e+01	-1.731750989380912431e-01	-7.976746221310469787e-02	1.906632185822340897e-01	-4.669224161611708013e+01
1.471624266144813965e+12	1.656909213762052691e+00	2.788626190912056949e-02	1.720189940066907752e+01	2.744570499046319334e+00	9.241000858920728200e-02	3.367011655241423929e-02	1.728439275129413977e+00	3.735664731680900630e+00	-7.098568485472858680e-02	-2.481183919319767880e-02	7.519703995799265073e-02	-4.678763108305907537e+01	-7.098568485472828149e-02	-2.481183919319854617e-02	7.519703995799266460e-02	-4.678763108305906826e+01
1.477886497064579346e+12	1.658126878455838060e+00	1.697108695703647419e-02	1.051332042317564941e+01	2.749096727265198048e+00	5.628043088014695466e-02	2.047233563008702892e-02	1.737523372696553325e+00	3.771449297047611005e+00	-2.006599757530814210e-01	5.484170001967536394e-03	2.007349047620709814e-01	-4.715121366401648118e+01	-2.006599757530813932e-01	5.484170001970224348e-03	2.007349047620710369e-01	-4.715121366401649539e+01
1.484148727984344482e+12	1.657464106074543420e+00	2.745024218032027924e-02	1.707704668395858860e+01	2.746433747129727099e+00	9.099558223386855493e-02	3.313226919417488342e-02	1.534050715413414867e+00	2.921198506972598530e+00	-7.476379795918476623e-02	1.672509034139322767e-02	7.661171015066538248e-02	-4.734397200479577350e+01	-7.476379795918494664e-02	1.672509034139260317e-02	7.661171015066541023e-02	-4.734397200479576640e+01
1.490410958904109619e+12	1.657921918226729296e+00	1.584710049152491043e-02	9.900223711000881721e+00	2.748453956342609139e+00	5.254651049048145173e-02	1.911857041272961230e-02	1.426806223279712738e+00	2.426450054254015498e+00	-1.900224850728479964e-01	1.086548871360357021e-01	2.188936484501215196e-01	-4.764331599294911257e+01	-1.900224850728497450e-01	1.086548871360326490e-01	2.188936484501215751e-01	-4.764331599294909836e+01
1.496673189823874756e+12	1.655299388626973567e+00	2.719826884446956139e-02	1.706307903981091556e+01	2.739276320160696443e+00	9.004255557992504877e-02	3.287092832410671434e-02	1.293976410741715544e+00	1.759360795931858679e+00	-6.633437084684527807e-02	3.857772347575082889e-02	7.673649395312696908e-02	-4.765064357801141881e+01	-6.633437084684559726e-02	3.857772347575028765e-02	7.673649395312698296e-02	-4.765064357801141171e+01
1.502935420743639893e+12	1.658114987367330873e+00	1.438580735149685118e-02	9.062827652576110893e+00	2.749138359879009563e+00	4.770664554979211353e-02	1.735330831144188055e-02	1.214143324434708848e+00	1.324632183056045687e+00	-1.260089530716044237e-01	2.129495477900490152e-01	2.474384088176048990e-01	-4.816036860136171782e+01	-1.260089530716076156e-01	2.129495477900473499e-01	2.474384088176050933e-01	-4.816036860136170361e+01
