freq_roi_Hz	n_opt	k_opt	alpha_cm	eps_r	eps_i	loss_tan	DR	alpha_max	H_meas_real	H_meas_imag	H_meas_mag	H_meas_phase	H_model_real	H_model_imag	H_model_mag	H_model_phase
3.005870841487279663e+11	1.669575055328037738e+00	7.046032969931102265e-03	8.877775279565415234e-01	2.787431218793007037e+00	2.352776177123179491e-02	8.440660925588547650e-03	7.655570711280181229e+01	2.951334267699601810e+01	8.263106460495289740e-01	1.746158515509521614e-01	8.445590443466070019e-01	2.082559724437459681e-01	8.263106460495266425e-01	1.746158515509518838e-01	8.445590443466047814e-01	2.082559724437462179e-01
3.068493150684931641e+11	1.670251779249795954e+00	7.829492105893677903e-03	1.007042756224269864e+00	2.789679705140473143e+00	2.615444624098229448e-02	9.375429800341648218e-03	7.884747011304553155e+01	2.971401998903494501e+01	8.389258917785819003e-01	-1.012072575579886918e-01	8.450086158607483799e-01	-1.200588976930094393e-01	8.389258917785821223e-01	-1.012072575579879147e-01	8.450086158607486020e-01	-1.200588976930084956e-01
3.131115459882583008e+11	1.669890253064669983e+00	7.034944241257450222e-03	9.233128997414998818e-01	2.788483966839909733e+00	2.349516963865849392e-02	8.425786168419229297e-03	7.184352025003005338e+01	2.908113361259056262e+01	7.499351619032657013e-01	-3.200941733685875312e-01	8.153913335836949772e-01	-4.034189170601281127e-01	7.499351619032642580e-01	-3.200941733685904733e-01	8.153913335836949772e-01	-4.034189170601321650e-01
3.193737769080234985e+11	1.670637437566699468e+00	8.008359010332760305e-03	1.072091738747489309e+00	2.790965313985389162e+00	2.675812875227302420e-02	9.587409996888661759e-03	7.753072438666623611e+01	2.959944417114113335e+01	6.153101401412280902e-01	-4.559177940164609866e-01	7.658117284695070692e-01	-6.376878340932721212e-01	6.153101401412265359e-01	-4.559177940164632625e-01	7.658117284695071803e-01	-6.376878340932756739e-01
3.256360078277886353e+11	1.670236109807974767e+00	7.607618796645551629e-03	1.038413500318424720e+00	2.789630786642721905e+00	2.541303924762258401e-02	9.109821761827768122e-03	7.403954168761724475e+01	2.928597678417212791e+01	5.245854234021832818e-01	-5.850423181562930397e-01	7.857890177902318030e-01	-8.398282904727665255e-01	5.245854234021843920e-01	-5.850423181562921515e-01	7.857890177902318030e-01	-8.398282904727646381e-01
3.318982387475538330e+11	1.670117499185375998e+00	8.528685633182762557e-03	1.186523148510856274e+00	2.789219722606584906e+00	2.848781424205888008e-02	1.021354252272259691e-02	7.551960872368788102e+01	2.942063707676693696e+01	3.660862226862017788e-01	-7.245237290140280617e-01	8.117596666163231500e-01	-1.102934884307121832e+00	3.660862226862013902e-01	-7.245237290140276176e-01	8.117596666163225949e-01	-1.102934884307122054e+00
3.381604696673189697e+11	1.670257496504982120e+00	8.027560266838084171e-03	1.137877667416879124e+00	2.789695662907252682e+00	2.681618542866369068e-02	9.612584550071487030e-03	6.983212778548957544e+01	2.888794222083970453e+01	1.244385060077866784e-01	-8.153643493637879880e-01	8.248054097730466161e-01	-1.419347899722082529e+00	1.244385060077884131e-01	-8.153643493637880990e-01	8.248054097730469492e-01	-1.419347899722080530e+00
3.444227005870841675e+11	1.669807209827139483e+00	8.258365785754506749e-03	1.192271173616134217e+00	2.788187917385245296e+00	2.757975746088529162e-02	9.891642270205915771e-03	7.649307951540878037e+01	2.950777475857756116e+01	-9.178425644576833353e-02	-7.731823730275307893e-01	7.786111556430375114e-01	-1.688953087227244687e+00	-9.178425644576758413e-02	-7.731823730275307893e-01	7.786111556430374003e-01	-1.688953087227243799e+00
3.506849315068493042e+11	1.670479832255277186e+00	8.365979918223419992e-03	1.229767705624989160e+00	2.790432880351627176e+00	2.795040146088975316e-02	1.001651093552469694e-02	7.247436011598516359e+01	2.914061193821027373e+01	-2.570901581373085110e-01	-7.036329591664052252e-01	7.491292883316860163e-01	-1.921102389248206865e+00	-2.570901581373103428e-01	-7.036329591664048921e-01	7.491292883316863493e-01	-1.921102389248209308e+00
3.569471624266145020e+11	1.669949437379532275e+00	8.625683329213939404e-03	1.290584975766399634e+00	2.788656720991320448e+00	2.880891004526965962e-02	1.033074807250875145e-02	7.312140104567453136e+01	2.920108234086091414e+01	-4.022479834346352479e-01	-6.481363510130908612e-01	7.628133255795910284e-01	-2.126241560817450971e+00	-4.022479834346356919e-01	-6.481363510130904171e-01	7.628133255795909173e-01	-2.126241560817451859e+00
3.632093933463796387e+11	1.670109558311004161e+00	8.923492076574186110e-03	1.358567043672886721e+00	2.789186308050936702e+00	2.980641882119811764e-02	1.068642088739731044e-02	7.385682895504099577e+01	2.926916675387905542e+01	-5.866657456161749051e-01	-5.349316970505173519e-01	7.939323759544820724e-01	-2.402287147424097657e+00	-5.866657456161743500e-01	-5.349316970505176849e-01	7.939323759544817394e-01	-2.402287147424096769e+00
3.694716242661448364e+11	1.669526372086711508e+00	8.394326837519349577e-03	1.300038235663993236e+00	2.787247842369961592e+00	2.802910006230759435e-02	1.005619221808233717e-02	7.644141169130480762e+01	2.950317778798740065e+01	-7.242097865873532436e-01	-3.429900655643596807e-01	8.013251525222102600e-01	-2.699282349422048366e+00	-7.242097865873541318e-01	-3.429900655643582374e-01	8.013251525222104821e-01	-2.699282349422050586e+00
3.757338551859099731e+11	1.670383093738011304e+00	9.096620334801998331e-03	1.432681188842899411e+00	2.790096931344254294e+00	3.038968163481333210e-02	1.089198059515865576e-02	6.888924965150421542e+01	2.879545625448772839e+01	-7.379043742468522904e-01	-1.135643226402082429e-01	7.465920712875055987e-01	-2.988889613180479632e+00	-7.379043742468530676e-01	-1.135643226402071881e-01	7.465920712875062648e-01	-2.988889613180480964e+00
3.819960861056751709e+11	1.669981713446394789e+00	8.531740186499896586e-03	1.366110080132904692e+00	2.788766132654747043e+00	2.849570019066112112e-02	1.021803150038072018e-02	7.304759563649395204e+01	2.919421181557603973e+01	-7.344698443346565631e-01	4.084597698410456779e-02	7.356047485387520180e-01	-3.197148298120268795e+00	-7.344698443346568961e-01	4.084597698410214611e-02	7.356047485387523510e-01	-3.197148298120266130e+00
3.882583170254403076e+11	1.669877456130931970e+00	9.511998990981268207e-03	1.548038381854015766e+00	2.788400240369508065e+00	3.176774535555958179e-02	1.139282119390071582e-02	7.414952521106654615e+01	2.929607555516551542e+01	-7.117033492646946957e-01	2.016835449761426313e-01	7.397282674528044000e-01	-3.417734236706684303e+00	-7.117033492646945847e-01	2.016835449761432975e-01	7.397282674528045110e-01	-3.417734236706686080e+00
3.945205479452055054e+11	1.670102721909941801e+00	8.660638507435713257e-03	1.432216591119690241e+00	2.789168095071639986e+00	2.892831188949288035e-02	1.037166312801590141e-02	6.963789532558378426e+01	2.886899270155067043e+01	-6.674856328855981458e-01	4.180998151063957113e-01	7.876195309289185653e-01	-3.701183889925382609e+00	-6.674856328855975907e-01	4.180998151063968771e-01	7.876195309289186763e-01	-3.701183889925384829e+00
4.007827788649706421e+11	1.669762937348194809e+00	9.724920364291700717e-03	1.633744982919949296e+00	2.788013692865579873e+00	3.247662318591397479e-02	1.164865985738176499e-02	7.234659622830459114e+01	2.912860772227996620e+01	-4.952347087736903575e-01	5.723776240332439924e-01	7.568841134996185938e-01	-3.999122876591133302e+00	-4.952347087736896913e-01	5.723776240332443255e-01	7.568841134996183717e-01	-3.999122876591135078e+00
4.070450097847357788e+11	1.670365954608142633e+00	8.768618254232030118e-03	1.496107359235061995e+00	2.790045533647883325e+00	2.929360280164933911e-02	1.049932785983926850e-02	6.966500071136100303e+01	2.887164030191326702e+01	-3.096750238810258571e-01	6.674216821191003568e-01	7.357651270469424132e-01	-4.277964485996993638e+00	-3.096750238810251910e-01	6.674216821191002458e-01	7.357651270469420801e-01	-4.277964485996994526e+00
4.133072407045009766e+11	1.669480031620746541e+00	9.942067365203857351e-03	1.722419272751932739e+00	2.787064731276914564e+00	3.319616587847225297e-02	1.191079830544989997e-02	7.128235924141237945e+01	2.902778433744190068e+01	-1.669673799150757920e-01	6.812713174907379932e-01	7.014333282581254325e-01	-4.472044293026555373e+00	-1.669673799150741267e-01	6.812713174907387703e-01	7.014333282581257656e-01	-4.472044293026558925e+00
4.195694716242661133e+11	1.670382208034871807e+00	9.513537990800395583e-03	1.673150851537162698e+00	2.790086213514351154e+00	3.178248919059360744e-02	1.139122118759221258e-02	7.322016126597470986e+01	2.921026506225109998e+01	8.066047019776537846e-03	7.314819532983692918e-01	7.315264240721062183e-01	-4.723415527352825549e+00	8.066047019776893465e-03	7.314819532983696249e-01	7.315264240721065514e-01	-4.723415527352826437e+00
4.258317025440313110e+11	1.669280198316103858e+00	9.846515253568608947e-03	1.757558178928080084e+00	2.786399426627612197e+00	3.287318587039909923e-02	1.179772919713295218e-02	6.929433177463066329e+01	2.883534449281756196e+01	1.969422566896124605e-01	7.233519843906357494e-01	7.496828301300941799e-01	-4.978209202264886279e+00	1.969422566896121829e-01	7.233519843906359714e-01	7.496828301300944020e-01	-4.978209202264887168e+00
4.320939334637964478e+11	1.670389906709809580e+00	9.752575002721705980e-03	1.766390128439438323e+00	2.790107327718822638e+00	3.258120569795346089e-02	1.167740228996555669e-02	6.859570027366898159e+01	2.876640374555959312e+01	4.154520155247524715e-01	6.088289587638741063e-01	7.370706060026286366e-01	-5.311190527133896389e+00	4.154520155247546920e-01	6.088289587638721079e-01	7.370706060026281925e-01	-5.311190527133900829e+00
4.383561643835616455e+11	1.669181083330607773e+00	9.835491194650656729e-03	1.807225447343182800e+00	2.786068752061701570e+00	3.283443169475127460e-02	1.178521946755752871e-02	6.596325802369787539e+01	2.850017274145453783e+01	5.142172736404467814e-01	4.783526616341082782e-01	7.023109520736878775e-01	-5.533904514127825358e+00	5.142172736404473365e-01	4.783526616341077231e-01	7.023109520736877665e-01	-5.533904514127827134e+00
4.446183953033267822e+11	1.670638218482498827e+00	1.045531719128613493e-02	1.948560079740849549e+00	2.790922743396807348e+00	3.493410497223942146e-02	1.251704478559712182e-02	6.645857309989261807e+01	2.855106842628274322e+01	5.997841214388131004e-01	3.235438085155754040e-01	6.814848408870826102e-01	-5.788490543406399347e+00	5.997841214388150988e-01	3.235438085155715737e-01	6.814848408870824992e-01	-5.788490543406406452e+00
4.508806262230919800e+11	1.669125826740988305e+00	1.001171458447995544e-02	1.892165831968065426e+00	2.785880791064866635e+00	3.342162276582983510e-02	1.199678854638100076e-02	6.651236152436325710e+01	2.855657256163051727e+01	6.793708616685336654e-01	2.093909749589758229e-01	7.109074117481939403e-01	-5.984210727204453129e+00	6.793708616685335544e-01	2.093909749589766556e-01	7.109074117481941624e-01	-5.984210727204453129e+00
4.571428571428571167e+11	1.670104884262537226e+00	1.074064617102151245e-02	2.058123868350155483e+00	2.789134962957411812e+00	3.587601126071749552e-02	1.286277348969767226e-02	6.436131843871386593e+01	2.833291021049107528e+01	7.162005421385939652e-01	-1.245329882383956234e-02	7.163088029692303849e-01	-6.300571560420194395e+00	7.162005421385938542e-01	-1.245329882383998561e-02	7.163088029692302738e-01	-6.300571560420196171e+00
4.634050880626223145e+11	1.669163198426680372e+00	9.832608777852211088e-03	1.909935577712265964e+00	2.786009102786607183e+00	3.282445743303610136e-02	1.178189166726145883e-02	6.355660113490932162e+01	2.824731003389225137e+01	6.897419909329254306e-01	-2.031179806862723480e-01	7.190277658993320387e-01	-6.569573900466234129e+00	6.897419909329256527e-01	-2.031179806862701276e-01	7.190277658993317056e-01	-6.569573900466232352e+00
4.696673189823874512e+11	1.670165577791512090e+00	1.124186274144644421e-02	2.213185321091940327e+00	2.789326677761758244e+00	3.755154436204154178e-02	1.346258387783178488e-02	6.460365919036999571e+01	2.835847911690398249e+01	5.584359850215890875e-01	-3.516120906049549077e-01	6.599104572793338397e-01	-6.845112317073626329e+00	5.584359850215891985e-01	-3.516120906049549633e-01	6.599104572793340617e-01	-6.845112317073627217e+00
4.759295499021526489e+11	1.669335616634953778e+00	9.982558282847962816e-03	1.991469622033229747e+00	2.786581749496130911e+00	3.332848017338473773e-02	1.196034538710776668e-02	6.260964874973024052e+01	2.814518079811541895e+01	4.924654718378665419e-01	-4.667538789626571316e-01	6.785141299038505158e-01	-7.041785181273611194e+00	4.924654718378652096e-01	-4.667538789626585194e-01	6.785141299038504048e-01	-7.041785181273615635e+00
4.821917808219177856e+11	1.669497733401903883e+00	1.164736411903759782e-02	2.354163473404312867e+00	2.787087020743173049e+00	3.889049599367986471e-02	1.395381475505912475e-02	6.507870381712274366e+01	2.840832306283224540e+01	3.562857967545989268e-01	-5.648146745480220332e-01	6.677987612700755360e-01	-7.291221513372329710e+00	3.562857967545972060e-01	-5.648146745480229214e-01	6.677987612700754250e-01	-7.291221513372334151e+00
4.884540117416829834e+11	1.669186627477255325e+00	1.023003360349787269e-02	2.094545997875320698e+00	2.786079343761364679e+00	3.415167057920321519e-02	1.225796769057428508e-02	6.722430283260740680e+01	2.862900861614798842e+01	2.000188884136916145e-01	-6.837961749204976014e-01	7.124498330115268674e-01	-7.569408236274706603e+00	2.000188884136872014e-01	-6.837961749204986006e-01	7.124498330115266453e-01	-7.569408236274713708e+00
4.947162426614481201e+11	1.669472277294027807e+00	1.159489622298384703e-02	2.404430323963963279e+00	2.787003243034885447e+00	3.871471560474552820e-02	1.389116273958384065e-02	6.269145036959719164e+01	2.815406388814940541e+01	-8.797771748551671406e-03	-6.635647007552443188e-01	6.636230201523577454e-01	-7.867239205227153143e+00	-8.797771748550561183e-03	-6.635647007552439858e-01	6.636230201523574124e-01	-7.867239205227152254e+00
5.009784735812133179e+11	1.669457756316504948e+00	1.038486549645916204e-02	2.180766174373494515e+00	2.786981354693959467e+00	3.467418850273479985e-02	1.244148563977113403e-02	6.543118855735777117e+01	2.844507285807289776e+01	-1.696867810619438754e-01	-6.394091971989608325e-01	6.615419299861374780e-01	-8.113382934683674108e+00	-1.696867810619440975e-01	-6.394091971989607215e-01	6.615419299861374780e-01	-8.113382934683675884e+00
5.072407045009784546e+11	1.669007798078193439e+00	1.200302759047363645e-02	2.552078698121358347e+00	2.785442957374482109e+00	4.006629329809641843e-02	1.438417297041412815e-02	6.728431227742275667e+01	2.863507914482935135e+01	-2.835726653386335117e-01	-5.615315483586105216e-01	6.290716464197660951e-01	-8.321620149978972591e+00	-2.835726653386357321e-01	-5.615315483586093004e-01	6.290716464197659841e-01	-8.321620149978976144e+00
5.135029354207436523e+11	1.669322094198933515e+00	1.083855716362484845e-02	2.332939971224790909e+00	2.786518779859323836e+00	3.618608588495417222e-02	1.298612668484545873e-02	6.875810409483261765e+01	2.878249214098488906e+01	-4.459797794456197839e-01	-5.037980944658673188e-01	6.728376354380026791e-01	-8.578579211077816069e+00	-4.459797794456178410e-01	-5.037980944658693172e-01	6.728376354380029012e-01	-8.578579211077812516e+00
5.197651663405087891e+11	1.668674286248014615e+00	1.183174608715543280e-02	2.577775980504626752e+00	2.784333883369850327e+00	3.948666091410366064e-02	1.418172624696624647e-02	6.595539933230362806e+01	2.849936215192128586e+01	-5.535267345794148142e-01	-3.603183188291561589e-01	6.604703905384550211e-01	-8.847735076330334181e+00	-5.535267345794138150e-01	-3.603183188291572692e-01	6.604703905384549101e-01	-8.847735076330332404e+00
5.260273972602739868e+11	1.669240194538486932e+00	1.082180844498117217e-02	2.386147947793021640e+00	2.786245715524865663e+00	3.612839526791722378e-02	1.296669388008783383e-02	6.630035269757138394e+01	2.853485197060726364e+01	-6.381075130843700816e-01	-1.782723670991813725e-01	6.625422515778635058e-01	-9.152347343112394285e+00	-6.381075130843701926e-01	-1.782723670991820386e-01	6.625422515778637278e-01	-9.152347343112394285e+00
5.322896281800391235e+11	1.668705546910617565e+00	1.199095417263862547e-02	2.675413463107519263e+00	2.784434419308293052e+00	4.001874348126617520e-02	1.437230598923841703e-02	6.402026784674146143e+01	2.829676305970583883e+01	-6.157468562944682366e-01	-3.076305748658006434e-02	6.165148471386906470e-01	-9.374858907211541137e+00	-6.157468562944680146e-01	-3.076305748658565015e-02	6.165148471386907580e-01	-9.374858907211534031e+00
5.385518590998043213e+11	1.669312548936646712e+00	1.125618724450045890e-02	2.541019509001817056e+00	2.786477684286081224e+00	3.758018924085046453e-02	1.348662846028814317e-02	6.498803478091016927e+01	2.839883779063911362e+01	-6.202816486374520544e-01	1.217886157378588879e-01	6.321248219772257482e-01	-9.618655732636266720e+00	-6.202816486374518323e-01	1.217886157378608586e-01	6.321248219772258592e-01	-9.618655732636268496e+00
5.448140900195694580e+11	1.668268506286900044e+00	1.206270110533342980e-02	2.754749156286695477e+00	2.782974300310768090e+00	4.024764870955988005e-02	1.446209859180716192e-02	5.760658870062367498e+01	2.757857569359960337e+01	-5.795059209388681021e-01	2.546561650882124828e-01	6.329904223767058857e-01	-9.838812797304250068e+00	-5.795059209388688792e-01	2.546561650882098182e-01	6.329904223767054416e-01	-9.838812797304246516e+00
5.510763209393345947e+11	1.668876320076404296e+00	1.137647976646411624e-02	2.627899850341762100e+00	2.785018747419884644e+00	3.797187537616061176e-02	1.363433384832284101e-02	5.883581485031590574e+01	2.772222176123177562e+01	-4.901817730864483913e-01	4.339936068058002916e-01	6.546973510061591117e-01	-1.014945270627818275e+01	-4.901817730864485023e-01	4.339936068058001251e-01	6.546973510061591117e-01	-1.014945270627818275e+01
5.573385518590998535e+11	1.668445633683469431e+00	1.165335467320614132e-02	2.722445600185368075e+00	2.783575031882294049e+00	3.888597744455127986e-02	1.396979675387302784e-02	3.668649858450253731e+01	2.450868320844315917e+01	-3.456656149325969540e-01	5.249352375877409660e-01	6.285234450742696044e-01	-1.041325249334955849e+01	-3.456656149326002847e-01	5.249352375877390786e-01	6.285234450742699375e-01	-1.041325249334955139e+01
5.636007827788649902e+11	1.669400669673642312e+00	1.199551211330389389e-02	2.833867511682023554e+00	2.786754703595945237e+00	4.005063191005561740e-02	1.437178229514620570e-02	4.937357530519732762e+01	2.652934223374291278e+01	-1.847805097354730530e-01	5.726560298974865404e-01	6.017298109251795202e-01	-1.068344872258490419e+01	-1.847805097354750792e-01	5.726560298974858743e-01	6.017298109251794092e-01	-1.068344872258490064e+01
5.698630136986301270e+11	1.668344460992693179e+00	1.225787163120046173e-02	2.928024461095144471e+00	2.783222985108073200e+00	4.090070447894551819e-02	1.469544650133641252e-02	5.244146823883561837e+01	2.693946768007478099e+01	-7.121080707710630842e-02	5.953575171865316262e-01	5.996011610354704535e-01	-1.087652968658708019e+01	-7.121080707710811253e-02	5.953575171865308491e-01	5.996011610354700094e-01	-1.087652968658707664e+01
5.761252446183952637e+11	1.668936323061720906e+00	1.236576985196502498e-02	2.986257310295895806e+00	2.785195538170745166e+00	4.127536493713197807e-02	1.481955732423753842e-02	5.616397381259265842e+01	2.740603133643234202e+01	9.816363705875341683e-02	6.060026115903578425e-01	6.139016736375106920e-01	-1.115616488943800633e+01	9.816363705875157109e-02	6.060026115903578425e-01	6.139016736375104699e-01	-1.115616488943800455e+01
5.823874755381605225e+11	1.668068771422797969e+00	1.219078743602273335e-02	2.976000135283876080e+00	2.782304810897652469e+00	4.067014364216584715e-02	1.461742922014517762e-02	5.353421534119146230e+01	2.707977677022607566e+01	2.509685098867099340e-01	5.667210672460942789e-01	6.198047765347631799e-01	-1.141246061115218424e+01	2.509685098867109332e-01	5.667210672460936127e-01	6.198047765347629579e-01	-1.141246061115218602e+01
5.886497064579256592e+11	1.668810750972546275e+00	1.242499289517381457e-02	3.065788860957426198e+00	2.784774942113108942e+00	4.146992344844713241e-02	1.489166065857351791e-02	5.588840888931991913e+01	2.737256865846967457e+01	3.909677471809312466e-01	4.481483741364662432e-01	5.947207282219871827e-01	-1.171293375700101791e+01	3.909677471809290816e-01	4.481483741364683526e-01	5.947207282219872937e-01	-1.171293375700101258e+01
5.949119373776907959e+11	1.668217648011312670e+00	1.237150974834417064e-02	3.085066616245998095e+00	2.782797066882942705e+00	4.127674178946347944e-02	1.483282495898928174e-02	5.239110424316377390e+01	2.693293064301269624e+01	4.668568395513031377e-01	3.455765974391149520e-01	5.808429162290157377e-01	-1.192915838291247432e+01	4.668568395513055802e-01	3.455765974391120654e-01	5.808429162290159598e-01	-1.192915838291248143e+01
6.011741682974559326e+11	1.668609503781504966e+00	1.299158656957791202e-02	3.273796378243760241e+00	2.784088894788365298e+00	4.335576963839572751e-02	1.557269587172842480e-02	5.668071869638385607e+01	2.746834095068168224e+01	5.294511021063698086e-01	2.182592330596414276e-01	5.726740454546831449e-01	-1.217535997530112901e+01	5.294511021063700307e-01	2.182592330596410113e-01	5.726740454546831449e-01	-1.217535997530113079e+01
6.074363992172210693e+11	1.667810445901733774e+00	1.258961944569570758e-02	3.205550153421102166e+00	2.781433184941152881e+00	4.199419764291779239e-02	1.509804293350525649e-02	5.428122860198922695e+01	2.717405496639111817e+01	5.870921705988061401e-01	9.438310206645653122e-02	5.946304623327876016e-01	-1.240697081621809339e+01	5.870921705988062511e-01	9.438310206645605938e-02	5.946304623327877126e-01	-1.240697081621809339e+01
6.136986301369863281e+11	1.668304899214383408e+00	1.304881257926946043e-02	3.356721485264599458e+00	2.783070965232985472e+00	4.353879590985103298e-02	1.564415584573718154e-02	5.804663020088220549e+01	2.763034769886179021e+01	5.771985004243892492e-01	-8.508013063754366057e-02	5.834352899177981389e-01	-1.271271862713528122e+01	5.771985004243893602e-01	-8.508013063754323035e-02	5.834352899177982499e-01	-1.271271862713528122e+01
6.199608610567514648e+11	1.667698994708740834e+00	1.268735678033108480e-02	3.297042813530676852e+00	2.781058967930473358e+00	4.231738429613855074e-02	1.521628443845225546e-02	5.706710034931915487e+01	2.751456117692175951e+01	5.304959510271479717e-01	-2.194622059904728084e-01	5.740989582941279368e-01	-1.295862487530842522e+01	5.304959510271484158e-01	-2.194622059904708378e-01	5.740989582941276037e-01	-1.295862487530842166e+01
6.262230919765166016e+11	1.668249979808636096e+00	1.318663796839028915e-02	3.461404247963030922e+00	2.782884107710605459e+00	4.399721704902178482e-02	1.580993506956240510e-02	5.874332373280704900e+01	2.771151823639415923e+01	4.387207158828515530e-01	-3.328634747670957683e-01	5.507031499626516835e-01	-1.321542528863544952e+01	4.387207158828506648e-01	-3.328634747670969896e-01	5.507031499626515725e-01	-1.321542528863545130e+01
6.324853228962817383e+11	1.667588524703308428e+00	1.304789745024544957e-02	3.459235648026713683e+00	2.780681240094284412e+00	4.351704811906973586e-02	1.564977944670644869e-02	5.622134686928018965e+01	2.741297766650547629e+01	3.646020838098540384e-01	-4.230694736051953120e-01	5.585001871217815106e-01	-1.342586103274429377e+01	3.646020838098519290e-01	-4.230694736051970328e-01	5.585001871217813996e-01	-1.342586103274429732e+01
6.387475538160469971e+11	1.667797178011888759e+00	1.340011972470673760e-02	3.587790616417042333e+00	2.781367863775783267e+00	4.469736372377468986e-02	1.607028121159665215e-02	5.776491285377387896e+01	2.759724834030775398e+01	2.385870856691767461e-01	-5.092195991365756624e-01	5.623418867494451856e-01	-1.369900685684151043e+01	2.385870856691754693e-01	-5.092195991365761065e-01	5.623418867494450746e-01	-1.369900685684151220e+01
6.450097847358121338e+11	1.667350233375113122e+00	1.296866671317569060e-02	3.506313899250040222e+00	2.779888614419726789e+00	4.324661894155509834e-02	1.555696106571607604e-02	5.332659278759416566e+01	2.705333968327258276e+01	9.763175872154968016e-02	-5.612790761257135941e-01	5.697070840419640181e-01	-1.396494498770024073e+01	9.763175872155230306e-02	-5.612790761257134831e-01	5.697070840419644622e-01	-1.396494498770023540e+01
6.512720156555772705e+11	1.667774016427728156e+00	1.337432771211496431e-02	3.651098412046282160e+00	2.781291297229725235e+00	4.461071249090928226e-02	1.603956857569837843e-02	5.580429981010143337e+01	2.736232216856948085e+01	-5.922064751409097938e-02	-5.402304111727102010e-01	5.434666339784105515e-01	-1.424635207433639295e+01	-5.922064751408630950e-02	-5.402304111727105340e-01	5.434666339784104405e-01	-1.424635207433638406e+01
6.575342465753424072e+11	1.667397783606987316e+00	1.311738128308916583e-02	3.615386072969370979e+00	2.780043303085767636e+00	4.374378495630130981e-02	1.573492934723245973e-02	5.057063175253982479e+01	2.669232239785432981e+01	-1.751942373273538689e-01	-5.096856802155196320e-01	5.389550198388267654e-01	-1.446824509350164689e+01	-1.751942373273562836e-01	-5.096856802155187438e-01	5.389550198388267654e-01	-1.446824509350165044e+01
6.637964774951076660e+11	1.667700495042353737e+00	1.375405624196988745e-02	3.826968613668396912e+00	2.781035767101404321e+00	4.587529280714711111e-02	1.649575792941406285e-02	5.122442429735579594e+01	2.677971531351625600e+01	-2.920340058413435913e-01	-4.436728057606192377e-01	5.311585630856778817e-01	-1.471929854867595644e+01	-2.920340058413462003e-01	-4.436728057606176834e-01	5.311585630856781037e-01	-1.471929854867596177e+01
6.700587084148728027e+11	1.667100005343688185e+00	1.331117043844640309e-02	3.738679711405346051e+00	2.779045240558483787e+00	4.438210461812948371e-02	1.597027064201745131e-02	4.846199589152066523e+01	2.640255741001375611e+01	-4.036101068443103679e-01	-3.739205561432445979e-01	5.501978740901758425e-01	-1.496073097390526030e+01	-4.036101068443102569e-01	-3.739205561432444869e-01	5.501978740901756204e-01	-1.496073097390526030e+01
6.763209393346379395e+11	1.667496368978294452e+00	1.373744623597989226e-02	3.894466751955902417e+00	2.780355423126709802e+00	4.581428343506201845e-02	1.647785137611671238e-02	4.918257934995011027e+01	2.650297297373684202e+01	-4.828523505545752603e-01	-2.323752608314092472e-01	5.358588006952428318e-01	-1.525942354173532323e+01	-4.828523505545751493e-01	-2.323752608314101076e-01	5.358588006952430538e-01	-1.525942354173532145e+01
6.825831702544030762e+11	1.667162807769366317e+00	1.335345778000235697e-02	3.820660732408645899e+00	2.779253512774754853e+00	4.452477633187684053e-02	1.602040840363070512e-02	4.476393120885856547e+01	2.586252140152505063e+01	-5.186860185545126845e-01	-1.056345568184941103e-01	5.293333972442810786e-01	-1.550705288807690074e+01	-5.186860185545123514e-01	-1.056345568184945127e-01	5.293333972442808566e-01	-1.550705288807689897e+01
6.888454011741683350e+11	1.667501739975529196e+00	1.412251101997952403e-02	4.077771129305680198e+00	2.780362607503907846e+00	4.709862339727888259e-02	1.693974133811346205e-02	4.787827508143430322e+01	2.632011330525361004e+01	-5.044009909233778677e-01	2.484265689970120358e-02	5.050123931611201211e-01	-1.575717530213912454e+01	-5.044009909233775346e-01	2.484265689970304239e-02	5.050123931611198991e-01	-1.575717530213912809e+01
6.951076320939334717e+11	1.667029663816910867e+00	1.363509101241943203e-02	3.972823390770535479e+00	2.778801984338605813e+00	4.546020237309309625e-02	1.635964081978776366e-02	4.375004290744909952e+01	2.570665437660193575e+01	-5.018790689105261382e-01	1.395635614762284482e-01	5.209228229809341748e-01	-1.597919257444590002e+01	-5.018790689105261382e-01	1.395635614762285870e-01	5.209228229809341748e-01	-1.597919257444590002e+01
7.013698630136986084e+11	1.667198946345716193e+00	1.438056298982743654e-02	4.227777768166389727e+00	2.779345526104362030e+00	4.795051892899700879e-02	1.725244971473781017e-02	4.671301356483417777e+01	2.615248351133829985e+01	-4.365862406923961547e-01	2.663922743240940694e-01	5.114414818740089519e-01	-1.625582791746034772e+01	-4.365862406923969319e-01	2.663922743240926261e-01	5.114414818740089519e-01	-1.625582791746034417e+01
7.076320939334637451e+11	1.666914257862150306e+00	1.365913350171423131e-02	4.051537215840634865e+00	2.778416571136105517e+00	4.553720876810002371e-02	1.638962610616725296e-02	4.382010879023932404e+01	2.571754136017975156e+01	-3.586296447223397132e-01	3.800497890703515291e-01	5.225447964013136826e-01	-1.652235119671597730e+01	-3.586296447223407124e-01	3.800497890703507520e-01	5.225447964013137936e-01	-1.652235119671597374e+01
7.138943248532290039e+11	1.667164696234234134e+00	1.452642907033636563e-02	4.346923111869180012e+00	2.779227107228250837e+00	4.843589941683094924e-02	1.742783066949016649e-02	4.619745427864251752e+01	2.607697856499388323e+01	-2.297689006574504533e-01	4.321561520184732941e-01	4.894411991616022251e-01	-1.679009013685758944e+01	-2.297689006574512860e-01	4.321561520184724614e-01	4.894411991616018365e-01	-1.679009013685758944e+01
7.201565557729941406e+11	1.667018381794885151e+00	1.391681411622252423e-02	4.201031192165779693e+00	2.778756607526891909e+00	4.639916989553097282e-02	1.669781720710921888e-02	4.359474263783370418e+01	2.568246121293579876e+01	-1.262007875737767015e-01	4.801951535740103805e-01	4.965017868046487926e-01	-1.702175990819149121e+01	-1.262007875737759521e-01	4.801951535740103805e-01	4.965017868046485705e-01	-1.702175990819149121e+01
7.264187866927592773e+11	1.666859105201125679e+00	1.493355808896271869e-02	4.547152547532322231e+00	2.778196265434700774e+00	4.978427454727486073e-02	1.791963914381159914e-02	4.662290445010823703e+01	2.613934709109184951e+01	-8.543709037126813802e-03	4.799029751435780478e-01	4.799790209121319595e-01	-1.726095848281456213e+01	-8.543709037128021169e-03	4.799029751435781033e-01	4.799790209121320150e-01	-1.726095848281455858e+01
7.326810176125244141e+11	1.666698761788507177e+00	1.416561637330045718e-02	4.350504049955698171e+00	2.777684097860107393e+00	4.721963053870174842e-02	1.699964030289807110e-02	4.515008939882476824e+01	2.592095968909378101e+01	1.211467063571353558e-01	4.874512867312371656e-01	5.022800826203651647e-01	-1.752235509704472349e+01	1.211467063571310954e-01	4.874512867312382758e-01	5.022800826203650537e-01	-1.752235509704471639e+01
7.389432485322896729e+11	1.666560838176332160e+00	1.492047612233055216e-02	4.621499693493830385e+00	2.777202406735281848e+00	4.973176238484230960e-02	1.790714362922653582e-02	4.544096983620890740e+01	2.596465025282552830e+01	2.349190560399196104e-01	4.173135701556821564e-01	4.788920324319129174e-01	-1.779147696661075528e+01	2.349190560399209704e-01	4.173135701556815458e-01	4.788920324319130839e-01	-1.779147696661075884e+01
7.452054794520548096e+11	1.666663993370279817e+00	1.412960185194614068e-02	4.413621891160810939e+00	2.777569221148473488e+00	4.709859729459331401e-02	1.695676814676068400e-02	4.276334935156615558e+01	2.555146043590669436e+01	3.384253163481789062e-01	3.461698304717598096e-01	4.841128445664418800e-01	-1.805284569462433453e+01	3.384253163481811821e-01	3.461698304717573671e-01	4.841128445664417135e-01	-1.805284569462434163e+01
7.514677103718199463e+11	1.666512228936121387e+00	1.510060049859814589e-02	4.756567929257030869e+00	2.777034981058221330e+00	5.033067079038540392e-02	1.812388793576029042e-02	3.650847563760552816e+01	2.447558895725085293e+01	3.875796784669010009e-01	2.458715983402569583e-01	4.589889432556072402e-01	-1.828424205926642188e+01	3.875796784669024997e-01	2.458715983402548488e-01	4.589889432556074067e-01	-1.828424205926642543e+01
7.577299412915850830e+11	1.666991228113014145e+00	1.446563827544426056e-02	4.594531259168276982e+00	2.778650499915019001e+00	4.822818422844290381e-02	1.735669319690183801e-02	3.360194807228815250e+01	2.391117490648969834e+01	4.570960450416704512e-01	1.391319330140284583e-01	4.778017257994752742e-01	-1.855408355833501233e+01	4.570960450416705623e-01	1.391319330140290689e-01	4.778017257994754963e-01	-1.855408355833501233e+01
7.639921722113503418e+11	1.666079446384619356e+00	1.524006607521066585e-02	4.880506774029635508e+00	2.775588462051302940e+00	5.078232169890400938e-02	1.829605591506647949e-02	4.232959954917552636e+01	2.548210085569881400e+01	4.625741722008498980e-01	3.165046577574558151e-02	4.636557093050005518e-01	-1.878123993247365675e+01	4.625741722008499535e-01	3.165046577574501252e-02	4.636557093050006073e-01	-1.878123993247365675e+01
7.702544031311154785e+11	1.666680823947928936e+00	1.447898860215396204e-02	4.674784301489473215e+00	2.777615327804806356e+00	4.826370530674127524e-02	1.737595009057098239e-02	3.854701624200397703e+01	2.484524745603438944e+01	4.610272425314411726e-01	-1.101408010075030641e-01	4.740011755288363604e-01	-1.908406341006535456e+01	4.610272425314415612e-01	-1.101408010075002331e-01	4.740011755288360273e-01	-1.908406341006535101e+01
7.765166340508806152e+11	1.666107517774591207e+00	1.522099237189031458e-02	4.954306749597888526e+00	2.775682582176224766e+00	5.071961963759231973e-02	1.827284573649862534e-02	3.992083174846157334e+01	2.508350026607145367e+01	4.009528751408135139e-01	-1.985333461436222247e-01	4.474133408992942984e-01	-1.930931907288370653e+01	4.009528751408140135e-01	-1.985333461436211699e-01	4.474133408992942984e-01	-1.930931907288370297e+01
7.827788649706457520e+11	1.666755752646238875e+00	1.476775552685494902e-02	4.845546286709725869e+00	2.777856652376029523e+00	4.922848295611755021e-02	1.772175065765548008e-02	3.631541479065592171e+01	2.443951628406224685e+01	3.379780990154914178e-01	-3.026093655852342690e-01	4.536536383123399019e-01	-1.957979712232731728e+01	3.379780990154891418e-01	-3.026093655852367670e-01	4.536536383123398464e-01	-1.957979712232732439e+01
7.890410958904110107e+11	1.666030706217790147e+00	1.538425091916907975e-02	5.088211311317302865e+00	2.775421638884204789e+00	5.126126884698990055e-02	1.846972298868373996e-02	3.655993590795400650e+01	2.448517191223387712e+01	2.597794187146733047e-01	-3.607729825357048892e-01	4.445700072153334070e-01	-1.979628744526999995e+01	2.597794187146723055e-01	-3.607729825357058329e-01	4.445700072153335736e-01	-1.979628744526999995e+01
7.953033268101761475e+11	1.666572911850176197e+00	1.506065504166740655e-02	5.020717914481830135e+00	2.777238447182491132e+00	5.019935945432537489e-02	1.807527888188809745e-02	3.350012720341232608e+01	2.389052784937644702e+01	1.458656846719718347e-01	-4.299040567414479375e-01	4.539760962513084142e-01	-2.009324292944381440e+01	1.458656846719765254e-01	-4.299040567414464942e-01	4.539760962513085252e-01	-2.009324292944380375e+01
8.015655577299412842e+11	1.665903989635918236e+00	1.534713038233053231e-02	5.156504387720403315e+00	2.775000568273897184e+00	5.113369146677410049e-02	1.842655171007053991e-02	3.268924477080584268e+01	2.372382295955485887e+01	3.972622260799180821e-02	-4.390337535702327765e-01	4.408274146836464458e-01	-2.033011241942030978e+01	3.972622260798568117e-02	-4.390337535702333871e-01	4.408274146836465013e-01	-2.033011241942032399e+01
8.078277886497064209e+11	1.666646283967087028e+00	1.524322592912974970e-02	5.161605829491511699e+00	2.777477479924573611e+00	5.081013170090969283e-02	1.829362508541005836e-02	3.208125675739888294e+01	2.359609455359632335e+01	-8.531499201205720861e-02	-4.249886529337704721e-01	4.334674185962287263e-01	-2.061846551022100371e+01	-8.531499201205816618e-02	-4.249886529337700281e-01	4.334674185962285042e-01	-2.061846551022100726e+01
8.140900195694715576e+11	1.665957078679541903e+00	1.558236623525019286e-02	5.317346957738107172e+00	2.775170177864983767e+00	5.191910666438428329e-02	1.870844068536622537e-02	2.985164436986297432e+01	2.310603072482864917e+01	-1.674587510434104032e-01	-3.897129861166824250e-01	4.241681799109881523e-01	-2.082619510237022808e+01	-1.674587510434105697e-01	-3.897129861166825915e-01	4.241681799109883189e-01	-2.082619510237022808e+01
8.203522504892368164e+11	1.666500596662522815e+00	1.566883854224318182e-02	5.387984533375220764e+00	2.776978726175281853e+00	5.222425755931399405e-02	1.880614246953277516e-02	3.004377766994418053e+01	2.314967903968481977e+01	-2.701094294140112817e-01	-3.296912949298130280e-01	4.262105744944155172e-01	-2.110673912779706640e+01	-2.701094294140092833e-01	-3.296912949298141937e-01	4.262105744944151287e-01	-2.110673912779706285e+01
8.266144814090019531e+11	1.665806446218595971e+00	1.575387528717823657e-02	5.458578667478138691e+00	2.774662931676864286e+00	5.248581401261068202e-02	1.891610451612259214e-02	2.958525451093412784e+01	2.304504594886213198e+01	-3.382092847350561815e-01	-2.572459184710998437e-01	4.249246790326940415e-01	-2.134089053757748644e+01	-3.382092847350546272e-01	-2.572459184711018976e-01	4.249246790326940415e-01	-2.134089053757747934e+01
8.328767123287670898e+11	1.666366299838468512e+00	1.580667436346877217e-02	5.518364543890047713e+00	2.776526794282915933e+00	5.267941894361007765e-02	1.897313544824457895e-02	2.911240638166310646e+01	2.293543163902195658e+01	-3.910102264229228242e-01	-1.442770316924716356e-01	4.167791490001579446e-01	-2.163766145184416345e+01	-3.910102264229244340e-01	-1.442770316924663898e-01	4.167791490001576671e-01	-2.163766145184417411e+01
8.391389432485322266e+11	1.665824987779821464e+00	1.594360370103075145e-02	5.608019673594921706e+00	2.774718691412666693e+00	5.311850688087173256e-02	1.914374492998711930e-02	2.914946994292515470e+01	2.294408768823364042e+01	-4.029001762977935663e-01	-5.297766573402525742e-02	4.063682875513531800e-01	-2.186040782915776504e+01	-4.029001762977944545e-01	-5.297766573401871404e-02	4.063682875513531800e-01	-2.186040782915778280e+01
8.454011741682974854e+11	1.666254326299899891e+00	1.609812925048518736e-02	5.704629162669787590e+00	2.776144330147768180e+00	5.364715501791181979e-02	1.932433931309915018e-02	2.909605004373063863e+01	2.293160817522507244e+01	-3.979858330709689640e-01	5.385316244919642614e-02	4.016128564064810336e-01	-2.212564593510013466e+01	-3.979858330709691305e-01	5.385316244919279710e-02	4.016128564064806450e-01	-2.212564593510012401e+01
8.516634050880626221e+11	1.665609015778005908e+00	1.624691215950117493e-02	5.799999819816131996e+00	2.773989431286258966e+00	5.412200674283693808e-02	1.951053098199488980e-02	2.935606163650457745e+01	2.299213562133993705e+01	-3.759916755405023348e-01	1.398520150910994853e-01	4.011587294336189657e-01	-2.234724706092490365e+01	-3.759916755405035560e-01	1.398520150910962101e-01	4.011587294336189657e-01	-2.234724706092489654e+01
8.579256360078277588e+11	1.665943180795188994e+00	1.622326110186668793e-02	5.834141582482338606e+00	2.775103487437212468e+00	5.405406240582930760e-02	1.947821501091039770e-02	2.902806060393925236e+01	2.291569186780240130e+01	-3.212594327368272773e-01	2.406867967185558344e-01	4.014196771921220708e-01	-2.263413595156630009e+01	-3.212594327368262226e-01	2.406867967185571944e-01	4.014196771921220153e-01	-2.263413595156630365e+01
8.641878669275928955e+11	1.665385912473419605e+00	1.622975256275670589e-02	5.879078029313808962e+00	2.773246832596676370e+00	5.405760256188879564e-02	1.949253197605674282e-02	2.920952396210056534e+01	2.295808973147093468e+01	-2.521195690055746397e-01	3.040922192609995522e-01	3.950143730177885226e-01	-2.286971660517563976e+01	-2.521195690055723082e-01	3.040922192610012731e-01	3.950143730177883006e-01	-2.286971660517564686e+01
8.704500978473581543e+11	1.665999956342106403e+00	1.631473249967372793e-02	5.952686308263471560e+00	2.775289684035364690e+00	5.436068726437914833e-02	1.958739211156396501e-02	2.767244559200920406e+01	2.259031312131422808e+01	-1.539574900024088255e-01	3.543547795650409116e-01	3.863550420642010153e-01	-2.315207820066488154e+01	-1.539574900024132664e-01	3.543547795650391352e-01	3.863550420642011818e-01	-2.315207820066486732e+01
8.767123287671232910e+11	1.665224340627139421e+00	1.644410228372022303e-02	6.043053573575769555e+00	2.772701696117173764e+00	5.476623876522649509e-02	1.975194044203162913e-02	2.805330706981263589e+01	2.268331138634014721e+01	-7.829308459317767255e-02	3.744360556117685701e-01	3.825338767184077171e-01	-2.335581867443530868e+01	-7.829308459317568802e-02	3.744360556117690697e-01	3.825338767184077171e-01	-2.335581867443531578e+01
8.829745596868884277e+11	1.665859272355434406e+00	1.641775504565838595e-02	6.076466719002047157e+00	2.774817572611838035e+00	5.469933894814048292e-02	1.971276940438787886e-02	2.601594561036433362e+01	2.217035508889129503e+01	3.259393833551281483e-02	3.841675852418559023e-01	3.855477899907842065e-01	-2.364658522099010085e+01	3.259393833551105235e-02	3.841675852418560133e-01	3.855477899907841510e-01	-2.364658522099009730e+01
8.892367906066535645e+11	1.665026288597392323e+00	1.643188850603851878e-02	6.124830340738899537e+00	2.772042534760531751e+00	5.471905266771093235e-02	1.973961509664855923e-02	2.633957583466056107e+01	2.225446537209758802e+01	1.160586492696775163e-01	3.662941075643220135e-01	3.842407881871016673e-01	-2.386878377151772668e+01	1.160586492696808886e-01	3.662941075643211253e-01	3.842407881871018338e-01	-2.386878377151773734e+01
8.954990215264188232e+11	1.665865132726862319e+00	1.642029197359367448e-02	6.163610011346502660e+00	2.774837014446588590e+00	5.470798373600891523e-02	1.971574670915215294e-02	2.453605773842715010e+01	2.177190720156407266e+01	2.186845790180032001e-01	3.083053469205634944e-01	3.779882697122892155e-01	-2.417889300598217162e+01	2.186845790180047266e-01	3.083053469205622732e-01	3.779882697122891044e-01	-2.417889300598217517e+01
9.017612524461839600e+11	1.665009188326584955e+00	1.639325200272091776e-02	6.196491330760765415e+00	2.771986858500728346e+00	5.458983042216703635e-02	1.969339438055373037e-02	2.436813709614399670e+01	2.172518571425561618e+01	2.725357816355973295e-01	2.546574011503548451e-01	3.729961718736249376e-01	-2.438124246333301670e+01	2.725357816355961083e-01	2.546574011503562329e-01	3.729961718736249932e-01	-2.438124246333301315e+01
9.080234833659490967e+11	1.665927027105932989e+00	1.669897186704226433e-02	6.355884178275066354e+00	2.775034003980595632e+00	5.563853711637466171e-02	2.004967760271225696e-02	2.242021549998745655e+01	2.115837010273750707e+01	3.288752308848050254e-01	1.608359010968088698e-01	3.660971245054463474e-01	-2.467789323218222108e+01	3.288752308848048589e-01	1.608359010968088143e-01	3.660971245054461809e-01	-2.467789323218222108e+01
9.142857142857142334e+11	1.664850361923922772e+00	1.645139754542874685e-02	6.304837421665818731e+00	2.771456079117018856e+00	5.477823031532276510e-02	1.976514465737989196e-02	2.218334215746927285e+01	2.108610847334875871e+01	3.604523598971819398e-01	9.500966887169150221e-02	3.727636529150287759e-01	-2.487501854442987792e+01	3.604523598971836607e-01	9.500966887168524333e-02	3.727636529150288314e-01	-2.487501854442989568e+01
9.205479452054794922e+11	1.665922816237427551e+00	1.678068553060966736e-02	6.475082002582467133e+00	2.775017238253564944e+00	5.591065379509581323e-02	2.014785819142613302e-02	1.991285917148934814e+01	2.035150330007805053e+01	3.632750584682231110e-01	-2.603418703798411962e-02	3.642067366205898327e-01	-2.520428413699267978e+01	3.632750584682232775e-01	-2.603418703798445963e-02	3.642067366205899992e-01	-2.520428413699267978e+01
9.268101761252446289e+11	1.664929747807651017e+00	1.637258238273572170e-02	6.360586147238661781e+00	2.771723003680969022e+00	5.451839891489634882e-02	1.966949758056397990e-02	1.985073651600885469e+01	2.033024533473422579e+01	3.531407182007633150e-01	-1.002693730341083223e-01	3.670998692726600288e-01	-2.540939606748193214e+01	3.531407182007625378e-01	-1.002693730341105149e-01	3.670998692726599177e-01	-2.540939606748193924e+01
9.330724070450097656e+11	1.666002479941921965e+00	1.715505703258424219e-02	6.709600678290777331e+00	2.775269967190842735e+00	5.716073511966091036e-02	2.059645936986793588e-02	1.932757194584329952e+01	2.014853675317510096e+01	2.884070212381050768e-01	-1.913728859673777538e-01	3.461245316109792247e-01	-2.571858401494871416e+01	2.884070212381049658e-01	-1.913728859673780591e-01	3.461245316109792802e-01	-2.571858401494871771e+01
9.393346379647749023e+11	1.664946872045790727e+00	1.654536294608157862e-02	6.514570627055134011e+00	2.771774337700044999e+00	5.509430056788170577e-02	1.987690693954461546e-02	1.899409716345102339e+01	2.003012725984920195e+01	2.560460060457464548e-01	-2.499674560820723257e-01	3.578313657466617448e-01	-2.590612734488927771e+01	2.560460060457501186e-01	-2.499674560820682179e-01	3.578313657466615227e-01	-2.590612734488926350e+01
9.455968688845401611e+11	1.665842803732738631e+00	1.745963117240681081e-02	6.920384930251878508e+00	2.774727408027475306e+00	5.817000188876336741e-02	2.096422218646544836e-02	1.826914287460536457e+01	1.976537371110897467e+01	1.589489804059689981e-01	-3.012128512539399283e-01	3.405788603724917429e-01	-2.621797900078312793e+01	1.589489804059713018e-01	-3.012128512539388181e-01	3.405788603724919095e-01	-2.621797900078311727e+01
9.518590998043052979e+11	1.664872454144972425e+00	1.668244917227456117e-02	6.656127578995708838e+00	2.771521984460317611e+00	5.554830018918702206e-02	2.004252555117422979e-02	1.851900636467336980e+01	1.985779212683767270e+01	9.669169533516042137e-02	-3.410229190838256486e-01	3.544656757532963498e-01	-2.642725451165653894e+01	9.669169533516296100e-02	-3.410229190838248714e-01	3.544656757532961833e-01	-2.642725451165653183e+01
9.581213307240704346e+11	1.665858990186822597e+00	1.763759083302240613e-02	7.083516884955209925e+00	2.774775090575866798e+00	5.876347850885412644e-02	2.117774471467471706e-02	1.761517732836178851e+01	1.951737169532871263e+01	-1.350597080853676094e-02	-3.291869980412480690e-01	3.294639448056337905e-01	-2.674454282075967626e+01	-1.350597080853591959e-02	-3.291869980412480690e-01	3.294639448056337350e-01	-2.674454282075967271e+01
9.643835616438355713e+11	1.664882702787372271e+00	1.698893803501000388e-02	6.867603170159067183e+00	2.771545790025028655e+00	5.656917814642929004e-02	2.041069584707039600e-02	1.786165353603216133e+01	1.961190702702507238e+01	-7.819576152957727344e-02	-3.291720721166943586e-01	3.383324255562696892e-01	-2.693676737693276024e+01	-7.819576152957541382e-02	-3.291720721166949137e-01	3.383324255562697447e-01	-2.693676737693275669e+01
9.706457925636008301e+11	1.665533946177255142e+00	1.788251566678941348e-02	7.275763128902513088e+00	2.773683541502207195e+00	5.956787377216872514e-02	2.147608870329424310e-02	1.752898561064335681e+01	1.948400062150185974e+01	-1.596683895690771959e-01	-2.780107074317231808e-01	3.205993575699579434e-01	-2.722486410948246061e+01	-1.596683895690765576e-01	-2.780107074317236804e-01	3.205993575699581100e-01	-2.722486410948245705e+01
9.769080234833659668e+11	1.664743640696909610e+00	1.711517721297784941e-02	7.008486447612888526e+00	2.771078459949769535e+00	5.698476484941106257e-02	2.056411093118020589e-02	1.697511716545112037e+01	1.926556162640164160e+01	-2.249380274690723491e-01	-2.498172085422732946e-01	3.361632845590529772e-01	-2.743657938408149022e+01	-2.249380274690733761e-01	-2.498172085422726840e-01	3.361632845590531993e-01	-2.743657938408149022e+01
9.831702544031311035e+11	1.665179982035566164e+00	1.796513095560317227e-02	7.403690901636911903e+00	2.772501626641716399e+00	5.983035288383576483e-02	2.157991624203562525e-02	1.734983879018422925e+01	1.941411174417571317e+01	-2.707797204611094855e-01	-1.644900866974633169e-01	3.168258916735429698e-01	-2.772844109982390748e+01	-2.707797204611089303e-01	-1.644900866974641496e-01	3.168258916735429698e-01	-2.772844109982390393e+01
9.894324853228962402e+11	1.664481069709631056e+00	1.681957740132526691e-02	6.975741940637774086e+00	2.770214333237758453e+00	5.599173637004363491e-02	2.021205929744860838e-02	1.385693397512497071e+01	1.788472126662177786e+01	-3.168458873883987503e-01	-1.081297673556996797e-01	3.347885346653012295e-01	-2.794545806193119475e+01	-3.168458873883991944e-01	-1.081297673556985278e-01	3.347885346653012295e-01	-2.794545806193119830e+01
9.956947162426614990e+11	1.665115662468805047e+00	1.829067429110498369e-02	7.633875622228623037e+00	2.772275620632904225e+00	6.091217647846883243e-02	2.197190496685272679e-02	1.536051363805108672e+01	1.858557109322520162e+01	-3.024828674615738788e-01	-1.270918247000958623e-02	3.027497455437940799e-01	-2.823234237475321606e+01	-3.024828674615739343e-01	-1.270918247000899816e-02	3.027497455437941354e-01	-2.823234237475321962e+01
1.001956947162426636e+12	1.664383114222233173e+00	1.697126946084347859e-02	7.127751512815348356e+00	2.769883126920986705e+00	5.649338863508669706e-02	2.039558567869431335e-02	1.499981014721827499e+01	1.842390410021427982e+01	-3.232824059118510340e-01	5.324979442532311313e-02	3.276386036145526592e-01	-2.843758404457252453e+01	-3.232824059118503679e-01	5.324979442532680463e-02	3.276386036145526592e-01	-2.843758404457253519e+01
1.008219178082191772e+12	1.665016872119577496e+00	1.835431920591852617e-02	7.756796461570097279e+00	2.771944303409348720e+00	6.112050230824550567e-02	2.204968629170161662e-02	1.501130783024869508e+01	1.842911706940097361e+01	-2.691799531688730540e-01	1.344555083974434961e-01	3.008922247689556073e-01	-2.873758177341638032e+01	-2.691799531688713887e-01	1.344555083974470211e-01	3.008922247689556628e-01	-2.873758177341639097e+01
1.014481409001956909e+12	1.664258098605211345e+00	1.687669520276376817e-02	7.176631728455564740e+00	2.769470195932066225e+00	5.617435333778263845e-02	2.028342945170317699e-02	1.369347137953314508e+01	1.780398800974323237e+01	-2.547128466954872161e-01	2.061009123620386740e-01	3.276525909376934997e-01	-2.895462927333043979e+01	-2.547128466954859949e-01	2.061009123620398398e-01	3.276525909376932777e-01	-2.895462927333044334e+01
1.020743639921722046e+12	1.665141781773290752e+00	1.841048339658137370e-02	7.877184822214903903e+00	2.772358207508233807e+00	6.131213025258219068e-02	2.211551526297493922e-02	1.330363436071980310e+01	1.760749231624610900e+01	-1.602770495034878395e-01	2.452772386605029942e-01	2.930011201385838704e-01	-2.926633168052547163e+01	-1.602770495034886999e-01	2.452772386605024113e-01	2.930011201385838149e-01	-2.926633168052546807e+01
1.027005870841487305e+12	1.664502193933546703e+00	1.681870651073229597e-02	7.240268624475025838e+00	2.770284684720896173e+00	5.598954777247666659e-02	2.021075598521657538e-02	1.210827531855410299e+01	1.696696349604860643e+01	-1.155611361919121477e-01	2.989929286487899573e-01	3.205481985286239288e-01	-2.947631458567192553e+01	-1.155611361919116065e-01	2.989929286487902904e-01	3.205481985286239843e-01	-2.947631458567192553e+01
1.033268101761252441e+12	1.664856448742257022e+00	1.864668284221861552e-02	8.076138674320775479e+00	2.771399296137660784e+00	6.208810035503851965e-02	2.240315945867746988e-02	1.237837958045371778e+01	1.711706207150964332e+01	-2.690370569450963034e-02	2.841256977455317023e-01	2.853966038681645667e-01	-2.975072224569978374e+01	-2.690370569450657723e-02	2.841256977455319799e-01	2.853966038681645112e-01	-2.975072224569979440e+01
1.039530332681017578e+12	1.664556225141458734e+00	1.657203215403048671e-02	7.221078971798753798e+00	2.770472794407468520e+00	5.517015857047172928e-02	1.991362581933282458e-02	1.024338493982063625e+01	1.582904463392608463e+01	4.747272291554877760e-02	3.224238113715461873e-01	3.258999440938443737e-01	-2.999131689197596273e+01	4.747272291554921475e-02	3.224238113715464094e-01	3.258999440938446512e-01	-2.999131689197596629e+01
1.045792563600782715e+12	1.664665786804261582e+00	1.870961493837058551e-02	8.201618418865857407e+00	2.770762132065509142e+00	6.229051174437487404e-02	2.248136389028076304e-02	1.111275051958141979e+01	1.638325777821033569e+01	1.136993939603115206e-01	2.571356426689904162e-01	2.811517222386106241e-01	-3.026145927542740210e+01	1.136993939603111875e-01	2.571356426689906938e-01	2.811517222386107351e-01	-3.026145927542740210e+01
1.052054794520547974e+12	1.665138708330430761e+00	1.653843961981344909e-02	7.293265993230268585e+00	2.772413397995277418e+00	5.507759197267397128e-02	1.986629844326260469e-02	9.499015600090627842e+00	1.531576808650114963e+01	2.065256978954799483e-01	2.428288628247849967e-01	3.187769133924119314e-01	-3.054991388024469146e+01	2.065256978954812528e-01	2.428288628247839975e-01	3.187769133924119869e-01	-3.054991388024469501e+01
1.058317025440313110e+12	1.664589510757689572e+00	1.919474888966331977e-02	8.515053458103198025e+00	2.770489800939587077e+00	6.390275532672273773e-02	2.306550823794792024e-02	1.023741050584350099e+01	1.582507539778228534e+01	2.116255261645924313e-01	1.617767083558682983e-01	2.663776767878650031e-01	-3.076324265551399861e+01	2.116255261645923758e-01	1.617767083558685481e-01	2.663776767878650586e-01	-3.076324265551399861e+01
1.064579256360078247e+12	1.665556339753756721e+00	1.696048402573035324e-02	7.568423104610011443e+00	2.773790262875544421e+00	5.649728338869501598e-02	2.036826076753372669e-02	8.981763664682608450e+00	1.493483186866318668e+01	2.905324559991971922e-01	1.018757796836469859e-01	3.078762453894038909e-01	-3.107867101000394783e+01	2.905324559991979139e-01	1.018757796836444601e-01	3.078762453894036688e-01	-3.107867101000395493e+01
1.070841487279843384e+12	1.664453810401314238e+00	1.947195605397294277e-02	8.740251516165219670e+00	2.770027329886886047e+00	6.482034290000440735e-02	2.340061493279611132e-02	9.687952567700104822e+00	1.544976092971454840e+01	2.572065248994778175e-01	3.841577803286633924e-02	2.600595478976616137e-01	-3.126766480206427445e+01	2.572065248994777065e-01	3.841577803286774784e-02	2.600595478976616692e-01	-3.126766480206426735e+01
1.077103718199608643e+12	1.665548579498577597e+00	1.750491792389890014e-02	7.903269016750740228e+00	2.773745648518207485e+00	5.831058236477800610e-02	2.102232495467950754e-02	9.067039094781915054e+00	1.499912072946612440e+01	2.882235069240280390e-01	-5.473057641551161423e-02	2.933738671701339173e-01	-3.160358169233531100e+01	2.882235069240274838e-01	-5.473057641551368202e-02	2.933738671701338063e-01	-3.160358169233531811e+01
1.083365949119373779e+12	1.664264082112416832e+00	1.954255680424804228e-02	8.874537428702538477e+00	2.769393023483038174e+00	6.504795072390326394e-02	2.348816154743291196e-02	9.624481253056242025e+00	1.540504121464811149e+01	2.371884279977633792e-01	-8.824473382872785598e-02	2.530720913584767473e-01	-3.177210387861120822e+01	2.371884279977631294e-01	-8.824473382872849436e-02	2.530720913584767473e-01	-3.177210387861120822e+01
1.089628180039138916e+12	1.665203662320134503e+00	1.775656396031256509e-02	8.110103891506430074e+00	2.772587941440711745e+00	5.913659067386838747e-02	2.132902253161333972e-02	8.423064444596066735e+00	1.449789917563316166e+01	2.216126996531196103e-01	-1.754101986752568121e-01	2.826321397980718908e-01	-3.208547341368659289e+01	2.216126996531183890e-01	-1.754101986752583386e-01	2.826321397980719463e-01	-3.208547341368660000e+01
1.095890410958904053e+12	1.663942942129131852e+00	1.980910873046223819e-02	9.099577407570164311e+00	2.768313713872656123e+00	6.592245332384241707e-02	2.381321632497424706e-02	5.918190998531292379e+00	1.209668216230278048e+01	1.640525038980615302e-01	-1.828834142988413070e-01	2.456818415366205377e-01	-3.225554926814427148e+01	1.640525038980616412e-01	-1.828834142988412237e-01	2.456818415366205655e-01	-3.225554926814427148e+01
1.102152641878669189e+12	1.671692535187675688e+00	2.099455608612939631e-02	9.699237713122370153e+00	2.794115160816944776e+00	7.019288537752299550e-02	2.512168659397702453e-02	2.041707668245564378e+00	4.856186345321105158e+00	-1.302383860284977643e-02	-2.246965051387681545e-01	2.250736319374829486e-01	-3.304461999391424598e+01	-1.302383860284834181e-02	-2.246965051387682377e-01	2.250736319374829486e-01	-3.304461999391423888e+01
1.108414872798434326e+12	1.663311732736797000e+00	1.956046463649905448e-02	9.088049260058445711e+00	2.766223308483090282e+00	6.507030065534416541e-02	2.352315536341376134e-02	7.184386404599689691e+00	1.341572348460893060e+01	6.199832774804839991e-02	-2.385942113512638241e-01	2.465177282344740151e-01	-3.273249679568601067e+01	6.199832774804733826e-02	-2.385942113512641294e-01	2.465177282344740151e-01	-3.273249679568601778e+01
1.114677103718199707e+12	1.665940310452702855e+00	1.908674613330305428e-02	8.918054841656976706e+00	2.774992814113290684e+00	6.359475955769362809e-02	2.291708981524495300e-02	5.740286934751555492e+00	1.188903083794101256e+01	-4.513282005660741031e-02	-2.470316649645105667e-01	2.511207178657314798e-01	-3.316743035813764351e+01	-4.513282005660691071e-02	-2.470316649645106777e-01	2.511207178657314798e-01	-3.316743035813764351e+01
1.120939334637964844e+12	1.663375318797866376e+00	1.959788720541227186e-02	9.208322563634427027e+00	2.766433374002987389e+00	6.519728375613452476e-02	2.356727054004378180e-02	7.050479555847298130e+00	1.328772076481802955e+01	-6.112723111141911414e-02	-2.329111557235216678e-01	2.407989718495812115e-01	-3.324338320386136303e+01	-6.112723111141905863e-02	-2.329111557235216123e-01	2.407989718495811560e-01	-3.324338320386136303e+01
1.127201565557729980e+12	1.664930745024810310e+00	1.948425119858446242e-02	9.206074061628719107e+00	2.771614749684100598e+00	6.487985772861956657e-02	2.340868540117790886e-02	8.094872848017420353e+00	1.422751219195589378e+01	-1.403810782073456609e-01	-1.971787249401523723e-01	2.420460631526180628e-01	-3.360542295758948939e+01	-1.403810782073467711e-01	-1.971787249401514841e-01	2.420460631526179796e-01	-3.360542295758949649e+01
1.133463796477495117e+12	1.663395325753366460e+00	1.966133594454778921e-02	9.341354163147808976e+00	2.766497441607023600e+00	6.540914861645488743e-02	2.364330710476259673e-02	7.864006742203788924e+00	1.403065782355293578e+01	-1.658170528035696478e-01	-1.705604772570021577e-01	2.378784803268218229e-01	-3.375802047045299048e+01	-1.658170528035701474e-01	-1.705604772570016303e-01	2.378784803268217951e-01	-3.375802047045299759e+01
1.139726027397260254e+12	1.664988721983553965e+00	1.915674313175985341e-02	9.151900782177795790e+00	2.771820463525012102e+00	6.379152252863212746e-02	2.301430535205242767e-02	7.271062709563832271e+00	1.349731236686804969e+01	-2.218622946205152380e-01	-1.009822194108034032e-01	2.437627666634343548e-01	-3.413038482390052764e+01	-2.218622946205143776e-01	-1.009822194108050825e-01	2.437627666634342716e-01	-3.413038482390052053e+01
1.145988258317025391e+12	1.663538672968786436e+00	2.022724882463084600e-02	9.716417017623975028e+00	2.766951774867737690e+00	6.729762133507168065e-02	2.432193504286447178e-02	7.218612206481998861e+00	1.344805741579299330e+01	-2.152272960619491804e-01	-6.073094829422870378e-02	2.236314759841606103e-01	-3.428249825361886138e+01	-2.152272960619487641e-01	-6.073094829422995278e-02	2.236314759841605548e-01	-3.428249825361885428e+01
1.152250489236790527e+12	1.665004217410246179e+00	1.876452629392707724e-02	9.063035215809833289e+00	2.771886936546870572e+00	6.248603083418807769e-02	2.254277763292582282e-02	5.326215605166362721e+00	1.137967117871426836e+01	-2.452905516314121404e-01	1.968247231985259527e-02	2.460789597593915357e-01	-3.463758909642150030e+01	-2.452905516314122236e-01	1.968247231985142606e-02	2.460789597593915079e-01	-3.463758909642149320e+01
1.158512720156555664e+12	1.663410619616427111e+00	2.076174123546485270e-02	1.008216362939945121e+01	2.766503839553577926e+00	6.907060170560103129e-02	2.496674709721231900e-02	4.228221311938663796e+00	9.809037731703416085e+00	-2.074448019635317386e-01	4.698136956983406387e-02	2.126983661158360350e-01	-3.478023852631240231e+01	-2.074448019635319329e-01	4.698136956983310630e-02	2.126983661158360628e-01	-3.478023852631240231e+01
1.164774951076321045e+12	1.666351416493527360e+00	1.285275609286736127e-02	6.275198230119087839e+00	2.776561849910802238e+00	4.283441664239068247e-02	1.542714297675981845e-02	1.253141641780164850e+00	1.535215917598315993e+00	-2.872371726010459758e-01	2.409181175717385603e-01	3.748956290731503826e-01	-3.525544147099294889e+01	-2.872371726010435333e-01	2.409181175717417522e-01	3.748956290731504937e-01	-3.525544147099295600e+01
1.171037181996086182e+12	1.662354236842518151e+00	2.053374021586126461e-02	1.007924284482801980e+01	2.762999974261018732e+00	6.826870009212115953e-02	2.470817977853222505e-02	3.074944118961411288e+00	7.642186130543113798e+00	-1.676105019606158042e-01	1.312234275911803583e-01	2.128681947033594646e-01	-3.522175029482637143e+01	-1.676105019606164426e-01	1.312234275911796366e-01	2.128681947033594923e-01	-3.522175029482636432e+01
1.177299412915851318e+12	1.666960819096937607e+00	2.305320431232891348e-02	1.137646638294113899e+01	2.778226922175266900e+00	7.685757668657772212e-02	2.766425451899393040e-02	4.158223172075468987e+00	9.695464577564401054e+00	-5.511946718573856180e-02	1.662992131710988586e-01	1.751958445973142708e-01	-3.580826312372638398e+01	-5.511946718573782628e-02	1.662992131710991084e-01	1.751958445973142708e-01	-3.580826312372638398e+01
1.183561643835616455e+12	1.662459803398754099e+00	2.179971850660704716e-02	1.081510970585905973e+01	2.763297370189656821e+00	7.248231148528426482e-02	2.623036965446447558e-02	4.867690428860095508e+00	1.076721828770090816e+01	-7.277702251159781643e-02	1.759492700378337826e-01	1.904065141545849826e-01	-3.573611888088454691e+01	-7.277702251159945401e-02	1.759492700378331165e-01	1.904065141545850104e-01	-3.573611888088453981e+01
1.189823874755381592e+12	1.665586830442570720e+00	2.449315051694284096e-02	1.221564748742525630e+01	2.773579575321483137e+00	8.159093787413528032e-02	2.941719740082746753e-02	4.899355270080547164e+00	1.081133189730186928e+01	1.434282562360919382e-02	1.547361471512228581e-01	1.553994590790912511e-01	-3.622074355777954224e+01	1.434282562360971076e-02	1.547361471512228026e-01	1.553994590790912234e-01	-3.622074355777954935e+01
1.196086105675146729e+12	1.660966765738518980e+00	2.229403906846547795e-02	1.117738896652571867e+01	2.758313572709889527e+00	7.405931593359457721e-02	2.684949117689887019e-02	5.293714284116938451e+00	1.133802859198878998e+01	1.789307633610638095e-03	1.813198062558016577e-01	1.813286347007806443e-01	-3.613818343745306549e+01	1.789307633611217710e-03	1.813198062558015744e-01	1.813286347007805610e-01	-3.613818343745306549e+01
1.202348336594911865e+12	1.664053173867101387e+00	2.466284870129091880e-02	1.242975895561973054e+01	2.768464709351110997e+00	8.208058331597455071e-02	2.964841236326002522e-02	4.820305108072546751e+00	1.070066487389264154e+01	7.148004908491616127e-02	1.323742451796271480e-01	1.504404806029881747e-01	-3.662343682870351813e+01	7.148004908491707721e-02	1.323742451796266484e-01	1.504404806029881747e-01	-3.662343682870352524e+01
1.208610567514677002e+12	1.659517068770692827e+00	2.115142986698347397e-02	1.071557005503667348e+01	2.753549518555854725e+00	7.020231778633059805e-02	2.549520802631121200e-02	3.780560476535373748e+00	9.047673387459049366e+00	7.791972501715566102e-02	1.770106918721515155e-01	1.934018319039582379e-01	-3.654298813322580486e+01	7.791972501715488386e-02	1.770106918721518763e-01	1.934018319039582379e-01	-3.654298813322579775e+01
1.214872798434442139e+12	1.661856998183637524e+00	2.668572753331581796e-02	1.358936040244179644e+01	2.761056554357947945e+00	8.869572610572534765e-02	3.212383533605327190e-02	3.887904610483287282e+00	9.238155947589905992e+00	9.446390749783066532e-02	8.456632063588336023e-02	1.267867990196524242e-01	-3.696894190484642451e+01	9.446390749783088736e-02	8.456632063588306880e-02	1.267867990196524242e-01	-3.696894190484642451e+01
1.221135029354207520e+12	1.659733352371340454e+00	2.048437669120608748e-02	1.048517308947692506e+01	2.754295191285380806e+00	6.799720639386565291e-02	2.468769745850391689e-02	5.198723237516983176e+00	1.121483868553196572e+01	1.612094104160066432e-01	1.189438239595170255e-01	2.003399791973360655e-01	-3.706345042347975038e+01	1.612094104160068653e-01	1.189438239595167063e-01	2.003399791973360655e-01	-3.706345042347975038e+01
1.227397260273972656e+12	1.661685427907659163e+00	2.434882987641769428e-02	1.252715369934444212e+01	2.760605595804309420e+00	8.092019158449186012e-02	2.931247828645930018e-02	4.470338035249061370e+00	1.018786970687089699e+01	1.445980426482971759e-01	3.405885184716622716e-02	1.485550380393273195e-01	-3.746778670536917133e+01	1.445980426482969816e-01	3.405885184716707370e-02	1.485550380393273195e-01	-3.746778670536916422e+01
1.233659491193737793e+12	1.659991678118982072e+00	1.927213085492830019e-02	9.965846674782270043e+00	2.755200956396584910e+00	6.398315367760208650e-02	2.322268128176140090e-02	3.646997975543463166e+00	8.802968716022141038e+00	2.154138576687967266e-01	2.189307239678014300e-02	2.165235245757912153e-01	-3.759782700856142412e+01	2.154138576687966156e-01	2.189307239678069117e-02	2.165235245757912153e-01	-3.759782700856142412e+01
1.239921722113502930e+12	1.659703363749157390e+00	2.378658216561773189e-02	1.236276099828578268e+01	2.754049454149146037e+00	7.895734086474293090e-02	2.866954358636835884e-02	5.096179322338623585e+00	1.107930133341979229e+01	1.505765007760387908e-01	-1.953649589341592552e-02	1.518385894881464915e-01	-3.782813573590881617e+01	1.505765007760386520e-01	-1.953649589341696288e-02	1.518385894881464915e-01	-3.782813573590882328e+01
1.246183953033268066e+12	1.659958684781185578e+00	1.927639324188360967e-02	1.006924929079580444e+01	2.755091255844067888e+00	6.399603274624410254e-02	2.322828059161251291e-02	4.962002498363093927e+00	1.089777452643939881e+01	1.954674264636948045e-01	-8.294333614649651576e-02	2.123372596118039968e-01	-3.810041764558943100e+01	1.954674264636950543e-01	-8.294333614649584963e-02	2.123372596118039690e-01	-3.810041764558943100e+01
1.252446183953033203e+12	1.659884302351839258e+00	2.278780064985996834e-02	1.196329043994960450e+01	2.754696613335594346e+00	7.565022516765119998e-02	2.746227109055330781e-02	5.008618410567660106e+00	1.096139137131326180e+01	1.284151138122123226e-01	-9.748355436442035504e-02	1.612249510061154745e-01	-3.834842954841062834e+01	1.284151138122117397e-01	-9.748355436442109057e-02	1.612249510061154745e-01	-3.834842954841063545e+01
1.258708414872798340e+12	1.660411952960568316e+00	1.857065180431524687e-02	9.798090440182102512e+00	2.756622984425891598e+00	6.166986446030756075e-02	2.237152661380396867e-02	4.549195303347927322e+00	1.030683648613716485e+01	1.298199583809767077e-01	-1.804294026863200728e-01	2.222790834689147288e-01	-3.864621082563623844e+01	1.298199583809754865e-01	-1.804294026863209888e-01	2.222790834689147843e-01	-3.864621082563624554e+01
1.264970645792563477e+12	1.660454248042932290e+00	2.250506894532127572e-02	1.193300867880285843e+01	2.756601831715586037e+00	7.473727466551556564e-02	2.711210367984208391e-02	4.278347280086686411e+00	9.889218529144653047e+00	5.771973746109659853e-02	-1.513205007386861645e-01	1.619551235261936228e-01	-3.890550319725752360e+01	5.771973746109616138e-02	-1.513205007386863310e-01	1.619551235261936228e-01	-3.890550319725752360e+01
1.271232876712328857e+12	1.660868782726340642e+00	1.824692244513497277e-02	9.723080991602513379e+00	2.758152163256157863e+00	6.061148773990653049e-02	2.197539662509089692e-02	3.934345925527247267e+00	9.318941717625763843e+00	1.704278176262233671e-02	-2.226678153854236009e-01	2.233190820747870398e-01	-3.919351806350792344e+01	1.704278176262315203e-02	-2.226678153854235731e-01	2.233190820747870675e-01	-3.919351806350792344e+01
1.277495107632093994e+12	1.660552378444066779e+00	2.247825238944725287e-02	1.203679737989472009e+01	2.756928929725763311e+00	7.465263093712531939e-02	2.707818476283723255e-02	3.513041409091165690e+00	8.548369973816374312e+00	-2.381695020305950317e-02	-1.574025128748658409e-01	1.591942152727206516e-01	-3.942008137940045742e+01	-2.381695020305843805e-02	-1.574025128748659796e-01	1.591942152727206239e-01	-3.942008137940045032e+01
1.283757338551859131e+12	1.661363096364590231e+00	1.838493747469837486e-02	9.893142337971475797e+00	2.759789332036190590e+00	6.108811329886856129e-02	2.213506393033172134e-02	3.514808903744599089e+00	8.551792073010778594e+00	-9.870238300055232672e-02	-1.952279677842312100e-01	2.187604164723328803e-01	-3.973800583883367210e+01	-9.870238300055102221e-02	-1.952279677842319594e-01	2.187604164723329914e-01	-3.973800583883366500e+01
1.290019569471624268e+12	1.660480959331724238e+00	2.261394632015345518e-02	1.222817982031892470e+01	2.756685625735032730e+00	7.510005455992904699e-02	2.724287958657042527e-02	2.883975538991573107e+00	7.205971614525735092e+00	-9.461277434357281968e-02	-1.230559588583284986e-01	1.552235358427660195e-01	-3.992537066341100171e+01	-9.461277434357212579e-02	-1.230559588583290120e-01	1.552235358427659917e-01	-3.992537066341100171e+01
1.296281800391389404e+12	1.662361535221951625e+00	1.808043836911578384e-02	9.824207815110648667e+00	2.763118971533864432e+00	6.011245056953838650e-02	2.175528856658992191e-02	2.908110074664124411e+00	7.262669056810682200e+00	-1.928172127792119050e-01	-1.069700004234171858e-01	2.205018334040099171e-01	-4.033420332157938759e+01	-1.928172127792116552e-01	-1.069700004234175744e-01	2.205018334040098893e-01	-4.033420332157938049e+01
1.302544031311154541e+12	1.661001362225154043e+00	2.365783780044960691e-02	1.291685023501053919e+01	2.758365832024424869e+00	7.859140162769708005e-02	2.849201535026887194e-02	2.713195913212510746e+00	6.790674176464262857e+00	-1.307104110997611146e-01	-4.976038788288072306e-02	1.398617452061974575e-01	-4.047695307526750241e+01	-1.307104110997615032e-01	-4.976038788287973774e-02	1.398617452061974575e-01	-4.047695307526750952e+01
1.308806262230919678e+12	1.663150943727994990e+00	1.916213412857089085e-02	1.051255790901249831e+01	2.765703874238959248e+00	6.373904291955019563e-02	2.304622830854923324e-02	2.883086967019748759e+00	7.203875114200769758e+00	-1.987517782044176673e-01	1.239370384896188587e-02	1.991378247207541419e-01	-4.090298155955213844e+01	-1.987517782044175840e-01	1.239370384896257803e-02	1.991378247207541141e-01	-4.090298155955213844e+01
1.315068493150684814e+12	1.660135048241473843e+00	2.423708124779463610e-02	1.336035053058511934e+01	2.755460942292308424e+00	8.047365609308014534e-02	2.920515216090594640e-02	3.000603889745862674e+00	7.475685035837841497e+00	-1.309092138993910026e-01	9.769981478760601107e-03	1.312732829704956750e-01	-4.091519812709736215e+01	-1.309092138993908638e-01	9.769981478761773780e-03	1.312732829704956472e-01	-4.091519812709736925e+01
1.321330724070450195e+12	1.662891637945136392e+00	1.963752544686428805e-02	1.087645720512358238e+01	2.764822967142182009e+00	6.531015371105090839e-02	2.362182117524789376e-02	3.006491782907396271e+00	7.489021861990132756e+00	-1.607145197387564450e-01	1.000341580891126597e-01	1.893039609713877969e-01	-4.139745636571517196e+01	-1.607145197387565283e-01	1.000341580891125765e-01	1.893039609713878246e-01	-4.139745636571517196e+01
1.327592954990215332e+12	1.659228675365437722e+00	2.483233838881463915e-02	1.381884412076181690e+01	2.752423152125088368e+00	8.240505586219844247e-02	2.993909413913162926e-02	2.880758659420168399e+00	7.198378629572954601e+00	-1.069809896945743549e-01	6.007534214818707058e-02	1.226946571381670459e-01	-4.135237319183837457e+01	-1.069809896945748684e-01	6.007534214818613383e-02	1.226946571381670459e-01	-4.135237319183836036e+01
1.333855185909980469e+12	1.663046566381918501e+00	2.049371834487991734e-02	1.145825823980767488e+01	2.765303889463089693e+00	6.816401585170135669e-02	2.464973781414528387e-02	3.028520828668209486e+00	7.538689832077200670e+00	-8.167841266309464054e-02	1.525921322278983860e-01	1.730772137313840997e-01	-4.192003477452657023e+01	-8.167841266309347481e-02	1.525921322278990522e-01	1.730772137313840997e-01	-4.192003477452657734e+01
1.340117416829745605e+12	1.658171417282753302e+00	2.451030081765909197e-02	1.376831057962459859e+01	2.748931694247322532e+00	8.128456048968880909e-02	2.956950900591406514e-02	3.294825291163714809e+00	8.112073641120852940e+00	-7.366283138999092650e-02	9.910370027718432007e-02	1.234818048824207065e-01	-4.177230769105640462e+01	-7.366283138999067670e-02	9.910370027718454211e-02	1.234818048824207343e-01	-4.177230769105640462e+01
1.346379647749510742e+12	1.662427377054491062e+00	2.073336895415321332e-02	1.170109688464363806e+01	2.763234911392085991e+00	6.893544033591188225e-02	2.494736877118529025e-02	3.198831200960698506e+00	7.910912633166516272e+00	-5.391872372882994258e-03	1.675255540592235359e-01	1.676123013103014703e-01	-4.237932655757677480e+01	-5.391872372884544233e-03	1.675255540592235637e-01	1.676123013103015258e-01	-4.237932655757676059e+01
1.352641878669275879e+12	1.657672942772677738e+00	2.370780637886327896e-02	1.344198362901986066e+01	2.747317525117331627e+00	7.859957833347031020e-02	2.860957192420395673e-02	3.291463089081040572e+00	8.105127556222635477e+00	-2.225771855504013463e-02	1.278844227137595491e-01	1.298069012345141604e-01	-4.223918136604262941e+01	-2.225771855503941646e-02	1.278844227137596878e-01	1.298069012345141882e-01	-4.223918136604262941e+01
1.358904109589041016e+12	1.662759030929352511e+00	2.042597765789036166e-02	1.163485099288862834e+01	2.764350374373838903e+00	6.792695763243676577e-02	2.457248482758742081e-02	3.085610414204184693e+00	7.665744824334232099e+00	8.236416386192872696e-02	1.473754382166246879e-01	1.688294265766984159e-01	-4.292113084026607339e+01	8.236416386192772776e-02	1.473754382166252153e-01	1.688294265766984159e-01	-4.292113084026606629e+01
1.365166340508806152e+12	1.657027548511815107e+00	2.344183005492303518e-02	1.341424536808255041e+01	2.745190777130751769e+00	7.768751637707940749e-02	2.829949634985940224e-02	3.128520267651170528e+00	7.759704288382291537e+00	3.618566195359005505e-02	1.249597675160461913e-01	1.300936033349980037e-01	-4.269336939922830254e+01	3.618566195359043669e-02	1.249597675160460525e-01	1.300936033349980037e-01	-4.269336939922830965e+01
1.371428571428571533e+12	1.663066257670471337e+00	1.973227547163670589e-02	1.134330276178534369e+01	2.765400014706778098e+00	6.563216304787537758e-02	2.373333430926249238e-02	2.647489814085886906e+00	6.623886458585932502e+00	1.523450637282772191e-01	8.875479096704554094e-02	1.763134463447890155e-01	-4.345477709918583997e+01	1.523450637282770248e-01	8.875479096704586013e-02	1.763134463447890155e-01	-4.345477709918583997e+01
1.377690802348336670e+12	1.656345785814998361e+00	2.274118708527448143e-02	1.313270083645591235e+01	2.742964200597056923e+00	7.533453878624971067e-02	2.746464528040568412e-02	2.536864361340770646e+00	6.333495356629979867e+00	9.040786133325454110e-02	1.012128902088121202e-01	1.357115711178455142e-01	-4.314057106388405316e+01	9.040786133325540153e-02	1.012128902088113153e-01	1.357115711178454864e-01	-4.314057106388406027e+01
1.383953033268101807e+12	1.664408687046467827e+00	1.935734749543563046e-02	1.122939501891628922e+01	2.769881570613688115e+00	6.443707465916050092e-02	2.326347643985514704e-02	2.144375116579050999e+00	5.189973051642168045e+00	1.784883684651163149e-01	-1.840071283890308204e-02	1.794343442887088580e-01	-4.408502618673545470e+01	1.784883684651162317e-01	-1.840071283890374471e-02	1.794343442887088302e-01	-4.408502618673546181e+01
1.390215264187866943e+12	1.655511378521112631e+00	2.172908432023318293e-02	1.266230117112066011e+01	2.740245771307479039e+00	7.194549267398145376e-02	2.625512405759627618e-02	1.996016757196739544e+00	4.702204804865659504e+00	1.338180144661910431e-01	5.724810030444024700e-02	1.455493249181904480e-01	-4.357805250905224881e+01	1.338180144661909321e-01	5.724810030444065639e-02	1.455493249181905036e-01	-4.357805250905224881e+01
1.396477495107632080e+12	1.666077728105393563e+00	1.849789409795328174e-02	1.082792879264564334e+01	2.775472824002770622e+00	6.163785874690434069e-02	2.220805702504072277e-02	1.747265426513183950e+00	3.796659198970629312e+00	1.381802334642529551e-01	-1.301106336049889789e-01	1.897960850421502588e-01	-4.473762657589096392e+01	1.381802334642547869e-01	-1.301106336049869805e-01	1.897960850421502310e-01	-4.473762657589094971e+01
1.402739726027397217e+12	1.655411330912334389e+00	2.078969254985690157e-02	1.222402767283510094e+01	2.739954463196628609e+00	6.883098522643371631e-02	2.512121502418347696e-02	1.368130283943695957e+00	2.132496863398100295e+00	1.542072607251201433e-01	-1.415079460737317385e-02	1.548551718489416251e-01	-4.407380564222115282e+01	1.542072607251201433e-01	-1.415079460737266558e-02	1.548551718489415974e-01	-4.407380564222114572e+01
1.409001956947162354e+12	1.668955256712973290e+00	1.676535769339719539e-02	9.901787026740120012e+00	2.785130571691278867e+00	5.596126370613707657e-02	2.009286899326749934e-02	1.210640883345986740e+00	1.300471987267009188e+00	1.031696281289560396e-02	-2.179703542501683633e-01	2.182143786592133650e-01	-4.550579682161313144e+01	1.031696281289706460e-02	-2.179703542501682523e-01	2.182143786592133372e-01	-4.550579682161313144e+01
1.415264187866927490e+12	1.655061914477528040e+00	3.837133523442616675e-04	2.276321447539317588e-01	2.739229793518083600e+00	1.270138711082967982e-03	4.636846145907630077e-04	9.284804908778442056e-02	-1.617029630808783125e+01	8.116783413421898574e-01	-4.964194084168759846e-01	9.514483479711179914e-01	-4.453119968203472467e+01	8.116783413413186654e-01	-4.964194084158841669e-01	9.514483479698572221e-01	-4.453119968203431256e+01
1.421526418786692627e+12	1.669296900542109663e+00	4.467265105926536417e-02	2.661863753664839294e+01	2.784556496406831005e+00	1.491438359044617301e-01	5.356107376414007831e-02	1.206815198476631990e+00	1.278938818617425976e+00	-8.812914086091193019e-03	-1.643872676936113802e-02	1.865205598550827640e-02	-4.604520763119344196e+01	-8.812914086091113222e-03	-1.643872676936117619e-02	1.865205598550827293e-02	-4.604520763119343485e+01
1.427788649706458008e+12	1.659878766923938986e+00	1.786296495469967896e-02	1.069071205760484133e+01	2.754878435367963174e+00	5.930071248522487959e-02	2.152570934670088726e-02	1.340143155375407735e+00	1.991879719878599797e+00	1.424740368868100161e-02	-1.931194536777839643e-01	1.936442921975083387e-01	-4.547945180558915723e+01	1.424740368867759809e-02	-1.931194536777841864e-01	1.936442921975083109e-01	-4.547945180558917855e+01
1.434050880626223145e+12	1.664026120065400072e+00	3.265342921134035958e-02	1.962829238012093214e+01	2.767916681820649316e+00	1.086723182347537897e-01	3.926141236421629849e-02	1.759359496068230833e+00	3.843588258159833515e+00	-2.702243590311290133e-02	-4.460999069310794818e-02	5.215614356695693482e-02	-4.609772911367030446e+01	-2.702243590311283888e-02	-4.460999069310802451e-02	5.215614356695696258e-02	-4.609772911367030446e+01
1.440313111545988281e+12	1.659267658104940146e+00	1.918250722905865888e-02	1.158114357786575432e+01	2.752801192649459772e+00	6.365782769308249434e-02	2.312474575463780921e-02	1.720281432250319487e+00	3.690770492511898482e+00	-6.318434835195251009e-02	-1.584165016001347626e-01	1.705521910028903187e-01	-4.593260768262948091e+01	-6.318434835195159416e-02	-1.584165016001350679e-01	1.705521910028902632e-01	-4.593260768262947380e+01
1.446575342465753418e+12	1.663065025690313226e+00	3.244166145770250448e-02	1.967131111547553601e+01	2.764732818276185888e+00	1.079051850911809246e-01	3.902915478048252229e-02	1.781653975922782296e+00	3.929258991200289763e+00	-4.280576876705308870e-02	-2.922540829391839443e-02	5.183105564895096329e-02	-4.652483874910227257e+01	-4.280576876705318584e-02	-2.922540829391825218e-02	5.183105564895096329e-02	-4.652483874910227257e+01
1.452837573385518555e+12	1.658398674922343385e+00	1.935079929044332056e-02	1.178433642754696464e+01	2.749911711551005666e+00	6.418267980391885452e-02	2.333990561744926986e-02	1.929244328828713551e+00	4.470717330191619432e+00	-1.201344849700353851e-01	-1.135420756984886204e-01	1.653000224831714382e-01	-4.636669584340070571e+01	-1.201344849700355794e-01	-1.135420756984883706e-01	1.653000224831713827e-01	-4.636669584340071282e+01
1.459099804305283691e+12	1.662445269100866652e+00	2.899704213202276490e-02	1.773486389613148262e+01	2.762883444303446456e+00	9.641199102059951065e-02	3.489542464029134899e-02	1.779811812382103176e+00	3.922220875150812081e+00	-6.817259555901025725e-02	-9.808227165203175016e-03	6.887455339511548702e-02	-4.698099690096946546e+01	-6.817259555901014623e-02	-9.808227165203811659e-03	6.887455339511547314e-02	-4.698099690096945835e+01
1.465362035225048828e+12	1.658557425479960656e+00	1.999360485901281043e-02	1.228075879229575840e+01	2.750412989379457329e+00	6.632108360205583864e-02	2.411313641193174595e-02	1.927232755550392751e+00	4.463619883797059984e+00	-1.492205823498630179e-01	-3.621671092085092247e-02	1.535527021799249769e-01	-4.688578790053135492e+01	-1.492205823498629347e-01	-3.621671092085122778e-02	1.535527021799249492e-01	-4.688578790053135492e+01
1.471624266144813965e+12	1.660108530434043050e+00	2.981768522671961880e-02	1.839331579479607015e+01	2.755071238467598160e+00	9.900118720534877015e-02	3.593416599289619290e-02	1.728439275129413977e+00	3.722957092358245124e+00	-6.180836268457062799e-02	9.741337611891991155e-03	6.257129818228389373e-02	-4.728020946228155452e+01	-6.180836268457059329e-02	9.741337611892188914e-03	6.257129818228389373e-02	-4.728020946228156163e+01
1.477886497064579346e+12	1.658139934864872433e+00	1.886868911300457197e-02	1.168885499865137767e+01	2.749072016164840093e+00	6.257385387364586271e-02	2.276180962364930671e-02	1.737523372696553325e+00	3.758619929094936474e+00	-1.633296190066256259e-01	3.899462423999118521e-02	1.679200558732267257e-01	-4.735825066154439611e+01	-1.633296190066257092e-01	3.899462423999068561e-02	1.679200558732266979e-01	-4.735825066154439611e+01
1.484148727984344482e+12	1.660335657295922029e+00	3.041667746279695661e-02	1.892249320027799442e+01	2.755789320620405825e+00	1.010037883359020811e-01	3.665149130963439583e-02	1.534050715413414867e+00	2.911261443643100133e+00	-4.474824171508192533e-02	3.668287119274062091e-02	5.786223444989484904e-02	-4.781056463292949132e+01	-4.474824171508254289e-02	3.668287119273988539e-02	5.786223444989484904e-02	-4.781056463292947001e+01
1.490410958904109619e+12	1.658033698384957288e+00	1.730144919323111513e-02	1.080880490592644172e+01	2.748776404835913567e+00	5.737277158654484344e-02	2.087211294654927468e-02	1.426806223279712738e+00	2.418195980524539213e+00	-1.415141897431217155e-01	1.272614923438288581e-01	1.903201338067800619e-01	-4.785630936333902241e+01	-1.415141897431232698e-01	1.272614923438271650e-01	1.903201338067800619e-01	-4.785630936333901531e+01
1.496673189823874756e+12	1.660944831595023263e+00	3.436309642498378003e-02	2.155799818382070754e+01	2.757556911206307415e+00	1.141504148093564625e-01	4.139548828365641198e-02	1.293976410741715544e+00	1.753375964840482082e+00	-1.233013291580703844e-02	3.729168938875387224e-02	3.927724882408092227e-02	-4.837536132047931403e+01	-1.233013291580704537e-02	3.729168938875385142e-02	3.927724882408090840e-02	-4.837536132047931403e+01
1.502935420743639893e+12	1.657685742677753815e+00	1.630720188808063714e-02	1.027327536066726310e+01	2.747656096643677603e+00	5.406443214567804162e-02	1.967656440400927104e-02	1.214143324434708848e+00	1.320126171615911836e+00	-7.385360444306451888e-02	1.931362460448407259e-01	2.067751542751833926e-01	-4.832945128620453801e+01	-7.385360444306562910e-02	1.931362460448402818e-01	2.067751542751833649e-01	-4.832945128620453090e+01
