freq_roi_Hz	n_opt	k_opt	alpha_cm	eps_r	eps_i	loss_tan	DR	alpha_max	H_meas_real	H_meas_imag	H_meas_mag	H_meas_phase	H_model_real	H_model_imag	H_model_mag	H_model_phase
3.005870841487279663e+11	1.675914601755345679e+00	7.141925924354232402e-03	8.998597322819419375e-01	2.808638745270870096e+00	2.393851588256060495e-02	8.523173698599650558e-03	7.655570711280181229e+01	2.961408112351612942e+01	8.362517726652671790e-01	1.121278127528650276e-01	8.437355472412805257e-01	1.332888146043829658e-01	8.362517726652636263e-01	1.121278127528657353e-01	8.437355472412770840e-01	1.332888146043843536e-01
3.068493150684931641e+11	1.676580489602996327e+00	7.623486904606368610e-03	9.805460125153458995e-01	2.810864020564838306e+00	2.556277881401395127e-02	9.094277996726841257e-03	7.884747011304553155e+01	2.981544341119091968e+01	8.319361082999848778e-01	-1.666322264294386457e-01	8.484597734590344498e-01	-1.976787164037826228e-01	8.319361082999855439e-01	-1.666322264294372579e-01	8.484597734590347828e-01	-1.976787164037808742e-01
3.131115459882583008e+11	1.676413408468041322e+00	7.125632807112148616e-03	9.352154706562244568e-01	2.810311141448534222e+00	2.389101276332514928e-02	8.501198465523241224e-03	7.184352025003005338e+01	2.918039679179864621e+01	7.184859417854636554e-01	-3.788721901442410611e-01	8.122599245364987564e-01	-4.852641806197394159e-01	7.184859417854629893e-01	-3.788721901442432261e-01	8.122599245364992004e-01	-4.852641806197421359e-01
3.193737769080234985e+11	1.676883623283888625e+00	7.860605305105003437e-03	1.052311715581741192e+00	2.811876896921940094e+00	2.636264061045806920e-02	9.375460440432616116e-03	7.753072438666623611e+01	2.970047650950732532e+01	5.792964177740483889e-01	-5.025479384435728170e-01	7.669020602917492324e-01	-7.145745620645408414e-01	5.792964177740477227e-01	-5.025479384435732610e-01	7.669020602917490104e-01	-7.145745620645418406e-01
3.256360078277886353e+11	1.676682735328850482e+00	7.573744134031144132e-03	1.033789726714910095e+00	2.811207633349628310e+00	2.539753206265634930e-02	9.034384995744522764e-03	7.403954168761724475e+01	2.938593915842264437e+01	4.754962977584475392e-01	-6.265747570998745353e-01	7.865701846731523172e-01	-9.216349377018649980e-01	4.754962977584505923e-01	-6.265747570998726479e-01	7.865701846731526503e-01	-9.216349377018604461e-01
3.318982387475538330e+11	1.676605086619628926e+00	8.330875611925012136e-03	1.159003530679408867e+00	2.810935212990352206e+00	2.793517685389777794e-02	9.938036538444281268e-03	7.551960872368788102e+01	2.952105908952171731e+01	3.042704540722692141e-01	-7.573606925917226729e-01	8.161958881937342314e-01	-1.188781335206031464e+00	3.042704540722698248e-01	-7.573606925917205634e-01	8.161958881937325661e-01	-1.188781335206029688e+00
3.381604696673189697e+11	1.676793732521263847e+00	8.250273901342352126e-03	1.169446520531384648e+00	2.811569154403144477e+00	2.766801513870922533e-02	9.840773468217517417e-03	6.983212778548957544e+01	2.898654597624415530e+01	5.058556783714678734e-02	-8.186202859105760066e-01	8.201817311899355367e-01	-1.509081109745170401e+00	5.058556783714501792e-02	-8.186202859105760066e-01	8.201817311899355367e-01	-1.509081109745172622e+00
3.444227005870841675e+11	1.675991038935670030e+00	8.080074965571075810e-03	1.166531092474201170e+00	2.808880674981217407e+00	2.708426647245112950e-02	9.642369899758107890e-03	7.649307951540878037e+01	2.960849420001722621e+01	-1.560778836980707129e-01	-7.646568980100234558e-01	7.804232681397831328e-01	-1.772145394024864817e+00	-1.560778836980691309e-01	-7.646568980100238999e-01	7.804232681397832438e-01	-1.772145394024862819e+00
3.506849315068493042e+11	1.677126347040902576e+00	8.222176491752022226e-03	1.208629140679653213e+00	2.812685179752500542e+00	2.757925764867530730e-02	9.805312676729117244e-03	7.247436011598516359e+01	2.924007813590359106e+01	-3.213304835697394779e-01	-6.781434299153739076e-01	7.504210759357377025e-01	-2.013296578575928031e+00	-3.213304835697406436e-01	-6.781434299153732415e-01	7.504210759357375915e-01	-2.013296578575929807e+00
3.569471624266145020e+11	1.676626376384685368e+00	8.484709875433708165e-03	1.269492360319404822e+00	2.811004015687170288e+00	2.845137674624754684e-02	1.012142870926934640e-02	7.312140104567453136e+01	2.930075494331462238e+01	-4.635962837616244281e-01	-6.096774628205599011e-01	7.659165248177530749e-01	-2.220917721470103245e+00	-4.635962837616256493e-01	-6.096774628205587909e-01	7.659165248177529639e-01	-2.220917721470105466e+00
3.632093933463796387e+11	1.676715467268376614e+00	9.204665119339219825e-03	1.401374548424597410e+00	2.811290032317051324e+00	3.086720875324357530e-02	1.097973115488300351e-02	7.385682895504099577e+01	2.936907175013764970e+01	-6.325677589715870131e-01	-4.726432628919207679e-01	7.896414525893743486e-01	-2.499897485758569182e+00	-6.325677589715847926e-01	-4.726432628919235990e-01	7.896414525893742375e-01	-2.499897485758564297e+00
3.694716242661448364e+11	1.675896078071974049e+00	8.282282018972186854e-03	1.282685736644263441e+00	2.808559068301582418e+00	2.776048790616303732e-02	9.884245704310791816e-03	7.644141169130480762e+01	2.960388153850106718e+01	-7.548863841434720889e-01	-2.738614732581642341e-01	8.030277451622316320e-01	-2.793573770645978005e+00	-7.548863841434713118e-01	-2.738614732581660660e-01	8.030277451622314100e-01	-2.793573770645975340e+00
3.757338551859099731e+11	1.677249809161367677e+00	9.205664620298023570e-03	1.449855226104109107e+00	2.813082178070743122e+00	3.088039845519682802e-02	1.097742493835537382e-02	6.888924965150421542e+01	2.889374432580727969e+01	-7.420114167717005715e-01	-3.537363901708156372e-02	7.428541155279798636e-01	-3.093956084871881007e+00	-7.420114167717009046e-01	-3.537363901708289599e-02	7.428541155279801966e-01	-3.093956084871879231e+00
3.819960861056751709e+11	1.676412527089540250e+00	8.640180982617951325e-03	1.383473720074604341e+00	2.810284308255326380e+00	2.896901527116309272e-02	1.030821514608518813e-02	7.304759563649395204e+01	2.929386096673682971e+01	-7.249345608113132444e-01	1.105391740201556172e-01	7.333137298944769622e-01	-3.292908695491224336e+00	-7.249345608113134665e-01	1.105391740201569495e-01	7.333137298944772953e-01	-3.292908695491226112e+00
3.882583170254403076e+11	1.676557475798370778e+00	9.613730124348273884e-03	1.564594701848472491e+00	2.810752545848500983e+00	3.223594222056819919e-02	1.146879410219903139e-02	7.414952521106654615e+01	2.939607239974061415e+01	-6.863102977836639251e-01	2.741333264953110804e-01	7.390337648167951690e-01	-3.521608062807621398e+00	-6.863102977836632590e-01	2.741333264953122462e-01	7.390337648167950579e-01	-3.521608062807623174e+00
3.945205479452055054e+11	1.676701222648786072e+00	8.819430414773900620e-03	1.458476133534494235e+00	2.811249207679093143e+00	2.957509951903457973e-02	1.052026957917798558e-02	6.963789532558378426e+01	2.896753177620524866e+01	-6.177059488192488956e-01	4.848791749392531436e-01	7.852824036590017043e-01	-3.807100069106527762e+00	-6.177059488192490067e-01	4.848791749392535322e-01	7.852824036590021484e-01	-3.807100069106527762e+00
4.007827788649706421e+11	1.676318283048539914e+00	9.996121663760038425e-03	1.679305640053416315e+00	2.809943063634487981e+00	3.351336300907708371e-02	1.192670536381958482e-02	7.234659622830459114e+01	2.922803294575773236e+01	-4.283022055446084053e-01	6.166760088957371488e-01	7.508209368564194852e-01	-4.105341173402276667e+00	-4.283022055446064624e-01	6.166760088957383701e-01	7.508209368564192632e-01	-4.105341173402279331e+00
4.070450097847357788e+11	1.676824551749946046e+00	8.841562492516099811e-03	1.508553152693788757e+00	2.811662404124098291e+00	2.965149812656488887e-02	1.054589558229771136e-02	6.966500071136100303e+01	2.897018841367185971e+01	-2.380319699485073937e-01	6.934290627838225474e-01	7.331460180829039164e-01	-4.381724079768477331e+00	-2.380319699485077545e-01	6.934290627838226584e-01	7.331460180829041384e-01	-4.381724079768476443e+00
4.133072407045009766e+11	1.676070269040507821e+00	1.016523699464961898e-02	1.761082425668761164e+00	2.809108214718362806e+00	3.407530300896582237e-02	1.213029203731909832e-02	7.128235924141237945e+01	2.912686541856776046e+01	-9.234552812765807472e-02	6.913837089072368824e-01	6.975235691412176031e-01	-4.579608608501287925e+00	-9.234552812765745022e-02	6.913837089072369935e-01	6.975235691412177141e-01	-4.579608608501288813e+00
4.195694716242661133e+11	1.676841928137600135e+00	9.576173220390978361e-03	1.684166541791098703e+00	2.811707148866677830e+00	3.211545753412011622e-02	1.142204925113377359e-02	7.322016126597470986e+01	2.930996900826008655e+01	8.605295778712367116e-02	7.262553441571699686e-01	7.313357207608294219e-01	-4.830327667505554423e+00	8.605295778712107602e-02	7.262553441571690804e-01	7.313357207608282007e-01	-4.830327667505550870e+00
4.258317025440313110e+11	1.675923512216638489e+00	9.982677807078689167e-03	1.781862575298018170e+00	2.808619964944353509e+00	3.346040890353281505e-02	1.191346971864018500e-02	6.929433177463066329e+01	2.893376871540969830e+01	2.783291689382741962e-01	6.939161911338859179e-01	7.476542025559878013e-01	-5.093842509666912655e+00	2.783291689382761391e-01	6.939161911338850297e-01	7.476542025559878013e-01	-5.093842509666915319e+00
4.320939334637964478e+11	1.676868508946046887e+00	9.913898864671590386e-03	1.795609168246922627e+00	2.811789710904239570e+00	3.324860961408751536e-02	1.182471416164160467e-02	6.859570027366898159e+01	2.886459265140511121e+01	4.783164381116706831e-01	5.553714634733579736e-01	7.329557131289551331e-01	-5.423380958584866463e+00	4.783164381116727371e-01	5.553714634733557531e-01	7.329557131289546890e-01	-5.423380958584870015e+00
4.383561643835616455e+11	1.675704183873466313e+00	9.831674280768783539e-03	1.806524107292022840e+00	2.807887850031876464e+00	3.294995545353080618e-02	1.173478330096294417e-02	6.596325802369787539e+01	2.859745291601662842e+01	5.641932155008120287e-01	4.163671453906602760e-01	7.011958244156285547e-01	-5.647417083892289469e+00	5.641932155008112515e-01	4.163671453906619413e-01	7.011958244156288877e-01	-5.647417083892286804e+00
4.446183953033267822e+11	1.677296988327426908e+00	1.047930860792239093e-02	1.953031366059432283e+00	2.813215371143356514e+00	3.515382553564381368e-02	1.249595956862573076e-02	6.645857309989261807e+01	2.864852232404116350e+01	6.333228188402957315e-01	2.509423614293785354e-01	6.812267329043766306e-01	-5.905931974168638909e+00	6.333228188402953984e-01	2.509423614293793681e-01	6.812267329043766306e-01	-5.905931974168637133e+00
4.508806262230919800e+11	1.675831443517012964e+00	1.010820810945663520e-02	1.910402643397954181e+00	2.808308851209131429e+00	3.387930597488218037e-02	1.206395299444905193e-02	6.651236152436325710e+01	2.865404524675743048e+01	6.993366121761002141e-01	1.249801418945843262e-01	7.104165911617883467e-01	-6.106339815079272704e+00	6.993366121760997700e-01	1.249801418945859360e-01	7.104165911617882356e-01	-6.106339815079270039e+00
4.571428571428571167e+11	1.676816407886432936e+00	1.092320832398790097e-02	2.093106449332225338e+00	2.811593949277070958e+00	3.663242988884914814e-02	1.302906129040014294e-02	6.436131843871386593e+01	2.842961946471673684e+01	7.056675676023795862e-01	-1.019702502996946009e-01	7.129969480383779867e-01	-6.426693776376849243e+00	7.056675676023792532e-01	-1.019702502996945176e-01	7.129969480383776537e-01	-6.426693776376849243e+00
4.634050880626223145e+11	1.675797887611191195e+00	9.997640897579537084e-03	1.941992249960069916e+00	2.808198607298613592e+00	3.350805099451808350e-02	1.193222263818143059e-02	6.355660113490932162e+01	2.834372710742842827e+01	6.548834964528713609e-01	-2.855657929435841402e-01	7.144369923414072288e-01	-6.694382984199765296e+00	6.548834964528733593e-01	-2.855657929435805320e-01	7.144369923414076728e-01	-6.694382984199759079e+00
4.696673189823874512e+11	1.676894170660067962e+00	1.140675662503782932e-02	2.245647977067700918e+00	2.811843945497014552e+00	3.825584738132809665e-02	1.360525268217404118e-02	6.460365919036999571e+01	2.845527564595782977e+01	5.064815165846384692e-01	-4.168370178359587785e-01	6.559547439269348690e-01	-6.971797362651751762e+00	5.064815165846417999e-01	-4.168370178359543377e-01	6.559547439269347580e-01	-6.971797362651743768e+00
4.759295499021526489e+11	1.676105589709554256e+00	1.017704528041905865e-02	2.030268789197499757e+00	2.809226375604973125e+00	3.411560496247524610e-02	1.214412809830192966e-02	6.260964874973024052e+01	2.824124927201416924e+01	4.262242143316865017e-01	-5.237698029566676405e-01	6.752791181222249639e-01	-7.170905089674100452e+00	4.262242143316848364e-01	-5.237698029566686397e-01	6.752791181222246308e-01	-7.170905089674103117e+00
4.821917808219177856e+11	1.676195883052316926e+00	1.205081648159178620e-02	2.435709203878326790e+00	2.809487416183663822e+00	4.039905794772631620e-02	1.437951197610394354e-02	6.507870381712274366e+01	2.850528972516229231e+01	2.764971966738137277e-01	-6.005477491839220638e-01	6.611416631996145377e-01	-7.422505914069521538e+00	2.764971966738128395e-01	-6.005477491839222859e-01	6.611416631996144266e-01	-7.422505914069523314e+00
4.884540117416829834e+11	1.675716245105875801e+00	1.040556620057172046e-02	2.130485381160628577e+00	2.807916658303780899e+00	3.487355264364531277e-02	1.241972497314499692e-02	6.722430283260740680e+01	2.872672854861939840e+01	1.098166331659065076e-01	-7.003640925758258806e-01	7.089214026177058647e-01	-7.698448681092253665e+00	1.098166331659037598e-01	-7.003640925758264357e-01	7.089214026177058647e-01	-7.698448681092258106e+00
4.947162426614481201e+11	1.676274330330068230e+00	1.186761280717542853e-02	2.460983484274126276e+00	2.809754790289777926e+00	3.978674942192906433e-02	1.416022122621801542e-02	6.269145036959719164e+01	2.825016268286610099e+01	-9.878688501016416601e-02	-6.494573285838156629e-01	6.569274467559089725e-01	-8.004931395731992083e+00	-9.878688501016316681e-02	-6.494573285838155519e-01	6.569274467559087505e-01	-8.004931395731990307e+00
5.009784735812133179e+11	1.675953862806041528e+00	1.064239287504906671e-02	2.234845545588791449e+00	2.808708089728385371e+00	3.567231889687595692e-02	1.270061457341607573e-02	6.543118855735777117e+01	2.854216495916882934e+01	-2.478593188118780877e-01	-6.072008634739226585e-01	6.558407813832298761e-01	-8.241536824122462690e+00	-2.478593188118773105e-01	-6.072008634739234356e-01	6.558407813832303201e-01	-8.241536824122460914e+00
5.072407045009784546e+11	1.675735811780438178e+00	1.222640519253502533e-02	2.599573150296969892e+00	2.807941025899511889e+00	4.097645006093848796e-02	1.459305935665506336e-02	6.728431227742275667e+01	2.873281979795025265e+01	-3.555450243270967259e-01	-5.146920089148159239e-01	6.255558555113401864e-01	-8.458500833864627921e+00	-3.555450243270946165e-01	-5.146920089148172561e-01	6.255558555113401864e-01	-8.458500833864624369e+00
5.135029354207436523e+11	1.675896966270072008e+00	1.107055400884917988e-02	2.382876019469139184e+00	2.808508084387168147e+00	3.710621575671865097e-02	1.321207368531233245e-02	6.875810409483261765e+01	2.888073596165249057e+01	-5.073183214344029190e-01	-4.363441020508560531e-01	6.691547314766503884e-01	-8.714449909224065038e+00	-5.073183214344012537e-01	-4.363441020508581625e-01	6.691547314766504995e-01	-8.714449909224061486e+00
5.197651663405087891e+11	1.675413739884653364e+00	1.212637848466330270e-02	2.641967378103903918e+00	2.806864150739127428e+00	4.063340225649308274e-02	1.447644063778189862e-02	6.595539933230362806e+01	2.859663955968290949e+01	-5.939346331611471408e-01	-2.744504872637473225e-01	6.542793122417784879e-01	-8.991916662379857428e+00	-5.939346331611471408e-01	-2.744504872637473780e-01	6.542793122417784879e-01	-8.991916662379857428e+00
5.260273972602739868e+11	1.675697923863787908e+00	1.112107811448895776e-02	2.452135228141148371e+00	2.807839853662980723e+00	3.727113501515231381e-02	1.327395327284427475e-02	6.630035269757138394e+01	2.863225051643314600e+01	-6.491070191591946648e-01	-8.988425000416618016e-02	6.553007711887316455e-01	-9.287179292510042927e+00	-6.491070191591945537e-01	-8.988425000416769284e-02	6.553007711887318676e-01	-9.287179292510039375e+00
5.322896281800391235e+11	1.675327453615531148e+00	1.215071636619133658e-02	2.711059494054900654e+00	2.806574436929688332e+00	4.071285741875178138e-02	1.450624536553909300e-02	6.402026784674146143e+01	2.839334893218324751e+01	-6.104642697735936929e-01	5.535816754390084776e-02	6.129691275945514661e-01	-9.515212689619181319e+00	-6.104642697735929158e-01	5.535816754390447680e-02	6.129691275945511331e-01	-9.515212689619186648e+00
5.385518590998043213e+11	1.675856017398739572e+00	1.143150135600694978e-02	2.580595661020695264e+00	2.808362711828312097e+00	3.831510067073219672e-02	1.364321656506688879e-02	6.498803478091016927e+01	2.849577207671154611e+01	-5.946786381183579717e-01	2.060112992531424048e-01	6.293515218494929453e-01	-9.758264009326769184e+00	-5.946786381183581938e-01	2.060112992531425713e-01	6.293515218494931673e-01	-9.758264009326769184e+00
5.448140900195694580e+11	1.674943824559686822e+00	1.236392722695956424e-02	2.823539918584056174e+00	2.805283948734157207e+00	4.141776711220258866e-02	1.476419780282553669e-02	5.760658870062367498e+01	2.767271016366002456e+01	-5.313113026950366802e-01	3.345491903726120486e-01	6.278653208694259247e-01	-9.986726278937121393e+00	-5.313113026950342377e-01	3.345491903726151017e-01	6.278653208694254806e-01	-9.986726278937128498e+00
5.510763209393345947e+11	1.675189123833198845e+00	1.150352019695658444e-02	2.657245441871985747e+00	2.806126269632118753e+00	3.854114383947441352e-02	1.373464346796023951e-02	5.883581485031590574e+01	2.781684654111105814e+01	-4.243032601071788923e-01	4.951081134116327442e-01	6.520470078940678871e-01	-1.028703548995030914e+01	-4.243032601071796694e-01	4.951081134116324667e-01	6.520470078940679981e-01	-1.028703548995030737e+01
5.573385518590998535e+11	1.675483311514018414e+00	1.144220733794340875e-02	2.673117561178834034e+00	2.807113403053216771e+00	3.834245488321484652e-02	1.365903309838172389e-02	3.668649858450253731e+01	2.459233915686260374e+01	-2.567655985149200903e-01	5.770723569469285996e-01	6.316178256928857149e-01	-1.057693184539226472e+01	-2.567655985149196463e-01	5.770723569469287106e-01	6.316178256928856038e-01	-1.057693184539226650e+01
5.636007827788649902e+11	1.675865374791014606e+00	1.244970524899492205e-02	2.941167905288085471e+00	2.808369759262641097e+00	4.172805990628907641e-02	1.485846362241313202e-02	4.937357530519732762e+01	2.661989533554085696e+01	-9.968180371867210732e-02	5.841771122065232413e-01	5.926207559802143532e-01	-1.082656579675700570e+01	-9.968180371867224610e-02	5.841771122065234634e-01	5.926207559802145752e-01	-1.082656579675700570e+01
5.698630136986301270e+11	1.674984457361390566e+00	1.237751986000204356e-02	2.956604703342585516e+00	2.805419729404347251e+00	4.146430677237071538e-02	1.478007242116833111e-02	5.244146823883561837e+01	2.703142067075668109e+01	1.928449661460522949e-02	5.978111183349135160e-01	5.981220820321873077e-01	-1.102782161614940648e+01	1.928449661460756095e-02	5.978111183349129609e-01	5.981220820321869747e-01	-1.102782161614941181e+01
5.761252446183952637e+11	1.675505242092633296e+00	1.263023987456243433e-02	3.050125192990650547e+00	2.807158293320604958e+00	4.232406623743352470e-02	1.507719259656288384e-02	5.616397381259265842e+01	2.749957685759980919e+01	1.877272936129302794e-01	5.795814119232318706e-01	6.092258610845097122e-01	-1.130881231804747244e+01	1.877272936129298075e-01	5.795814119232316486e-01	6.092258610845093791e-01	-1.130881231804747244e+01
5.823874755381605225e+11	1.674673296019183910e+00	1.243190775982781077e-02	3.034862134152237712e+00	2.804376096069208124e+00	4.163876788791461697e-02	1.484778305815620189e-02	5.353421534119146230e+01	2.717220868055896688e+01	3.331290780150247821e-01	5.162236122300205565e-01	6.143791992271150360e-01	-1.156865201732924930e+01	3.331290780150270581e-01	5.162236122300190022e-01	6.143791992271150360e-01	-1.156865201732925463e+01
5.886497064579256592e+11	1.675265550471588538e+00	1.262809490824230545e-02	3.115903005452854480e+00	2.806355195815863013e+00	4.231082473572801705e-02	1.507678885367446167e-02	5.588840888931991913e+01	2.746599996085036466e+01	4.500799625435214502e-01	3.813022036479326027e-01	5.898841777755589044e-01	-1.186351150866694582e+01	4.500799625435217277e-01	3.813022036479313259e-01	5.898841777755582383e-01	-1.186351150866694759e+01
5.949119373776907959e+11	1.674877007183810163e+00	1.252289269301599256e-02	3.122816775957796054e+00	2.805056166351596048e+00	4.194861006992525732e-02	1.495464175481585160e-02	5.239110424316377390e+01	2.702486132070329106e+01	5.126800902112396141e-01	2.662420814655630519e-01	5.776899867940592515e-01	-1.208739125691830019e+01	5.126800902112387259e-01	2.662420814655651613e-01	5.776899867940593625e-01	-1.208739125691829663e+01
6.011741682974559326e+11	1.675147334740955563e+00	1.322899953513688789e-02	3.333622920801321055e+00	2.805943586661026501e+00	4.432104662514779747e-02	1.579541614301956456e-02	5.668071869638385607e+01	2.756209915442501313e+01	5.532131470613641522e-01	1.322201239332483069e-01	5.687942925649501769e-01	-1.233176765430403421e+01	5.532131470613631530e-01	1.322201239332528588e-01	5.687942925649501769e-01	-1.233176765430402533e+01
6.074363992172210693e+11	1.674446131976081276e+00	1.284357086445999004e-02	3.270210885454560845e+00	2.803604891577109903e+00	4.301173510951145085e-02	1.534158227456797197e-02	5.428122860198922695e+01	2.726680867826056698e+01	5.900786255322487683e-01	-2.527970667801216712e-03	5.900840405787340925e-01	-1.257065471327869588e+01	5.900786255322485463e-01	-2.527970667798154925e-03	5.900840405787338705e-01	-1.257065471327869055e+01
6.136986301369863281e+11	1.674788122556010173e+00	1.333957380167302524e-02	3.431517903436350991e+00	2.804737311225474983e+00	4.468191952600261002e-02	1.593087500464695008e-02	5.804663020088220549e+01	2.772465888327952399e+01	5.502302957950583329e-01	-1.736941993110634463e-01	5.769948468444313638e-01	-1.287214580345862913e+01	5.502302957950582218e-01	-1.736941993110632243e-01	5.769948468444311418e-01	-1.287214580345862913e+01
6.199608610567514648e+11	1.674209035650304767e+00	1.290166392810775629e-02	3.352734464179354834e+00	2.802809442121009909e+00	4.320016464672321588e-02	1.541316508982206769e-02	5.706710034931915487e+01	2.760847714503086081e+01	4.842068119347364696e-01	-2.988361876479389001e-01	5.689985094637378671e-01	-1.311931695549502130e+01	4.842068119347351929e-01	-2.988361876479395662e-01	5.689985094637372010e-01	-1.311931695549502308e+01
6.262230919765166016e+11	1.674738548917484637e+00	1.336484111847150574e-02	3.508181382678500437e+00	2.804570588252119911e+00	4.476522924252340080e-02	1.596152702664625778e-02	5.874332373280704900e+01	2.780610648173120936e+01	3.775661989565625154e-01	-3.961941724341438986e-01	5.472897375844741896e-01	-1.337583873090567010e+01	3.775661989565632926e-01	-3.961941724341433435e-01	5.472897375844744117e-01	-1.337583873090567010e+01
6.324853228962817383e+11	1.674137837491006753e+00	1.328649844350475104e-02	3.522493124159133515e+00	2.802560967878175102e+00	4.448685954407334553e-02	1.587364558843279774e-02	5.622134686928018965e+01	2.750654689771176820e+01	2.879599654727773017e-01	-4.738969936075757006e-01	5.545261961939955686e-01	-1.359114687986914127e+01	2.879599654727759139e-01	-4.738969936075758116e-01	5.545261961939950135e-01	-1.359114687986914305e+01
6.387475538160469971e+11	1.674230495658532991e+00	1.360092679790184285e-02	3.641555339995684371e+00	2.802862767383255349e+00	4.554217282853325471e-02	1.624844903521669576e-02	5.776491285377387896e+01	2.769144654606366274e+01	1.513568653329712410e-01	-5.379396968344682950e-01	5.588273598471918957e-01	-1.386289384892019783e+01	1.513568653329738500e-01	-5.379396968344671848e-01	5.588273598471915626e-01	-1.386289384892019250e+01
6.450097847358121338e+11	1.673836272553636206e+00	1.315562528183150844e-02	3.556861533973029399e+00	2.801554796839694994e+00	4.404072556970646535e-02	1.572010143060088502e-02	5.332659278759416566e+01	2.714568135540035598e+01	2.499239641720601025e-03	-5.654811697546803240e-01	5.654866926337951405e-01	-1.413274730085013076e+01	2.499239641718823800e-03	-5.654811697546801019e-01	5.654866926337949185e-01	-1.413274730085013253e+01
6.512720156555772705e+11	1.674206038150293674e+00	1.351837893182277796e-02	3.690423392774255795e+00	2.802783111609957967e+00	4.526510326732282458e-02	1.615005566425077935e-02	5.580429981010143337e+01	2.745571849641386919e+01	-1.466018059441432930e-01	-5.198797615768896430e-01	5.401546593368679039e-01	-1.441202164057737356e+01	-1.466018059441461241e-01	-5.198797615768888658e-01	5.401546593368679039e-01	-1.441202164057737889e+01
6.575342465753424072e+11	1.673920986481768347e+00	1.325482499302603305e-02	3.653268030045941028e+00	2.801835778598500859e+00	4.437505945593867018e-02	1.583785166671524552e-02	5.057063175253982479e+01	2.678343180290555026e+01	-2.576407537392721991e-01	-4.704573268925907326e-01	5.363849871260961688e-01	-1.463819563414261715e+01	-2.576407537392747527e-01	-4.704573268925895113e-01	5.363849871260961688e-01	-1.463819563414262248e+01
6.637964774951076660e+11	1.674227007245640664e+00	1.390149306035322677e-02	3.867991862848549456e+00	2.802842820281387315e+00	4.654851024536245385e-02	1.660760635899279081e-02	5.122442429735579594e+01	2.687112301844685547e+01	-3.625554058035495575e-01	-3.854350521873963209e-01	5.291565002266129802e-01	-1.489198648623360910e+01	-3.625554058035505012e-01	-3.854350521873955437e-01	5.291565002266129802e-01	-1.489198648623361088e+01
6.700587084148728027e+11	1.673620937059540514e+00	1.354417979798038137e-02	3.804124547311069193e+00	2.800823596157654638e+00	4.533564577039764926e-02	1.618654092767281977e-02	4.846199589152066523e+01	2.649267775479313869e+01	-4.591011349909731032e-01	-2.951894204030637847e-01	5.458119145528946836e-01	-1.513654414336961729e+01	-4.591011349909712713e-01	-2.951894204030662827e-01	5.458119145528945726e-01	-1.513654414336961196e+01
6.763209393346379395e+11	1.673962194379091661e+00	1.386536218437597369e-02	3.930729999106505002e+00	2.801957179941960252e+00	4.642018421603776035e-02	1.656705696587387061e-02	4.918257934995011027e+01	2.659343606884466027e+01	-5.132520422627524503e-01	-1.440803978198788304e-01	5.330917556320120543e-01	-1.543428652011930602e+01	-5.132520422627524503e-01	-1.440803978198788582e-01	5.330917556320120543e-01	-1.543428652011930602e+01
6.825831702544030762e+11	1.673719179489851827e+00	1.354035075973083167e-02	3.874134123389127993e+00	2.801152550693486010e+00	4.532548952716295571e-02	1.618101431710373961e-02	4.476393120885856547e+01	2.595079843126026731e+01	-5.248740518182232195e-01	-1.168419753424704104e-02	5.250040864070472102e-01	-1.568570598921263581e+01	-5.248740518182234416e-01	-1.168419753424582500e-02	5.250040864070473212e-01	-1.568570598921263759e+01
6.888454011741683350e+11	1.674005853158479384e+00	1.423455095065855394e-02	4.110121834786172101e+00	2.802092973968081768e+00	4.765744321697003294e-02	1.700780226056585256e-02	4.787827508143430322e+01	2.640995224202275082e+01	-4.903450719420407999e-01	1.130821536530642324e-01	5.032155234615287576e-01	-1.593461805033676271e+01	-4.903450719420409665e-01	1.130821536530651900e-01	5.032155234615292017e-01	-1.593461805033676448e+01
6.951076320939334717e+11	1.673653111077866074e+00	1.384304453385688631e-02	4.033414303835018089e+00	2.800923106338653934e+00	4.633690910175804895e-02	1.654344205197739656e-02	4.375004290744909952e+01	2.579439938249538500e+01	-4.646011613036797328e-01	2.281834833269817675e-01	5.176117668175278519e-01	-1.616449652002144077e+01	-4.646011613036796217e-01	2.281834833269821283e-01	5.176117668175279629e-01	-1.616449652002144077e+01
7.013698630136986084e+11	1.673703604481072693e+00	1.461163770291263979e-02	4.295712002414250108e+00	2.801070255696573863e+00	4.891110138147285180e-02	1.746157608221417940e-02	4.671301356483417777e+01	2.624175027418548112e+01	-3.775650603663170957e-01	3.386164005714383252e-01	5.071651028465754552e-01	-1.643903116481974536e+01	-3.775650603663158744e-01	3.386164005714394354e-01	5.071651028465752331e-01	-1.643903116481974891e+01
7.076320939334637451e+11	1.673410759483380472e+00	1.385230069883499303e-02	4.108833975398344940e+00	2.800111683720093225e+00	4.636117806605925817e-02	1.655690318911352821e-02	4.382010879023932404e+01	2.580532352681859365e+01	-2.806031541832302856e-01	4.356255839030191424e-01	5.181773629640955559e-01	-1.670651606988866433e+01	-2.806031541832343379e-01	4.356255839030160892e-01	5.181773629640952228e-01	-1.670651606988865367e+01
7.138943248532290039e+11	1.673702770780573168e+00	1.470419330353948083e-02	4.400117702916491957e+00	2.801064751617860171e+00	4.922089814845435896e-02	1.757221003906638684e-02	4.619745427864251752e+01	2.616598760539049451e+01	-1.447722963224002957e-01	4.636327713306044318e-01	4.857101650512962165e-01	-1.697609667657910393e+01	-1.447722963223989356e-01	4.636327713306049314e-01	4.857101650512962721e-01	-1.697609667657910748e+01
7.201565557729941406e+11	1.673526078809344009e+00	1.415161797273503663e-02	4.271910799884333088e+00	2.800489268163732781e+00	4.736620346943820614e-02	1.691354578926702878e-02	4.359474263783370418e+01	2.577012363984960075e+01	-3.498479610885970453e-02	4.908986911374842999e-01	4.921437400996518385e-01	-1.720761304706423545e+01	-3.498479610886003760e-02	4.908986911374841888e-01	4.921437400996517275e-01	-1.720761304706423545e+01
7.264187866927592773e+11	1.673390128498551954e+00	1.515754773435496264e-02	4.615355656302427612e+00	2.800004770903080864e+00	5.072898150183037524e-02	1.811746252327593038e-02	4.662290445010823703e+01	2.622856901514924033e+01	8.153288445250848893e-02	4.693660985776177408e-01	4.763949472245901373e-01	-1.745075187115697091e+01	8.153288445250739258e-02	4.693660985776176298e-01	4.763949472245898598e-01	-1.745075187115696735e+01
7.326810176125244141e+11	1.673118367872260537e+00	1.442144956919386677e-02	4.429074817758304583e+00	2.799117094703860165e+00	4.825758433112351670e-02	1.724028781162120424e-02	4.515008939882476824e+01	2.600943618733283103e+01	2.077825402845825675e-01	4.517421312318063431e-01	4.972369024690029837e-01	-1.770986391316899144e+01	2.077825402845839553e-01	4.517421312318061211e-01	4.972369024690033168e-01	-1.770986391316899500e+01
7.389432485322896729e+11	1.673053877197266726e+00	1.507270190426485829e-02	4.668650427745423492e+00	2.798882089662111827e+00	5.043488472153789121e-02	1.801965324220804188e-02	4.544096983620890740e+01	2.605327588088583113e+01	3.082151611549271419e-01	3.624331128591822826e-01	4.757671141036909912e-01	-1.798348910334039275e+01	3.082151611549275305e-01	3.624331128591815609e-01	4.757671141036906581e-01	-1.798348910334039630e+01
7.452054794520548096e+11	1.673043851365018986e+00	1.435988984809295939e-02	4.485556270608675788e+00	2.798869522153846656e+00	4.804945083326176564e-02	1.716744937659177295e-02	4.276334935156615558e+01	2.563867571540939849e+01	3.929187495845916089e-01	2.744435874787997109e-01	4.792748965712189113e-01	-1.823985475549842761e+01	3.929187495845904987e-01	2.744435874788005436e-01	4.792748965712185227e-01	-1.823985475549842761e+01
7.514677103718199463e+11	1.673077215194986422e+00	1.500293934730443507e-02	4.725805450624402049e+00	2.798962279815552012e+00	5.020215196585478545e-02	1.793598732211676774e-02	3.650847563760552816e+01	2.455913194444152836e+01	4.307370057787769935e-01	1.663974996329476985e-01	4.617602148641251625e-01	-1.848090772585133834e+01	4.307370057787777151e-01	1.663974996329468103e-01	4.617602148641254400e-01	-1.848090772585133834e+01
7.577299412915850830e+11	1.673658888158566338e+00	1.492000695124769301e-02	4.738846431745868948e+00	2.800911467304743496e+00	4.994200449068658676e-02	1.783062587791990963e-02	3.360194807228815250e+01	2.399279136860694805e+01	4.671142034951860644e-01	4.244060840949703123e-02	4.690382546755759163e-01	-1.875894767043994804e+01	4.671142034951865085e-01	4.244060840949402669e-02	4.690382546755760274e-01	-1.875894767043995515e+01
7.639921722113503418e+11	1.672494811795727676e+00	1.550135788730697822e-02	4.964183344238791484e+00	2.796998603387276017e+00	5.185188128461940688e-02	1.853840084933354102e-02	4.232959954917552636e+01	2.556907938884452847e+01	4.550268900697297392e-01	-5.807564115715067171e-02	4.587180515113222223e-01	-1.897650082001382899e+01	4.550268900697294616e-01	-5.807564115715143499e-02	4.587180515113220558e-01	-1.897650082001382899e+01
7.702544031311154785e+11	1.673176143069730726e+00	1.471625996040118109e-02	4.751391338845809997e+00	2.799301837430477669e+00	4.924579016191111408e-02	1.759216869843324357e-02	3.854701624200397703e+01	2.493005220551739143e+01	4.252655304435796757e-01	-1.973187907655881423e-01	4.688128374657131170e-01	-1.928398252052062389e+01	4.252655304435788985e-01	-1.973187907655890583e-01	4.688128374657128394e-01	-1.928398252052062745e+01
7.765166340508806152e+11	1.672634948537932598e+00	1.544795430762651092e-02	5.028180976891781562e+00	2.797469031778201831e+00	5.167757651670640967e-02	1.847297536797314760e-02	3.992083174846157334e+01	2.516911824834292588e+01	3.494620590602902088e-01	-2.721516576732506687e-01	4.429336919866854738e-01	-1.951121896539537204e+01	3.494620590602885435e-01	-2.721516576732528336e-01	4.429336919866854738e-01	-1.951121896539537559e+01
7.827788649706457520e+11	1.673229161886036209e+00	1.507764076480619733e-02	4.947224788993317190e+00	2.799468492934814812e+00	5.045669644023081241e-02	1.802367005293018312e-02	3.631541479065592171e+01	2.452293614372045027e+01	2.673822790315888431e-01	-3.593682322925320083e-01	4.479272368601686649e-01	-1.978068015505920130e+01	2.673822790315927289e-01	-3.593682322925289552e-01	4.479272368601685539e-01	-1.978068015505919064e+01
7.890410958904110107e+11	1.672515262593914365e+00	1.558836693636213647e-02	5.155720963425788561e+00	2.797064306425847580e+00	5.214356323996002102e-02	1.864224684436742788e-02	3.655993590795400650e+01	2.456874760910466904e+01	1.798809446763770803e-01	-4.030132649325237071e-01	4.413352988026658652e-01	-2.000054613797207992e+01	1.798809446763769415e-01	-4.030132649325236516e-01	4.413352988026658097e-01	-2.000054613797207992e+01
7.953033268101761475e+11	1.673049941046701461e+00	1.531335075189079603e-02	5.104958199895792248e+00	2.798861606525120838e+00	5.124000114535671307e-02	1.830744364991053127e-02	3.350012720341232608e+01	2.397207383650611234e+01	5.414640225153645459e-02	-4.457642129765898020e-01	4.490407180283583766e-01	-2.029947571771069548e+01	5.414640225153623254e-02	-4.457642129765896910e-01	4.490407180283582655e-01	-2.029947571771069548e+01
8.015655577299412842e+11	1.672432493612469040e+00	1.556020530712294743e-02	5.228095737844740576e+00	2.796788325701621503e+00	5.204678592582721169e-02	1.860948340191973666e-02	3.268924477080584268e+01	2.380479992975507031e+01	-5.202512417577528220e-02	-4.333369827630174642e-01	4.364487990310668142e-01	-2.053983733305875603e+01	-5.202512417577848103e-02	-4.333369827630173532e-01	4.364487990310670917e-01	-2.053983733305876314e+01
8.078277886497064209e+11	1.673080656954404333e+00	1.549535756758191156e-02	5.246981729637880676e+00	2.798958778568834127e+00	5.184996603782669050e-02	1.852473370984715137e-02	3.208125675739888294e+01	2.367663554603103648e+01	-1.682652541836198168e-01	-3.941681330660996019e-01	4.285810458831475489e-01	-2.082382012050927855e+01	-1.682652541836174576e-01	-3.941681330661008231e-01	4.285810458831477154e-01	-2.082382012050927500e+01
8.140900195694715576e+11	1.672615866303889254e+00	1.573573393213923213e-02	5.369682350460645459e+00	2.797396222889127149e+00	5.263967648566513641e-02	1.881738312754970693e-02	2.985164436986297432e+01	2.318489897319820869e+01	-2.465442207032804145e-01	-3.424080887768223280e-01	4.219328762042418579e-01	-2.104439529820496091e+01	-2.465442207032783606e-01	-3.424080887768236603e-01	4.219328762042417469e-01	-2.104439529820495380e+01
8.203522504892368164e+11	1.672979492451684980e+00	1.611470324178260888e-02	5.541302349409880534e+00	2.798600698503326711e+00	5.391913610089398012e-02	1.926646274680399520e-02	3.004377766994418053e+01	2.322869627366675260e+01	-3.269393917180061226e-01	-2.600905191045600473e-01	4.177755904609786741e-01	-2.131913839626226448e+01	-3.269393917180052345e-01	-2.600905191045615461e-01	4.177755904609788962e-01	-2.131913839626226093e+01
8.266144814090019531e+11	1.672306828248138366e+00	1.595868674074386526e-02	5.529544027486950952e+00	2.796355448122858967e+00	5.337564161283799014e-02	1.908757402377729215e-02	2.958525451093412784e+01	2.312370603675120861e+01	-3.820368578472956300e-01	-1.773842524855913927e-01	4.212093704842128083e-01	-2.155645683287064429e+01	-3.820368578472960186e-01	-1.773842524855903102e-01	4.212093704842126418e-01	-2.155645683287064784e+01
8.328767123287670898e+11	1.672857698853237096e+00	1.621999750846386812e-02	5.662662309255635407e+00	2.798189792293372946e+00	5.426749541482821237e-02	1.939378649878892996e-02	2.911240638166310646e+01	2.301371757832981402e+01	-4.044826593727166020e-01	-5.620190162717230570e-02	4.083685534902699033e-01	-2.185308493527932683e+01	-4.044826593727169906e-01	-5.620190162716918320e-02	4.083685534902698477e-01	-2.185308493527933393e+01
8.391389432485322266e+11	1.672276546648048257e+00	1.615904677254903499e-02	5.683799842637641930e+00	2.796247733676524572e+00	5.404478986784518046e-02	1.932761150486003027e-02	2.914946994292515470e+01	2.302240317339674291e+01	-4.010499831719834263e-01	3.364592133195141305e-02	4.024588637668750635e-01	-2.207484716062391783e+01	-4.010499831719834818e-01	3.364592133195252327e-02	4.024588637668751745e-01	-2.207484716062391783e+01
8.454011741682974854e+11	1.672749843923496238e+00	1.647779941855508773e-02	5.839171349483327944e+00	2.797820522472402871e+00	5.512647281118140258e-02	1.970336280272429880e-02	2.909605004373063863e+01	2.300988106383218579e+01	-3.704867972795274911e-01	1.365434733684326996e-01	3.948475491603785636e-01	-2.234425383561314504e+01	-3.704867972795286568e-01	1.365434733684299518e-01	3.948475491603787302e-01	-2.234425383561313794e+01
8.516634050880626221e+11	1.672034528061888237e+00	1.649874779538953659e-02	5.889902850523514921e+00	2.795427254352325530e+00	5.517295196735252233e-02	1.973685842886853392e-02	2.935606163650457745e+01	2.307061510941496607e+01	-3.333953032617061885e-01	2.154577035552290021e-01	3.969564840864272526e-01	-2.256488516516552778e+01	-3.333953032617049672e-01	2.154577035552306119e-01	3.969564840864271416e-01	-2.256488516516553489e+01
8.579256360078277588e+11	1.672403350867198046e+00	1.653922996009440233e-02	5.947768987168790211e+00	2.796659421864159611e+00	5.532052721205006629e-02	1.978093105637269630e-02	2.902806060393925236e+01	2.299391042897864423e+01	-2.566766290604060585e-01	3.007699226360284195e-01	3.954054100139448025e-01	-2.285548108484648466e+01	-2.566766290604048928e-01	3.007699226360291966e-01	3.954054100139446359e-01	-2.285548108484648822e+01
8.641878669275928955e+11	1.671816290177560838e+00	1.642161116150489195e-02	5.948577035430745674e+00	2.794700038789922569e+00	5.490783410153107086e-02	1.964712968813125959e-02	2.920952396210056534e+01	2.303645301007103541e+01	-1.778053248936516118e-01	3.487298218124109672e-01	3.914424889838261645e-01	-2.309043603207242867e+01	-1.778053248936526942e-01	3.487298218124100235e-01	3.914424889838258870e-01	-2.309043603207242512e+01
8.704500978473581543e+11	1.672533624812352571e+00	1.658744732707190597e-02	6.052190594904152121e+00	2.797093582719119009e+00	5.548612680866308461e-02	1.983706485598659905e-02	2.767244559200920406e+01	2.266742106110777399e+01	-6.947069841002181945e-02	3.750668510535474787e-01	3.814463536289214307e-01	-2.337879832027915228e+01	-6.947069841002312396e-02	3.750668510535473676e-01	3.814463536289214862e-01	-2.337879832027914873e+01
8.767123287671232910e+11	1.671683869014603196e+00	1.665738592419611225e-02	6.121433313833106737e+00	2.794249489417805599e+00	5.569176669885909925e-02	1.993084973613531291e-02	2.805330706981263589e+01	2.276073675885726999e+01	7.134028685630720325e-03	3.791286891763877009e-01	3.791958034075448292e-01	-2.358075958694244179e+01	7.134028685630142662e-03	3.791286891763875899e-01	3.791958034075447181e-01	-2.358075958694244179e+01
8.829745596868884277e+11	1.672412692433220993e+00	1.668706377324506718e-02	6.176142071433987191e+00	2.796685755714363175e+00	5.581531450763529273e-02	1.995766395762911538e-02	2.601594561036433362e+01	2.224602957805022641e+01	1.188900581321088445e-01	3.619716058872805564e-01	3.809964427540931675e-01	-2.387929524398511916e+01	1.188900581321073735e-01	3.619716058872811115e-01	3.809964427540932230e-01	-2.387929524398511560e+01
8.892367906066535645e+11	1.671501710042034627e+00	1.668224832366366206e-02	6.218149584386933881e+00	2.793639669264313952e+00	5.576881320069935338e-02	1.996277967207764348e-02	2.633957583466056107e+01	2.233042695646492248e+01	1.943039825998751635e-01	3.261957615700143420e-01	3.796810668448115100e-01	-2.409917212737845915e+01	1.943039825998730263e-01	3.261957615700155633e-01	3.796810668448114545e-01	-2.409917212737845560e+01
8.954990215264188232e+11	1.672460359251684237e+00	1.670217833579611469e-02	6.269420407831964859e+00	2.796844690507112041e+00	5.586746235954253431e-02	1.997517507824608102e-02	2.453605773842715010e+01	2.184622166107038765e+01	2.809779303477643042e-01	2.446844408597672049e-01	3.725843165531393941e-01	-2.441627701551874452e+01	2.809779303477621948e-01	2.446844408597693143e-01	3.725843165531392276e-01	-2.441627701551873741e+01
9.017612524461839600e+11	1.671537561866615285e+00	1.671468828651123673e-02	6.317991149440309151e+00	2.793758439926473436e+00	5.587845861159092958e-02	2.000117755816481838e-02	2.436813709614399670e+01	2.179934069843234568e+01	3.192254485840806399e-01	1.813723384502561597e-01	3.671523010667668285e-01	-2.461605972395388520e+01	3.192254485840781419e-01	1.813723384502604619e-01	3.671523010667667730e-01	-2.461605972395387099e+01
9.080234833659490967e+11	1.672521677687640818e+00	1.705077795928694809e-02	6.489786959435616787e+00	2.797038033306063820e+00	5.703559151669210930e-02	2.039142508522730213e-02	2.242021549998745655e+01	2.123059036454840154e+01	3.518672418652174505e-01	7.654967326357604851e-02	3.600977761311442982e-01	-2.491852642496299453e+01	3.518672418652172840e-01	7.654967326357664525e-02	3.600977761311442427e-01	-2.491852642496299453e+01
9.142857142857142334e+11	1.671344035896503044e+00	1.675880439562435834e-02	6.422648094433146326e+00	2.793110028802040290e+00	5.601945555076574129e-02	2.005630103114569573e-02	2.218334215746927285e+01	2.115808208318372508e+01	3.673130598291241555e-01	7.332415364946738741e-03	3.673862384958339611e-01	-2.511278157460865401e+01	3.673130598291240445e-01	7.332415364948114377e-03	3.673862384958339611e-01	-2.511278157460865046e+01
9.205479452054794922e+11	1.672597726596431578e+00	1.707978899838941134e-02	6.590495611734360715e+00	2.797291435823321848e+00	5.713523249890574418e-02	2.042519837840537159e-02	1.991285917148934814e+01	2.042096946828667114e+01	3.403309170310444554e-01	-1.131950328077493129e-01	3.586617466911394825e-01	-2.545383420373449823e+01	3.403309170310451770e-01	-1.131950328077476614e-01	3.586617466911396490e-01	-2.545383420373449113e+01
9.268101761252446289e+11	1.671446920415388115e+00	1.676432936340939428e-02	6.512775970459400376e+00	2.793453765027079871e+00	5.604137337459979412e-02	2.006167922885114530e-02	1.985073651600885469e+01	2.039963894273072498e+01	3.123396344843470396e-01	-1.779806234232395590e-01	3.594901244595469225e-01	-2.565068174921677624e+01	3.123396344843475947e-01	-1.779806234232387818e-01	3.594901244595470335e-01	-2.565068174921677269e+01
9.330724070450097656e+11	1.672610001612893749e+00	1.749786823578617506e-02	6.843679292961687644e+00	2.797318042102687752e+00	5.853421883616103522e-02	2.092512111785545942e-02	1.932757194584329952e+01	2.021731013185952364e+01	2.288102244812258157e-01	-2.518114578403490289e-01	3.402398112020855181e-01	-2.596596015896849607e+01	2.288102244812257047e-01	-2.518114578403491399e-01	3.402398112020855736e-01	-2.596596015896849963e+01
9.393346379647749023e+11	1.671429274256251984e+00	1.695796956759362470e-02	6.677030343761886755e+00	2.793388246108925888e+00	5.668809353444523996e-02	2.029366795446691310e-02	1.899409716345102339e+01	2.009849646918753052e+01	1.845822248859067816e-01	-2.979617214707852013e-01	3.505021900155050885e-01	-2.614891535244711918e+01	1.845822248859052550e-01	-2.979617214707861450e-01	3.505021900155050885e-01	-2.614891535244712273e+01
9.455968688845401611e+11	1.672429923579055622e+00	1.784245355166526673e-02	7.072122283591294689e+00	2.796703496133902789e+00	5.968050645974878193e-02	2.133959017902673991e-02	1.826914287460536457e+01	1.983283923219000755e+01	7.755609201482209503e-02	-3.248832964505230514e-01	3.340121310988120595e-01	-2.646920335457337004e+01	7.755609201482174808e-02	-3.248832964505230514e-01	3.340121310988120040e-01	-2.646920335457337004e+01
9.518590998043052979e+11	1.671332467932611809e+00	1.710345013919068249e-02	6.824102683714231787e+00	2.793059690359051217e+00	5.717110306259187008e-02	2.046898720422350021e-02	1.851900636467336980e+01	1.992557310143179095e+01	1.070870839219993653e-02	-3.462750445849163694e-01	3.464405907767087456e-01	-2.667262196791286399e+01	1.070870839220025919e-02	-3.462750445849162584e-01	3.464405907767086346e-01	-2.667262196791286044e+01
9.581213307240704346e+11	1.672476089679644895e+00	1.803209717186320810e-02	7.241956455237599677e+00	2.796851114021699836e+00	6.031650273344232177e-02	2.156586113256164783e-02	1.761517732836178851e+01	1.958399070647432438e+01	-9.407437710187666058e-02	-3.084764662935244317e-01	3.225022770214902024e-01	-2.699954270818788160e+01	-9.407437710187803448e-02	-3.084764662935239876e-01	3.225022770214901469e-01	-2.699954270818788515e+01
9.643835616438355713e+11	1.671269184732604884e+00	1.743174445973187311e-02	7.046603105288615332e+00	2.792836822121876672e+00	5.826627470336637887e-02	2.086275654984317413e-02	1.786165353603216133e+01	1.967884871739277841e+01	-1.515126969945984614e-01	-2.936886754668573407e-01	3.304680551098003738e-01	-2.717982063261712966e+01	-1.515126969945961577e-01	-2.936886754668585064e-01	3.304680551098003738e-01	-2.717982063261712256e+01
9.706457925636008301e+11	1.672112430958287765e+00	1.815030669108880917e-02	7.384717825051166251e+00	2.795630548132254312e+00	6.069870688774996886e-02	2.171199156780657252e-02	1.752898561064335681e+01	1.955050572653480501e+01	-2.221755668379283288e-01	-2.255409732392857636e-01	3.165923453109360519e-01	-2.748141903655148610e+01	-2.221755668379270521e-01	-2.255409732392869571e-01	3.165923453109359964e-01	-2.748141903655148255e+01
9.769080234833659668e+11	1.671192525178391231e+00	1.757234511323747805e-02	7.195691931575024292e+00	2.792575668899349495e+00	5.873354360619501002e-02	2.103203299387906150e-02	1.697511716545112037e+01	1.933132112951254911e+01	-2.731668542025521562e-01	-1.814695940035401522e-01	3.279502154027774119e-01	-2.768795920499785979e+01	-2.731668542025528224e-01	-1.814695940035397359e-01	3.279502154027777450e-01	-2.768795920499786334e+01
9.831702544031311035e+11	1.671649954227884871e+00	1.824616200511817651e-02	7.519507871160464596e+00	2.794080647042172849e+00	6.100239176138074620e-02	2.183272405753862791e-02	1.734983879018422925e+01	1.948037829619187988e+01	-2.989638284292165937e-01	-8.987085756211682375e-02	3.121796626111386086e-01	-2.798231957009843995e+01	-2.989638284292170378e-01	-8.987085756211510290e-02	3.121796626111385531e-01	-2.798231957009844706e+01
9.894324853228962402e+11	1.671014952523922625e+00	1.716872286199602402e-02	7.120546329908123973e+00	2.791996206513815526e+00	5.737838523626934140e-02	2.055102550010768497e-02	1.385693397512497071e+01	1.794576752141449560e+01	-3.275453262358324347e-01	-2.304367503100101730e-02	3.283549172737820210e-01	-2.820409697911501823e+01	-3.275453262358324347e-01	-2.304367503100110404e-02	3.283549172737820210e-01	-2.820409697911501823e+01
9.956947162426614990e+11	1.671675550653359821e+00	1.871878563077091287e-02	7.812554038751775565e+00	2.794148753716723110e+00	6.258347255376232876e-02	2.239804608488184245e-02	1.536051363805108672e+01	1.864900957188590525e+01	-2.887473298405461852e-01	6.443628017918294482e-02	2.958497163990111978e-01	-2.849389440414584485e+01	-2.887473298405460742e-01	6.443628017918343054e-02	2.958497163990111978e-01	-2.849389440414584485e+01
1.001956947162426636e+12	1.670783432771412613e+00	1.732442215928724910e-02	7.276071866009617750e+00	2.791217143620272179e+00	5.789071505215015456e-02	2.074031222703962701e-02	1.499981014721827499e+01	1.848679075789327442e+01	-2.940192434883285300e-01	1.304048145965379379e-01	3.216406864987799152e-01	-2.869178996644696156e+01	-2.940192434883270312e-01	1.304048145965413796e-01	3.216406864987799707e-01	-2.869178996644697577e+01
1.008219178082191772e+12	1.671552586962610443e+00	1.860655907545579607e-02	7.863396619578828073e+00	2.793741846940767104e+00	6.220368391410154713e-02	2.226536570736357967e-02	1.501130783024869508e+01	1.849202152060554027e+01	-2.218370756953109701e-01	1.976908222217233224e-01	2.971419683312139237e-01	-2.900223969864430273e+01	-2.218370756953111644e-01	1.976908222217230171e-01	2.971419683312138682e-01	-2.900223969864430273e+01
1.014481409001956909e+12	1.670742510299322303e+00	1.707709903183615360e-02	7.261851284828742870e+00	2.791088908409938174e+00	5.706287061016012546e-02	2.044466245350400058e-02	1.369347137953314508e+01	1.786475869619489742e+01	-1.903366747419301674e-01	2.625079175064040649e-01	3.242506075636009677e-01	-2.921777598821950761e+01	-1.903366747419303617e-01	2.625079175064037318e-01	3.242506075636008567e-01	-2.921777598821950761e+01
1.020743639921722046e+12	1.671810231344300401e+00	1.874050350331234530e-02	8.018388576606799489e+00	2.794598243155925310e+00	6.266113099476257331e-02	2.242223230055411659e-02	1.330363436071980310e+01	1.766759230025896699e+01	-8.604099655396184321e-02	2.745205688810972711e-01	2.876883658175981018e-01	-2.954140489057628116e+01	-8.604099655396067747e-02	2.745205688810976596e-01	2.876883658175981018e-01	-2.954140489057628827e+01
1.027005870841487305e+12	1.670840747336846954e+00	1.714467741774640397e-02	7.380595523516868539e+00	2.791414862997394941e+00	5.729205125903313184e-02	2.052437708865441357e-02	1.210827531855410299e+01	1.702487715101686305e+01	-3.542982623995795388e-02	3.129440183203978099e-01	3.149432189933783488e-01	-2.973239565165332721e+01	-3.542982623995551833e-02	3.129440183203983095e-01	3.149432189933785708e-01	-2.973239565165333431e+01
1.033268101761252441e+12	1.671375808434335530e+00	1.886190755969466282e-02	8.169355504316005323e+00	2.793141321462738524e+00	6.305067199239675069e-02	2.257339129528103394e-02	1.237837958045371778e+01	1.717548806076284507e+01	4.925495595730945697e-02	2.782228485806048646e-01	2.825491181346398983e-01	-3.002034893320418618e+01	4.925495595731005372e-02	2.782228485806047535e-01	2.825491181346398983e-01	-3.002034893320418618e+01
1.039530332681017578e+12	1.671040787220183121e+00	1.675502493920845437e-02	7.300816045728950598e+00	2.792096581692736113e+00	5.599666012861739123e-02	2.005541659832872289e-02	1.024338493982063625e+01	1.588307420908370204e+01	1.305312972291912399e-01	2.954816931420812254e-01	3.230291790820862263e-01	-3.026110868786746266e+01	1.305312972291920726e-01	2.954816931420809478e-01	3.230291790820862818e-01	-3.026110868786746622e+01
1.045792563600782715e+12	1.671300093080952287e+00	1.904707575219894561e-02	8.349549032908797130e+00	2.792881210037689410e+00	6.366675895514009587e-02	2.279608553572564159e-02	1.111275051958141979e+01	1.643917905949583158e+01	1.770146039577833730e-01	2.115022046043513460e-01	2.758031047084709697e-01	-3.054199309560455688e+01	1.770146039577835950e-01	2.115022046043510962e-01	2.758031047084709142e-01	-3.054199309560456044e+01
1.052054794520547974e+12	1.671559761504985975e+00	1.660800951898944861e-02	7.323945536855709371e+00	2.793836210302422796e+00	5.552256086126908241e-02	1.987323403445292319e-02	9.499015600090627842e+00	1.536804568518532221e+01	2.627742212421612655e-01	1.791184549104216095e-01	3.180152704492679727e-01	-3.081762660005249543e+01	2.627742212421623202e-01	1.791184549104202495e-01	3.180152704492681393e-01	-3.081762660005249899e+01
1.058317025440313110e+12	1.671333460023483486e+00	1.944208097441717589e-02	8.624773357836676979e+00	2.792977540081453380e+00	6.498840093005879559e-02	2.326850108796918448e-02	1.023741050584350099e+01	1.587909142467166923e+01	2.459614392122198012e-01	9.328422685229104117e-02	2.630569834822413799e-01	-3.105342314337929110e+01	2.459614392122188575e-01	9.328422685229416367e-02	2.630569834822415465e-01	-3.105342314337928045e+01
1.064579256360078247e+12	1.671938279339656663e+00	1.703549419720224584e-02	7.601895540537393359e+00	2.795087401858709075e+00	5.696458971154205742e-02	2.038025346672919444e-02	8.981763664682608450e+00	1.498580921060490034e+01	3.066908811387165090e-01	2.105563166360430866e-02	3.074128107258962128e-01	-3.134737984946844236e+01	3.066908811387166200e-01	2.105563166360244209e-02	3.074128107258962128e-01	-3.134737984946844591e+01
1.070841487279843384e+12	1.671040882760582935e+00	1.969844065377613501e-02	8.841912199936846406e+00	2.791989603293078215e+00	6.583379931818605924e-02	2.357952882078673609e-02	9.687952567700104822e+00	1.550249588868548578e+01	2.547115152028155971e-01	-3.491478295834397200e-02	2.570933644533487938e-01	-3.155215333902304309e+01	2.547115152028158747e-01	-3.491478295834272300e-02	2.570933644533489049e-01	-3.155215333902303954e+01
1.077103718199608643e+12	1.671901903880452345e+00	1.747810069389751225e-02	7.891161345986076547e+00	2.794950492195215297e+00	5.844333965268300873e-02	2.091033090420873000e-02	9.067039094781915054e+00	1.505031750978310789e+01	2.642821426698613307e-01	-1.302510570260157763e-01	2.946360276520292309e-01	-3.187383659312090600e+01	2.642821426698606646e-01	-1.302510570260173306e-01	2.946360276520293420e-01	-3.187383659312090955e+01
1.083365949119373779e+12	1.670912982353881526e+00	1.985870703085488437e-02	9.018105491327041534e+00	2.791555826353805614e+00	6.636434278123545805e-02	2.377324578456212895e-02	9.624481253056242025e+00	1.545762353097622999e+01	1.983133460460178576e-01	-1.498595622087220691e-01	2.485680422044585225e-01	-3.206304695188580922e+01	1.983133460460160813e-01	-1.498595622087243451e-01	2.485680422044584392e-01	-3.206304695188581633e+01
1.089628180039138916e+12	1.671318283952069050e+00	1.769681539466992637e-02	8.082814429659343602e+00	2.792991628997375742e+00	5.915402227367259902e-02	2.117944846648453158e-02	8.423064444596066735e+00	1.454738512701259978e+01	1.710045573202301772e-01	-2.275705348013287443e-01	2.846592821849494581e-01	-3.234230372652981345e+01	1.710045573202302327e-01	-2.275705348013287721e-01	2.846592821849494581e-01	-3.234230372652981345e+01
1.095890410958904053e+12	1.670673312304251201e+00	1.922003748341976487e-02	8.828979700021927002e+00	2.790779906604794025e+00	6.422080737007353213e-02	2.301177789695471251e-02	5.918190998531292379e+00	1.213797199458015896e+01	1.072472985352005970e-01	-2.332103821942333732e-01	2.566886546115328960e-01	-3.255568845000608036e+01	1.072472985352016656e-01	-2.332103821942329014e-01	2.566886546115329515e-01	-3.255568845000608036e+01
1.102152641878669189e+12	1.680228155443000526e+00	2.113564793131149366e-02	9.764420484322203109e+00	2.822719938729911782e+00	7.102542147544035900e-02	2.516205043968987656e-02	2.041707668245564378e+00	4.872762057323431151e+00	-1.033889120543563384e-01	-1.981012749276049589e-01	2.234577863125963015e-01	-3.346773601464680326e+01	-1.033889120543571155e-01	-1.981012749276045426e-01	2.234577863125963293e-01	-3.346773601464681036e+01
1.108414872798434326e+12	1.669565958318830923e+00	2.003495259245949636e-02	9.308502608033963455e+00	2.787049089851694195e+00	6.689934964980397136e-02	2.400364955658669530e-02	7.184386404599689691e+00	1.346151562538993218e+01	-4.132656631173381098e-03	-2.394161681292109045e-01	2.394518331784197540e-01	-3.300398254188365144e+01	-4.132656631173403650e-03	-2.394161681292108768e-01	2.394518331784197263e-01	-3.300398254188365144e+01
1.114677103718199707e+12	1.672441320011689658e+00	1.850096695837901220e-02	8.644356497759678959e+00	2.796717683104048113e+00	6.188356320272810074e-02	2.212721132940532326e-02	5.740286934751555492e+00	1.192961189005536404e+01	-1.186892797492254958e-01	-2.337187849353039859e-01	2.621290055660090434e-01	-3.345661438801449350e+01	-1.186892797492257873e-01	-2.337187849353039582e-01	2.621290055660090990e-01	-3.345661438801449350e+01
1.120939334637964844e+12	1.669669926367047585e+00	2.022826179869958302e-02	9.504512276845265006e+00	2.787388480439145333e+00	6.754904077593619494e-02	2.423380926267372504e-02	7.050479555847298130e+00	1.333307599151297573e+01	-1.177844604172976761e-01	-1.992963001137672829e-01	2.314998798160179672e-01	-3.352049972356174123e+01	-1.177844604172964549e-01	-1.992963001137679768e-01	2.314998798160179394e-01	-3.352049972356173413e+01
1.127201565557729980e+12	1.671122432598324936e+00	1.915349863813215620e-02	9.049797459743270878e+00	2.792283328223262195e+00	6.401568247384822885e-02	2.292592654434591135e-02	8.094872848017420353e+00	1.427607522636882642e+01	-1.932264979119933945e-01	-1.564919674986839093e-01	2.486487791784683654e-01	-3.387677753812885584e+01	-1.932264979119939496e-01	-1.564919674986832709e-01	2.486487791784683932e-01	-3.387677753812886294e+01
1.133463796477495117e+12	1.669929670819915835e+00	2.001799556937215382e-02	9.510807748630320191e+00	2.788264385338097284e+00	6.685728950327235465e-02	2.397810259846123657e-02	7.864006742203788924e+00	1.407854893125527340e+01	-2.041548086165025366e-01	-1.120420480146229192e-01	2.328789522575018811e-01	-3.405559063935230313e+01	-2.041548086165021481e-01	-1.120420480146236408e-01	2.328789522575019089e-01	-3.405559063935229602e+01
1.139726027397260254e+12	1.671230771820401362e+00	1.887664810448262329e-02	9.018088793282212023e+00	2.792655964835753846e+00	6.309447036207321835e-02	2.259299790469680366e-02	7.271062709563832271e+00	1.354338299651227473e+01	-2.466573769037246899e-01	-3.698002912257745273e-02	2.494140816692850260e-01	-3.440870290202978055e+01	-2.466573769037249120e-01	-3.698002912257657149e-02	2.494140816692850815e-01	-3.440870290202978765e+01
1.145988258317025391e+12	1.670063997509004805e+00	2.041660036966914255e-02	9.807374447894135372e+00	2.788696918205102460e+00	6.819405845782694486e-02	2.445373608463658269e-02	7.218612206481998861e+00	1.349395992258820520e+01	-2.214061807161970263e-01	5.400706363868349423e-03	2.214720399702003739e-01	-3.458190710664973011e+01	-2.214061807161971096e-01	5.400706363867307722e-03	2.214720399702004572e-01	-3.458190710664972300e+01
1.152250489236790527e+12	1.670921500503822710e+00	1.802649230175549372e-02	8.706573882507720796e+00	2.791653706421241221e+00	6.024170713133979865e-02	2.157921915342666738e-02	5.326215605166362721e+00	1.141851362394318059e+01	-2.454416940798762325e-01	8.619288172402124470e-02	2.601361913550105376e-01	-3.489524001418964616e+01	-2.454416940798762603e-01	8.619288172402116144e-02	2.601361913550105376e-01	-3.489524001418964616e+01
1.158512720156555664e+12	1.670004469548547421e+00	2.047614569812666874e-02	9.943474831258027891e+00	2.788495655769474002e+00	6.839050966999760117e-02	2.452595166447391062e-02	4.228221311938663796e+00	9.842519104307109856e+00	-1.880487195267780687e-01	1.103540101904845333e-01	2.180374474276893515e-01	-3.508820403869035687e+01	-1.880487195267777911e-01	1.103540101904851023e-01	2.180374474276894070e-01	-3.508820403869036397e+01
1.164774951076321045e+12	1.670897891026575932e+00	1.105080131623522449e-02	5.395416232905914988e+00	2.791777642027328366e+00	3.692952122690229544e-02	1.322795937289793569e-02	1.253141641780164850e+00	1.540456098905611526e+00	-2.798901603935380344e-01	3.251016921555772154e-01	4.289867272160528544e-01	-3.541750951190165608e+01	-2.798901603935421423e-01	3.251016921555734962e-01	4.289867272160526879e-01	-3.541750951190164187e+01
1.171037181996086182e+12	1.668274460253666769e+00	2.091970175160929105e-02	1.026869688518653945e+01	2.782702040813286981e+00	6.979960829666735644e-02	2.508339278619544852e-02	3.074944118961411288e+00	7.668271347905108115e+00	-1.247305009590219255e-01	1.662870620314743364e-01	2.078679505564721974e-01	-3.548475589174264400e+01	-1.247305009590217867e-01	1.662870620314743919e-01	2.078679505564721419e-01	-3.548475589174264400e+01
1.177299412915851318e+12	1.673687185394525434e+00	2.148776348250812721e-02	1.060394102231631308e+01	2.800767070574368134e+00	7.192758876692458003e-02	2.568138904609943568e-02	4.158223172075468987e+00	9.728558288789320940e+00	2.891483593180964123e-04	1.969821372310635033e-01	1.969823494501251882e-01	-3.612978340649696207e+01	2.891483593192338488e-04	1.969821372310635033e-01	1.969823494501251882e-01	-3.612978340649696918e+01
1.183561643835616455e+12	1.668964153999175748e+00	2.146608984706305928e-02	1.064959240558321696e+01	2.784980554320862556e+00	7.165226896254778266e-02	2.572810386463208338e-02	4.867690428860095508e+00	1.080397023598128214e+01	-1.646962773756138754e-02	1.952529383164697818e-01	1.959463155025605585e-01	-3.604416449893578545e+01	-1.646962773755945506e-02	1.952529383164697541e-01	1.959463155025603920e-01	-3.604416449893579255e+01
1.189823874755381592e+12	1.673097530172458436e+00	2.279544263482894198e-02	1.136893726081798484e+01	2.798735713264262515e+00	7.627799754304051549e-02	2.725444820728529713e-02	4.899355270080547164e+00	1.084823441939390065e+01	8.098829794084495826e-02	1.572919666932146021e-01	1.769176847846885281e-01	-3.660380523610803749e+01	8.098829794084508316e-02	1.572919666932145466e-01	1.769176847846885281e-01	-3.660380523610804460e+01
1.196086105675146729e+12	1.667964536290298838e+00	2.209288887330681725e-02	1.107653985770895311e+01	2.781617598583343121e+00	7.370031028975661258e-02	2.649548605361557591e-02	5.293714284116938451e+00	1.137672889779480911e+01	6.488133488896594137e-02	1.731304741863939900e-01	1.848884764093743915e-01	-3.648687048352467599e+01	6.488133488896759282e-02	1.731304741863934071e-01	1.848884764093744193e-01	-3.648687048352469020e+01
1.202348336594911865e+12	1.672001750779154250e+00	2.282509183496475927e-02	1.150355310064590775e+01	2.795068869791282218e+00	7.632718701951211882e-02	2.730780190944337785e-02	4.820305108072546751e+00	1.073718965415646664e+01	1.371809839391286978e-01	1.054771965891032337e-01	1.730435244520979465e-01	-3.704362983807381227e+01	1.371809839391276431e-01	1.054771965891045382e-01	1.730435244520978910e-01	-3.704362983807379806e+01
1.208610567514677002e+12	1.666964490069418714e+00	2.116774396214133117e-02	1.072383497285300713e+01	2.778322537767950351e+00	7.057175503954188356e-02	2.540085036211736647e-02	3.780560476535373748e+00	9.078555980855846030e+00	1.390607014006169373e-01	1.350893933883802467e-01	1.938737292158793091e-01	-3.692819855618242286e+01	1.390607014006169373e-01	1.350893933883803300e-01	1.938737292158793923e-01	-3.692819855618242286e+01
1.214872798434442139e+12	1.671182691217421468e+00	2.605300190688520159e-02	1.326715308908705460e+01	2.792172828516342964e+00	8.707865168208205053e-02	3.118669832782250059e-02	3.887904610483287282e+00	9.269688718684523820e+00	1.309239828267907968e-01	2.701018208581295807e-02	1.336811101672131519e-01	-3.749566185986894595e+01	1.309239828267906303e-01	2.701018208581369706e-02	1.336811101672131519e-01	-3.749566185986893885e+01
1.221135029354207520e+12	1.666737939956678627e+00	2.061703808564685839e-02	1.055307741011949396e+01	2.777590298231607857e+00	6.872639917375886198e-02	2.474317368458353941e-02	5.198723237516983176e+00	1.125311850491801913e+01	1.915686341604838083e-01	5.493732174012483371e-02	1.992903683425048811e-01	-3.741983070534325151e+01	1.915686341604842247e-01	5.493732174012334185e-02	1.992903683425049088e-01	-3.741983070534325861e+01
1.227397260273972656e+12	1.670463199564582890e+00	2.357150702419270882e-02	1.212723128445803766e+01	2.789891685156151713e+00	7.875067008438398075e-02	2.822714247416249073e-02	4.470338035249061370e+00	1.022264415376604596e+01	1.529371018980372199e-01	-4.082865821033143661e-02	1.582931977951885505e-01	-3.795999154968721001e+01	1.529371018980374142e-01	-4.082865821033100640e-02	1.582931977951886338e-01	-3.795999154968721001e+01
1.233659491193737793e+12	1.666902155473042324e+00	2.009681191082782550e-02	1.039229899707908267e+01	2.778158914071695573e+00	6.699883818459043128e-02	2.411627277519424323e-02	3.646997975543463166e+00	8.833016054370853354e+00	1.976638088698973728e-01	-5.075603512942163109e-02	2.040763495337330757e-01	-3.795046106400441488e+01	1.976638088698976781e-01	-5.075603512942064577e-02	2.040763495337331312e-01	-3.795046106400440777e+01
1.239921722113502930e+12	1.667865773642380756e+00	2.407635973267792037e-02	1.251336905030799151e+01	2.781196567789720131e+00	8.031227270407025054e-02	2.887687754048115854e-02	5.096179322338623585e+00	1.111711852061786843e+01	1.249296346400163293e-01	-8.157883077861251275e-02	1.492062975966278182e-01	-3.827759189842166165e+01	1.249296346400164126e-01	-8.157883077861237398e-02	1.492062975966278182e-01	-3.827759189842165455e+01
1.246183953033268066e+12	1.666962472733132250e+00	1.958045881714238698e-02	1.022808149761016772e+01	2.778380491133068730e+00	6.527978009414586724e-02	2.349562282865141905e-02	4.962002498363093927e+00	1.093497210477997861e+01	1.504026044137699025e-01	-1.441896277299856421e-01	2.083544867751995489e-01	-3.846342304255953337e+01	1.504026044137681539e-01	-1.441896277299874740e-01	2.083544867751995489e-01	-3.846342304255954048e+01
1.252446183953033203e+12	1.668198971561253519e+00	2.314914152639850620e-02	1.215298956538420860e+01	2.782351925964614558e+00	7.723474817372778800e-02	2.775879911271513303e-02	5.008618410567660106e+00	1.099880609422452871e+01	6.928416929342370856e-02	-1.416011871175839321e-01	1.576426094296488611e-01	-3.881486450263240329e+01	6.928416929342220976e-02	-1.416011871175845982e-01	1.576426094296487779e-01	-3.881486450263241750e+01
1.258708414872798340e+12	1.667127056925395978e+00	1.920135855793921389e-02	1.013085860999966847e+01	2.778943931762261954e+00	6.402220876333293564e-02	2.303832331109083309e-02	4.549195303347927322e+00	1.034201700457296980e+01	5.841493052683750797e-02	-2.042782095479406257e-01	2.124662114421198844e-01	-3.899138346581406012e+01	5.841493052683754267e-02	-2.042782095479405424e-01	2.124662114421198289e-01	-3.899138346581406012e+01
1.264970645792563477e+12	1.668258333076559685e+00	2.309283864624809765e-02	1.224466561970528922e+01	2.782552586682639717e+00	7.704964101199161808e-02	2.769027308980716653e-02	4.278347280086686411e+00	9.922973584369232825e+00	-1.032833620893141083e-02	-1.550304942952934750e-01	1.553741570863306221e-01	-3.933643118774338632e+01	-1.032833620893177685e-02	-1.550304942952935305e-01	1.553741570863306776e-01	-3.933643118774338632e+01
1.271232876712328857e+12	1.667201702740574554e+00	1.872108329599224061e-02	9.975743015557220872e+00	2.779211038661295596e+00	6.242364389645278094e-02	2.246092255251019507e-02	3.934345925527247267e+00	9.350750236305580998e+00	-5.164464808854327821e-02	-2.097725593167517888e-01	2.160363310151549865e-01	-3.951130108226002591e+01	-5.164464808854216105e-02	-2.097725593167520663e-01	2.160363310151549865e-01	-3.951130108226001880e+01
1.277495107632093994e+12	1.668736881716794684e+00	2.309158349791301870e-02	1.236522781796803372e+01	2.784149559173450417e+00	7.706755408042073596e-02	2.768082405145659911e-02	3.513041409091165690e+00	8.577548285499538849e+00	-8.798528073564204632e-02	-1.245892659303420996e-01	1.525250628952213861e-01	-3.988478492625267080e+01	-8.798528073564169938e-02	-1.245892659303423078e-01	1.525250628952213861e-01	-3.988478492625266369e+01
1.283757338551859131e+12	1.667806749575840630e+00	1.873132526284039534e-02	1.007953751592300229e+01	2.781228491384628576e+00	6.248046140373133411e-02	2.246505873116004526e-02	3.514808903744599089e+00	8.580982065409356707e+00	-1.530940676726879057e-01	-1.491914643263382301e-01	2.137659621745393868e-01	-4.006821593737254261e+01	-1.530940676726871841e-01	-1.491914643263390072e-01	2.137659621745393868e-01	-4.006821593737254261e+01
1.290019569471624268e+12	1.669487224709202966e+00	2.347940834518190759e-02	1.269616648305694184e+01	2.786636310850996612e+00	7.839714455202367871e-02	2.813325307172300990e-02	2.883975538991573107e+00	7.230567892692530307e+00	-1.351762136400434244e-01	-5.398798982469960039e-02	1.455586197357288947e-01	-4.046072433555268333e+01	-1.351762136400435077e-01	-5.398798982469924651e-02	1.455586197357288669e-01	-4.046072433555268333e+01
1.296281800391389404e+12	1.668775214421803321e+00	1.854246062492407796e-02	1.007525276012814430e+01	2.784466893422508971e+00	6.188639741053104937e-02	2.222558205188921929e-02	2.908110074664124411e+00	7.287458861421431067e+00	-2.099933844765078661e-01	-3.740223157571084811e-02	2.132982617152365812e-01	-4.066444141539248136e+01	-2.099933844765081437e-01	-3.740223157570979340e-02	2.132982617152366367e-01	-4.066444141539248847e+01
1.302544031311154541e+12	1.669521770870883159e+00	2.555004153481912205e-02	1.394996714354366674e+01	2.786650138789418474e+00	8.531270117807167319e-02	3.061478726394170624e-02	2.713195913212510746e+00	6.813852912090657021e+00	-1.197416916967906503e-01	1.643060385708199761e-02	1.208637144618583403e-01	-4.097706996653128186e+01	-1.197416916967905393e-01	1.643060385708281640e-02	1.208637144618583265e-01	-4.097706996653128897e+01
1.308806262230919678e+12	1.668968622088148557e+00	1.950396829605039947e-02	1.070009189957931106e+01	2.785075856735519828e+00	6.510302218462034329e-02	2.337567288415970390e-02	2.883086967019748759e+00	7.228464236343655536e+00	-1.829435195029867067e-01	6.634363796906933564e-02	1.946016691272472177e-01	-4.118860004992384205e+01	-1.829435195029863737e-01	6.634363796907012667e-02	1.946016691272471899e-01	-4.118860004992384916e+01
1.315068493150684814e+12	1.667528752829397831e+00	2.611801339330474536e-02	1.439718795054249334e+01	2.779969990889154197e+00	8.710507660023794618e-02	3.133309959665355610e-02	3.000603889745862674e+00	7.501201931888079599e+00	-1.000832522514551598e-01	5.333865050241166916e-02	1.134092986427780725e-01	-4.133035773929415768e+01	-1.000832522514550210e-01	5.333865050241202305e-02	1.134092986427781141e-01	-4.133035773929416479e+01
1.321330724070450195e+12	1.668559941755681342e+00	1.979046181879594302e-02	1.096116267928947785e+01	2.783700616852721854e+00	6.604314363937638377e-02	2.372494485920881302e-02	3.006491782907396271e+00	7.514584280879406997e+00	-1.263369823256718372e-01	1.389819024087666222e-01	1.878217301068144385e-01	-4.167372595375818634e+01	-1.263369823256710045e-01	1.389819024087673160e-01	1.878217301068144107e-01	-4.167372595375819344e+01
1.327592954990215332e+12	1.666350983852270540e+00	2.674168813970933395e-02	1.488137017716872812e+01	2.776010483500868098e+00	8.912207668295048235e-02	3.210437324089544103e-02	2.880758659420168399e+00	7.222948990461691032e+00	-6.494964558058338722e-02	8.325700988962855820e-02	1.055944418840551735e-01	-4.174900599601201634e+01	-6.494964558058298476e-02	8.325700988962889126e-02	1.055944418840551735e-01	-4.174900599601201634e+01
1.333855185909980469e+12	1.668885926291951316e+00	2.032004922992218174e-02	1.136115797064340427e+01	2.784767330574637878e+00	6.782368836275345925e-02	2.435524419512563599e-02	3.028520828668209486e+00	7.564421783581032344e+00	-3.480329371162085156e-02	1.729169689158478740e-01	1.763846574740038087e-01	-4.221288276684178697e+01	-3.480329371162079605e-02	1.729169689158479295e-01	1.763846574740038642e-01	-4.221288276684178697e+01
1.340117416829745605e+12	1.664658347200829169e+00	2.602247581231598855e-02	1.461775323363633383e+01	2.770410243657993821e+00	8.663706315160697724e-02	3.127228660446083885e-02	3.294825291163714809e+00	8.139762734342415484e+00	-3.142286770180753586e-02	1.051057246324647726e-01	1.097023699156987747e-01	-4.212099441053046434e+01	-3.142286770180749422e-02	1.051057246324648836e-01	1.097023699156988580e-01	-4.212099441053046434e+01
1.346379647749510742e+12	1.668281404238717958e+00	1.995681292319749153e-02	1.126283924428331318e+01	2.782764569346657169e+00	6.658715977528260888e-02	2.392842014332390022e-02	3.198831200960698506e+00	7.937915099743869440e+00	4.702698651703566407e-02	1.733969142033411903e-01	1.796608675146436074e-01	-4.267634014923042685e+01	4.702698651703403343e-02	1.733969142033417177e-01	1.796608675146436906e-01	-4.267634014923041974e+01
1.352641878669275879e+12	1.664422329727888172e+00	2.523105688192697413e-02	1.430564465264511753e+01	2.769665085465431886e+00	8.399026895382752378e-02	3.032506327013660338e-02	3.291463089081040572e+00	8.132792940242238089e+00	2.304426763158762617e-02	1.126728438561508672e-01	1.150052521118439808e-01	-4.261324229288575793e+01	2.304426763158855945e-02	1.126728438561507284e-01	1.150052521118440085e-01	-4.261324229288577214e+01
1.358904109589041016e+12	1.668409427981192517e+00	1.954525700751121378e-02	1.113318327812134889e+01	2.783208002305040285e+00	6.521898212729436428e-02	2.343302479486991316e-02	3.085610414204184693e+00	7.691910455027937132e+00	1.300520399355628576e-01	1.281411750465782651e-01	1.825751731033522784e-01	-4.320429976229066682e+01	1.300520399355626633e-01	1.281411750465785426e-01	1.825751731033523617e-01	-4.320429976229065971e+01
1.365166340508806152e+12	1.664253469755834214e+00	2.492781045149423252e-02	1.426457597815283584e+01	2.769118215860427945e+00	8.297239007463004523e-02	2.996346981483007446e-02	3.128520267651170528e+00	7.786190632678235524e+00	7.431811037345996407e-02	8.841466010646571727e-02	1.155003621259415719e-01	-4.311049076793946710e+01	7.431811037346047755e-02	8.841466010646528706e-02	1.155003621259415858e-01	-4.311049076793947421e+01
1.371428571428571533e+12	1.668860954683406561e+00	1.895696588539399000e-02	1.089760802254926197e+01	2.784737519511231163e+00	6.327308037079876213e-02	2.272138035541111309e-02	2.647489814085886906e+00	6.646495894564313112e+00	1.841120650563458916e-01	4.318309228940252903e-02	1.891085190016229822e-01	-4.375191370295249982e+01	1.841120650563459471e-01	4.318309228940230005e-02	1.891085190016229822e-01	-4.375191370295249982e+01
1.377690802348336670e+12	1.663568056314993937e+00	2.490731389359844561e-02	1.438360718716114661e+01	2.766838303706252500e+00	8.287002352400202332e-02	2.995116245607683247e-02	2.536864361340770646e+00	6.355113595209460620e+00	1.037416221037051473e-01	4.635894029049614229e-02	1.136286737648809775e-01	-4.356204981098027673e+01	1.037416221037049946e-01	4.635894029049654474e-02	1.136286737648809914e-01	-4.356204981098027673e+01
1.383953033268101807e+12	1.669657978156189770e+00	1.847416398564600062e-02	1.071705124309890422e+01	2.787416469285646681e+00	6.169107057679919237e-02	2.213198897852865568e-02	2.144375116579050999e+00	5.207688084074302282e+00	1.821901772657292529e-01	-6.785016075092349663e-02	1.944142613237105355e-01	-4.433879865968066980e+01	1.821901772657286700e-01	-6.785016075092488441e-02	1.944142613237104800e-01	-4.433879865968067691e+01
1.390215264187866943e+12	1.662490149806008510e+00	2.401809865480193998e-02	1.399619027855686682e+01	2.763296629139012861e+00	7.985970486135433866e-02	2.890015643605985118e-02	1.996016757196739544e+00	4.718254928785739821e+00	1.202898075979325770e-01	1.315492953143452505e-05	1.202898083172461025e-01	-4.398218778995682499e+01	1.202898075979326881e-01	1.315492953004830312e-05	1.202898083172462135e-01	-4.398218778995683920e+01
1.396477495107632080e+12	1.670722869557078605e+00	1.773401768981378371e-02	1.038078603629092989e+01	2.791000411477616350e+00	5.925725784700335702e-02	2.123154751368570153e-02	1.747265426513183950e+00	3.809618407077161706e+00	1.168809491218103097e-01	-1.665473896961043310e-01	2.034679072537024236e-01	-4.494116856222306211e+01	1.168809491218076035e-01	-1.665473896961062739e-01	2.034679072537024513e-01	-4.494116856222307632e+01
1.402739726027397217e+12	1.662059989845754426e+00	2.344512029306714332e-02	1.378537939260545642e+01	2.761893736180512704e+00	7.793439279245532869e-02	2.821773762383509437e-02	1.368130283943695957e+00	2.139775754968562538e+00	1.104037003295173930e-01	-5.622609951057063599e-02	1.238965347078862800e-01	-4.445333903235541584e+01	1.104037003295174485e-01	-5.622609951057047639e-02	1.238965347078862522e-01	-4.445333903235541584e+01
1.409001956947162354e+12	1.672520238030030360e+00	1.671742037963564603e-02	9.873474772377196729e+00	2.797044474475880005e+00	5.592044782519257906e-02	1.999269169135079599e-02	1.210640883345986740e+00	1.304910912710798954e+00	-1.378541901816400517e-02	-2.198168079227233174e-01	2.202486477208016324e-01	-4.561572467087441396e+01	-1.378541901816756135e-02	-2.198168079227230676e-01	2.202486477208016324e-01	-4.561572467087443528e+01
1.415264187866927490e+12	1.660308896342988838e+00	1.043017336907481980e-03	6.187542653005491111e-01	2.756624543390508553e+00	3.463461927014929373e-03	1.256414093576576360e-03	9.284804908778442056e-02	-1.622549068399010253e+01	6.153562436904667088e-01	-6.457650059106128104e-01	8.920065860225331322e-01	-4.479180312323087065e+01	6.153562436904431721e-01	-6.457650059105251028e-01	8.920065860224534182e-01	-4.479180312323082092e+01
1.421526418786692627e+12	1.678276251397059493e+00	2.773887306733821903e-02	1.652847973752459865e+01	2.815841730924319997e+00	9.310698381886248209e-02	3.306541798721743253e-02	1.206815198476631990e+00	1.283304244492490032e+00	-7.291475353430935946e-02	-3.908129930160705173e-02	8.272792296480596663e-02	-4.663186939772712947e+01	-7.291475353430927620e-02	-3.908129930160723214e-02	8.272792296480598051e-02	-4.663186939772712236e+01
1.427788649706458008e+12	1.666426226906466912e+00	1.990075594251053404e-02	1.191029888092984201e+01	2.776580329634640076e+00	6.632628327572856475e-02	2.388775954645482730e-02	1.340143155375407735e+00	1.998678640313725108e+00	-4.844915070665129636e-02	-1.554007535356033698e-01	1.627781140191431053e-01	-4.585531231977284250e+01	-4.844915070665171269e-02	-1.554007535356032310e-01	1.627781140191431053e-01	-4.585531231977284250e+01
1.434050880626223145e+12	1.674028775446377626e+00	2.919468028787236547e-02	1.754920492195955006e+01	2.801520011665387777e+00	9.774546978371094486e-02	3.489015583565484302e-02	1.759359496068230833e+00	3.856707650104947316e+00	-6.713740356904292217e-02	-2.408364670001557351e-02	7.132638359235457526e-02	-4.677946628182977662e+01	-6.713740356904278339e-02	-2.408364670001596902e-02	7.132638359235457526e-02	-4.677946628182976951e+01
1.440313111545988281e+12	1.664609881512136624e+00	2.012104386761580377e-02	1.214777063210986086e+01	2.770521201221527008e+00	6.698737689674488793e-02	2.417861912307693248e-02	1.720281432250319487e+00	3.703368268709161359e+00	-9.580801341326149190e-02	-1.252686695196479627e-01	1.577067373241183568e-01	-4.620601226196212252e+01	-9.580801341326235232e-02	-1.252686695196473521e-01	1.577067373241184400e-01	-4.620601226196212963e+01
1.446575342465753418e+12	1.672126401506183191e+00	2.732535600977871459e-02	1.656899046648129215e+01	2.795260027532956215e+00	9.138289842901327342e-02	3.269209215919210987e-02	1.781653975922782296e+00	3.942670804666516648e+00	-8.232154941979377694e-02	4.816606521188381159e-04	8.232295849797521825e-02	-4.712974070387570436e+01	-8.232154941979380469e-02	4.816606521185029348e-04	8.232295849797521825e-02	-4.712974070387569725e+01
1.452837573385518555e+12	1.664475495372477853e+00	2.026198791454671133e-02	1.233923615722846634e+01	2.770068126541206599e+00	6.745116474259259254e-02	2.435000211594587002e-02	1.929244328828713551e+00	4.485977313569411429e+00	-1.400739092717500633e-01	-6.187795680511953139e-02	1.531325621709723472e-01	-4.670791588657829152e+01	-1.400739092717506185e-01	-6.187795680511838647e-02	1.531325621709723750e-01	-4.670791588657829863e+01
1.459099804305283691e+12	1.671432684336177532e+00	2.602378806694507704e-02	1.591639372483976977e+01	2.793009980721886887e+00	8.699401989065959351e-02	3.114704941662075482e-02	1.779811812382103176e+00	3.935608665283423235e+00	-8.116206537983827740e-02	4.019455318893672136e-02	9.056976848142765657e-02	-4.758372070204558213e+01	-8.116206537983808311e-02	4.019455318893724177e-02	9.056976848142769820e-02	-4.758372070204558923e+01
1.465362035225048828e+12	1.664378558954787035e+00	2.011482021685696842e-02	1.235521342827076374e+01	2.769751381516057265e+00	6.695735097233403155e-02	2.417449862799025267e-02	1.927232755550392751e+00	4.478855641327855963e+00	-1.521574556323027905e-01	1.271211503698247737e-02	1.526875540874555737e-01	-4.720724202478777443e+01	-1.521574556323027072e-01	1.271211503698307585e-02	1.526875540874555459e-01	-4.720724202478778153e+01
1.471624266144813965e+12	1.671095826909415827e+00	2.520388927178716931e-02	1.554725295099827242e+01	2.791926026679639961e+00	8.423622836794106283e-02	3.017136828231830811e-02	1.728439275129413977e+00	3.735664731680900630e+00	-5.591429532368195204e-02	7.763878765435011653e-02	9.567753012061498696e-02	-4.807054120685666732e+01	-5.591429532368236838e-02	7.763878765434983897e-02	9.567753012061501472e-02	-4.807054120685666732e+01
1.477886497064579346e+12	1.664134399338009107e+00	1.979706873465558736e-02	1.226397151661352858e+01	2.768951375129591774e+00	6.588996617479871143e-02	2.379599972993926005e-02	1.737523372696553325e+00	3.771449297047611005e+00	-1.301904543614953447e-01	8.424175545206571969e-02	1.550684615532708643e-01	-4.769819936179085573e+01	-1.301904543614956777e-01	8.424175545206527560e-02	1.550684615532709199e-01	-4.769819936179084863e+01
1.484148727984344482e+12	1.671309765346915333e+00	2.632200997770399453e-02	1.637516311339262032e+01	2.792583483534694988e+00	8.798446463859124766e-02	3.150647604891849973e-02	1.534050715413414867e+00	2.921198506972598530e+00	-7.523117938176102082e-03	8.431662786245440466e-02	8.465158614938841919e-02	-4.860569717287646796e+01	-7.523117938175340538e-03	8.431662786245447405e-02	8.465158614938841919e-02	-4.860569717287647507e+01
1.490410958904109619e+12	1.663676046854179136e+00	1.823724358255440076e-02	1.139342755072854274e+01	2.767485391822859242e+00	6.068173061788170730e-02	2.192666700145162392e-02	1.426806223279712738e+00	2.426450054254015498e+00	-8.840938790742733366e-02	1.516590223868928833e-01	1.755467998612166014e-01	-4.816689891744282903e+01	-8.840938790742540465e-02	1.516590223868940213e-01	1.755467998612166014e-01	-4.816689891744284324e+01
1.496673189823874756e+12	1.673961551969445294e+00	2.787737677569894837e-02	1.748912351982515290e+01	2.801370129336059556e+00	9.333131378457196203e-02	3.331630933278067336e-02	1.293976410741715544e+00	1.759360795931858679e+00	4.470303821659133564e-02	5.635340168904959951e-02	7.193099128832719513e-02	-4.936530529515168553e+01	4.470303821659166177e-02	5.635340168904932195e-02	7.193099128832718125e-02	-4.936530529515169263e+01
1.502935420743639893e+12	1.663983294261032198e+00	1.670274576419871274e-02	1.052246165175971626e+01	2.768561421863733329e+00	5.558617983983175220e-02	2.007764010610693997e-02	1.214143324434708848e+00	1.324632183056045687e+00	1.804191147438543273e-03	2.002091535462784955e-01	2.002172826441658837e-01	-4.870369741848647038e+01	1.804191147432455695e-03	2.002091535462784677e-01	2.002172826441658282e-01	-4.870369741848643486e+01
